[252 188 187 114 153 205  87 216 243 182 168   9 127 253  73  18 169 215
 104  18  42 107 154  51 251 203  69  56 232 106  70 122][252 224 221 230  40  76  84 169 170 178 161  25 215  87  72  27 147 213
 109  34 104  71 217   0 209 225 101  60 104 162  67  50][244 180 152  50  58 173  18 152  59 169 169 249 222 212  76  16 151  93
 221  86 178  70 203  50 216 212  37 126 200  35   3  83][ 41  74  66 109  52  27  99  18 125   2 118 236 179   1 147 180  26 108
  70 110 201 180 101  43 198 253  32   0 110 185  90 172][215  63 255  13  34  50  63  50  40 202  94 229 125  54 131 119  54 117
 253 230 229 208 165 106  52  39 106 130  44 247  35 117][252 113 188 118   9  77  85 216 227 178 165   8  31 223  73  59 136 213
 125  74  72  99 250  32 211 217  69  61  98 249  70  50][ 83 189  63 254 171 205  31 119 169 200 140  40 190 246   2 117 166 243
 253  67 211  73 178 125 241 240  78 186   0  98 135 127][236 245  17 236 157  77  67 184 151 180 172   8 214 209  72  87 209  76
 106 106 107  97 219  31 253 144   5 124  26  59  86  50][214 239 198 191 234  42 110 252  63 174 219 245 237 227 139  91 119 239
 239 238 120 210 203 111 252 166 239 132  40 247 171  81][108 164 157 103 137 110  69 185  50 179 167  24 211  51  72  91 209 212
 121  58  56  68 217   0 207 251 213 116 128  98 198  34][  9  31 255 125 160  46 117  55 236 219 126 116 255  63 128 123 167 118
 126  12 241 248 115  64 103 251 116 128 202 224 193 185][ 39 245 114  66 223  31 246 232  91 160 253  78  66 248 255 180 185 200
  66 126 199 114 222 222  62  28   5 110  75 127 106 134][231  99 196  71 236  25 238 220 107 242 177 236 201  72 221 175  30 204
 230 238 197 118 239 232  54  88 231 188  79 191 219 133][120 123 250 124 235 249  87 210 163  12 252  41  47 255  35 144 174 251
 231 194  10  43 162 177 243 245   0  43 227 247  46 235][120 245 253 114 153 205  85 255 163 253 164  24  63 247  74  50 133 215
 253  24 123  75 250  51 251 223  21 126 226 144 198 123][152 159 126 125 178 219 182 247 252  12 254 162  47 174 166  97  38 119
 204  96 244 185  36 111 242 225  46 131 101 128 173 123][228 189 125 254 250 225  31 252 182 246 237 168 245 247   9 115 215 255
 123 226 123  74 250  63 253 167 111  40  48 115 167 242][244 164 141 101 148  79  71 152  52 234 226   9 215  61  16  16 153 220
 125  40  41 240 217  14 237 175  37  20 224 104  66   2][195 148 189 159 170 240  61 191 190  91  66 117 252 118 138 123 231  83
 125 129 247  76 251  99 140  50 254 202 156  84 163 127][ 41 233  17  69  85  95 231 191 107 224 106   8 242  49  20 180 152 110
 106 104  65 184 241  61  47 156   5 112  74  26 194 172][104 120 151  86 105 205 117 212 235 168  39  72 126 247  69 191 161 116
 108  74  65  99 186 104  27 218  69  58  66 114  71  43][  9  38   7  21 213 250 228 103 253 198 106  21  46 168  54 157 161  42
 194  13  52 248  54 206  63 126  84  67 195  68 255 204][ 47 255  97  75 214  23 239 252  87 226 124 206  73 108 191 164 127 202
 151 239 231 178  61 255  62  94 141 164 127 255 250 245][ 78 180 181 114 233 124  17  11 187 251  45  24 222 255  76  62 135  31
 253  16  51  68 251  66 207 255  81 127 194 100 135 119][244 252 156 250 168 237  87 134 187 179 168  24 247 255  73  26 205 247
 125  82 106 103 218  51 249 215  71 127 208 120 135  50][ 69  67 140  37  36  10 111  56 116 226 202 229 215  33 155  82  18 196
 108 111 204 240 197  10 228 167 103  20 108 243  81   0][ 45 254 237  63 154 127   7 188  86 254 125 236 211 116 139 184  21  78
 228 114 199 212 127  63 110 199 101 180 250 247 222 241][ 77 101  29 167  48  14 111 184  40 136 107  76 223  99   9  18 148  69
 108 110  73 208 217  44 236 245  39   4   8 179   3  33][ 35 188 158  31 239 157 180 238 223  51 116  31 236 232 126  78 235 106
 106  29 246 107 222 243  62  62  87 123 223  92 217 142][ 71 235  93 227 126 143 186 248  42 184 185 110 253  91 217  50 191 213
  95 255 129  87 137 252 252 158 239 244  13 147   3 169][120 223  18 101 177  62  86 190  33 168 254 109 111 113 128 144 180 246
 236  98 200 186 201  47 254 247  37 151 106 254 202  11][ 45  55 103  77 213  63 230 120 119 160 123  66  75 120 149 164 120 204
   2 234 173 242 125 222  55  46   1   4 107 251 122 164][ 25 181  49  75 215 223 236 253 111  57 121  74  59  28  60 164  60 155
   2 184 215  56  57  85  61 221   7 100 115  10 199 172][117  34  80 108  72  47  66  26  32 136 224  72  83  67 129  16  16 164
  76 104   8   2 193  28 192 168  33  24 112 161  66  32][102  48 121  65 104 237 145  18 235 253  61  61 150  29  71  58 135  20
 125  17 151  96 240   0  71  24  49 247 192  73  70 119][133 180 152  55 224 108  53  91  58 251 101 124 149 247 202  26 151  95
  96  24 115  94 250   2  76   7 125 236 200 224 135 241][ 73  50 152 167 168  44 113  22 170 171 174  77 215 179  74  90 133  71
 108  28 142  88 211   0 205 239 119  80 136 226  11   3][ 45 117  96   7 229  31 230 252 121 234 255  76 219 104 159 181 184 204
 102 111 237 242 221 238  62 126  69  52  79 255  90 132][129 159 117  95  52 143 235 178 253  10 118  68 250 113 149  53  14 114
 126 106 225 188 121 127 101 190 114 128  90 153  67 169][190 118  36  56 141  63 212  74 213   6 245 159  75 200  63 137 220 128
 203 103 252 103  94 154 179  83 193  63  91 125 254 214][215 113  63 164   3  78  51 120 169 204 243  13  94 222  47 114 182 245
 125  99 197 131 186 204 211 248  11  14  96  35  39 115][124  19 250 101  48  46 115  16  96 172 127 108 211  55 129  80  60 220
 100 106 136 176 241   8 215 237  32   4 232 227  70  51][ 64 103  81 229 112  14 111  62  57 172 126  76 159  35 193  84  18 204
 103  44  96 144 193  74 228 188  37 164   2 176  70  97][ 55  48 102  77  95  27 178 104  87 228 116 175  73 248 159 180 122 204
 194 229 204 242  95 220  22  79 129  47 127  46 106 134][102 176 244 248 253 253 216 218 187  91 177  25 206 252  94  58 221 155
 255  21 158 103 250 211 159  94  81 254 210  77  86 215][112 231  25 101 176  79 119 189  48 168 254 104 215  83   0  80 146 213
 108 106 120 184 201  14 239 237  37  85  96 162 198  43][100 164 173  97 136 111  69 153  38 179 175  24 211  55  72 123 209 212
 121  58  24  64 249  16 205 251 197 116 128 227 198 114][188 107 216 111 252  27  86 220  67 168 188 105  67  73 201 144 216 252
 198 114  76  35 201  58 250 205  37 191 115 187 218 131][197   4 249 103 180  47 111 186 124 162 110  16 215 115 153 112  23  70
 108  42 169 180 249  46 239 255  37  84 224 241  67  32][ 61 237 227 111 212  42 111 248 119 226 123 194  83 103 153 112 123 206
  22 254 249 242 109  63 126 239 165 132 239 251 242 224][180 101 107  69  16  79 231 120  96 228 111   8  83   1  31  51  48  76
  64 110 225 240 189  14 117 137  37   4  97 187  86 224][113  34 149  48  45 141  64   8 235 185 177  72 143 146  64 159 128 164
 108  28  15 107 194  17 152 216  17 122  72   1  66   5][109 112 185 119  41  92 113  25 107 251 167  24 222  23  75  59 149  84
 125  10 193  68 251   0 199 251 113  60 194 227  70  99][ 98 164  53  82 217 205 148 231 187  55 160  25  14 253  78  26 137 155
 227  17 114 107 186  87 123  86  85 127 195   4 199 206][ 70 227 190 186 237 253 184 196 175  85 193   9 110 204 126  11 164  59
 251  85  22  99 154 241 155  80  90 107 192  23 167 214][101 107  23  50 172 141  68 196 235 184 168  72 142 194  73  23 128 229
 110  78  78  97 202 112 177 216  71  58  64  19 195   5][210 188 189 186 137 237  21 239 187  23 160  25 190 254  68  91 129 115
 125  17  58  79 218 115 217 146  94 123 144  80 135 106][214 174  46 191 152 131  45 232 182 182 194 147 199 234  59  75 243 231
 109 167 108 197  47  63 184 227 255 149  36  96  53  65][ 32 164 240 114 252 173 240 207 235  57 188  24 158 249  92  56 139 139
 102  24 146 107 218 243 223 220  17 127 195 200 194 139][ 45 181 113  67 215 253 234  89  95 121  57  90  91 124 124 176  61 155
  18 184 147  50  60 215  63 205   5 100 209 202 203 164][208 174 152 186 153 141 144 239 182  31 168  25 167 216  72   3 137 131
 108  17 126 111 202  55 153 195  63 123  88  64 175  10][222 120 182 220  43 222  28 208 191 222 182  37 174 222 199 123 230 245
 255 195 236 197 242 232 147 250  79 155   6  53  39  87][ 76 103 152 165 116  10 111 184  57 172  74  77 215  35 195  80  18 204
 108 108  72 208 193  14 236 188  39   4  40 178  66  33][204  10 159 127 172  10 225  49 252 138 247  80 247  99 129  78   2  36
 110  10  49 229  75   2 196 191  99  16 202 227  73   1][ 65   6  25 101  52  14 103  56 116 170 106  76 215  97 145 112 148  68
 108 110 169 240 121  14 237 175  37   4  72 162  66  33][252 253 188 254 169 253  87 252 151  31 181  25 111 255 107  27 205 243
 237  82 122  75 218 179 251 219 117 123 242 221 142  91][150 176  31 250  10 224  48 200 166  17 193 176 245 215 104  89  99  59
 235 146  19  71 154 113 217 160 218  75 176   3  37 178][228  36 157 103 164 111  67  25 112 170 163  24 211 113 201  59  25 212
 108  58  57 244 233   2 205 139 101 116 192 235  70  32][ 37 132 105  71 244  15 239 187 116 233 126 196 211  97 152  48  95 206
  22  44 177 184 109 111 110 174 165 196 237 234 210 241][172 181  60  97 180  47 117  61 121 249 191  24 223 123  72  49 157 148
  76  56 248 240 249   6 239 223  37  84 194 138 194 163][ 47 246 179  22 123 255 155 248 155 236 157 237 108 253 207 180 151 125
 215  39 135  67 186 189  26  87  41 191  74 231  15 247][134 174 172 147 220 163 172 199 158 183  64 147 132 173  84  11 201 107
  51 149  50  92  74 242  13  18 223 231 148 125 148 226][165  99 204  37 164  27 238 216 119 226 115 228 195  72 223 173 123 204
  86 111 237 244  77 202  70  90 101 164 239 255  90 132][109  49 245  82 237  95  85 157 251 251 181  88 222 127 205 191 157 214
 124  58 187  99 251 192 191 222  85 126 202 246 194  39][193 222  29  61   8 142  69 190 190 146 130  92 247 247   0  83 133 117
 104 110 233  77 155  63 225 178  85  24   8  48   3  56][ 20 189 155 127 144 239 103 246 190 131 104  72 246 243  72 112 177 126
 104  90   3 153 154  63 233 174  37  96 136  83 131 170][ 60 114 194  12  75 127 183 216  35 238 253 109  74 196  47 156 249 204
 230  34 141 183 184  24  83 101  33 175 107 127 110 215][ 33 109 159  85  69 223 228 166 126 224 106   0 179 178  21 240 136 110
 106  72 229 248 245  47 167 191  22   0  72  16  67 168][223 112 152  38  58  13  94 156  59 241 165 185 127 199 203  26 183 221
 236  86 110  85 139  35 250 197  37 188 224 179   3  91][244 205 255 110 221  79 199 252 241 162 172  10 115 121  29  19 185 198
  91 106 105 227 121 175 251 239  69  60  65 123 230  42][205 113 181 103  44  78 103 184 123 234 163  88 215 113 217 255 144  84
 108 106 233 244 251   2 165 251 101  20  74 185 195  32][ 40 185  50  40  83 249 177  71 239  21 108   9 166 153  70 148 168  58
 194  17  22  58 146  17  47  81   0 123 194  12 199 234][ 18 174 119 251  59 147  56 239 183  21 210 179 237 207  36 193 239  63
 239 128  46 201 139 245 179 226 187 219  39 132 165 239][156 125 191 231 178  75  87 184  52 238 247  48 215 119  11 113  50 213
  76  98 105 245 105  46 225 227 101  21  96 243   7 115][200 188 156 113 169 108  53 135 186 191 166  57 156 183  66  27 163  87
 233  16  50  77 147  98 219 243  95 127 192  80 143 107][229 103  99   5 100  10 239  52 104 238 115 237 195   0 149 151  62 196
 100 110 232 244 229  10  38  56 100 128  77 247  82 229][212 225 157 231 172  75  71 184 118 186 131 104 215  51 201 123  17 212
 108 122 104  80 201  56 237 130 101  52 160 243 132  33][199  54 175  21 171 126 189  19 185 255 151 245 220 190 215  47 167 119
 253 149 181 213 179 194 207 123 127 150 142 100 135 119][212 104 188 115 137 253  16 135 178 183 166  25 175 183  67  91 161 119
 236 144  62  77 250  96 219 211  87 125 130 112 143  74][ 15 247 105 111 114  95 127 252  49 106 125 237 219 127 143  53  62  84
 215 110 229 176 125 191 103 223 101 166 111 247 199 255][ 98 161 188  80 233 249 185 199 187 117  44 185 172 188  86  62 135  27
 243  21 150 107 162 241  15  94  84 107 214 196 135 206][154 192  20 184 153 213 152 111 159  23 133  19 140 218 110 133 201  19
 219 145 118  15  26 215 187 215 155 127  18   4 173 134][108 101  29 103  36  15  71 184  97 168  63  72 211  49 137  50  24 196
 108 106  73 240 233  44 231 251 101  52  66 187  66  33][202 172 230 190 185 242  94 247 191 215 220 185 237 254 178 241 199 255
 253   5 246 203 238 255 251 127 255 155 134 244 191  95][130 219 246 221  43 214 188 246 191  94 210 167 172 254 167  75 230 127
 255 195 230 205 227 249 183 122 223 147  22  60  37 223][244 114 189 228 170 100  23 154  34 190 164  45  87 119  73  27 151 213
 125 242   8  71 251  32 217 131 109 188 160 241   6 115][248  56 159 112 137 237  81  87 234  63  36  24  54 145  64  59 129  54
 104  24  50 109 178   0 217 171  80 122 192  64 198  42][206 172 158  83 171 232  61 135 187  63 166  57 140 183  74  91 163  87
 237 144  50  77 202  99 255 179  94 251 128  80 143  75][101 241 165 199 173  46 197 156  74 251 143  76 210 112  93 110 145  70
 120 127 153 112 251  32 141  30 213  52 200 123 208 116][ 48 185 123  76 114 206  99 115 101  12 124  32  51 151 132  52  62 186
  68   8  64 154  48 125 117 172  32   8  99 130 102 251][ 48  32 192  53 217  11 224 206 114 165 226  25  67  96  66 152 121 238
 224 128  60 250 207  58  28 134 213  61 225 116 202 142][228 237 150 242 157 205  70 239 215 187 168  24 166 241  96  18 137 122
 104  82 122 107 218  55 185 214  21 123 192  88 198  42][ 47 120 240  73 249 189 234 218  91 235 236  92 136 152  85 188 157 108
 242  28 151 246 254 146  14  94  17 126 218 159 218 133][163 175 165 155 252 181 236 239  95  91 216 215 232 232 254 228 221  75
 186 157 183 106 111 243  46  30 159 236 157 220 248 220][236  60 233 119 228 122 235 154  57 230 127 184 251 109 221 191  27 222
 245 123 169 244 253  42  79 127 101 128 198 247  86 240][  1 143  25 187 150 163  42 247  22   9  90 118 181  35 168  64 115  10
   2 152  51 152   9 191 236 199 190 192 152  72 161 169][252 180 188 242 169 253  81 155 171 251 181  24 159 255  74 251 133 215
 253  24 186 111 250 144 219 219 117 127 194 192 199 115][103 103 193  69 244  10 111 185  18 160 120 206  81  97 221 180  92 204
  54 238 201 146 205  10  60  44 165 164 165 250  82 164][ 32 169  73 235 252 137 234 239  95  49 248  10 179 233 124   0 216 170
  87  24  26  58  90 247 173 156 151 125  84  10 210 136][103  32  83  69  83  91 224 105 115 160 245 106  66  16 205 180 120 156
 194 168  77 242 229  92  22  30 129  39 107 170  74 164][205 225 181 117 172  78 103 184 123 250  35  88 223 113  89 187 144  76
 124 106 233 244 249  32 167 251 101  52  74 177 195  32][210 112  58 172  91  70  49  72 189 192 231  27  94 223  43 113 246 181
 223 225  40 199 178 206 209 241  11  14  97  33  39 115][236  38 221 103 160 106  67  24 112 174  35 120 215 113 201  59  19  84
 108  58  56 244 233   8 205 171 101  52 224 227  70  33][124 113 125 102 137  76  87 184 225 184 173   8  87 119  73  51 136 212
 125 106  72  99 250  40 243 233 101  60  96 243  70  51][125 241 249 114 185 205  95 253 163 125 164  24  95 247  74  50 133 210
 125  88  91  75 250  53 251 223  53 124 226 146 198 123][197  97 151 146  40 141  96 192 238 184 163  72 150 210 105  59 160  33
 106  94  67  97 154  80 145 152  71  62  72  56   3 161][234 180 181 114 249 237 145  15 187 127 165  24 158 189  76 190 133  27
 249  17  51 110 242  83 143  82  92 127 194  68 135 255][ 77 101  28 231  48  14 102 184  40 168 111  76 223 115 137 242 146  68
 108 106  73 208 217  12 228 241  39  20   8 179  11  33][ 65 108 191 119  28 207 101 166 246 226 226  72 243 176  17  51 136 110
 104  72 109 248 243  47 237 190  85  16  64  56  66  42][ 39 226  46  26 221 157 182 232 222 188 177  11  96 232 127   0 217 105
  66 119 198  99 142 253  56  28   5  63 213  63 123 198][167  99 204   5 204  11 238 216  87 226 242 239 211 104 223   9 122 204
 102 111 237 244 205  72  20  10 229 164 109 251  90 132][  5  28  55  95  44 175 231  50 237  74 127  68 250 113 181 110   6 118
 126  10 193 173 123 255 133 190  98 144  90 235  65  45][ 56 235 250 108 251 209 127 214 163  13 252 169  47 239  35 144 238 251
 199 192  74  11 162 185 119 245   4  43 243 214 174 235][ 73   6 150  85  41  62  96  19 237 207 183  84 206  99 130 222 181 100
 236  44 145 229  51   2 195 255 113  80 202 228 201 113][ 96 255  89 229  48  15 119 181  44 172 126 104 215  23 128  80 150 212
 108 106  72 248 225  47 237 229  37  84   0 178 199 107][200 176 186 112 234 253 177  83 170 117  36  57 158 157  66  27 135  27
 241  17 182 109 178  16  79   1 112 125 192   0 143 243][236  37 125  99 180 111  83  25 113 170 175  24 211 115  88  59 153 132
  76  58  56 244 249   6 207 223  37  84 192 235 198  34][ 76 161 223 117 168 106 101  47 170 247 174  56 215  55 200  91  35  86
 104  16  57 217 243   0 205 227  85  69 224 240 134 114][ 96  38  65 197 116  10  97  59  57 164 106 204 203  35 129 212  18 204
  47  44  64 208 193  78  52 188   1   4  38 160  70  32][231 111 236   5 206  27 174 232 104 160 185 175 195 104 223  35 122 197
 110 231 204  99 205 232  54   8 207  61 109 255 218 132][ 87 239 198 151 242  42 110 252  55 238 251 231 217 231 139 212 119 239
 127 238 229 208 205 110 188 174 239 132 174 247 171 209][125 236  21  82 141 221  68 237 155 178 164   8 110 241  73 183 153 242
 232  58 107 103 218 183 187 219  69 127 210 124  74  36][ 64  36  29 229  52  75  99  58  56 168 242 104 215  51   0  48 147 212
 108  40  41 240 193  14 237 166  37  20  64 160   6  35][208  30  26  62   8 173  16  66  60   6 224  28 183 211  33  89 128  49
 108   0  42   7 210  27 209 227 112  24  88  65   7  10][211  94  78 190  34  22 190 116 172 206 211 231 109 206 175  75  54 229
 255 231 229 197  14 234 178  99 235 130  45 247  41  93][ 80 163  29  32 184 137  17 233 162  61 161  40 135 131  72  17 128 145
  76  80  90  11 202  21 249 129  37 125  96   2 135  35][112  72  80  76  72  75  64  42  98  34 224 168  99  65 129  16  24 136
  68  40  74  38 197  29  16 168  33  57 113 160  70 136][ 67  22 207 181  50  10 174  54  60 234  82 229 245  99 144  65 118 103
 127 173 225 216  69  79 228  38 235 128  12 240   1  25][ 80 191 157 191 152 237 133 175 190 127 136 117 183 226  66  66 129  39
 108   1 123  73 219  55 185 166  63 124  24  64 133  74][252  32 157 228  40  78  81   9  40 178 161  24 215  19  72  27 147 149
 109  42  41  71 217   0 209 241  97  52 104 162  67  34][ 37 133 105  69 244  15 239 187 116 226 126  68 211  97 152  48  91  78
  22  46 177 184 125  15 108 174 165 196 237 234 210 241][ 58 172 228  26 141 189 214 206 223  23 173  27 106 232 126 132 201 234
 235  23  46 107 222 243 187  95  85 123  83  95 254  78][105 123 215  84 107 220 119 248 235 136  36  72 110 247 196 182 166 246
 238  74 195  99 186  97  55 248  69  58  66 177  71  37][212 188 159 190 136 237  23 196 190 178 168  25 247 247  97  26 129 119
 121  18  42  67 154  51 249 227  79  57 128 115 135  34][188 237 189 255 152 203  95 172  54 178 207   8 247 247  73 113  81 127
 121 226 120 210 219  63 233 231 239  53  32 243 134 162][ 20 189  31 110 144 207  70 252 230 128 234  72 247 243   8  48  48 118
  76 106  75 137  25  63 249 164  37  16 104 114 163  34][ 86 225 178 186 143 133 146 200 175  17 137  11  78 222 109  26 249 121
 251  87  86  35 154 241 217 209  15 127 208  23 167 130][109 103  93 101 100  79 103 184 105 168 127  72 211 113 137  50  16  68
 108 106  73 240 233  12 231 255 101  20  66 187  66  33][109  49 245  70 169 126  86  25 235 248 191 104 222 127 205 190 150 214
 252 122 153  99 251 192 159 248  69  62 202 231 194  37][ 66 188 253 191 170  96  61 191 190  87  78 181 253 246 194 123  71  87
 249 129 243  72 239  99 236  39 126 136 156 241 165 121][113  98  20  32  40 141  64   0 235 185 177  72 143 146  64  30 128 164
 108  92  15 107 194  16 144 248  19  58  72   0  67   5][ 77  35 152  35 240  44 107  25  34 173 111  77 215 195 202  80  20  78
 100  28 146 144 201   2 237 189  37 108 168 194 194  33][254 199 197 222 235 115  78 239  23 179 203 187  72 103 188 255  95 215
 251 182 120  66 239 247  62 118 223 255 183 255 190 228][220  36 159 119 139 110  85  11 176 242 167  24  86 119   1 123  33 247
 120  42  57 197 243   8 213 227  81  17 160 113   6  98][149 205 111 183 182  43 167 239  92 178  91 242 245 120 184  33  59 110
  19  99 241 252  13  63 236   6 239 196 173 123 145 128][124 172 151 114 137 237  67 192 179 178 164   8 191 243  65 147 137 246
 104  24  43 107 218  49 217 217  21 124 194  65  70  42][205  80  21  71  40  30 103 184 253 250 167  76 222  83 141 247 134 100
 124 110 225 229 121 108 167 250  99  20  74 177  67  53][188 101 127 103   0 111 103 120 240 190 167  24  83  85  11  51  56 228
  76 106 104 245 185  12 243 235  97  21  97 243  70  98][234 176 180 114 233 253 144  11 235  59 165  25 142 189  76 190 129  19
 249  17  50 111 218 211 207 211  84 127 194  68 207  43][108 161 157 103 137 108  69 153  34  51 167  24 214 115  72 123 145 214
 105  58  27  64 219  17 205 251  69 116 192  98 198  34][109  49 161  37 173  28  71 157 106 248 138  76 214  56  89 186 145  70
 124 127 217  96 249   0 173 220 205 124 136 123 210 100][244 221 189 126 157 111 215 239 114 186 170  24  82 121   8  49 217 246
 125 107 120 231  91  63 251 255  69  20 193 123 194  34][ 41 181  17  69  85  31 194  61 107 233 107  76 218  16  28 180 152  14
  64  60 159 184 217  31 175 252   5 118  74  14 218 142][ 45 165 226  35 244 175 227 218  87 233 253 124 211 249 219  32  89 138
  22 191 159 178  76 150  78  93  33 108 223 207 122 129][163 166 132 155 252 181 140 207 159 123 217 215 232 232 254 200 221 203
 255 149 191  78  79 247  44  22 159 252 157  92 185 220][218 188 150 190 137 237  16 103 191  31 168  25 174 254 100  27 129 187
 251  16  50  79 210 243 155 242  94 123 144  64 135  27][121 159  83 103 242 190 118 183  61 232 250 237 239 115 128 208 182 255
 236  38 253 154  73 255 190 247  37 130 106 246 202  27][147 207 107 222 180 147 174 247 148  74 221 246 121 239 176  97 126 171
  23 175 243 191  44 255 114 175 174 192  53 154 176 233][169  72 107  69  36 219 101  38 117  70 102 136 163   0 151 180  24 172
  66  76  77 188 101  13 166 253   0   0 111 156  90 236][135 172 206 159 190 139 182 238 222 243 210 183 244 248  62  67 187 111
 122  23 246 249  15 127 108  38 127 215 221 120 217 222][194 182 174  17 171 110 189 151 187 255  22 189 156 189  94  43 167  87
 253 149 178 221 187 226 207  23 127 247 132  84 151 123][127 103 193  69 210  26  79 152   3 164 238 238  67  99 221 150  88 204
  52 254  25  18 237 138  62 172 133 180 175 255  82 228][ 33 165  81  67 214 251 226 203  87 225 249 234  19  80 212 180  90 154
  66  56 159 186 109  31  46  12  33 100 255 202  90 164][127 229 226   7 253  59 230 237 123 230 237   9  74 104  31 148 249 206
  98 111 236 243 205 254  62 126  69  63 103 255 218 196][116  56 157 229 138 110  93 154  34 182 164  13 151  55  65  26   5 213
 121 184  26  70 243   0 217 131 117  60 160 240   6 114][ 85 140 249 101 148 111 111 186 116 162 106   8 211 113  17 112  49 204
  36  58  57 240 249  14 237 175  53   4 224 243  66  32][ 72 233 157 115 232 200 101 183 234 191  46  56 183 179 192  90 129  86
 108  24  19 120 235  33 237 247 117 101 192 208 199  43][ 39 239 102 155 220 151 174 252  87 252 220 199 105 236 191 164 127 235
 147 239 213 250  63 253  46  94 207 172  95 254 120 220][198 122 246 244 107 204 188  66 191 250 178 187 174 158 101 123 230 245
 255 211 224  79 130 224 151  50  95 139   6  53  39  95][174  78 172 126  73  79 221 248 151 246 165  13 227 109  59  27 221 241
 195 103 236 103 122  60 211 219  81  57 243 253  86 218][173  44 248  83 244  55 235 218  83 235 253 124 219 248 223  40 157 202
  22 191 191 246 206 226  78  95  39 236 205 235 122 133][252 189 188 250 137 237  87 255 183  63 164  29 111 255  74  27 141 211
 237  82 122 111 218 179 251 211  85 127 242 219 206  91][120  60 188 254   9 108  85 158 163  23 172  24 191 247  73  90 193 247
 237   0  10  71 242  35 211 231 112  59 162 112  38 106][ 60  86 179  12 107 127 151  89 119 238 253 237  74 252 167 148 252 252
 198  38 205 163 184 154  50 117  33 190 219 127 110 247][102 168 144  26 201 201 144 203 139 181 161  25  38 252 110 154 137 115
 232  16  26 107 202  49 153  16  21 127 208  68 142 198][192 188 157 186 137 237  53 239 190  19 128  24 188 247  64  91 129 115
 107  16  50  77 218 115 253 178  95 122 144  80 135  42][  9 149 183 255 224 206 125  55 189 219 126  84 255 247 128 123 167 119
 127  12 241 216 115 193 231 251 118 128 138 240 129 249][ 32  27 115  76 114 206 107 113 101  12 125  32  59 151 132  52  62 186
  70  72  64 186  32 125  85 172  32   8  99 130 102 249][ 32 164 248 242 253 173 248 203 123  57 249  24 171 249  92  16 219 139
  70  25  26 122 218 211 223 221  17 127 210 200 195 131][194  91 182 252  41 133 188 182 191 222 210 183 172 222  55 107 230 243
 255 197 230 205 195 233 151 114 222 155  22 156  37  95][198 164 164 178 141  61  20 143 155  63 129  29 206 232  94 159 129  67
 249  21 190  79 219 177 137  82  93 127 152  77 155  86][107 106 232  84 109 157 204  14 235 255 180  12 170 136 215 191 137 172
 228  13 206 106 230 241  22  89 213 185  67 148  90 204][254  48 246 240 109 125 216 216 255 251 176  59  14 221  95  59 239 153
 255  17 174 103 250 208 159 219  83 255 215  77  71 215][ 26 252  63 254  51 199  19 224 189 204 244  41 110 255  37  17 182 249
 223  98 107 203  58 253 251 211 111 139  82  37  39 123][248  56 158 112 139 237  81  87 234  63  36  24  62 145  64  59 129  54
 232  24  18 109 178  17 217 235  80 123 194  64 207  43][218 177  63 222 139 221  63 125 174  76 205   8 252 247  40 114 182 115
 255 195 211  11 186 253 243 241  74 187  18  34 167 123][ 43 145 166  28 213 253 240  99 191  73 111  21  46 252  54 140 168  34
 243  21 151 233  50 199  15 119  80  75 203  12 255 214][189 237 103 111 212  10 111 248 117 226 123 194  83  97 153 113 123 204
  22 238 233 240 109  63 110 238 165 132 239 251 210 160][149  78  79 231  38   2 111 240 244 202 219 230  83  99 177  99 127 228
  60 254 233 213  13 174 248 238 231 196  45 243 112  49][169  72 107  93  36 219  97   7 117  68 102 136 179   0  22  48   8 170
  66  12  76 188 117   9 230 249  16   1  66 156  86 236][252 113 189 102   8  76  87 248 225 184 165   8  87 255  73  59 136 212
 125 106  73  99 250  32 243 233 101  60  96  51  70  34][191 119 235  78 250  55 159  89 191 206 253 237 126 252 191 180 158 125
 215  47 229 135 172 218 114 125  41 186 223 247  47 245][ 39  98 254  12  91 159 178 104 202 164 161  15  64 200 111  18 216 109
 194  99 198  99 206  93  24  28   5  63  81  46 106 134][ 64 121  25 101  48  14 119 180  40 172 110  76 247  19   1  82 148 117
 108 106  72 144 209  45 229 249  33  16  72 177   3  59][ 21 189  21 110 184 143  70 248 102 136 234  68 119 115   0 112  16 246
  76 106  73 139  25  63 185 164  37  20 120 162  34  40][236  38 149  97 160  46  67  25  96 190  39  88 215  51 201  59  17  84
 108  58  56 244 233   2 205 235 101  84 226 227  70  33][149 142 221  61 190  11 172 186 126 250 210 242 245 104 144 105  55 111
 110 161 165 244  77  63 172  39 127 148 245 232   1 129][205  72  21 119  45  30 100 184 233 250 182  76 255  82 157 255 128  68
 124 110 225 101 251 108 167 250  97  16  74 179  67  37][252  32 156 100   0  78  67  24  33 162 167  24 215  19  65  27  56 212
 108  42  40  86 217   8 209 235  97  52  96 163  66  34][108  36  61  97 180 111 113  25 121 187  99  24 215 115  73  59 145 148
 108  56  56 240 241   6 207 223 101  84 192 233 198  34][ 50  33 102 140  79 195 144  72 207 164 192  11   0 200 117   0 248 169
 235 229  76 163 146 220  17   0 139  63 117  46  55 198][239  53 245  71 233  62  90  25 107 248 187 108 207 250 205 183 182 215
 252 122 157  99 251 200 190 248  69 126 202 231  75  37][109  34 160   3 125  63  66  24 123 172 117  77 194  73 223 156 152  76
  70 126 140 112 233  26  14  93   1  52 202 175  90 196][246 173 230  62 221 123 214 239 219 166 233  27 106 232  95 148 217 238
 235  39 124 111 222 191 187  86  69  63 231 127 222 198][ 84 101 154 238 154 207  87 204 182 166 234   8 215 247 105  80 177 255
 105 114  72 195 154  58 249 231  15  61  32 115 167  34][ 80 235 253 119 160  72 117 167  59 183  98 184 191 167 192 122  35  94
 108  88  82 216 171  35 239 231 116  69 224 208 135 105][ 39 248 165  31 125 151 235 248 223 204 221  15 232 204 118 164 221 104
 115 255 231 114 127 255  47  94 143 236  95  46 120 212][213  92 191 119   8 102   5 134 240 210 134  16 247 119   1 123 129 117
 124 171 105 197 243  42 193 227 254  16 136 113  37 122][112  48 157 231 136 110  77  27  34 182 135   8 215  55  65  26   1 212
 121 152   8  82 249   0 205 136 117  52 160  96   6 106][108   7  89 101 176  74 103  56 125 168 111 104 211  35 137 112  18 220
 108 106 105 176 105  14 228 255  37   4  66 242  70  32][104 224 156 117 137  77  69 141  99 177 165  24 214 113  72  58 145 214
 104  56  90  98 219  17 207 219  85 125 194   0 206  42][181  48 240  19  83  27 130 200  82 227 241  62  66 216 223 188  59 204
 130 118 175 246 220  59  62  14   5 111 253  15  74 132][221  30 254  95  41 124  81  18 239 206 183  61 239 103 150 254 133 100
 236  12 157 229 243  66 195 255 113 211 202 228  76 117][ 69  29 179  79 172 174 239  51 239  74 255  68 255 241 181 100 150 118
 126  10 129 161  59 255 133 254  34 146 218 235  65  53][ 40 181 249  90 243 241 213 127 123  71 125  56  58 247 236  52 123 154
 150 136  59  58 250 211 127 157  20 111 211 192 230 251][ 80 163 254 117 162  42 109 167  58 183 106 177 199  39 200  91  35 215
 109  16  56 216 167  32 253 230 116  69 164 240 135 104][103 231 194  94 235  16  14 232  91 166 109 168  72 226 239 254  19 236
 226 226  69  82 174 242  62  62 197 175 139 247 106 132][100 103 121  69 244  79 103 184 105 168 126  72 211  33 137  48  24  76
 100 106 201 176 233  12 103 189  37  52  64 251  70 161][  7 223 111 254 180 130 239 247  84  75 223 246 241 107 184  97  95 235
  23 239 251 170 111 255 232 255 254 200  61 219 240 185][120 184 150 118 139 249  80 199 235 179 160  56  46 243  96 154 163 119
 236  16  30 111 154  49 219 211  85  59 226  64 206  10][ 37  97 204   5  76  11 238 104  78 162 242 207 211  40 213  11 120 204
 122 239 204 240 205  72  52   8 197   4 109 251  82 128][225  98  18  32  41 141 112  64 235  56 177  76 142 146  69  30 162 161
  76  94  66  39 146  80 145 216   2 122  64   3  67   5][209 112 159  80  75 204 177  72 238 144 167   2  28 211 105 123 162  53
 106  72  67  71 146  64 209 161  67  42   8  32  35 163][208 100  30 252  11  38  48  74 188 130 225  24  94 211  41  27 250 149
 107 160  40 199 146  74 209 163  91  31  64  32  35 162][159 103 198   7 242  26 110 252  52 230  95 231  73  98 159 212 127 206
 127 238 237 208 205 111  60  46 175 132 175 247 250 213][124 236 172  58 141 253  85 239 147 119 164  25  42 253  90 155 201 210
 233  17  30 107 250 177 219 211  85 127 211  92 222  74][164  98 193  67 112  27 107 216  59 162 117 248 195  71 205 188 123 220
  70 126  43 182 237 114  14 188  33  44 227 179  70 164][ 78 189 174  51 169 252 189 151 187 255 158 189 188 191  94  42 167  87
 249 149 178  73 187 227  79  23 223 231 132  84 135 123][ 97 233 151 119  29 141  68  55 246 177 162  88 246 241  80  50 136 102
 106   8  75 233 211  37 237 154  85  24  64   8 210  42][ 77  97  24 101  32  30 103  56 105 168 111  72 223  83 139 242  50  68
 108 110  77 208 249  12 230 249  37  20  42 179  75   0][ 64  63  29 229  48  14 103  50  44 168  90 108 215  35 128  82 148 116
 108 106  65 216 193  46 237 247 101 144   8 226   3  57][212  12 214 118  33  42 118 162 185 154  43  17 110  98   5  91 163 247
 108  66  32 197 139 106 147 190  84   3 160 113  71  14][ 41 183  83  39 242  14 127  61  57 232 123 237 255 110 136 145 190 239
  86 102 253 186 109  47 190 255  37 130 108 226 130 217][205  52 181  83 237  63 224  26 123 251  55  92 222 120  93 191 149   4
 126  31 181 244 249 194  15  94  85  54 202 109  83  37][ 93 173 172   6 187 122  87 191 224 245 142 140 207 116 146 182  38 198
 252 125 157 201 173  46 250 101  37 149 166 230 158 125][154 186 250  50 171 249 152  71 179  87  53 185  15 142 194 155 167  27
 197  17  54  79 166 147 218 211 120 235 230 132 175 223][ 36 164 248 115 253 237 248 202 123 177 185  24 143 137  92  24 187 155
  70  16  26 122 218 210 159 221  21 127 192 203 199 130][ 47 113  98  11 125 159 234  88  95 104 245  78 200 220 191 164 220 108
 122 239 207 179 253 223  55  92 139  58  95  15 122 212][ 79 253 253 255 170 224  63 191  62 215  78 128 253 231  18 123  71 127
 249 145 179  88 255 121 237 247 255 136 166 240 135 121][ 82 188 150 186   9 237  16 103 191  27 168  25 174 190 100  26 129  59
 251  16  50  75 218 243 155 246  94 123 144  64 135  27][  1  23 143 165  52  14 111  55  60 234  90  68 247  55 145  99  22 102
 124 111 225 208 113  14 228 175 111 128   8 242  17  57][167 230 164 155 252 157 200 205  95 251 145 223 200 232 222 137 221 201
 255  21 191 102 207 211 172  30 223 252 156  28 217 212][216 249  63 254  43 213  55 113 239 202 180  60 124 223  40 242 166 113
 253  66 227  79 178 251 243 249  47 187  10  34 167 123][ 16 145 157 239 186  64  55 141 167  21 171  32 255 247   8  82 130  87
 125 192  27   9 123  49 237 247 118  67 176  99 165 187][150 225 146 170 138 193 146 200 142  16 201   3  68 218 105  64 251 217
 107 243  66   3 138  83 185 164  15 127 176  51  35 130][253 101 145 231 141  47  70 252  85 162 235  10 211 113  73 178 217 204
 122 106 105 242 217  42 249 205 197  52 106 123 210 160][ 73 153 191 255 169 220 125 183 175  89 126 116 254 247 168 247 167 119
 255  72 211 201 186 225 239 251 118 202 202 208 165 123][237 105 149 101 169  94  68 186 105 184 162  72 215 113  65 179 128 212
 108 106  73 240 243   8 143 249 101  20  66 177  66  32][129 133 125 101 180  14 239 185 116 226 122  64 211 113 144  97  94  78
  22 110 249 184 125  15 101 175  37   4 108 234 208 160][125 189  86  70 153 126  86 178 241 226 174   8 107 113 133 183 177 246
 236  42 109 235 189  46 187 255  69  19 107 247  74  44][125 117 105 102  36  78  79 188  96 232 255 108  83 113 153  50  56 196
 116 110 201 182 253  42 242 237 165 148 111 243  82  49][ 88 221 140  63 152  94  85 191 246 229 142   5 243 101   2  99   1 102
 232   8 108 201 255  63 235 231 117  17  96 112 140  90][112 224  80   3  91  91  18 236  99 180 161 137  66  80  72 150  59 220
 192  98  78 102 223  21  57 128   5 127  99  54  14 142][252 253 188 114 169 205  95 252 179  63 173  29 255 255  74  27 141 211
 237  82 122  79 250 179 251 219  85 127 242 210 134 122][ 99 251 114  84 105 157 244 246 235 200 124  76  46 152 214 180 166 239
 230  72 199 123 182 225  62  92   5  43  75 148 203 157][ 87  94 235 190  34  38 191 214 172 202 219 231 253 238 183 106 126 229
 127 239 205 133 175 234 240 111 235 136  45 247  33  89][109  35 137 167 188  14  78 157  98 232 155  76 211  32 217  50 144 204
 124 127 221 114 249   8 237 221 165  60 136 251 218   1][118 173 148 218 203 245 156 203 155 183 172  27 104 250 111 223 233 211
 251 147  62  75 154 243  27  94 223 127 147 117 238   6][125  51 202  65 242  26 107  88  51 236 239 236  91 103 207  48  54 204
 100 126 153 210 237  74  94 205  37 164 234 167  74 241][238 180 181 115 185 125 145  11  59 123 165  24 158 125  76 191 129  27
 249  17  51 102 251 211 143 222  85 127 194  68 135 247][228 164 153  58 137 237  16 207 250 183 169  24 166 242  73  26 129  74
 104  16  59 103 218  51 153 150  85 127 208 113 135  34][ 61 183 232  99 242  27 115 121  51 233  63 236  91 109 222  48  63 204
 213  62 188 240 237  14 126 207  37 244 239 166 202 209][ 41 252  83  73 115 217 226 126 127  65 120  96  56 146 148 180  58 184
 130 136 195  62  52 223  54  60  16 106  91 134 106 188][117 111 108  37  76  11 206 236 104 164 186 139 195  40  23   3 120 197
 106 231 204 115 205 108 116  32 207  52 101  59 114 132][108  32 149  97 164  79 101  59 121 187  50  88 151  51  64 187 145  20
 108  56  57 252 209   6 205 223 117  84 192  40 194  35][ 65  21 191 229 160  78 111  53 108 202  78  68 247  55 144 115 148 118
 124 110 225 208 241  12 229 187 102   0   8 242 129 121][ 85 112  18   2  73 141  48  64 235  24 161   8  14 210 105  59 160  49
 110  90   2 103 154 112 145 152  18  58  64   3   3 135][ 65 121  25 101  32  14 109 178  40 232 126  76 183  19   1  82 134 100
 108 108  65 152 209  45 229 189  32 144  72 176   3  57][178  96   2 172  95 193 146  72 134 164 129  11   2 200  53   1 248 185
  75 227 108  39  82 220 145   0 139  59  81  13  55 134][  3 121 243  68 115 216 185 230 107 200 124 234  60 158 231 180 166 191
 150 128 199 186 164 233  54  44  54 171 111  22 111 255][ 39 249 173 219 125 157 243 252 223 249 180  14 248 252  94  34 217 106
 123  95 231 107 251 255  47  31 159 126 221  15  83 254][246 173 166 190 221 255 214 238 147 191 185  27  98 253 124  19 217 254
 237 115  60 107 218 191 251 215 213 127 241 127 214  10][223  30 190  92  41 252  89  18 255 206 182  93 255 158 215 126 167 164
 252  28 175 101 179 194 211 255  48 219 202 229  78 119][225 105 157 117 172  94 100  47 235 176 162  72 151  49  65 187 128 212
 108 104  73 233 243   0 135 251 117  52  64  48  66  40][237 106 228  87  45  61  64 152 251 250 183  92 206 248 223 191 137 196
 252  79 173 101 239 162 134 251 113 190 202 253  90   5][221  72 215 118  45  28 100 188 249 186 182 120 238  82 157 191 162 100
 252 110 229 101 235 232 178 251  97 150  74 181  75  45][145 141  93 101 180  14 111  58 116 162 106  64 215  49  16  97  16  78
  56  46 249 184  81  15 229 175 101   0 104 234  64  32][108 169 188 114 141 237  81 206 131 253 172  25  18 253  74  58 137 210
 249  16  26 107 250  49 219 221  21 125 208  72 214 122][ 33 168 159  85 212 143  97 135 118 131  98  88 179 177   0  56  73 110
  98  24  43 250 211  61  77 174 116   0 192  72  82 168][252 244 188 114 137 253  87 252 179  63 173  25 127 247  74  27 153 215
 253  18 122  99 250  51 251 223  85 125 242  82 198 122][215  14 206 183 194  34  62 247 176 194  66 247  77 226 179 219  55 239
 177 167 180 213 143 106  58  38 223 128 173 245 171  16][212  86 188  54 168  40  85 156 177 191 179 125  71 123  75  27 165 213
 109  34 104 103 203  96 210 227 117  23 232 113 166   3][ 84 145 153 238 184  76  87 157 166  65 170  40 247 247  72 114 214 215
 124 208  27  11 251  49 249 229  39 124 240   3 165  58][ 80  36  23 168  75  34  32  75  52   3 235  82 132 147  32  89 233 157
 106 160  40 215 147  66 145 162 218  79 128  64  35 130][144 205  15 190  20 130 207 247 148   0 218   2 113 107  48  65 120  34
  31 227 104 169   2  63 224 167 174 128  53 154 176   8][ 31  63 211 196 242  42  47 214  41 200 126 230 125 231 229 180  54 255
 151 254 129 147 172 234  58 237  47 160 175 247  35 177][ 66 184 150 186  89 237  16 194 191  29 168  25 174 246 100  26 133  59
 251  16  18  75 154 243 155 246  26 123 144  68   7  27][ 84 229  30 238 155  75  86 232 164 160 171   9  87 243   9  82  50 213
 105  98 104 195 153  44 249 229   5  29  32  51  39  34][ 82 186 150  86 171 248  49 198 171 183 162 184 110 230 228 159 167 247
 236  16  18  79 170  97 152 178  95 123 192  68  39  47][ 74 188 188 243 185 237 189 159 187 255 158 189 188 255  94  10 167 115
 255 145 178  73 186 243 239  23  95 251 134  84 135 123][104 224  25  99 137  77  65 141  99  61 173  24 210  17  74  50 153 150
 104  56  91  96 251  17 239 221  21 117 194  26 198  34][ 23 247 198   7 246  26 110 252  53 226  91 231  89  98 159 212 127 206
  63 238 237 208 205 111  62  46 175 132  47 247 250 213][222  82 127 254 106  66 191 120 189 206 245 247  76 255 173 121 254 245
 255 226 161 199  42 206  86 231 107 138  23  53  39 243][ 36  35  58  44  91 211 147  72 206 228 169  15 196 200 111   2 216  41
 202 103  68  99 138  92  81   4  11  63  81  47  47 198][ 88 221 254  55 155  94  85 191 231 231 174 141 251 117  10  82  16 246
 237   0  76 233 247  47 251 231  85  17  98 118 204  90][244  32 153 100   0 110  67  24  97 162 167   8 211  19  65  27  24 196
 108 106   8 198 209   8 211 201  97  53 224 163  70  34][ 39 249  43 155 125 157 218 216 223 232 220  15 248 220 119  32 217 106
 123  79 199 107 254 255  63  95 143 250  93  47  91 214][111 102 193  71 213  58  78 152  35 164 239 206  75  97 221 148  93 204
 228 238 137 146 237 138  62 108 165 180 175 255  90 100][ 65  29 187  79 180 173 207 179 111 104 126  76 251 241 149 116 150 102
 124  14 129  56 249  63 229 252  35  16  90 235  67  57][102 235 228  30  91 209 178 232 250 244  33 173 104 238  79 150 147 109
 226 199 198  67 238 113  61  22 207  47 209  55  79 198][100 103  89 101 240  75 103  56 113 168 126 232 211  37 137  48  18 220
 100 106  73 176 237  14 102 191  37  20  66 242  70  32][193  85  31 229  32  78 103  52  44 200 106  68 246  55   0  83 180 116
 108 106  97 208 145  12 229 179 102   0   8  50   3  59][ 37 113 254  14 203  19 182 200  66 244 225  15  64 216  95 177 248 205
 194 103 196 114 222 120  62   8  69  47  89  63 106 134][161 105 198   7  76  11 230 108  76 160 203 203 242  40  85   2 120 236
 106 239  72 243 205 106  52   0 199  60  77  59 114 136][ 92 235 212 119 162 138 111 182  58 183 106 241 239  35 200  90  55 223
 109  92  82 216 143  99 236 166 119 193 160 240 131  41][ 70 126 200  55 178  40  47 150  58 167  46 237 175  39 193  18  39 255
 205 214 130 216 205 106 236 132  45 160 228 243   7 121][255  53 117 103 253  62 222 123 121 242 187  92 207 122 221 191 191 215
 252 114 253 103 255 206 191 249  71 126 207 237 203 149][ 45 181 241  89 223 247 241 219  91 115 125  24  26 252 236 188 255 155
 146  24 179 122 122 215  31 222  17 110 243  73 230 245][113 111  12  39  76  11 230 228  96 160 234  75 243  40  17   3 120 228
 106 239  72 242 205  44 244  32 239  48 109  58  82 136][ 52 172 216 227 244 237 250 195 127 161 249  24 159 217  64  16 187 155
  70  16  26 122 216  50 223 221  55 125 192  73 199 130][167 230 228 154 108 173 220 207  31  55 145 159 204 206 126  89 221 201
 255 149 174  86 207 211 190  22 223 253 157  92 152 212][201 112 151 124  75 212  48  88 246 216 231  16 252 211 105 123 102  61
 106 200  99  71 179  65 211 225  83  47   2  32  39 163][226 188 146 154 217 228   0 206 155  23 160  24  34 243 109 223 201  74
 226  16  42  79 218 115  25  54  21 127 144  89 110 142][220  36 190 118 137 100  85 131 179 183 167  25  87 255  75  91 129 215
 233 146  56  69 155   2 219 227  85  95 160 113 166  98][241 213  93 111  42  10  71 184  96 168 226 104 115 115 128 115  16 244
 108 106 105 130 201  45 176 170 101  16 104 178  98  33][110  97  97  71  77  91 215 232  67 228 173 137  74  76 223 180  24 204
 195 106 205 115 253 152  63  92 133  63 103 191  94 246][120 176 176 240  41 253  81  90 171 253 180  57 159 159  66 250 167 151
 253  16  30 107 242 145 219 217 113 255 194 132  79  83][108  32 157 101  32 106  64  24  48 170 226 104 215 115   9  27 144 212
 108  40  40 240 193   8 197 251  97  20 224 241  66  35][124  97 157 102   9  77  85 232 226 184 165   8  31 211  73  59 128 212
 108 106  72  99 218  32 211 201 101  60  98  51  70  34][104 176 148 113 169  45  84 159 171 179  38  29 158  51  72  27 129  86
 232  24  26 104 219  49 207 219  85 118 202  80 202  10][ 96 169  16  80 157 173  64 143 239  49 168  72 166 161  68 158 129  38
 104  24  26 107 195  53 137 144  17 123 210  10 218  12][ 69  25 255  77 172 110 245  51 236 200 254  68 250 243  37 106 164 118
 126   8 145 169 115  73 103 191 103  16 218 242 193 179][125 107 114 100 113  30 103  48  97 172 239   8 203  67 131 150  48 196
 236 110  76 209 237  12 246 253   5  21  98 183  78 100][229 160 156  49 201  45  81 143  59 247 160  25 134  49  74  31 129  78
 104  28  59  78 219  48 141 210  85 127 200  81 130  78][ 84  70 149 183 170  42 102 168  60 178 139 248 215  99   9 219  51 213
 109 106 104  69 203  34 148 162 101  20 160 243   3  32][121 188 254  86  17 191  82 182 119 199 230  28  99 241   7  60  49 230
 236  12 172 253 183  47 251 255  85  19 235 228  74  78][ 70 169 154 186 217 205  18 236 175  21 168   9 238 254  97  16 200 251
 235 210  26  11 218 245 185 213  15 127 144   3  39 138][178  97   6 190  13 133 146  72 135   8 129 107 102 216  33 129 200 177
 203  99 108  39  74 157 177 208 137  59  80  31  62   2][252 175 132 190 157 175  86 238 151 187 184  25  98 249  73 155 217 255
 237  19  62 107 203 191 251 214  85 127 209 121 214 138][108 177  57  97 189  79  87 153 122 245  37  24 210  21  74  48 145  28
 104  58  89 112 249  16 239 221   5 118 192  35 198 114][244  38 157 101 160 110  65  26 112 170 118  72 211  39 193  59  16 212
 108  56  41 244 225  10 199 239  97  16 224 240  70  33][ 76 186 149  97 161  15  96  55  57 187  34 120 150  51  64 187 129  22
 108  24  17 248 193   4 141 210 116  84 192   0 195  33][ 73 191 251 109 244 190 107 151 118  73 122 108 179 161 145 240  23 238
  22  12 187 184 229  63 236 237  48 128 236 201 194  41][205 122 214  86  41  24 116 156 249 250 182 124 207 218 223 255 166 197
 236 106 229 101 235 226 150 251  99 158  78 181  75   5][ 96 233 153 250 217 197  87 204 130  29 168   8 246 243 104  16 216 219
 107  80  26  11 218  49 249 213   5 123 144  26 134  42][124 101  89 100 172  75  71 184 224 160 172   8  87 113  73  50  16 212
  76 106  72  35 200  14 243 237  37  61  96 243  66  34][239  45 116  55 205  63 252 107 251 242 177  29 207 248  87 187 171 231
 254  55 189 111 223 238 159 219  85 127 207 109 203 134][ 38  99  46  14 207 215 183 232 206 244 184  15  68 200 127   2 216 105
 195 103  70  99 174 249  57   0  13  63  85 127 127 198][  1 135 213 243 176 170  44   7  52  17  75 240 245  35 128 248 115  62
  42 152  51 216  69   7 172 166 190  64 172 192 161  40][101  39 121  69 112  10 103  56 124 168 122 232 211  33 133 112  26 220
  68 106 233 176 109  14 102 190  37   4  64 242  70 160][ 79 188 249  87 250 157 127 190 122 243  12 204 253 116 218 178   7  95
 122  94 231  88 255 115 111  95 117 188 206 246  11 125][ 83 239 193  69 146  44  47 151  50 167  42 137  41  39 209  18  39 207
 105 156 202 216 197 106 172 172 156 160 225 240 131  56][ 87  46 198 151 210  34 110 239  50 195  66 215  65 226  19 219  55 239
  49 173  53 221 141 106  56  38 223 128 173 244 170 216][ 84 112  18  18  11 205  50 192 234  24 161  76  14 210 105 158 160 169
 110  82   2 103 154 112 145 144  66  43  72  19  43 131][127 125  96  68  89 223 214 250  83 236 188  45  42 252 215 180 156 253
 213  98 204 107 254 190  59  93   5 187 123  63  94 223][124  96  85 101   9  79  67  24  97 164 166   8  83  17   1  59  24 212
  96 106  72 246 241   8 211 168  65  52  98 179  70  34][120 160 152  96 157 249  82  15  99 165 172   9 131 145  74 144 153 142
 192  16  30  58 192  18 219 197  17 125 226  10 206  10][201 112 147 120  75  69  48  88 246 154 227  80  28 211  97 121 244 157
 106 136  67 231 147  64 215 225  82  46  66   1  35 163][ 60  97  42 172  95  75 147  72 142 228 153 139 198 204 115   0 216 161
 203 103  76  35 154 220 241   5  11  63  85  47  55 210][192 174 198  85 240 138 106 183  51 157 114 237 175  99 193 212  55 238
 109 156 162 220 141 111  44 182  55 192 226 224  75   9][108 176 185  99 169  77  81 141   3 245 173   8 214  85  72  50 153  82
 121  24  26  98 251  16 207 221  21 125 194  10 198  98][ 82 186 150  84 138 177 184 207 190 183 226 245 108 226 198 222  39 127
 235 148  18 207 143  64  28  34  95  99 227 196 167 157][220 164 158 178 137 104  84 143 179 183 135  25  79 251  74  91 161 215
 237 145  60  79 139  34 219 227  93 127 160 112 142   2][242 109   3 142  93  11 134 237 152 160 201  79  98 224  21   0 216 228
 106 103 108  35 223  47  48  36 141  56  89  59 242 140][120 109 115  68 113 218 103  50 113 196 238   8  43  37 135 244  56 236
 204 110  72 187 244 174 179 252   0  19  98 183 110 110][151 103 198   7 214  27 238 248  53 226 123 231  89  98 159 212 127 204
  63 238 237 208 205 111  60  46 175 132 111 247 120 213][150 114 251 254 106 130 191 120 191 202 245 246 125 239 173 121 126 253
 247 230 225 215 174 251  86 167 107 138  61 177  35 177][209 141 221 101   4  78  71  51 116 162 106  64 215  51   0 115  50 246
 108 106 105 248  81  14 229 171 101  16  96 248 192  32][141 209 111 103 240  30 111  61 117 232 119 228 255 103 154 183  30 196
 119 111 249 240 109 205 230 251 231 132 102 182 195 241][224 184 189 125 137 220  85 151 243  87 102  29 179 189  22  27 129  38
 104  28 250 108 243  53  75 251  84  91 226 192 198 106][ 65 104 157 119  40  78 100   5 106 178 162  72 151  48  65  58 128 116
 108   8  65 108 211   0 141 251 117  48  64  50  67  40][193  89 191 101  32  78 103  53 104 234  38  72 246  55   1 115 148 116
 124 106 225 212 177  10 229 187 101   0   0 114   7 123][108  48 157  97 137 111  84  27 163 255 171  77 211  55  74  27 129 196
 108  60  29  66 209   0 207 217  69 117 202  96 206  82][ 65  57  27 117  32 206 113  22 168 200 110  76 183 151   1 114 164 117
 124  72  65 217 176  40 229 181  48   0   8   0   3  59][203 248 189  87 179  92  59 190  58 241   6 156 253  54 210 182  39  87
 249 220 243  92 191 119 239 127  95 244 138 132 131 125][ 88 176 242 240  41 253  88  82 171 189 180  57 159 159  66 218 167 181
 253  16  30 107 242 145 219 217  51 127 194 133  79  67][ 73  25 191 109 169 206 247  53 238 201 254  68 254 115   0 114 164 118
 126  72 145 169 179  93 227 189  37  16 202 242 195  51][182 230 228 187 205  47 220 207  31 183 153 159 200 234  94   8 221 139
 255 151 110  87 219 211 191  30 223 253 157 124 154 210][208  77  79 190  20   2  79 180 164   2 210  66 115  99 177  65 122 230
  61 235 105 133   1  45 240 163 234 128  52 179  48  40][252 188 188 114 137 237  87 219 179 191 164  25  63 255  66  27 137 215
 253  26 122 111 250  51 251 223  85 125 226 113 198 114][ 81 143  71  69 176  42 111 183 112  11 122  80 243  35 144 116  51 102
  84  44 185 152  37  47 236 174  36 192 168 242 194  41][245 181  92  86 233  60  84 171 233 186 171  92  66 122 206 187 129 199
 236  34 189  99 222  68  18 250  69  63  72 114 202   7][110 245 248  96 219 201 149 207 171 181 172 153  14 189  78  18 141 151
 193  17  82 107 218  16 127 213  13 127 195   6 134 218][111 225 234  78 203  81 151 232 211 246 108 171  72 236 207 247  89 236
 224 226 196  83 174 177 122 111 197 127 247 119  94 198][213  21  29 101 128 110  69  57 228 186 163  80 215  51   8 123  33  84
 108 106 121 229 121  12 233 171 101  84 104 161 192  33][206  60 150  30 169 244 148 174 186 223   4  21 236 246  67 143 133 115
 232  17  54  77 250  98   9  50  95  91 128 117 175 223][ 92 245  25 106 184 204  87 189  98 104 169  72 215  87  72 112  80 220
  76 122  91  11 249  29 249 237  37 124 120 130 134  51][156 173  17 161 180 175 243 195  62  33 120  25 159 219  72  16 187 187
  78  17  50 184  88  95 253 213  39 100 192   0 131 162][108 185 156 123 169 253 148 143 138  63 168  25 174 250  70 154 129  27
 232  16  22 106 218  49 207 209  85 123 208  72 143 143][  2 115  14 172  27 195 178  72 134 164 137 171 196 221  97   2 218  49
 235  99  64  35 194  28 241   0  11  63  84  47  55 210][ 97  38  89  69 112  10 103  50 116 160 122 232 211  33 132  48  26  92
  70  42 169 176 101  14  36 190  37   0  96 226  66 160][124 169 148 186 173 141  84 239 191 187 176  57 102 249  72 155 137 251
 237  17 122 107 203  51 251 215  85 123 210  92 218  11][252 252 188 112 137 237  85 254 179 255 164  25  63 255  64  27 129 246
 253  24  58 111 250  51 251 219  85 127 226  80 198 122][ 37 227  64   3 244  27  71 172  87 228  41 141 195  64 222 148  27 206
  66 126  94  50 109  63  44  12   5 117 255 159 218 196][222 180 150 178 139 124  20 143 187 187 131  57 206 246  74 223 129  87
 233  17  62  77 138 162 153 211  95 127 130 117 143   7][ 83 170 198  21 202 162  40  79 166 241 202 213  97 226 214  94 101 239
 123 156  22 217 151  65  28  34 223 192 173 132 171 156][ 81 221  31 110  48  14  71 180 164   8 174  68 247 115 129 115  52 102
 124 110 201 137  25  45 225 171 100  16  40 242  33  41][ 38 245  47  46 219 215 151 232 142 252 157  15 204 252 127   2 153 105
 203 103  71  99 186 221 121  17  15 191  85 126  55 247][208 121 191 246  34 200  49   4 168 204 226  40 183 215   0 123 162 117
 109  64   0 217 178  32 209 225  50   3  32   0  39 123][ 92 115  19  10  11 213 182 216 238  88 189 108  92 210 107 222 246 217
 238 242 199   3 154 112 145  17  43 175  10 119  47 151][193 112 147 120  75  69  48  72 246  10 227  16 148 147  97 120 212  29
 106 194   3  87 147  80  21 184  18  46  80  17  35 162][ 37  45 209  69 212 111 103 184 115 226 106  72  82 113 137 180  25 204
  96 106 105 242 249  14  45 174  69  36 235 251  82 160][163 173 120  65 252 189 250 223 123 105  60  76 186 184 222 180 157 138
  86  29 183  58 244 243  46  93  37 254 207 204 218 205][ 73 184 149 113 161 174  96  55  41 187 106  92 190  51  64 222 133 118
 104  24  17 216 209 100 141 182  84  66 202  64 131  41][144 205  77 239  60   6  79 189   4   8 218  66 243  99 184  97  88 194
  31 234 107 161  73  63 225 170 166 148  60 186 240  40][ 64 189 157  97 169 236 117 135 171 245 170   9 158  55  66  18 129 119
 232  16  21  73 176  32 235 245  20 115 200  80 135  90][161 175 251 117 244 171 107 151 119 107 126 220 179  33 144  48  31 174
  22  12 179 186 101  95 110 174  52 192 237 200 210 185][108  49  49  65 193  79  87 176 107 236  47   8 214  21  64  52 144  92
  64 122  81 112 249  16 111 157   5 118 194  43 198 114][207 122 245 118  46  60 252 152 251 250 178 252 207 200 199 187 167 229
 236  70 165 101 239 226 150 251 119 190 206 245  75  85][109 227 248  67 253  31  86 188  99 168  61  76 203 104 222 182 148  68
 196 126 207 112 237  60  46 221  37 245  74 191 202   5][ 64 160 149 123   8 237  33  15 254  17  99  88 182 177  72  89   1  26
 106  24  19 120 211  17 141 162 112 112 216   0 195 168][ 38 175 162  26 221 149 134 233 222 181 201  15  96 200 126 132 217 106
 226  87  86 107  78 245  56   6  13 127 209  47 190 198][244 237   7 174 221 207  70 237 155 130 233  29  98 232  44 145 216 239
  72  99 121  43 218  63 177 182   5  58  89 123 218  14][151 199 198 143 246  27 238 248 116 226 219 231  81 104 159 244 127 204
  63 239 237 208 205 239  60  46 175 132  45 247 120 148][ 72 161 155 118 160 204 118  17 233   8 107  72 191 211  72 112 146 127
 108  66  91  33 154  33 227 253  36  40  64  34 131  35][248  56 242 240  41 221  88  82 171 189 180  57 191 159  66 219 166 185
 221  16  14 111 210 145 219 217  50 251 194 132  79  75][ 36  48 253  83 185 255 145  91 255 249 189  16 154 188  77  58 207  59
 118  16 147 248 123 208 207 223  83 118 201  73  71 183][224 248 189 127 137 237  81 135 251  23  98  25 178 253  68  26 129 107
 105  17  26 108 251  49  79 186  84 122 192  80 198 106][ 72 120 183 101  32  78 119  52 105 234  38  40 255  55 193 122 178 116
 125 106  65 212 177   8 229 255 101   0  66 242  71  43][222 174 148 182 137  40  20 143 187 183 128  25 239 235  72 155 161 199
 233 145  62  79 203  35 153 211  93 127 160 116 143  10][173 209 109 103 236  31 111 185 109 248 247 224 219  95 158  51  30 196
 126 110 241 240 109 237 231 251 231 196 110 179 210 241][ 89 221  59 108 177 141  83  23 111  73 254  76 191 243 164 116 182 190
  60  72 219  58 177  31 251 253  38  88  90 130 225  41][217 254 191 188 187 246  29 246 183 255 254 253 191 183 195 255  39 247
 253 148 191 207 179 255 251 247 127 219 170 213 175 123][110  53 241  82 241 124  19  90  59 189  61  56  74 253 205 190 151  95
 245  18 187 114 186  96  27 222  21 255 195 227  70 183][195 224 164  17 209  29 233 238 123 241   6  24  40 166 222  54  49 207
 121 221 246  93 191 115  29  30 221 228 129 132 195 108][108 176 185  97 249 111  83 153 123 185  45   8 214  53  72  54 145  92
 116  58  19 112 249  18  79 221   5 118 194  99 198  35][195 232 173  17  91 157 105 190  59 113   6  24 188 150 222  55  39 207
 120 220 231  92 191 117 157  26  31 246   8 132 139 108][ 80  97 155 119  40 204 103  21 234 169  35  72 247 211  72  18 162 118
 108  74  65 240 219  32 197 245  52  48  64  18 131  41][182 111  20 190  11 137  22 232 143  16 129  73 230 202   1 147 136  51
 201  67 110   7  74  61 176 208   9  59  88  27  11   2][244 120 223 102  42 106  71 152 176 186 162  40  87 119  73  59  54 212
 125 234  41  71 171  40 209 227 101  28 225 243  38  35][225 177 220  52 232 124 180 175 234 250  33 125 148 248  78  59 131  95
  96  66 245 103 222  64  20 169 127  47  73 112 203 151][254 253 230  21 131 118   6 174  55 247 206  19  66 116  15 159 121 246
 233 227 124 214 121  46  59  66 221  71 163 117 254  86][ 65 160 149 113 128 141  41 135  62  49  34  88 181 179  88  56 161  15
 123  28  19  88 155  83  77 142  93 100 200   0 131 168][211 170 134  25  75 160 168  71 182 243 194 213 160 130  86 223 105 231
 107 156  55 223 151 115  28  34 219  72 169   4 171 156][126 170 148 186 169 137  80 207 187 183 160  25 239 235  72 155 139 255
 237  16  62 107 202 177 152 214  85 127 210  76 139   2][ 84 182 156 161 168  43  89 153  34 191 173 189 215  39  74  26  23 149
 109  48  26  66 201   0 200 193  37 245 160 226 134 115][ 82 249  18 232  27 209  16  68 175   4 160  41  46 222  96 208 226 177
 239 192  78  11 130 209 147 241  10  59  16   6  39  31][ 41  15  65  69 116  10 103  51 116 160 122 236 211  33 148  52  26 204
  70  40 233 184 101  14 100 190  37   0 102 234  66 160][ 34 233 160 186  93 217 146 204 139  21 136 137 174 236 111 132 137 123
 235  81   6 107 218 241 185  84  29 123 208  31  31 222][129 255   5  21 240  14 164  55  56 234  98 252 180  32 144 145   4 110
  98  12 225 220 213  47  36  34 116 128  72 208 131 153][230 253  23 190 217 205  22 237 158 218 161  29 230 240  41  17 153 235
 104 103 127 111 218  63 185  50  77 122 216 127 146  94][229 235 132  19 173  29 196 173  91 176 161  76 226  40 215 191 136  76
 104  93 254 120 223  49 142  88  69  54 200 156  90  12][203 254 252 127 248 245 125 182 183 223 254 189 191 183 194 250 199 255
 255 156 191  79 227 255 255 255 118 251 130 212 166 123][132  96 155 104  74  71  33  72 118  43 227  80  20 147  97 120 216  29
 106   2   3 151 193  18  21 164  18  46 208  17  35 162][248 188 189 112 169 237  85 159 179 191 164  24 191 183  64  59 129 242
 125  16  58 111 242  51 219 219 117 121 194  80 198 107][166 117  47 140  27  71 151 248 142 254 157 175 220 253 107  38 220 113
 251  99 224  99 186 223 249  21  15 191  85  62  55 243][216  89  31 116  10  64  93  48 160 210 166   8  87  55   1 123  32 244
 124 234 105  71 179  40 243 227 101  24  40 177  38  58][161 174 227  89 116 143 233  23 127 105 118 212 179  33 148  52  59 174
  22  28 179 252 101  95  78  62  48 192 207 136 210 173][116 247 225   7 210  91 231 216 115 228 111 175  83 100 223  52  59 204
 192 118 221 242 253  10  45   4   5  52 231 247 214 244][101  57 241  69 245 127  99 146 107 168  60 104  30  49 197 190 179 124
  84 120 129 112 241  72  47 156   5  54 202 243  66 165][ 39 191 138   2 248  61 182 216  26 237  57 237  64 252 207 144 157  94
 198 119 151  99 138  58  60   5  37 254 201 123 154 215][ 76 225 155 102  48 140 103 153 239 136 107 104 191 211 200  48 146  93
 108 122  75  33 138  33 225 245  36  40  64 179 135  33][ 88  50 190 180  50 224  25  82 164 157 166 177  47 135  34  90 166 181
 237 144  10 205 162  64 211 231  58 201 160 128  39  75][ 73 185 151  70 131 204  34 162 175  17  42  72 190 243  64 246 160 118
 104  88  19 137 146 101 137 180   4  74 138   3 131  56][ 13  52 245 115 125 237 241  88 111 249 249  92 254 123  77 168 159 159
 118  24 155 112 123 210 221 223  51 118 203  75  67 179][ 77 113  23   8 139 116 182 216 175 216 191 100 220 222 105 246 244 121
 254 246 199   3 186 208 179 113  15 190  26 119  43 215][ 22  99  14 169  10  11  51  72 132 180 195 139 199 141  35   3 106 157
 107  99  72  67 195  28 245   0  11  61  52  59  53 146][104 190 215  55 168 137 124 183 191 187 186 125 239 227  64 146 167 231
 236  16 126 109 203 115 190 255 117  88 234 192 139  11][204 243 149 119 187  76  23 188  42 121  32 236 254 119 200  23 151  87
 236 114  83  72 251  49 237 240  37 254 138  22 135  57][ 45  56  49  65 113  95  99  18 105 232 126  72 158  21 197 180 144 124
  86  88   1 184 241  72  15 220   1  34 202  35  71 191][195 224  38  18  73 221 233 236 251 245 166  24   8 146  94  55 161 141
 121 221 198  95 190  85 153  24 223 103  64  20 227 238][199 122 255  87  42  60 253 156 251 250 182 252 255 222 223 127 167 245
 124 207 229 101 255 226 134 251 127 154 205 245   3 117][ 88 113 241 101  99  74  53  55  41 136 102  40  62  55 128 118  54  84
 124   8  65 216 177  72 247 252  52 130  34 176   7 123][ 41 191 123 104 116 159 107  87 118  73 126  76 179 145 176 112  54 170
  22  28 219 186 224  63 126 237  32 232 120 130 194 185][174  53 241  82 177 127 148 203 123 185 181 120  78 124 205 189 159  95
 212  51 179 227 170  70  11 223 117 247 199  65 207 167][ 88 153  26 254  27 196  86 247 173   8 236   0  62 191  32  80 166 187
 223  64  82  11  18 253 243 253   2  75  18   2  39  27][250 172 166  21 137 118  20 239 183 247 206  17  98 244  71 223 193 246
 233 144  44 219 243  34  59 103 221  23 131 116 188  94][185 142  69 117 210 171  98 183 117 163 106 208 115  33 128  16  57 238
   6  44  56 188  69  63 110 239  53  64 227 200 194 136][ 61 125 107 103 179  95  87 248 117 236 127 237  91 125 159 180  55 252
 244 110 237 240 189  46 122 239  37 167 111 247 222 119][ 90 153  18 254  27 196  18 100 173   0 232   0 190 255  32  80 230 179
 221 192  66  11  18 253 243 245  10  27  18   2  39  27][199 227 213  83 171  29  78 172 107 185  48 220 238  98 220 191 183  71
 124 126 215  76 239 225  46  90  85 246  78 150 131  13][125 125 127  70 160 122  87 240 224 236 191  40  83 117 155  51  48 244
 220 106 205 227  44  44 243 235 101 149  99 243  70 115][  1 120 115  69 115  91 242  80 105 168 118 104  62  24 133 180 178  60
  84  88 133 184 176  76  23 220   0   2  75   0  67 173][148  99  14 161  74  11  36 104  52  48 194 231  83   1  17   9 120 140
 107 231  72 211 199   0 212  32 234 132  45  57  50 144][228 252  31  30  24 203   7 236 190 202 193  41 246 244  41  49 217 117
 104  99 105 231 154  63 185  50  77  59  80  59   7 126][130  53  46 204  27  71 159 120 143 236 156 171 220 253  99  38 220 113
 251 227 224  67 250 222 113  22 139 191  86  46  55 243][ 77 243  27 102 176   8 103 152  97   8 127 108 223 211 201 176  54 220
  76 106  75  48 136  41 244 229  37  44 106 179  11  33][120 170 148 186   9 137  80 203 163 181 160   9 175 203  64 150 137 243
 237  16  14 107 202 177 155 209  21 123 242  12  14  10][ 33  46  65  69  52  26 102  55 117 224 126 236 211  33 144 180  30 238
  70  44 233 184 101  14  36 190  37   0 110 224  66 188][ 82  99  19 232  11 193  24  72 175   4 128 163  44 206  97  80 230 189
 239 192  66  11 130 209 145 240  10 187  16   2  39  11][211 172   6  25 203 164 168  71 166 243 194 215 160 130  86 207 105 167
 123 157  54 223 215 113  28  34 219  74 137  68 171 220][ 95 117 107 109 147  87  95 249  53 236 126 167  91 119 159 116 118 220
 181 174 237 146 245 142 251 239 165 135 103 246 102 119][169 170 243  89 116 143 233  55 126  73 118  84 185   1 148  44  63  42
  22  28 179 188 101 223  12  62  50 192 207 140 211 189][ 65 174 221  53 248 175 124 191  59 161 234  76 255 227  64  82 183 239
 108  20  93 248 219  99 189 247 117 112 200 224 195  24][195 189 157  19 186 233 183 167 186 251   8 120 164 182  64  55 135 123
 120  17  51  72 234 119 173  22  95 122 128  80 135  45][216  58  58 116  66 164 121  82 177   5 230 153  15 135  66  88  39 189
 237 144  10  95 178  99 211 229  48  73 162 129  39 115][120 162 156 178 169 205  80 207 163 189 164  57 143 227  74 218 129 199
 237  16  26  75 203  49 219 195 117 125 162  68 142  10][ 55 247 225   3 211  95 167 248 115 232 123 238  82 124 221 180  60 220
 212 243 217 178 253  46  45  76  37 230 111  55  86 245][ 93  47 216  33 178  10 111 144  50 160  47 204 221  35 193 210  55 221
 108 254  17 208 141  66 252 165  39 100 168 243 139  32][213 231  89  97 242  11  35 152  58 160  45 232 215   3 201  48  55  93
  68 122  51 144 205  30 172 141  37 116 232 163 131 161][ 52 119 218   5 210  31 166 252 122 232 249 111  66  96 143 144 120 204
 198 242 229 242 205 110  62   7  37 167 105  51 238 151][ 33  79  89  77  52  27 238 182  84  40 122  96 179  32 181  96  90 108
   6 110 233 184 101  63  36 174  36 128 125 186  88 173][  5  96 147 105  74  67  35  72 118  35 227  80  20 147 105 124 120  28
 106  90   3 183 193  18  21 164  50  46 240  19  35 160][100  48 159  76  73 111  65  72 225 237 237  12  66 145   4  30  72 148
 106  32   9 163 241  64  17 180   0 123 193  43  70  38][ 77 115 215 103  48  26 107  24  41 233  63 236 255 103 201 182  54 244
 108  94 137 208 239  32 174 255 101 144 234 243 195 113][ 64  58 251  69 114 200  57  18  41 140 106 233  60 135 129  80  38 189
 229 144   2 152 128  72  87 164  32 130  34 128   7  59][ 86 172 148  50 139 233  20 207 187 187 136  57 238 250  76 159 129 215
 232  17  62  75 138 115 184  86  93 127 128  84 139  15][101  52 149 119  77 109 224 138 250 251  41  88 214 120  73 171 129  68
 120  59  39 100 219   0 141 155  85  62 200 113  75 162][183 119 111 101 178  95  87 248 117 236 254 239  91 125 159  48 182 220
 213 102 237 240  61  14 251 239  37 150 103 247  70 119][176 140 199 119 144 171  96  55 116  35  98 208 115  33 128  89  57 174
  34  40  56 252  69  63  78 174 112  64 227 200 194 136]