[ 13 223 123 229  52  15 111 188 109 232 122 100 247 113 145 113  54 228
  30 110 225 176 109 127 228 255  37 132 108 187  64  49][236 254   8 147 205 221 167 244 218 254 188  14 254  96  75 135  41 194
 202 122 103 102 124  58 253   5  37  61 219 126  79 248][ 11 159 154 187 180 133 190 246  30  73  92  71 188 251 178  64 255 107
  23  13 199 184  18 247 238 223  62 226  24 216 185 217][250 108 110 116   0 206  91 100 177 158 230   9 123 223  19 115 168 245
 221 227 104 231 176 109 243 235 234 145  97  49 103 106][133 229 133  59 188  43 238 237 254 178   9  80 215 224 217   3  27  74
 106 111 115  97  78  59 172 130 239  60 212 243 211 128][248 184 220 122 168 232  81   7 163  21 164  25  55 151  66  26 129 179
 229  16  26 111 210  49 219 227 112 121 232 128 206  26][205  20 143  53 162  58  61 151  62 243  70 212 221  39 130 251  39  71
 120  28 177 220 183  34 204  35 126  68 168 240 139 120][122  50  97 105 105 200 249  82  47 108 246 173 139  15  86  28 110 189
 255 129 136 186 229 208 213  56 186 193 103 132 102 251][113  81 123 104 120  14  65  88 104  72 225 108  23 151 161 112 118 157
  78 110 137 131 224  28 208 169  34 188 120 163  35  49][212  40  57  97 168  44  89  16 162 182 167  24  23  23  65  91   5  20
 125 122  24  71 249  16 219 137  33 124 160 129   6  96][124  49 153 103 137  79  71 152  98 184 167   8 215 117  73  50 144 212
 108 106   9  96 249  32 205 237 101  60 224 243  70  34][ 88 165 184 120 153 249  81 143 251 119 172  25  47 183  78  58 163 155
 237  16  62  73 163  51 251 223  20 127 242  68 207 106][175  50 105  99  33  94  91  16 105 236  55 173  27  29 215 183 142 149
 213 126 141 176 244 192  67 217  32 147 111 167  78 117][196 156 159  87 136 106  36 167 254 147  98  16 244 114  41 123 161 118
 106  18  49 221  27 103  45 166  86  66 192 112 161  42][133  61 254 101 162  46  63 242 249 234 126 160 159  63 133  59 166 117
  93 110 240 241 177 106 231 191 101 132 192 241   7 243][120 176 177 114 137 109  81 203 163 189 165  24  30 215  72  26 137 222
 237  16  26 107 250  49 217 208  21 127 194   0 198  42][  0 123  58  60 114 165  49 116 173  76 228  37  44 214 163  16 164  57
 198 132 128 139  34  93 209 180  34 139  80   2  39 251][ 57  23 122  77  54  31 179 120 109 236 127 174  91  29 150 164  62  28
 215 111 197 176  37 158 118  93  33 210 103 143  71 245][ 43 114  64 129 231  55 168 222  27 241 116 255   8   2 247 157 127 205
 162 220 135 250 148 244  30  26 223 238 159 157  42 157][126  81  42 168 159 209 145 201 207  85 149  11  78 220 127  72 249 153
 157 177  14  35 186 209 243 213 143 127 245 126 191  70][ 22 241 114 196 246  11 254 232 235 160 184 170  76 222  85   2 190 221
  87 243 192 115 136 204  58  88  15 246  69 166  67 129][ 91  50 124 101  57  95  89  27  45 109 182 189 159  31 150  63 166 149
 253   4 141 253 225 213 215 251 112 215 102 132  71 127][ 80 165 159 122 153 236  81  43 182  21 237  24 246 247   8  82 177  18
 232   0  50  73 187  23 217 167  16  89 160  66 167  34][120  48  26 104  41  79  81  73 169  45 173   9  30 151  98  16 248 157
 205  32  24   3 208  28 211 241   0 127  96   0  38  99][146  20  18 186 139 241  20  71  25  23 169  57  46 190  36 217 255 155
 151 129  62  15  16 215 179 214  90  59 144  84 175  14][120 120 121  96   9 205  81 214 163 188 164   8  19 151  65  26 200 244
 109 216   8  79 242  48 219 201  52 121  98 145  70 106][240  73 158 188 137 140  84  39 144 130 226   9 102 178  33  82 200 231
 104  64  76 107 210  47 241 162  84  27  80 120 234  10][ 90 152 187 186  45 237 147  64 142  77 143  19 174 223 106  64 196  51
 255   1  26   9 219 161 209 213  26  91 144  15 165 115][ 62 177  43 184  85 197  91 200 161  77 204  27  63 223  42  80 248 155
 149 241  26 147  50 165 243 197 170 235  50   5 166 114][162 170 226  24 111 177 176  79 219  23 116 191  40 200 246 159 171 171
 227  21 150 111 166 209  30  24 217 235 215  12 126 207][ 44 225  57 104  29  79  67 184  87 100 173   8 211  85  88  48  89 216
  74 106  75  34 123  31 235 205   1 124  81 171  86  98][116 150 151 166 176 102  71 150  49  95 250 117  66  50 160  91 245 198
  36  48  61 219 129  34 184 182 116 210 137 113 230  95][191 206 110 232 252 179  78 248 151  26 212  54  91 203 187  64  89 200
  31 255 250  39  15 183 250 207 163 204  55 159 120   1][146  12   6 156  12  34  40   2 148 146 210  18  32 138  49  75  72 100
  63 129  40 197   2 202 144  34 218 136   4 121  48   8][ 34 201   2 136  84 129 142 230   4   0  88   2  32 136  48  64  72  42
  19 193  66 170   2 253  32   4 142 200  21   8 176 136][ 45 243 225  11 252  59 195 156  67 125 189 237 211  76 222 188  88 200
  70 126 159  50 109  49 110  77  33 244 255 159 210 245][  0 141  10 188  84 128 173 119  36   1  90   2  49 170  48  64 104  42
  19 129  82 152   0 255  96  37 186 192  21   0 177 136][ 73  20 190  94  13  60 180  51 253  91 127  84 254 184 190 239 165  34
 126  13 149 237  51 193   7 123  82  10 218 100 233  85][ 22 205   2 158  28 131 142 232 132   4 218   2  96 202  49  64  88 226
  15 195  74 171  10 255 176  38 143 136  20  59  48   8][  2 139  16 141  29 167 184 103  14  37 218   2 172 174  48  64 238  59
 155 129  18 184  83 221 141  20 154  67  20  10 149 138][ 41 185  48  67 121 237 227 154 107 125  44  76 186 217 215  52 145  10
  66  28 151  56 254  53  79  92   1 108 218 135  83 222][ 38  96 128 139  92   1 138 200   6   1  17   2  64 200 121   8  88  72
  19 243   2  34  74 176   8   4 143 236 149  27  80 128][ 31  30 235 204 150  54 187 218  55  66 220 230  89 239 183 108 127 217
 159 172 131   7  47 195 210 239 171 140 183 245  33 241][200 188 148 178 169 237 120 135 187  31  32  57 175 190  66 155 135 179
 237  16  54  77 146 243 143 211  84 123 194  68 143  95][245 109  76   7 152  27  71 184 118 160 239 140 211  96 155  51  24 198
 108 110 109 240 237  62 228 131 101  20 105 251 218   0][120  32  26 104  57 109  81  73 171  12 165  41 143 215  10  16 146 149
 205  32  24   3 194  28 211 241  33  63  32   2  46   3][  2 158   2 153  18 163 184 199  30   5  80 247 172 138  34 192 127  43
 131 149  54 156  71 255  12   6 154 195 156  12 169 157][109  55 185 101 176  94  87  57 104 238  61 108 222  54 131 178 148  84
 204  42 209 112 249  10 239 253  37 150 202 227  78 117][ 95 154 252 247 180 220 127 180 123 223  54 231 255 127 223 127 247 247
 181 159 255 216 107 229 238 223 255 196 175 247 121 121][ 11 200   3 187  85 145 170 196  30  64  80 199 172 202  51 228 216  41
 147 199 199 152   6 253 164  84 138 171  30  31  57 220][ 48 143   2  12 218  19  22 238   6 164 232 239  99 224 166 212 124 238
 202 101 220 187  69  63 184  36   5  87 115 174  60 204][ 65  21  17 239 184  45  70  61  14 170   9  72 246 115 137 240 148  86
 124 106  59   0  91  63 165 158  37  56 152 123 129  41][ 49 141  99  77  84 155 227 112  85 192 254  66 115 104 180 228 120 172
  22 239 233 187 101 159  50 110 161 128 127 170 112 236][ 35 191 226 203 119 181 186  79  95  73 120 230  40 220 246 164 223  43
 146 149 151  58 108 215  46  28 154 235 223  78 249 159][244 109 222 116   2 139  87  98 169 166 174  41  39 179  65  19  34 244
 108  66 104 235 128  46 243 167  69  51  96 241   6   3][ 86  53 242 228 246   2 254 120 169 160 184 170  77 254  85  18 190 253
 213 243 192 227 140 200 186 124 143 190 101 166  35 129][ 25 144 163  21  85  92  97 123 244 206  70   6 187 112 147 230 121  40
  94  44 173 250 245 142 223 239 247   8 235  44 120 238][ 79 253 247  68 235 116  23 190  43 249 174  45 124 183  79 182 135  87
 249  80 131  11 187  97  59 125  69 142 138 118 166 127][179 221 103  93  55 221 254 247 213  72 118 226  43  28 182 101 238 187
  22 197 237 184 100 191  55 122 166 130 119 156 240 255][200 172 208 243 219 176 124 159 183 179  14  16 189 195  73 222  35 123
 121 152  50  84 143 243 239 205 159 229 162 212 139   2][205 235  95 103  36  15 111 188 108 168 115  76 211  67 153  49  22 244
 124 110 201 240 233  44 228 171 101 148 104 179  67  33][127 123  96  86  55 217 218   0  73 232  29 235 170  92 215 182 142 235
 213  71 207 114 236 233 182  89 141 187  71 191  94  85][181 207  15 156 220 129 135 236 142  84 192  71 118 194  42  65 120 226
  10 239 107  43  78 127 176  32 239 120  24  56 176 120][ 44 154 159 220  91 213  49 113  86  61 182  32 126 119 168 253 125  48
 142   0   3 243 121  29  93 199  99  83 210  40  37 179][  2 144 178 153 223 229 184  71  30  89  80  51 172 158 104  73 239  27
 147 145  18  58  18 209  13  16 154 235 148  12 165 211][ 34 176 179 218 123 245 184 202 143  93 121  19 140 222 110 184 239  27
 147 145  22  58  50 241  31  28  26 111 209   4 175 215][ 54 141  68 159 188 139 206 174 159 178 176  10 206 104  28   3  75 227
  95  99 104 107  73 255 188 154 207 212 245 106  80   8][249 246  85  67 243  61 102 220 113  59 111 124  75  49 140 191  63 222
 196 122 235 118 233  39  54 216  20  39 235 215 202 173][216 172 157 117 152  14  69 191  55 163 162  88 247  51   0  83  17 246
 108  56  56 205 209  14 249 231 117  80 162 224 134  40][146 184 158 248 139 229  16  71 190  31 164  16 172 150  96  72 229  27
 170  16  54  77  18  81 203 215  26 123 144   0 173 155][ 37  29  31 103 144 110 103  48 112 200 111   8 247 119   1  51 144 116
  68 106  57 240  57  44 225 171 101   0 192 243  70  34][ 53 205  99 204  92 147 206 252 213 226 248  78 115 232 181 228  88 236
  22 239 237 187  44 191  50 110 165 184 127 190 120 172][ 56  92 121 239  83 207 115 112  53  96 117   8  63  31  33  48 174 187
 215  66 105 186  48  63 231 205  48   1 115 130  70 187][112 173  26  60 216 137   2 231 178  33 170   8 182 226   0  16 161 238
 104   0  26  75 195  63 184 166  21 121  64   0 130  10][ 58   8 118 245  60 155 216  58 223 248 182   1 235 253 180  32 159  52
 125 109 168 249 109 189 138 219 193 150  87 140  80  77][127  78  68  75 125 178  74 186 101   0 254 230  75  34 183 244  91 132
 158 188 141 129  77 221  62 127 128 214 191 223 120   4][196 173 143  31 152 162   6 174 246  51 202  80 212 224   0  67  65 102
 104 138  51 201 207  63 169  38 127  84 144 113 161  32][219  54 107 224  60  48 235  83 117 234 159 246  59 143 179  97 127 156
 223 175 235  39 165 223 242 237 163 152  47 169 112 113][163 251  96 137  94 147 184 239  22 100 208 175 168 140 182   0  79   9
 147 133 230 190 101 223  46  12 159 238  21  12  54 221][ 13 223 123 229 180 207 111 245 124 232 122 100 255  87 145  32  62 126
  22 110 193 184  33 127 238 237  39 128 108 178 225 185][111 143  68  76 125 187  74 186  69  96 254 238  75  32 189 245  76 132
 238 252 189  58 109 221  62 120 128 214  63 175 120   4][205 140 118 122 185 191  22 191 247   2 111  56 223 253 164 117 135  94
 228  42 242 173 139  55  99 255  20  78  82 211 195  45][187 124 108 117  92  91 205 117  81 234 180 255 179  28 214  35  72 236
  87 239 237 254 101 140 110  91 245 176 111 172  82 248][239 122 122  74 109 221 251  80 233 124 181 173 190 221 223 191 142  61
 255  95 199  39 234 240 215  89  32 187  70 151  71 247][118 175  66  12 218 147 158 237 134 164 200 173  99 232  62 148  30 239
 233 231  94  11 142  63  56  36  13 255  85 255 190  76][123  21 226 236 120  22  90  56  35 200 222 171  73  63 150 112 214 245
 253 229 140  19 229 206 179 127 168 154  39 166 112  87][ 57 149  62 116 165  63  84 103 237  75 175  28 223 120  14 179 168  38
 204  46 253 233  49  15 179 251 100  83 106 100 203   7][  2 141  34 141 148 130 170 103  12   1  90   2 172  42  48  64  98  43
  19 129 210 152   0 255  44  36 138 192  21  12 177 136][109  49 189  97 227  78 113  17  41 253 103   8 223  23   0 123 134  84
 125  90 145 208 243   0 197 251  97 196 234 163  70 115][234 180 252 245  44  31 216 123 187 250 180 187 191 255 213  59 143 149
 255 165 232 111 227 217 222 219 255 190  71 236  67  95][155 219 111 249  54 147 223 247  85  64 212 230  57 223 182  97 126  58
 151 205 251 184  39 189 226 235 174 192  63 156 240 249][ 38 165  80 131 252  43 202 105  31  49 185  26 206  72  92   0 123 137
  87  51  58  50  73 215 156 156 143 244 213  10 209 128][248 132 188 124 137 108  21 135 187  31 166  25 174 179  66  91 137 146
 233  16  58 111 211   3 219 243  84 127 194  72 207  10][177  65  79 237  20   2 111 120 100 224 243  70  83   1 177  97 120 196
  62 238 233 179  37 140 240 235 162 132 109 186 112  32][231 176 180  83 232  61 240  27 251 251 181 124 158 252 222  59 143  29
 127  17 183 102 234  82 142 219 117 254 202 101 195 215][ 66 141 134 141 220 160  46 167 140 128 218   2 160 234  48  66  64 230
  59 193  80  24 195 253  44  52 142 136 148 122 176   8][ 16 191  27  97 176 142  99 183 116   9 106  96 183  51 128 112  18  62
  76 120  17 184   1  47 233 239  36  64 104 128 131  41][ 35  77  98 206  84 147 238 242  69 196  94 135 104 236 183 100 124 234
 147 239 197 186  44 255  34  14 139 128  87 191 120 220][  2 145  16 138 150 129 156 101   4   0  81 226  12  30  32 192  78  19
 147 131  82   8   8 213  40   0 138 194  21  10 185  17][ 56 221  83 238 117 215 111 247  21  12 126  34  57 183 160 244 118 250
 151 234 105 154  48 191 247 237 160 193  50 138 228 185][ 75 211  51 231 166 156 125 181 237 104  30 108 223 254 218 226 182 103
 252 111 197 144 172 133 174 221 111 244  46 190 217 125][130   0 130 153  21 132  40  66  22  27  82  18  12 130  32  72 105   9
  19 144  34 148  17 211   5  38 154 128 148   8  49 128][ 38 173 160 137 212 131 142 207  86 161  88   2   0 232 112   0  89  74
  19 177 146  58  72 158  60   4 143 236 213 120 176 128][ 35  77  98 156  84 155 174 230 196  64 218 199  32 136 183 224 104 234
  18  69 197 187   4 239  52  44 142 136  93  28 120 204][  7  40 226 132 210  16 186  66  43 229  90 135   8 174 247  34  62 237
 179 213 132 155 164 226  30  12 159 128 135 247 113 220][  2 176 240 155 110 169 184 207  31  25  80 179 172 222 124  72 239  27
 179 149 146  60 130 241  12  28 154 234 148  12 129 209][119 176 215  65 112  15 240 249  63 185 242 104  82  61 204 185 189 221
 127  48 173 242  89 220 154 222 101 246 201  40  66   7][135 221  78 193 190   3 238 186 134 176 158 246 217 239 253  99 127 213
  31 255 243 193  13 244 126   8 239 228 189 249 176  49][ 48 205  83 223  20 131 198 246  86   0  88  66  51 233 177  64  72 106
   2  75  98 168  66 191  32 166 186   0  53 153 112 136][ 45 255 168 151 221  93 167 188 210 254 188  47 250 116 203 167  57 226
 206 106 229 100 124 191 255  71 101 189 251 127  95 255][248  48  58 104  41 111  81  73 173  45 229  25  31 151   2  16 160 157
 207  48  24  99 240   0 211 241  48 127  64   0 166  35][ 69 195 144  39 184  15 110 152 126  41  35  72 215  99 137 176  19  76
  76 110  49 112  73  63 172 158  37  52 152 243 203   1][ 18 232 213 247 110 139 232  64 175 177 178  10 239 139  85  11 174 229
 127 209  10 250 203 224 158 218 223  48 229 169  67 136][ 75   6 174  30 109  60 249  18 237  91  87  85 190 252 190 110 165   3
 126  13 151  45 182 195  71 127 114 202 206 239 121  85][  2 176 178 139 125 237 184 198 142   9 121  19 140 216 126   8 235  25
 147  17  18  58 146 243  13  28  26 107 216  15 111 130][ 16 205  10 172  20 130 109 119  36   0  90   2  49  35  48  64 106  43
  23 137  72 152   0  93 224 165 170 128  52 136 177 168][237  75  95 101  36  14 111 180 100 168 118 108 243  67 145 113  54 228
 124 110 201 240 201  44 228 233 101 144 106 179  66  33][ 58 101 114 100 118  19 222 120 105 224 252 138  79  79 148  48 190 253
  85 235 200 179  45 204 178 221  13 182 103 166  99 133][ 41 144 190  93 121 159  17  88 198 184 230  32 254 215 160 244 222  48
 174   8 130 163  99  29 223 219  35 126  82 170  37 185][175 118 124  99 161 124 223  22 233 254  63 189 219  29 159 191 135  83
 213  62 165 244  44 234 103 217  96 130 111 247 198 117][ 84 109 219 101 226  15  62 243 172 170 122 104  95 243  65  16 183 117
 125 114  64 209 137 106 253 142  45 132 224 243 131 131][245 159 141 151 176 126  35 183  58 221 254 116 118 118 139 219 245 198
 172  20 187 222 249 103 248  39 246 198 136 101 174 121][ 49  12  99  76  84 155 226 112  85 192 250  66 115 232 180 228 120 168
  22 169 205 187  36 159  50 110 162 128 127 170 112 172][ 56  84 123 127  83 223 115 112  37   8 119   8 127  95  41  48 190 187
 215  98 105 180  56  63 247 205  32   1 115 130 102 186][ 34 201   2 136  84 129 142 231   4   0  88   2  32 136  48  64  72  42
  19 193  66 170   0 253  32  36 138 200  21   8 240 136][109  97 149 115 169 173  70 152 234  56  33  72 214 211  73 187 128  72
 104  90  79  98 218  48 133 216  69 126 200  83 202   0][ 93 117 215 231 178  46 111 184 100 168  43 100 223  51 137 246  55  68
 108 122  97 208   9  78 172 238 103  68 170 243 129  33][ 98 140 212 188  60 139 206 170 143 160 186  10 239 104  52  66 219 229
 127  97   8  41  75 255 190 254 207 148 117 170  80   8][169  54 108 245 108  11 201  51  85 226 246 254 179  25 150  35  74 164
 119 143 248 254 101 142  70 219 241 176 103 136  82 233][ 70 174  93 127 152 203  79 172 251  54  99  92 235 235  28 145 179 239
 100  34 114 120 155 127 168 190  85 109 233  82 203  10][131  94 127 220 100 130 175 102 252  10 114 227  60 156 181  97 238 177
  23  65 225 173   4 239  48  62 234 128  93 184 113 185][  3 158   2 153  18 179 170 103  30  65  90 247 172 142  50 192 127  43
 147 149 183 156   5 255  44  54 154 192 156  12 185 157][ 50 203   3 190  92 131  78 224 151   4 216   2  99 202  33  64  88 234
  15 194  74 139  10 191 176 229 170 137  52  27  52   8][116  32 121  96 232 172  89  17 162 183 175  24  23  19  64  90   5 148
 105  26  26   7 249  16 221 169  33 124 160 195 134  98][111 114  98  84 119 153 154  64 201 136  21 239 232 204 247 164 190  57
 215 103 132  99 166 200  18  88  11 187  79  47  91 149][213 205 143  31 152 242  70 191 246 230 207  20 115 224 136 115  81 102
 104 110 121 221 253  47 232 167 101  84 168 115 176 112][ 38 240 178 218 127 245 184 206 143  89 120  51 140 222 110 168 239  25
 147 145  22  39 186 243  31  28  26 239 209  15 111 215][253 109  68   7 154  43  71 189 116 226 238 140  83  96 155  19  25 230
 104 110 104 240 237  62 252 163 101  20 227 251 210  64][ 90 113 122 168 159  83 145 206 139 229 148 171  15 156  99  72 251 153
 149 241  78  43 176 144 251 213 143  63 181  28 181  90][130 144 146 153 239 229 184  71 158  25  80  50 140 158  96  73 239  27
 147 145  18  92  18 209  13  16  90 234 144  12 165 147][252  33 149 103  25  79  67 152  99 184 165   8 211  81  73 191 144 212
 108 122  41 101 249  40 235 217  69  60 226 187  70  32][ 60 206  96 232 110  51  79 254  23  54 156 234  91 203 179  64 123 136
  63 174 234  39 111 159 250 207 175 253 183 252 116 193][154  26  50 189  42 226 152 102  29  66 208 163  44 190  33  65 238  59
 191 129   0 159   3 233 144 227 250 139  53  76  37 219][216 172 151 118  41  46  69 182 177 186 166  88 255  51   0  87  33 246
 108  10 121  92 211  46 255 242  85  24  42 228   2  40][ 20  85 159 111  48  78  71  56 228 200 111   0 247 119   9  51 144 116
 104 106   9 225  57  45 225 171 100   0 192 115  70  42][187  75 224  89  23 147  94  70  87 228 246 175  42   8 183 220  88 160
 142 222 238 175 101 254  50  95 148  19 119 157  88  76][163 140  98 159 116 137 184 103  30 101  82 151 168 140  54   0 108  43
 147 133 230 156  68 255   4  30 154 128  21  12 145 220][ 39 122 198 147 231 153 186 192  15 241 115 231  40 138 247 142 239 107
 178 215 135 152  77 240  14  24 222 226 223  31  89 157][ 94  89  18 186  27 237  19 192 143  77 203  27 238 223 104  64 228 187
 157  81  26   3 154 145 241 245  10 123  16  15 165 115][ 79 120 114 104 109 157 255 208 233  72 180 173 191 221 215  55 174 177
 223 103 198  39 166 224 247 217  35 186  70 183  71 117][219  86 107 241 164  54 253  87 125 110 222 246 157  47 182 105 127 191
  31 175 241 159 100 206 246 255 186 128 175 253 245 241][ 59  85 114 101  54  27 255 112 101 232 254 175  91  61 158  36  62 157
 215 103 228 179  37 142 114 253  33 134 103 174  99 245][147  78 198 156  83 178  44 230 189   6  74 231 104 226 183 221 103 111
 179 133 164 221  22 239  48  38 218 130 190 116  57 220][120  49  26 104 105  75  81  77  37  45 165  57  31 151   2  24 250 149
 207  32  24  35 193  64 211 209  48 125 114   2 174 131][ 73  75  87 229 116  14 111 180 109 232 126 100 251  49 145 244 118 228
  22 110 201 176 101 140 230 251 229 128 111 186  64  41][  9 223 115 237 180 142 111  53 109 200 122 100 255  23 176 112 126 190
  30 108 193 184  33  93 229 253  38 128 108 178 225  57][  2 166  18 171  29 165 186  71  15   5 217   2 172 142  48  64 220 187
 155 145  26 186  81 215 157 213 154 123 144  10 181 138][120 164 184 114 153 253  81 143 243  63 173  25  31 191  74  56 161 155
 237  16  58 111 186  19 219 207  52 125 226  64 198 106][ 49 205  99  78  92 147 199 240 212 224 248  74 115 232 181 164  88 232
  22 111 201 171  44 191  48  44 165  56 125 186 112 172][ 11 223  18 251 244 133 255 247  31  73  92 103 188 235 178  68 255  43
  23  13 227 184  50 255 236 220 190 136  30 140 161 217][138 168 160  58 219 209  16 207  19 119 128 185 172 246  74  24 129  91
 227 145  22  78 202 115 143  23  29 123 146  68 143 222][100 185 153  80 233 205  80 202 171 185 164   8 158 151  64 190 129  92
 236  80  27 107 218  16 159 217  21 127 194   1  70 163][194 188 150 186 169 237  80  71 187  31  33  57 174 246 102 159 167  51
 237  17  54  77 154 243 153 210  94 123 144  68 143  95][107   4 233 135 100  57 233  19   9 231  95 207 187 173 215 110  94 238
  55 141 153 152 229 128 198 127 248 160 142 238 208 248][ 78 148 245 218 139 240 185  11 143  83 175 162  72 246 236 238  99  19
 186 144  19  73 187 208  31 255 218  95 147  71  45 118][ 80  26  59  99  32 204 105  16  36 121 227 100 151  23   0 122 102  29
 125  90 139 148 241   0 197 161  50 192  32 131  39 243][255 174 228  86 203 120  84 159 243 183 166  24 107 104 207 191 129 198
 236  24 188 103 238 162  58 251  85  63 227 244 206  78][ 61 127 105  65 174  59 199 216  67 232 189 238  83  13 223 180  31 204
 213 127 217  50 237  50 126  77  37 244 255 255 218 245][ 63  14 224 236 159  54 219 218   7 204 220 130  89  47 183 236 127 213
 159 188 138  11 109 216 250 239 171 148 183 231 113 241][154 219 110 255  44 211 223 244 149  78 214 231 251  79 183  97 110 241
 159 207 233 173  37 255 242 251 250 144  55 157 116 121][177 207  15 140  78 131 167 238 212 194 192  78 180 130 163  65 104 224
  42 238 105  47   6 127 240  34 239  56  57  56  49 232][241  64  79 229   4   2 107 112 100  98 243  70  83   3 177  97 122 132
  62 238 233 182  37 140 212 235 226 132 109 170 112  32][134 140 134 147 132  34 174 167  60  19  90  18  76  42  32  73  99  71
  51 146  48 220   8 226  44  38 222 192 132  81 177   8][158 196 146 186 155 241  22 238  27  23 233  25  78 250  40 217 251 211
 145 147  62  15  26 247 187 214  94 123 145  87 175   6][ 74 172 148 187 137 236  52 135 175  31 168  25 174 187  64 219 129 115
 234  16  22  73 194 225 143 247  86 123 210  68 143  10][120 120 113  98  73 205  83 214 163 172 172  40  63 151  65  18 160 240
 205  82  74  11 242  32 219 213  48  59  98  19  70 107][  3 205   6 159  20 128 238 230  84   0  90  66  49 226 177  68 104 106
  51 201 106 152   6 255  32 166 186 136  60 185 120   8][ 35 201   2 170  93 145 190 229  14  68  92 135 172 138  50 196 216  43
 147 197  70  26  66 245 180  84 138 171  30  30 185 158][229 253 157 103 176  47  71 191 112 168 106  72 243 115 137  50  17  70
 108 110 105 248 249  47 237 174  37  16 232 242 194  40][ 46 121  96 219 237 253 191 212  79  93 221 175 236 220  95 173 238 251
 215 211 198 178 122 241 119  89 138 227  23  95 253 215][ 17 125  27 103 176 142  71 180 100 232 106  68 247  51   1  48  54 118
  84 122 201 185  57  44 233 140  37   0 104  51  67  41][216 108 254 124   9 126  88  66 177 158 246  25  47 191   3 155 170 245
 253 160  40 199 146 200 211 243  90  27  99 117  47   2][122 117  98 108 112  18  90 120  33 200 254 169  73  31 148 116 222 253
 213 236 136 146 229 206 114 253 168 130  39 166 114  85][166 205  64 202 196  33 206 236  17 130  57  10  96 232 125   0  89 202
  19 227 112  38   8 170  56  12 143 172 213 123 242 128][  2 141   2 141 150 130 172 103  12   1  90   2  44  42  48  64 110  35
  19 129  82 152   0 253  40  36 138 192  20   8 177   8][ 25 221 115  79  53 150  71 246 101 200 254   2 123 248 180 116 122 230
  28 234 205 169  53 175 163 252   0   2 111 178  96  45][ 56 221  91 207 116 215 127 247  21   8 126  34  49 183 160 116 126 186
  23 200  73 154  48 191 103 253 160 129  51 138 228 185][227 170 226  24 111 177 184  79  91  23 116 191  40 136 246 157 207 171
 227 149 150 126 198 211  30  24 216 235 215 204 250 207][ 45 249  49 105  93  79  67 184  87 248 172  76 243  81  81  48 217 200
  82 126 203 114 121  61 239 221   5 124  90 187  82 176][ 75  48 124 241  45  62 248  19  41 121 182 185 158  31 150  59 166 149
 253   5 132 237 225 196 215 251 122 210  70 132  71  95][ 96 169  18  56 217 141  64 231 178   1 232   8 166 130   0  20 137 170
 104  16  26  11 194  53 189 150  20 122  64   0 134 138][ 58 183 114  73 114 243  59  95  23  13 125 166   8 199 172  52 126 155
 135 160 211 146  36 223 118 156 130 175  55 134 166 245][152  90 110  58 114 208  58 212 164  76 230 165  61 158  34  81 238 249
 207 192   4 155   6 108 114 225  58 195 121  21  47 219][ 53 254  92  83 250  27 118 246 113  59 251 252  67  40 156  59 175 198
  70 118 247 246  77 101  62 203 101  71 233 211 202 151][106  50  97 193 109 217 249  83  41 109 246 234 136  31 148 188 110 189
 255 129 138 251 225 192  22 112 154 131  71 132 102 245][ 89 209 122 228 182  88 127 253 105  96  30 174  95 255 250 240  54 221
 157 111 213 185 164 149 250 237  37 237  38 182 203 113][ 35 190 160 155 119 177 186 203  95  79 125 183  40 200 246 136 255  43
 147 149 150  62  14 243  14  28 154 235 221  12 249 223][ 64 141   2 140 252 137  46 167 142   1 218   2 168 234  48  64 200  98
 123 193  82  11 194 253  44  52 142  88  20  10 177 136][237 191  60 101 185  95  87 178 105 236  62  60 223  63 130 179 134  84
 204  98 181 224 233  44 239 251 101 147  74 229  14 115][211  87 107  69 246   2 237 189 112 234  94 230  81  36 149 101 118 204
  20 237 233 176 165  78 124  44 175 132  45 240 240 125][153  76 111  45  14 131 103 246 212 226  78 198  51 161 179  96  98 236
  42 206 233 188 101  47 240 163 224   0  61 249 112 232][120  48  26 104  57 111  17  89 173  45 165  57 159 151  66  26 166 149
 237  48  24  67 211   0 211 241  33 127  32   0 175  35][205  80 184 152  99 180 121 216  91  95  21  95  28 222 255 124 245 137
 182 221 135 103 186 210  83 125 114 174 154  21  41  87][ 90 209  51 168  27 197  16 198 143   4 192  11  14 223  35  80 246 185
 157 241  10  11 146 149 249 241  11 127  48  28  37 114][ 43  54 234 231  52  57 235  18   9 101  95 239 187 173 214  96 222 238
  55 141 155 184 228 130 198 253 186 144 135 206  80 249][  7  42 206 147 103 145 186 192 142 252  87 231 172 202 247 142 238  43
 187 215 134 185  15 241  14  16 143 227 157  15  57 197][ 96 169 152  96 104 141  80 206 106 161  36   8 151 147  69  18 130  89
  64  80  18 107 202  48 219 141  53 125 192   3  75 138][198 188 150 186  41 252  56 194 187  31 129  57 174 246 106 223 167 115
 237  17  54  77 154 243 153 242  90 251 128  69  47  71][ 56  94 224 237  31  55 207  94  71 166 188 142  75  47  87 196  93 164
 187 140 200  34 125 152 215 223 151  52 183 254 116 220][ 98 141 208 140 124 139 234  42 139 160 186  10 238 232  52  80 122 229
 127  97   8  43 200 223 188 188 143 188  85  42  81   8][ 58  61  98 109 116 146  90 123  49  64 252 161  75  15 148 116  94 189
 149 236 232 154 101 206 226 253 160 128 103 134 114 213][ 12 205 158  30 219 210  55 239 254 151  78  16 108 226  43 205 241 111
 170 144  54 201  58 127  57  39  95  75 144 112 173 142][107 234 214  84  73 152  80  39 251 185 166  24  42 162 198 191  33 230
 236   8  63 111 226 117  30 250  85 123 234 132 202  12][ 69  83 221 101  98  78 111 184  32 186  39 236 215 119 137 127  55 212
 124 106  97  84 253  12 236 171 101 148  40 243   3  49][124  51  26 168 105  75  81  89  33  45 165  41  31 151   2  16 182 157
 207  48  24   3 129  80 211 241  32 125  34 130 174 195][233  75  91 101  36  14 111 180 101 168 118  76 243   3 145 117  22 236
 108 110 201 176 229  44 230 233 101 128 106 178  66  41][ 92 186 220  29  27 223  65 185 251 252 118 108 254 230 142 147  51 165
 228 160 105 232 187  93 201 167 113 221 233  32  79 123][ 74 182 148 177 169  60  16  31 171 127 130 221 142  47  74 219 135  23
 237  21  54  77 211 192 143 243  90 127 136  68 139  91][210 172  21 186 139 233   0 202 171  19 129  89 174 214  72 159 129 179
 205  17  59  79 218 117 153 240  90 122 128  68  15  38][125 190 173 151 177 222  55 190 114 223 246 229 126 118 202 247 117 246
 172 156 191 218 251 111 255  39 255 198 138 116 175 113][244  89 159 118   8  78  85  56 224 154 163  24  87 115   1  59 128 244
 108 106 105 103 155  44 209 234 101  24  96  49  70  34][ 41 176  96 247 101 175 233  50  77 231 255 158 251  41  22  40  12 170
 119  13 201 252 247 129 199 223 208  16  79 206  88 232][230 112 177 208 235 213 184  72 139 183 176  27  12 158 109 154 207 153
 243 209  70  71 218 208  31  16 223 191  18  28   7 199][  9  75  87 205 116  14 110  53 109 136 126 226 251   1 148 244  54 228
  54 110 193 184  37 204  38 248 166 128 111 186 112  41][130 184  50 155 207 229 184 199  30  91  80  51 172 158 104  73 239  27
 179 145  50  94  18 243  13  16 218 235 148  12 181 219][ 92 113 147 229  50  10  46 248  56 168  74 224 221 179 137 144  54  93
 124 234  65 209 137  78 188 164  47 132  40 179  35  33][  3 141   3 137 182 162 170 103  28  65  90 199 188 166 176 228 118  43
  18 157 151 152   5 223  44  52 154 192 156  12 177 221][125 164 198  39 146  91 103 187 116 230 238 140 115  96 139 176  57 230
 108  46 121 242 253  46 252 231 101  20 235 242  90 112][ 49   5  99  76  84 143 227 112 116  72 250  66 115 232 180 100 120 172
  22 232 169 187  36 205  49 172 162 128 117 170 112 172][ 60  24 126 111  69  95 115 112  37   8 247   0 123  95  41  48 252 144
 215 106  73 178  56  47  87 239  32   1 123 163 102 179][ 49 205  66 222  20 130 238 246 148   0  90  66  49 235 177 196  88 106
  51 203 107 168  78 255 160  38 138 136  61 153 112 136][116 180 184 114 152 237  81 223 179  63 173  56  23 255  74  56 129 155
 253  16  58 111 186  19 219 199  53 125 224  64 198  99][166 205 224 158 212  35 142 237  82 130  57  26  96 104  61   1  89 234
  19 227 240 102   8 175  56  14 207 236 213 123 242 128][109 109  89 103 244  11  71 189 112 160 174  72 243  97 209  52  16 206
  68 110 201 178 237  46 236 173  37  52 104 251 194  40][  9 219  87 237 116  14 111  53 109 136 122  96 255  51 176 116 118 180
  30 110 193 184  65  77 228 252 162 128 110 170 224  41][172   6 221 117 200 111  69  27 114 178 230  24  83  33   9  59  25 212
  98  42  57 246  97  10 103 239 117  21 227 249 198 160][255 121 114 236 108  29 222  80 233 200 188 169 191 157 183  54 142 241
 223 103 204  39 164 232 243 217  38 186  70 183 103 125][  5 227  80   5 244  11 102 184 127 160  34  72 215  67 139 180  18  76
  76 126  64 176  77  30 172 142  37 116  98 187  75   4][ 56 224  26 235  85 205 250  68  31   5 249   2 175 143  56  64 248 185
 151 145  26 186  80 191 215 213 154 105 176  10  52 130][203  18 186 126 101  60 249 146 239  79 119  85 159 253 255 108 165   9
  63  29 135  53 166 195  71 127  50 202 222 133 113 117][134 205 150 150 150 160 174 175  62 147  91  18 108 106  57  73 119  99
  51 243 114 220  10 239  40   6 223 196 132 115 177   8][  3 140  98 157  54 187 186  99 220  67  91 151 172 204  54  96 254  43
  19   5 150 184  36 255   4  30 154 128  85  13 241 213][237 255 172  22 217 127 183 189 210 254 188  63 250 117 203 167  61 242
 222 102 229 101 126 191 127  71 101 191 250 126 159 255][252 143 206  71 146 122  71 187 116 230 238   4  83 224 139 112 113 230
 104  46 121 209 173  47 250 231 229  85 171 242 254 112][175 157  96 219 237 253 255 247 141  94 252 191  72 252 255 166 255 219
 151 183 255  50 122 226 127  93 175 171 223 255 253 247][ 58  69  98 109  54  19 222 120 101 224 254 138  75  45 149  36  62 213
 215 239 232 178  37 222 114 253 161 128 103 166  98 213][ 50 201   2 140  28 129 142 229 132   0 208   2  33 136  48  64  72  42
  31 193  74 171   0 189 160 225 170 144  21  24 176 136][ 56 203  74 190  84 129  74 228  22   0 216 227  35 194  33 192  88 234
   7 194  74 170  10 191 176 229 170   9  52  27 124 136][ 16 201  10 172  20 128  79 117   4   0 214   2  49   3  48  64 106 163
  23 201  72 136   0 189 224 161 170 128  52 152 176   8][ 46 240  50 250 109 205 184 200  31   5 113  11 140 216 127   8 251 153
 147  81   2  34 154 209 151 221  26 111 213  31 255 194][ 11 223  50 219 244 133 191 247  31  73  92 102 188 219 178 100 255 107
  23  77 227 184  50 255 111  95 190 234  30 156 161 249][130  30 162 159  52 160 186  66 156  71 210 183 173 238  50  72 110  59
 159 133 178 156   4 239 132 118 154 130 148  77  53 209][ 72  16  54 108  56 159  48  89 231   1 226  32 131 155 160 116 238  52
 234   0 136 163  67 149  86 249   2  90  82 136  32   3][ 34 189 114  72 114 179 186  75 127  65 124 162   8 222 180 112 126 185
 147 160 182 154  36 223  54  28 138 239  87 132 231 151][ 80 104 215 149  14 139 232 192 175 177 162  66 166 130  85  10 106 229
 106 217   2 249 195 104 156 130 223  80 165  41  97   8][ 18  65  82 132 102  11 238 232 143 160 184  10  76 202  53   0  58 229
  95 227  64  35   8 220 176 152 143 188  53  59 113 128][  2 159  16 157  83 141 188 111  30   5  88 135 172 142  34  64 126  59
 131 133  66 184  19 223  36   4  26 171  29  12 141 153][ 37 247 137  97 252  15  71 185  67 232 189  76 211  97 220  48  25 204
  84 126 217 114 253  28 110 221  37 116  88 170 210 160][ 34 143   0 136 213 129 190 111  14   5  88 135 172 142  34   0 220  43
 131 229  86  58  64 253  52  20 138 235  20  14 189 218][ 79  94 123 243 246 126 255 247 125  79 214 247 157 191 183 109 127 223
 159 174 241 185  61 234 246 255 254 128 175 221 241 249][147 219 111 252  44 135 223 246 141  74 214 199 241  79 183  97 206 243
  63 207 233 173  99 253 242  58 250 144  53 184 116 121][209   0 127 229  36  42 105  51 116  66 246  82 147   3 144 113 122 132
  62 168 169 180 101  12 196 235 226 128 109 168 112  32][175 124 116 243 229  60 252 150 169 250  52 189 223 125 223  63 135 211
 213 175 244 100  44 224 103 219 244 135 231 245 198 247][ 19  93 119  76  60 198 199 118 237 200 250  66 123 120 181 119 238 245
  92 235 233 169  53 237 179 184  70  18 121 176  96  45][ 50 221 127  77  48 199  95 119 133   8 254   2  50 223 164 112 126 178
  31 200  73 169  48 253 227 188 130 144  49 152 100 187][  2 141   2 140 148 128 172 103   4   1  90   2  40  42  48  64 106  35
  19 129  82 152   0 221  32  36 138 192  20   8 177   8][161  92 127  79 100  15 247 248  84  42 118  64 115  85 161  49  28 112
  22 106 233 180 121  63 103 171  96   0  91 187  64 169][  2 140  19 157  21 226 168  39  28   3  90  18 228  42  48  68 216  63
  51 129  49 156  65 207   5  54 154 130  20   8  49 168][237  80  61 101  12  95  71 184  97 234  39  72 211  81  89  63  24 196
 124 106 233 244 249   8 199 235 101  20 106 187  82  32][194  40 125 241 108 173 248  18 169  57 178 121 156  31 148  59 166 181
 127  21 130 124 195 192 151  56 122 210 196 128  67  11][ 96 137  18 140 252 137  46 167 140   0 216  66 172 138  48  64 202  34
  95  65  82  11  64 253 188  52 142  88  28  10 185 136][205 126 116 116 169  95  87 178 233 254 182  60 159  63 135 183 135  85
 253  98 237 109 177 172 235 251 101 211  74 181  15 119][ 52  32 194 161 212  43 234 200  61 160 187  10  75  74  93  24 123 204
  70 243   8 243  73 204 152 206 131 116 229 107 114 128][ 34 174 160 155 231 177 184 206  94  79 120 183 172 200 246   8 255  43
 147 149 150  62  14 243  14  22 154 235 213  77 189 223][169  98 233 247 116 172 107  16  16  71  87 222 179 141 218 104  92 188
  23 157 187 188 244 171 231 237 184 160 165 137  90 240][ 49  77  66 222  20 146 206 230  86   0  90  66  33 224 177 228  88 234
   2 206 110 136  70 191  32  38 154   0  63 153 120  12][ 34 141  98 217 242 179 186  99  31   1 120 178   8 142 180  96 254  59
 147 145 178 186  36 255  38  30 138 192 213   4 225 148][105  75  91  69 100  14 111  53 109 136 118  72 243   3 145 116 114 236
 108 110 201 184 229  13 230 249  36   0 106 178  66  41][ 93 112 248 101  34  90  95 184  35 250  39 172 223  55 203 123  54 212
 253 238 201  84 249   0 198 235 101 180  46 243   6 113][210 109  83 236  46 137 222  69 173 130 184 138 175 139  85   2 174 177
  95 199  64  47 198 234 180 248  14  58 101 242   3   8][243 162 254  82 105 217  80  71 235  31 165  57  42 204 198  58 131 167
 236  16 222 111 230  83  90 249  80 123  65   4 206  79][ 89  50  62  12  59 223  81  25 175 253 246 108 254 214 134 180 150 165
 236 136 133 233 179  93 195 241  97 217  91   4  15 115][177  81 127  77  20 134 195 112  84   0 247  66 115  19  52  97 120 168
   6 232 169 187  49  31 113 170 162   0 113 139 112 168][ 86  88  27 170  59 193  26 226 173  36 195 163  46 159  35  80 226 189
 159 211  74  15   8 252 177 241 138 251  52   7  37 122][ 90  72  14 172   4   2  74  48 132 128 210   2  57 138  49  67 104 165
  61 225   8 131   0 140 208 225 234 128  36  49  48   8][ 44 157 150 250 201 245  84 207 147  31 105  17  78 255 110 155 201 243
 163  18  62 107  26 177 235 215  85  79 210 125 174 130][  9  75  83 205 116  26 106  52 109   0 118  98 187   3 148 244 118  36
  22 236 193 184  37 205  38 249 162 128 111 170 121 173][ 32  81  26 234  85 199  83  80  23   1 253  10  18 215  40   0 216 184
   3  82  74 178 112 181 215 157 130 105  81 139 244 178][248 160 156 184 137 172  80 206 163  55 164  25  15 147  74 155 129 147
 237  16  62  79 146  49 219 211  84 127 226  20 142  10][ 56 203  74 254  92 129 202 224 148   0 216 131  51 201  49  64  72 250
   3 195  74 171  10 191 114 165 162   9  61 155 120 152][ 11 217  51 219 116 149 191 246  31  73  92 102 188 223 182 100 255  59
  23  77 195 184 122 255 111  95  62 234  26  28 161 249][ 85  87  85 229  50  10 111  48  44 168  74 228 221   7 129 244  54 213
 124 234  65 144  49  76 164 164  47 132  44 179   1  49][193  12 127 253  36 170 105  23 124  11 118  80 159  35 144 123  38  38
  62   8 177 156  33  67 198 251 114 128 196 192 193  41][ 49 203 107 238  92 195 235  96 196  68 222 130 113 204 182  96 120 160
  31 239 206 171  38 253 112  41 170 137  53 138 116 232][ 56   4 232 229  21  63  74  67  71 229 239  10 179  45  82 224  88 174
 159 140   8 186 117 154 231 205 139  49 177 202  84 122][105 178 173 213 113 222  57 184 187 253 182 229 252 247 202 246 246 252
 253 252 143 200 251 221 223 127 255 198  10 164  39 125][ 42 143  96  31 101 249 244  39 221  68 254 175 170 172  54 213 200 170
 139   5 222 186 102 245  38  89 208  19  87  76 220  94][  2 193   2 142  20 129 136 109   4   0  81   2  96  72  60  64  88  32
  19 161  66 168   8 221  32  40 138 128  21  10 240 136][107 178 172 116 121  93  49  59 147 254 180 175 250 253 195 167 189 244
 255  36 229 101 242 159  95  95 117 191 218 172  30 255][  3 141   3 141  18 162  42 103  60  65  90 199 172  38 178 196 118  43
  19 133 183 152   5 223  44  38 154 192 156   4 185  93][205  80 251 250 100 156 233 144 127  71 119  20 155 205 123 232 158 136
  55  13 131  52 182 131 199 253 178  72 204 137  82 240][ 58  77  98 109  52  19 254 119 101  96 254 131  91  45 181  32 126 189
  23 173 200 186 101 206 118 255 160 128 103 166 112  93][ 66 140  38 152  52 162 184  35 172  67  90 151 140 238  50  64 231  51
 159 149 178 137   2 207 148  54 138 192 148  77 181  81][ 28 238 158  30 155 210  55 238 182 159 206  35 108 230  35  65 113 126
 170 240 102 219  47  63 123 103  87  71 179 116  45 206][188  89 122 110  83  78 119  80  37   8 247   2  91  95  33  48 236 144
 151  98  41 177  57  14 115 237  32   5 123 179 102 178][124  51  26  96 120  79  80  88  41  45 165  45  31 151  66  16 182 157
 207 112  24   3 128  64 211 209  32 253  42 130  46 211][ 98  13  82 140 116 139 234 111 139 160 248  10 174 232  52  80 122 237
  95  97  64 187 192 223 180 188 139 184  85  40  83 136][177 173 193  71 148 107 103 191 112 226 106  88 243  32 144 180  25 238
  64  46 121 248 237  47  44 142  21 116 235 250 210 172][ 57 160 232 247   5 253 233  18  85 103 231  26 187  57  26 128  88 172
 243  13   8 188 241 131 199 223 144  16  99 137  80 226][130 184 178 155 199 225 184 199  30  95  80 179 172 222  96  72 255  59
 147 145  50 156  26 243  13  22 154 227 148  92 181 219][101  56 149  85 137  47 133  10 234 178 164   8 242 112  69  63   9 116
 104  40 129  97 251  24   5  26  85  62 203 113  67  44][120 176  26 104 106  77 113  93 165  61 167  41  31 151  74  24 166 149
 207   0  26  67 193  16 211 225  48 125  96 128 142 131][126  33 112 224 205  85 220 105 203 180 185  11  10 159 111  26 234 217
 151 227  78  35 218 192  27 217 199  63  83  46 111 134][  2 141  38 153  23 167 186  98 220  65  90   3  44 200  52  64 106  43
  19   5 178 185  18 255   5  14 138  64  85  13  49 128][253 180 198  69 155  90  71 187 117 230 238 140  99 225   2 244 113 230
 236  42 125 217 189  15 251 231  69  85 227 230 126 116][ 37  39  73 101 244  15  75 184  67 168 185 204 211  97 217  48  24 204
  68 126 153 242 237  30 238 221 165 244 109 171  82 161][ 93  71 246 101 150  30 110 113 101 160 255  70  79  35 181 247 118 228
  44 110 241 177  37 204 178 235 103 132 175 243 233  37][ 34 143   0 137 213 195 190 103  12   5  88 131 172  14  34   0 220  27
 131 165  82 186  64 253  45  20 138 227  21  14 181 202][175 158 250 251 255 213 255 243 157  94 244 183 125 125 255 165 255 251
 151 183 247 126 120 239 127  95 239 175 159 252 252 247][ 15  11  38 155  55 147 186 192 142  61  83 231 236 200  55 200 238  43
 179 215 134 152  15 252  12 115 154 195 157  15  57 223][253 181 238 101 145  91  71 251 119 238 238 156 115 228 155 177  57 238
 236  46 237 251 253  30 251 239 101  53 235 254  94  88][240  89 127  92  44 198 165  54 252 136 246  64  56 155  37 115 104 244
 110 232 225 239 178 109 113 186 102  24  67 176 101  41][169  92 127  77 100  15 231 248  84  10 118  64 115  81 181 101  28 112
  22 106 225 180 113  63 103 187  96   0  83 187  64 169][214 184 182 186  41 253  56 202 191  95 133  57 174 246 106 223 167 115
 237  17  54  79 186 241 153 210  91 123 144   5  47  87][ 53 207  65   7 148  27  78 174  85 226 202 206  99  96 151 164  88 230
   4 238 237 186 125  46 168  62 133  20 125 250 216  12][ 66 141 114 140 122 131 248  71 175   9 250   2 172 138  52  64 174 183
 127 129 144 171   1 223  52  62  26 194  68   0 161 137][112 180 184 112 184 237  81 215 179  63 173  25  23 191  72  24 133 155
 205  16  58 107 250  23 219 199  53 125 224 192 198  98][195  89 239 252 108 132 223 182 140  72 210 103 116 255 181  98 236 243
  63 207 201  43  51 237 245  42 250 152  20 184 112 121][  2 129   2 136  20 128 168 103   4   1  90   2  40   2  48  64 104  35
  19 193  82 136   0 221  40  32 138 192  20   8 177   8][168 221 127 220  56 198 221 119 173  12 246  32  56  23  36  83 238 179
  79 224 104 139  51 221 115 185 226 144  17 128 100  43][ 67 106 213 243 110 169 184   0 175  17 179 122 188 155  84  11 166  17
 127  81   2 109 194 241 148 184  90 202 196 129   3 169][ 98 201  18 136 124 133 190 231 140   0 216  66 172 138  48  64 194  35
  31  65  83  43   0 253 189  48 142  90  28  10 185 137][134 204 134 150 148 162 174 175  22 147  91  18 104 234 121  75 123  99
  51 179 114 204  10 239  40  38 223 196 148 115 177   8][  2 132   3 157  84 166 168  35  28   1  91  18 228  46  48  68 217  59
  51 129  50 152  81 207   5  54 154  64 148   8 177 168][ 41 167  83  77 211 251 226 121 113 160 120 232  66 100 148 180 120 254
   6 120 155 186 109  94  62  60   5  96  99 206 226 164][ 80 137  22 131 206 136 236  39 238  49 234   2 164   2  64  66 104 135
 106 216  82 184 199 117 188 160 222  64  32   8 225 136][ 35 175 106  26 220 175 178 202  94 141 120 143  97 200 182   0 217  43
   3  21 150 186  78  63 110  13  33 233 213  78  90 198][120 160  26 104  42  77 113  81 165  53 167   9 159 151  74  24 230 149
 207  16  26  67 209   0 211 225  34  93  96 128  46   3][  2 141  46 152 246 166 184 102 188  81  90 151 156 190  50  65 231  63
 187 133 178 153  19 229  29  51 218 202 148  68 177  81][236  50 185  66 137 125  81  25 224 190 181  28 218  87  73 191   1  16
 204  58  57 100 249   0 203 201  97 125 194   3 198  51][ 75 178 253 101 121 222 121  24 171 252 150 229 189 223 214 246 246 149
 253 221 135  73 247 221 223 121 235 214  14 132  39 117][ 97  75  91  69 116 154 111  53 101   0 118  72 179   1 144 116  74 172
  78 108 201 184 101  13 102 253  32   0 106 162  66 168][ 89  84 111 239   4  38 111  48 100  66 219  66  89  19 185  96 120 164
  62 235 201 180  53 239 245 175 234   0  45 243 113  32][ 98 162 251  50 106 233 145  71 234 127 185 185  54 204  78  18 143 191
 109  21 134 111 230  83  93   4  56 251 193   0  71 219][ 42 156  98 154  85 249 176 103 143  87 252 155 170 188  54 196 201 187
 147   1  22 170 118 247   7  85 152 123  87  76  92 222][ 58  77  98 237 116 130 206 119  77   0 254 130  43  47 180  16 126 181
  23 169 200 186  69 206 182 255 130 128 119 140 240   9][  3 141 107 205 150 130 171  55 108  65  94 130 176  38 178  96 118  34
  19 141 211 152  53 221 101  44 170 192  21 128 177 124][105 160 132  22 201 189 160  79 234 243 169  93 226 224  78 158 137  78
 234  21  23 107 223  49  12  22  85 127 202  76 218 140][ 40 201  74 218  93 129 198 230 150   0 252 131  49 193  32  64  72 234
   2 202  66 171  18 191 112   5 130  57  63 155 120 138][185  81  63 239  28 199 195 112  84   8 247  66 243  83  48  97  88 160
  14 234 233 183 113  31 241 235  34  80  89 139  96 160][162 143 102 217 246 163 186  99  28   1 120 146  40  46  52  65 110  59
 147 129 176 184   4 255  36  30 154 193  85   8 229 136][ 43 189  82  88 219 209 180 111 223  81 108  50  40 218  38 244 235 187
 146 128  87  26  22 215  54  92  18 107  27   4 170 158][ 89  50  62  72  41 223  89  17 175 109 247 173 158 159 134 244 166 149
 253  20 143 129 243 208 211 249  50 211  90 132  15 127][179  76  74 158  20 130 110 230  86   2 218  66  33 226 181  64  88 234
  19 203 108 141   6 255  34  46 186 136  53 153 120  12][221  81  77 231  50  74 111  48  36 232  71 228 221   7 129 113  54 213
 125 238  97 144 177  76 228 171  99 128  46 179   1 121][ 42 171 140  31 221 181 144 207 150 181 133 157 196 224  82 142 205  78
 234  21  22  75 207  49  78  23  93 127 210  76 154 222][ 86  67  42 152  59 129 186  64 173 140 151 163 236 206 107  64 246 177
 143 231   4   3   2 220 242  81 139 155  20  39  45  67][ 87  82  90 197  98  26  62 240 105 242 119 230  93  34 173 251  54 213
 190 234 197 212 165 192  22 171 110 132  47 179  43  29][  9  74  83 207 116 154 234  52 109   8 119  96 249  10 180 244 118  44
  22 110 197 180  37 205  38 253 162 128  79 130 105 173][107  50 252 124 121  95 185  91 155 253 180 173 190 157 214 175 142  53
 255   5 133 107 242 157  95  91 113 191  94 172  31 255][  6 136  32 138  20 129 138 224   4   0  81   2  96  72  56  64  88  33
  19 227 210  40   8 253   0  32 138 192  21  11  48 128][ 48  73 107 174  92 195 203  96 196  68 212 130  49 205 179  96  88 168
  19 235 203 171 118 189 117  41 170   8  53 139 116 232][ 36  85 122 202  93 205 247 248  73  12 253  10  50 221  61  52 216 184
  23 106  72  51 122 158 119 157   5  47  83 187 118 162][192 109  83 156 236 169 236   7 172 130 232  74 164 194  85  66 106 171
  74 139  66  45 198  75 180 176 142  40   4 112 131 136][109  65 105 195  68  76 239 144  97  80 119  14 145 205  93 118 104 136
  51 207 195  50 246 224 103  56 128   8 111 187  80 240][220 167 152  48 136 104  85  19 178 191 175  25 151 167  66  91 129 135
 236  16  58  75 195   0 217 195 117 125 160  96 142  66][188  88 127 238  83  78 115  80  37  64 229   0  95  95  33  48 174 177
 198  98   9 183  56 142 243 233   0   7  99  51 102 179][ 36  85 123 203  93 205 215  88  95   8 253  10  18 221  45  32 216 184
  19  74  75 178 120 177 103 156 128  56  81  27  84 162][130   4 134 149   4  34 168   2 188  19  82  18  12  42  48  75  99  39
  59 145  32 220   1 192   4  34 218 192 132  64  49   0][ 33  96 233 207  68  71  73  80  83  97 117  10  19 149  80  40  88 156
  19 204 137 178 241 144  87 137 144  32 115 137 116 240][ 94 189 190 126 155 194  55 238 182 151  70  33 108 247  35  64 179 127
 161  81  98 201 186  63 123 103  93  75 130 100  37 106][249 182 230 100  19 127 103 123 117 230 238  28  83 117 130 180  57 204
 236  40 173 223 253  15 251 239 101   5 235 228 126 126][  2 186 178 155 247 227 186 207  30  79  80 179 172 222 106  72 255  59
 147 145  50 156   9 243  45  22 158 227 149  92 181 219][  3 148   2 157  21 167 184 103  28  69  74 215 172 142  50 192 252  43
 147 133  55 152  16 223   5  54 154 194  24  12 185 218][ 53 111 233 101 116  11 203 184 114 168 186 236 211   1 213  48  24 236
  68 110 201 242 229  46 110 205 165 180 109 187  82 160][114  45  82 140 118 139 232 103 169 128 248  10 174 138  52  80 106 175
  95 161  64 171   0 223 180 188 138 184 117   8 243 136][ 37  92  85  77 100  15 231  56 124 138 118  64 243  49 165 101  28 112
  22 106 225 176 113  61  71 186  96   0  91 187  64 169][  2 137   2 138  20 129 170  96   4   1  80   2  40   2  48  64 104   0
  19 193  82 136   0 253  32  32 138 192  20  10 176   8][ 33  61 106   8 214 187 178 107  94 193 120 110 113 200 182  32 250  42
   2  53 150 186  12  63  62  13  33  73 221  74 122 132][ 11 219  50 219 117 149 255 246  95  73  92 102 172 218 182 228 223  43
 151  77 199 184 115 247  46 125  62 194  30 156 169 253][200 156 190 250 139 228  53 215 191  27  68  16  60 247  32 123 231 115
 185 144  50  77  50 227 219 251  94  75 146  80 165  59][120 115  90  96 104  79  81  81  41 108 244 173  31 151  34  16 254 157
 207  32  72 131 145  68 211 209  34 189 106 130  46 211][  2 141   6 153  21 231 160  98 156   1  74   2 104 248  32  65 232  42
  42   0  48 185  19 255  37  51 218  67  16   8  52 138][ 34 135   0 137 215 131 186 103  12   5  88 167 172  44  38   0 222  11
 147 165  86 186   0 221  44  20 138 227  21  14 181 202][200  88 151 124 105  92 245 118 188 138 246   0 189 179 161 239 110 116
 234  72  97 239 242 106  87 251 114   8  66 176 103 171][111  66  97 198 108  12 239 184 233 192  53 198 216  76 223 118 110  64
  19 239 193  36 188 200  39  60 135 172  95 191  83 245][121 150 238 124  27  87  71 123 119 238 230  61  83 244 130 244 113 236
 236 168 173 223 189  15 251 239 101  69 227 166 126 126][  2 132   3 153  52 226 168   3  28   9  90  18 164  26  56  64 209  59
  19 145  51 156   1 215  13  54 154 194 148   8 177 160][ 57 143  42 171 150 175 147 107  86 132 216 135 227 232  50   0 216  43
  23 117 190 186  12  63 232  15 171 240 117  78 209 194][130 132 146 152 150 160 188  39  30   3  90 146  12  46  32  64 103  19
  19 145  50 220   0 199  44  38 222 194 132  64 161   9][164  16 111 229 116  70 235 120  92 200 241   2  81  93  61  33 248 184
  23 235 169 183  56 204  83 219 171   4  85  43 116 242][103  48 253  97 232 108 249  24 107 249 177 252 159  30  93  58 175 213
  93  49 147 102 250 192 159 216 103 190 205 227  71 241][ 91  50 124 229  47 222 121  24 171 253 151 165 157  31 150 254 230  21
 253 149 135 137 243 213 215 249 186 211  14 132  79 127][246 170 128  26 169 185  19 203 187 191 133 157 230 224  79  30 129 227
 236  23  30  71 202 115 152  20  93 127 192  71 143  87][171  81  97 204  77  23 206  88 207 232 241  78 136 152 181 164 220 136
 210 238 197  35 246 216  55  24 131  62  95 191 122 180][ 33 107 105 101 116  11 235  52 112 160 250 232 243   1 145  48  24 236
  68 110 201 242 229  12 100 141 161  16 109 186  82 168][ 50 201  17 216  29 213 135 231 135   5 232   2  40 136  36 196 200 170
 130 193  74  43  50 189  49   0 158  59  83  28 244 238][ 33  66  91  79 116 138 107  52 101   0 119 200 243   1 148 112  90 172
  70  78 201 176 101  45 102 189  32   0  76 138  66 168][ 91  18 227 197  66  38 105  56  61 202  91 198  93 103 253 236 118 141
  55 172 129 144 149 194  22 110 235 132 175 228  33 241][190  84 127 236  99 106  17  72 185   6 247 179  79 159  45  89 250 149
 133 162  40 151  32 206 211 241  66 135  33 113  39 243][165  28  93  77 100  46 227  50 125 202 118  68 242  49 165  37  28 116
 102 106 161 180 113  42  71 186  96   0  89 249  64 177][ 93  82 121 231  34  90 127  48  33 238   7 236 223  23 155 247  54 212
 253 238 193 148 189 168 230 235 225 128  46 183   6 113][ 47  81  97  72 125  31 206 124  77 104 248  76  74  25 149 180 216 132
  82 110 201 163 113 204  55 124 128  30  91 191  82 180][237  50 184  99 161 125  83 152  97 254  53  60 218  85 207 191 149  84
 204 122 153 100 249   0  75 217 101 247 194 167  78 119][170 152  98 152  93 249 176  71 159  71 116 191 168 220  54 196 201 187
 211   1 182  47  54 215   7 119 154 203 215  12  92 222][ 96 186 171  58 122 233 177  66  58  77 113 185 181 205  80  24 175  57
   3  21   2  62 138  19  85   4  56 232 193   0   7 243][130 137  38 187 230 224 190 226 156  83  82 179 173 190  50  73 231 123
 179 199  50 156  14 247 140 115 218 195 148   5 177 201][215 250 148  18  43 185  22 142 175 182 130 125 174 226  71 223 163 103
 232  82 102  77 143 113 152  50  95  59 136  85  11  15][ 11 251  51 219 125 149 254 247  31  73  92 102 172 222 182 228 222  43
 151  77 199  56 114 247  46  93  62 234  30 156 169 253][192  37  82 158 204 169 238 103 172   2 233  26 164 226  48  83 107 163
  74 139 112  47 134 107 180  52 158  40  20  80 163 136][  2 200   0 136  20 129  10 228   4   0  80   2  32   2  32  64  72   0
  19 208  66   8   8 245  40   0 138 192  20  25 176   8][ 75  50 124 104 105 221 121  17 173 125 247 173 158 159 150 254 134 149
 255  21 135 171 243 208 215 249  50 219  78 132  15 119][165  93  59 235 124 207 199 248 220   8 245   2 179 221  45  33 216  56
  22 106 107 163 120  62 225 137  34  56  81  27  84 178][ 29  84  59 237  68 102 111 112  84  74 222  66  81 123  57  96 121 128
  62 171 201 180  49 206 245 175 226   4  61 250 112  32][120 176  90  96  75  77 113  81 163  61 166  45  31 151  74  16 170 157
 239  16  10  67 209  16 215 193  32 125 106 128  46  19][ 50  13 114 236 118 170 236 103 109   0 250   2  47  42  52  64 234 167
  23 129 200 187   0 207 182 252 138 128 101 200 241 137][  3 148   3 155  21 229 184 103  28  65  74  19 172 190  42 192 249  43
 147 133  55 152  16 215   5  54 154  66  24  12 177 222][ 19  16 235 229  70 102 233  56  21 202  90  70 221  63  57 104 126 149
  55 173 193 148  53 202 213  46 251 132  61 224  49 112][254 112 249 230  96 126 123  16  41 234 183 236 223  63 213 123 166 213
 125 234 137 212 253 192 151 249 231 182 175 243  70 117][  9 137 106 237 182 194 253  55  68  64  94 130 177  47 176  96 102  50
  23 204 208 152  37 189 102 169 170 193  53 136 244 104][ 32 201 107 202  92 193 195 252 196  68 208   2 113 205  48  96  88 184
  19 235  75 171  60  61 113  40 170  56  53  27 116 248][ 49  79  75 156  20 131 207 103  86   2 218  70 113 232 181  64  88 170
  19 141 232 171   6 127 112  46 170   8  61 152 112 136][  0  13  82 140 118 139 188 103 173   0 250   2 172 170  48  64 110 175
  95   1  64 187   0 205 180  52  26   0  68   8 161 137][107  50 124 232 109 223 249  81 171 125 180 173 158 157 150 190 142 149
 255  21 135  43 243 208 215 121  56 251  78 140  79 255][ 49 167  74  41 150 155 162 121  84 224 250 230 115 104 182  32 126  42
   6 101 189 187  77  31 104 237  33  80 125  10 122 140][130 143   6 157 148 227 174 103  28   7  90 178 168 170  48  64 106  43
 131 129 112 188   1 255  36  38 154  65  85   9 173 136][  2 135   0 171 151 227 186  99  14   5  89 163 140  44  56  64 255  27
 131 177  18 184   9 221  45  20 138 195 213  14 181 202][ 11 176 185 177 236 237 185 159 143 121  49  60 156 157  88  42 143  27
  95  17 147 104 122 209 205  25  63 254 220   8 135 241][183  83  97 199  69  22 238 224  89 232 243 214  75  12 157 229 252 196
 151 239 237 182 125 238  54 120 142 134  79 191 120 212][ 86 134 198 190 139 224 156 239 159  23 217 179 108 238 110  75 255 243
 191 147  58  71 138 243 185 102 223 223 181 116 165  83][222  70  42 168  99   2  58  72 189 140 151 183  12 142  51  65 246 181
 143 231  36 135   0 206 210 113 138 159  21  55  61  83][ 42 142  34  24 125 249 184  79 239  95 124  25  44 140  54 156 169  43
 195  21 182  47  34 215  31  87  18 107 210  12 127 222][146 141  22 157  23 227 176 103  20   6  74  18  44 186  32  65 224  59
 162 128  48 184  19 255 129 230 218  67  16   8 181  10][ 58 217 114 236  53 133 222 101  77  12 208  38  47  27  52  64 206 179
  23 193 200 171  16 189 179 249 142 130  61  24 240  11][131 148  15 153 149 229 176  79 158  83  75  19  60 254  42  73 233  27
 147 145  55 156  18 215  13  54 154  67 144  12 181 218][  2 133   0 137 148 129 140 231   4   0  24   2 128  40 112   0  73  10
  19 145  82  40  64 181  44  16 142 224  21  88 176 136][ 33  66 107  71  84 139 227  48 100  32 243 200 243  65 156  48  88 172
  70 110 201 176 101  45 100 172 160  16 109 171  82 168][223 118 249 101  34 126 127 144  41 234  55 236  91 127 159 127  54 213
 253 238 233 212 173 234 231 249 101 132  47 247  70 113][169  28  25  79  96  63  99  16 124 202 126  76 178  49 133 181  12  60
  86  74 161 188 113  42  71 191  96   0  74 251  66 185][237 112 249 102 160 126  91 152 105 234  63 236  91 127 223  62 150  85
 212 126 133 116 189  34  75 249 101 246 234 247  70 117][246 186 152  26 137 169 145 200 187 247 161 157 198 232  71  31 131 225
 236  23  62 103 218  50 152  18  77 123 216 117  15  87][214   6  90 160  98  98  59  72  57   6 215 179  13 135  41  89 255 157
 143 162  40 151   8 194 211 231 250 135 165 119  39  99][ 63 231 104 104 125  31 206 232  75 232 189  76 235  72 223 180 221 136
 214 111 207  34  95 157 178 221 129 191  95  63  90 132][172  28  91 249  62 203 147 120  28  10 245  42 159  85 161  33  90  56
 134  98 105 180 105  30 199 203  33 177 114 171  69 179][164  24 127 237 108 195 243 112 204 200 241  34 147  29 181  41 202  48
  23 107 169 182 112 140  69 155 227 128  85  41 116 179][ 11 251  50 219 253 157 254 255  95  73 124 102 172 222 182 228 254  43
 151  77 215  58  98 255  46  93 190 234  30 156 249 221][  2 141   0 156 150 160 158 167  20   3  88 147  44  46  48  64 111 115
 147 133 112   8   0 255  40  38 158 192  21  84 161  25][  6  16 186 155  87 231 178  72  94   3  81  18 196 220 104  72 221  25
 147 147  34 180  24 211  13  22 155 103 149  11  53 130][  3  13  67 220  20 146 174  99 212  64 218  66 112 232 180 228 120  42
  26 235 225 169  36 255  32  46 170 128  31  46 112 172][199 114 249 230  96 108 123  16 233 250 183 108 223  63 221 123  38 213
 125 251 137 103 168 192 215 249 239 180 237 243 103 113][ 11  16 227 197  81  38 233  27 125 201  87  86 220  51  60 238 118 141
  55 173 161 208 177 200   5 124 154 132 175 228  33 188][ 45  16  51 204 101   6 107 120  85  74 215  70 210 241 185 228  88 168
  54  42 137 182 121 206 213 190 226   4  30 170 112 161][120  51  26 161 105  77 121  89 163 125 247 237  31 151  66  26 166 157
 239  52  31 211 243  16 215 241  32 255  42 132  46  83][ 56 217  27 184  29 213 148 231 198   5 216   3  36 156  34 192 200 187
 130 193  79  43  50 189 177 209 158  91  17  24 252 158][ 36  56 171  57  80 237 169  82  50  75 113 217 149 215  64  24  61  25
  19  25   3 246 146  17  69 132  58 104 200 129   7 176][215 122 156  30  11 185  22 128 187 246 165 141 238 226  71  31 167 103
 232  87  38  79 158 112 152  50  93  59 136 119  11  94][ 57  15  11 175  20 135 239 127  84   0 218  70 113  97  48  64  88 170
   2 173 235 186  85  31 240 175 186   0  61 202 240  40][ 45  69 104 109 125  31  78  57  87 232 189  76  91 104 159 176 220 168
 214 110 205  50 125 158  38 223  33 180 123 255  90 133][  9 203 106 237  52 198 125  53  68  76  86 130 177  15 176  96  70  50
  23 204 192 152  37  61 103 233 170 128  52 144 244 105][ 32 217  99 202  92 195 199 252 196  64 241  98 114 213 188 100  88 184
  18 235 203  35 124 189  49   8 162  24  85  27 116 184][ 75  50 120 105 105 221 249  19 173  93 182 173 158 159 214 254 230 145
 223  21 135   3 240 192 215 249  58 251  78 132  79 119][  4 132  27 155  52 167 178  64  30  11  83  18 212 218  40  72 241  59
   2  17  50 180  25 255  77  22 154  66 144  11  49 131][ 61  87 108 173 253  22 222 124  69 232 254  71  91  40 191 225 220 196
 151 239 236 178  85 140 114 249 172 149 127 191 120 156][150 207  38 187 150 128 190 224 158  22  82 162 237 238  49  64 111 123
 187 211 242 157  14 255 172 102 206 193 181  31  53 128][  2 141 114 140 246 168 190 103 237   1 122   2 172 170  52  64 238 187
  23  65 208 184   0 237  52  56  26 130  85  72 161 137][  1 176 185 241 108 237 249 157 142 121  53 124 156 157 216  42 143  27
 127  29 147 120 122 209 207 217  59 252 220 136 129 241][ 34 201  18 140  61 193 150 229 141  64 224   3 188 154  32 192 202  35
  26  65  71  43  16 253 176 176  14  91  24  24 169  11][ 18 207  66 132 151  82 174 230  37  68 218 135  73 174  58 196 126 207
 155 231  92 153   5 239 184  36 142 197  47  86 189  92][  0 141 210 191 220 168 166 231 236   3 105 144 165 227  40  82 107 106
  74  10 114  43 142 103  36 166 158  40 144  90 163 136][199 120 170  18  11 249 144 192 250 247 129 157 206 236  79  27 163 101
 232  23 166  71 158 114 216  18  79 127 200 117  11 214][223 126 249 101  34  94 127 156  49 234 118 228  91  63 149 127  54 213
 245 238 233 212 181 202 231 251 229 132  47 247  70 113][ 15  16 231 197 101  54 233  16  77 201 223  70 216  26 188 238 248 140
  63 172 137 146 241 192   7 120 139 134 142 238 112 165][ 45  16 247 205 117  54 225  80  77  72 255 102 218 240 182 236  88  44
  62  46 137 178 117 200   7 254 226 134  30 175 120 229][139 255 112 219 245 157 252 255  95  93 124 231 172 202 182 164 239  43
 151 205 247  58 118 247  46  93 190 235  94 156 249 221][147  13  67 204  20 130 174 119  84   0 218  66 113 224 180 228 120  36
  30 235 233 185   5 206  32  46 170 128  29 170 240  36][  2 141   0 141 148 160 142 167  22   3  88 130 168  46  48  64  79  67
  19 129 114   8  65 255  44  38 158 192 149  88 177  24][127 126 249  96 162 126  95 152 105 234  62 236  91  63 223  58 183 213
 213 126 133 244 189 234 107 221  37 182 239 247  71 117][135 177  57 227 236 205 185 157 143 121  49 124 156 157 216  42 143  25
  95  29 147  96 122 209 205 153  59 254 220 139 129 241][ 53 193  97  79  86 139 198 240 101   0 243 202 115  72 157  52 120 204
  70 110 201 182  77  61  52 168 160  16 127 187  82 164][ 32 145  57 184 188 197 149 119 134  77 220 119 180 157  34  64 204  26
 151   1 219  43  82 157 227 241 186 218  24   8 180 251][154 141  46 187 151 240 181 167 148  23 198 179 237 118  42  65  97  51
 187 129 114 140   7 255 233  99 218  67  52  76 189 106][  2 133 128 137 148 161 140 111  22  35  24  18 128  40  48   0  73   2
  19 145  50  56  65 151  44  22 158 196 149  72 176 128][183 205  65 139 244 151 142 237  93   0  88  98  96  88 188 161 221 106
  18 103 247 190  76 191  40  30 142 226  93 159 248 141][ 61 205  98 203 212  19 230 244  69  64 254  70 115  72 191 228 120 232
   2 239 205 178 109 189  54  46 132   0 127 187 120 132][215  80 251 228  70  78 127 144 105 194 182  74  95  63  29 122 118 213
 125 239 201 103 241 232 247 249 206  20  37 243 119 113][ 55 207  98 134 148  18 238 228   4  68 222  71  97 170 182 196 120 206
  19 239 205 155  45 239  58  44 143 133  47 190 120  92][129  28 186  95 100 190 227  16 252 202 119  68 242  49 149 253 132  62
 118  78 161 188 112 106  71 191  96   0  90 235  75 185][ 57 132   0 239  20 167 195 123  84   3 223   2 243  97  56  96  88 170
   2 172  59 184  93 191 229 239 162  64  62 202 240 168][ 50 216  26 236  13 196 222 228 133  72 192   2  62  26  36 192 204 177
 159 195  72 139  16 253 177 249 138  27  25  24 120  10][ 45  46 104 109 116  63 207  58  86 238 124  13 243  41 151  32  24 236
  86 110 172 178 101  30 102 207 161 176 117 251  90 193][ 86   7 218 162 162  34  59  80  60   7 251 179  77  47  43  88 255 151
 207 178  56 147   9 194 217 231 234 197 165  99  39 211][122  50  59  33 105  93 121  87  45 125 246 237  31 151 194  28 166 157
 255   4 143 155 241 208 215 249  32 251 106 132  38 243][208  88  62  62   9 116 148   4 172  26 131  17 231 222  45 203 161 117
 237 131 108  69  27  33 145 227 122  19   8 113  45  30][ 61 175 104  41 124  59 223 184  87 238 188 143  67  73  83  16 217 200
 199 111 206  34 109 191 254 207 165 181 119 255  94 194][150 204 166 158 159 224 175 226 159  22 194 130 108 234  49  65 107 251
 187 195  98 205  10 255 185  38 207   9  52 125  53 128][  6 105 159 154 236 197 190 196 142 152  80   2 180 152 113  11 200 123
  19  83  66 114 154 240  53  16 207  42  20  57  49 138][216 244 189 119  40  77  85 191 118 187 163  24 247 247  72  50 145  86
 108   2 107 109 251  23 233 199 117  53  96 112 135  42][214 253 150 158 203 192  54 239 191 151 201 179  76 246 104  82 231 243
 255 144 114  79 138 243 185 166  95 207 177  84 167  91][214 143 166 158 222   3 190 237 151 183 219 183 104 238  58  67 127 207
 191 215 254 203  79 247 188  38 223 221 149 126 188 220][130 128 146 153  53 165 184  66  30  19  64  18 140 142  96  72 231  11
  51 145  50 156  18 211  13  22 154  74 144   0  33 129]