[ 39 111 226  14  84 147 238 236  87 196 124 199 104 232 183 128 120 234
 130 199 196 178  12 239  54  12 135 169  95 255 250 204][ 37  64  99  79  84  27 227  88  93  64 115  66  80  64 189 164 120 232
  18 234 129 180 109 254  20  44 163   0  87 187 114 164][131 158 134 159  82 178 184 103 190 195  82 247 108 234 178 201 119 111
 187 133 183 221 134 239  28  34 218 193 140  36  57 221][ 70 249 150 254 171 205  62 248 191 153 177 169 236 254  77  82 167 119
 255 210  66  73 138 241 191 246  79 187 144 119  39  27][ 50 183  98  73 242 131 235 123  53   4 125 230  25 199 164  20 126 184
   7 188 242 154  36  95 116  12 163 132 127 194  98 241][ 33 113  51  72 116 159 227 246 233 232 184  76 154 152 180 180 156 172
  94 108 209 171 180 220  55  28  37 186  74 158  83 173][ 80 249 123  64  91 205  49 246 169   4 236  42  60 151  33 112  34 251
 195 192  65 155 176 100 119 173  18 107  99  16  39 187][ 33 105 119  83 116 143 235 116 125  72 118  64 179 193 181  52  58  40
   6  88 195 184  36 109 102 184  36  64  71 138  66 169][254  96 150 236   9 194  80 104 171 132 160   9  78 215 105  82 240 253
 237 226  74  67 202 217 155 241 139  63  18  38  38  66][ 33 205 123  75 116 143 239 246 116   0 124   0  51  65 180  52  24 234
   2 106 227 184 116  63 103 142  36   0 115 154 194 168][193  22 151 245  50 174  57  19  60  11  82 240 189 183 128 120  55  61
  63  24  49 220 129  79 196 174 122 192 136 128  33  33][ 24 157  22 254 211 228  48 119 189   9 108   0  60 255  32  80 164  59
 147   0  82 169  18 255 243 255  18  75  18  64 167 155][171 187  50  25 117 157 244 119 253  76 116  93 168 136 182 180 172  43
 134  77 214 188  22 221  38  24  18 234  91 140 251 205][ 33 221 123  75 116 143 239 244  84   0 124   0  51  81 176  48 124  42
   2  72 227 186  48  63 103 143  36  64 115 154 226 168][ 71  27 135 157 170 166 173  23 174 217 154 245 252 166 214 238 231 103
 125 149 149 201 183 224 140  54 254 194 140 100 161 117][120 105 120 100 180 207  87 247  99 168 188   8 191  17  65  48 178 252
  76 104  72  59 241  60 251 205  37  57  98 186  66  42][ 88 249 151 246  27 204  51 196 175 128 162   8 190 215  96 114 162 117
 121  80  67 137 178  97 249 245   6  90   2   2   7  58][ 27 251  75 172 114 146 122 116  37  64 122 231  45 143 130 208  54 169
 151 228 207 154   4 125 182 229 170 128  45 134 171 217][  2 141   6 158  28 131 170  99 150   0  90   2  96 234  32  65  88 106
  34 226 114 136  10 253  40  38 139 200  20  10  48   0][ 75 158 149 245 168  38  44  55 174 171 218 246 253  55 128 238  71 119
 189 137 145 216 211 194 140 247 254 144 142 224 161  57][137 221  51  90 241 236 167 246 125   9 124  64  60 183  36 116 165 122
  18  72 227 184  48 127  47 188  16  74  82 144 227 169][ 86  73  74 174  30 130 123 112 173 128 211   2 125 202  49  64 126 165
 127 227  72 131 138 205 208 161 171 152  53  43  49   0][120  61 122 101  48  30  91  55 105 172 254  12 191  55   2  48 182 253
 204 104 216 184 241  13 255 253  37  16 106 162  74  59][130 176 146 155 117 173 184  67 190  27 113  16 172 218 108  72 165  59
 179  17  50 220  26 243  13  30  26  74 144   1 131 139][105 173 121 101 244  14 111  55 117 232 126  72 179  49 144  48  22 238
  86  40 249 184 225  14 239 255  37 128  96 232 194  41][  2 141   6 157 148 163 174 231  30   1  90   2 168 234  48  64 121  43
  19 129 114 152   0 255  44  54 158 192 149  72 177 136][ 88 121  23 254   9 204  19  82 175 136 170   8 190 151  33 114 160 115
 252  64  11  73 146 105 209 241  18  58   8  17   7  59][120 251  26 226  59 137  82 246 163  45 188 105  47 155  66 144 166 219
 205  80  90  11 138  53 250 197  37 255  98 146 142  11][130 128   0 153 116 171 168  67  30  33 114  18 172   8  48  72 105  42
  19 145  50 188  65 215   4  54 154 192 212   8 113 136][ 89  15  95 237 180  10 111  55 116 130 218 196 243  99 177 114 118 230
  44 174 249 152  69  14 224 239 230 128  44 242 160  41][142 164  14 176 145 243 120  39 191  17 139  17 140 251  98 153 201  11
 219 145  62 207  74 215 203  87 154  79 130   4 186   2][161  44 127  85 116 206 107  51 116 170 126  64 179  49 149 112 122 254
 118   8 233 248 113  46 101 175  48   0  97 232 102 168][  2 159  59 221 146 226 185 103  28   5  94 162  44 174 164 100 102  59
 147 129 178 152  37 223 109  38 154 195  21  64 165 253][ 43 170 234  21 116 189 232  87 123 109 116 253 171 136 214 172 207  46
 246  29 150 248 198 195  14 125  50 225 207 140  91 205][ 24  29  59 188  50 198  63 119 188   8  74   3 191 159  32  64 230  59
  23 129  97 152  16 110 241 167  58   0  16   0  37  59][ 56  48 114  76  93 223 210  72 107 160 245  10  74 217  45  52 248 188
 215  96   8 183 184 221  83 252   1  63 115  43  70 134][153 174  70 185 148  51 110 255  86 182  76 146 161  35 179 197 123  10
   2 188 108 254  77 158 174 203 183  37  54 216 248 140][ 83 243  97 205  54  18  75  61 101 192 218 230 147   6 148 116 126 141
  29 253 219 154 229 205 184 236 170 212  45 166  48 125][  0 144 125 237 116 206 121  63  63  61 118  48 191  23  32  80 102 158
  63   8  34 156 113 213 199 191 178 132  54 136  69 169][ 40 253 120 106  84 207 119 245  64  72 124   8  51 151  32  48  28 186
  22 104 211 186 112  61 127 141  36 104 115 138 198 187][122  73  66 174  28 130  74 240 133   0 208   2 111 202  49  80 122 233
  31 227  72   3   8 253 178 237 139 152  53 187 112   0][105  48 149  77  77  95  64  24  79 248 160  76 242 209  85 190 216  12
 122  60 137 114 251  24  13 154  65  60  74  40  82 180][ 90 249 146 254  57 205  22 228 175  25 168   9 174 255  96  18 128 251
 253  80  74  11 154 245 251 245  31 123  18  18 135  27][ 82 149  26 188 155 192  20 103 172   0 232  35 124 246  32  80 242 187
 153 160  90 139  18  95 241 229  10  75  48   2 167  26][ 16 213  31 172  18 206  55 103 172   0 234   0 118 255  32  80 178  55
  89  96  64 169  16  13 241 229   6   3  96  48 167  11][120 249 146 250  57 205  86 228 171  25 172   8 174 223  96  18 136 243
 253  82  74  11 218 241 251 213   5 123  82  19   7  26][234  56 182 240 237 237 144  71 155 191 180  27  46 159 101  27 171 187
 255  17   2 111 146 208 155 209  94  59 194  76 135 207][ 83  75  10 172  74 132  42  64 172  72 195 199  44 194  35  80 102 161
  95 231  79   3 134 221 144  32 170 138  56   7  43 148][ 38 137   2 142  92 135 206 232 135   8 217   2 224 202  41  64  88 232
  31 226  74  35  74 253 176  52 143 184  21  58 112 136][122 127  82 238  51 193  22 228 169  12 248 171  46 223  37  16 182 187
 207  98  72  11   8 253 179 212  10 187  51  23  39  75][155 207  54 156  87 151 190 231 157  12 222  35  44 248 166 197 238  43
 151 197 228 187   2 255  50 106 174 131  55  28 185 207][ 41 141 121 101 244  46 111  55 124 232 126  64 179  49 144  48  22 174
  84  44 217 184 101  14 239 255  37 128  64 232 194 105][ 36 173   0 155 221 141 134 232 142  56 249  10 224 232  41   0 217 234
  74 114  74  43  90 189  45  20 135 124  81  58  80 128][ 90 249 146 250  57 205  82 228 175 153 168   9 174 223  96  18 128 251
 253  64  74  43 154 245 251 213   7 123  18   6   7  91][ 10 205  58 158 213 135 175 228  30   5  92   2 236 251  50  68 248 106
 147 203  66 186  26 253 125  52 142  73  23  27 245 170][210 142 210 188 123 192  56  99 191   7 216 179  44 246  38  80 247 187
 175 129 114  15 130 215 147 246  26 139  52  68 167  75][106 249  18 254  89 221  82 226 175 152 172   8  46 223  96 180 136 251
 239  66  78  43 218 253 251 245   5  59  82  18  15 155][ 38  45  66 200 212 163 234  66  63 129 120   2   8 139  53  16 122 171
   6 208  18 186   0 254  30  12 130 192 231 137  98 128][ 57   0 238 119 116 154 233  48  84 224 119  18  83  41 144  96 120 172
  55 136 169 248 101 142  78 239 240 128 103 168  80 160][ 39 164 192  75 253 189 226  91  95 105 253  92 138  56 222 164 217  10
  82  29 151 186  93 214  14  28  18 118 223  79 218 132][109 176 149  77 109  77  65 152 235 251 160  76 214 241  88 190 129  76
 122  24 131  98 251  16 141 216  85 124 218  40  66 166][169 174 192 189 116 139 172 103  20 163  80  82 181  33 144 129 123  46
  18 169 113 254  65 143  44 143 190 224 221 200 219 168][ 22  41 162 130 214 128 186  65 175 129 219 130  12 206 112  64 126 187
 151 145 146 155 136 194  60   4 143 232 133  14 177 209][125 225 104  98 124  25  94 248  67 160 181 169 115  77 218 176  88 216
 213 254 206  34 236  61 250 205 165 253 127 187  90 146][ 82 217  18 186  27 192  22 230 175  17 232  35  44 150  32  80 226  59
 155 192  66  11  18 245 177 244  26  11  48  16 165  26][134 141 150 159 142 162 188 239 190  19 218 146 236 238  48  75 111 231
  63 145  48 221  11 255 188  34 223 192 149 120 177   8][ 92  93  23 229  49  78 103  48  37 168 170  64 223  51   1 247  32 212
  92 106 105 145  49  12 241 248  67   4 106 179   2  49][  6   9 130 139 148 162 170  65  38 129  91   2  76 234  48  64 122  43
  51 145  16 153   1 200  12  36 138 192 149 106 161 128][  3 156  19 153  51 244 184  71  60  73  74  55 172 186  34 228 231  43
 147 149  55 156  16 223  12  54 154 195 156   4 169 223][109 111 101  69 172  27  71 188  67 232 184 236 211  96 213 183  26 196
 108 110 205 114 237  28  36 216 101 180 127 251  82  37][152 153  50  88 211 213 180 103 253   0 102   0  44 154  36 245 232  59
 130  64 118 187  18 255 115 243  18  75  91   4 173 142][139 205  42 158 250 145 190 239 148  70 204 179 180 212 178  97  94  58
 155  77 230 143 102 191 114  39  30  25  20 220 181 252][ 33  13 249 101 244  47 109  63 124 234 126  72 179  51 145 112  23 206
 116  44 249 248 245  14 239 175  37 132  96 232 194 233][ 37 103 233  69 116  75 103 184 115 224 124 204  83  97 217  52  26 204
   6 126 201 178 253  62 110 140  37  36 111 251  82 240][ 45 246  97  79  84  59 231 248  87 224 121 238  67  96 221 180 121 204
   6 110 233 182 109 191  46  12 165  36 127 255  82 180][163 239 104  91 184 139 222 239  87   1  88 169 163 201 188   0 222  26
  19 109 254 184  79  63  46  28 180 232 117 154 210 140][181  65  75 207  68  18 238 120 100 192 247  70  83  67 181 224 122 236
  22 238 201 182  45 140  54 169 163 128 109 187 120 160][107 170 242  85 101 188 232  23 123 107 116 124 170 168 214 188 159  46
 246  12 151 254 198 195  14 127  48 226 207 140  91 141][ 51 201  99 206  86 210 207 228 196  64 208 130 113 200 183 228 106 224
  19 239 205 171  52 253  48  40 138 136  61 191 112 252][  8 176 154 249 100 172 121  23  62  25 118  16 189 151   0  88 166  59
  55  24  18 216  83  81 199 187 122  64 128 128 129 169][ 17 141 123 117 244 171 111 183 116 227 126  64 243  33 144 112 115 238
  38  40 177 184 101  15 238 175  53   0 229 248 210  41][ 16 157  27 249  50 230  57  55  60   9  74   2 181 183  32  96 230  59
  27 128  51 152  16 127 237 167  58  64  16   0 165  59][ 59  98   2 136  73  53 232  84 165  37 231 215   8 142  54 220 108 137
 203 140 158   3 209 208  23 120 154  56  19  30 168 212][120 188 156 240 185 237  80  23 187 189 174  25 191 187  64  90 133 183
 253  24  58  75 211   3 219 255  53 121 194 192 206  11][ 11 153  54 220 213 156 245 103 205  68 126   6 190 184  54 229 224  35
  50  77 214 185  50 253  55 123  82  74  82  12 249 239][ 20  69  75 239  20   2 207 248  52 128 219  66  83 195 185  64 122 236
  29 235  73 177   9  14 240 173 175 132  37 187 112 160][ 90 251 146 178 187 148  24 231 171  29 154 237 172 138  98 214 231 231
 237 213  95  75 146 241 184 244  30 255 136   6 169  31][ 22 201   2 142  28 130 174 232 132   0 217   2 104 202  41  64 120 232
  63 226  72 131  10 253 176  36 143 152  21  58  49 128][152 221  18 252 113 140 118 246 189   9 108  16  62 155  32  80 164  59
 134  64  98  45  18 255 243 253  18  10  82  16 163 139][  8 190  59 184 177 237 113  71 190  77 120 189 191 143  98  80 165  59
 135  21  18 154  32  87 201 245  58 235 128   0 167 219][ 86 233 166 190  29 145 146 232 143 148 136  11 236 206 107  66 200 113
 235  71  70  67 154 253 153 209  79  59  16  63  61  78][120 251  24  98  59 137  82 252 163  45 188 105  47 155  74 144 138 219
 205  80  78  43 200  53 250 213  37 255  98 154 206  11][ 35 190 210  11 244 191 234 215  94  73 120  84 184 136 244 164 191  10
  22  29 151 184  12 251  44  28  50 224 221 206 219 141][ 61  81  34 172  77  31  67  88  65  44 253  79  83 121  59 148 216 140
  85 111 140 179  89 140 211 217 193  52 251  63  90 194][ 88  93  19 189  49 204  55  55 188   8 202  64 191 183  33  64 164  55
 123  64  65 137  17  63 225 229  58   0  16   0  37  59][120 189 146 224 177 237  90 215  59   9 184  56 174 191  68  16 151 187
 221  16  26  43 208 255 251 221  36 250 194  66 135  11][194 147 158 185 161 172  56  55 191  31  66 117 172 187   2  91 167  55
 255  17  54 205 147 245 205 243 122 195 136  64 169  27][222 174 142 179 171 160  61 202 191  23 134 149 205 231  75  91 231 199
 237 151 122  71 203 226 220 243 223 159 168 117 173  82][ 34  62 243 203 118 173 187 210  31 107 120 230 188 223 245 164 255  57
 151   1 131 182  40 251   7  28  58 170 223 219   7 249][ 51 247  98   0 114 145 186 253  43 101  28 175  12 142 222 180 191 139
 151 245 215  27 164 215  62  92 158 239 111 150 175 221][ 88 185 191 242 137 236 117 215 170  93 170   8 190 183  96  90 165 119
 121  16  18  73 178  33 217 255  86  74 192  80 135 123][  1 254  81 203 118 191 250 214  95 105 120 230 189 223 180 164 255  59
  22  24 131 184  44 255  38 156  50 224 223 137   1 189][ 56  73 106 238  85 195  74 120  69 128 255   2 123 201  53  80 122 172
  23 234 200 163  20 157 243 237 163   9 119 171 112 128][118 121 150 190   9 205  22 236 191 148 160   8 238 254  97  82 201 241
 239  66  74 107 154 249 185 210  79  59  16  49  39  26][121 233 123 236 116 205  87 254  98  72 252   8  55 159 113 112 216 216
  21 232  75  58 176  63 251 237 165 109 112 184 230 106][ 33 175  65  69 244 155 238  55  70 225 120 206 179  40 148 164  88  46
  70  28 221 186 101 190  46  28 165  96  79 206 218 172][ 25 143  78 253 180  10  79 183 116   2 250 194 243  99 176  97 122 230
  12 238 249 152  69  63 224 239 230   0  60 248 240  40][ 67 150 158 181  48 174  57  19 190  95  83 245 159  42   2  73 135  39
 125  21 182 220 195 197 204 243 122 192 140 192   9  83][  0 168   2 157  84 171 168 103  60   1  82  18 168 138  32  72 104  46
  51 128  18 184   1 197   4  38 154  64 133   8  49 136][ 58  73  66 174  20 129  78 240 133   0 240   2  43 203  49  80 122 233
  31 226  72 163   0 189 178 233 138 152  55 187 112   8][  9 142  81  69  52  59  96  55 124 171 122 116 183  32 144 180  23  38
  76  12 177 184 101  15 172 254  52   0  74 192 203  45][ 27  91  67 172 114 146 106 116  37  64  82 231  61  14 178 240 126 169
  23 239 205 154  36 237 180 233 170 128  47 135  42 221][131 187  50  24 117 157 180 119 253  77 116 117 172 136 182 132 174  43
 134  13 214 188   2 215  38  28  18 202  90  12 235 223][ 71 251 175 151 184 132 171 180 174 221 158 228 244 166 214 102 166 103
 125 221 211  73 191  97 173  60 191 200 140 150 161 125][ 76 121 151 118  11 205  49  64 235 224 163   8 222 215  64 190 160 117
 104  64   1  99 178  96 145 248  65  59  74  34   7  50][ 56 251  82 106 114 137  82 240  35  44 184 237  47 203   3 144 182 249
 197  66  78  43   8  63 242 213  33 187 106 135  14  27][ 92  57 151 254  11 200  49  64 173 132 131  32 124 215  33 115 162 117
 233  64   0  65 178  64 209 176  67  27   2  34  39 115][120 189 122 100  49 206  87 119  97 140 110   8  63 159   0  80 170 191
 197   8  88 186 176  15 243 237  32  33  98 128 198  43][ 88  56  23 244  11 200  49  64 171 132 231  32 124 215  96 118 162  53
 233  64   0 193 162  77 209 224  67  11  34  34  39  35][109  56 144  67 109 157  66  24 235 232 173  76 234 216  87 182 136 108
 122  78 143  99 218 209  15  88   1  62  90  46  90   4][ 90 249  18 238  27 205  18 224 175   4 168   9 174 223  96  80 160 249
 253  66  74  11 154 253 187 245  15  59  18   7  39  27][121  45 123 100  48 206  91 119  97 224 238   8  63  63   2  48  50 190
  84 104  72 186 177  15 251 237  32  80  99 128  66 106][120 249  18 234  57 205  82 224 171   8 172   8 174 223  97  16 136 249
 221  82  74  43 154 253 251 221   5 123  82   3  71  26][ 33 141 121 101 116 142 105  55 117 105 126  88 179  33 144  48  18 174
  22   8 177 184  97  15 111 191  48 192 100 136 194 169][ 35 129 101  75 213 159 228 255  95  97 120  66 168  72 188 164  88  10
  18  29 215 184 117 253  47  28 150  64  91 142 208 172][ 34 201  35 202 221 213 174 236  14  13  88   2  44 220  60 196 248 251
 147 193  67  42 106 253  61  20 142 235  21  30 245 239][ 72 157  27 253 178 230  57  55  60  73  78 244 189  55   0 112 166  55
  61 136  51 152  17 111 237 167  58 192  42 192 165  59][ 61  73 123 238  86  18  74 112 101 128 247  66 123  73 177 240 126 232
  23 234 201 183  60 172 242 233 161 128 127 187 106 160][ 57  73 106 108  84 130 239 244  68 192 118   2 115 201 177 112 120 232
  22 234 201 179  36  45 114 169 160 128 119 187 112 168][ 35 229 115   4 116 159 238 119  73 200 248  76 170 200 180 164 154 168
  22 109 205 187  36 222 178  92   5 178  95 142 218 205][ 33 156 123  69 116 175 105  55 117 105 126 116 179  49 144 112  62  46
  22  12 185 184 101  79 110 190  48 192 238 136 194 169][210  75  30 190  10  64  61 101 164  22 210 163 165   7  35  83 110 247
 237 192 104 207   3 109 240 227 254 145  37  48  37  75][ 89  15  86 101 180  30 109  55  97 136 254  68 251  35 144 246 118 230
 108 172 233 153 133  14 242 255 230 128  42 224 232  41][ 24 157  22 254 147 196  52 103 173   0 232   2 110 255  32  80 162 179
 147 128  80 139  18 239 179 247  10  75 114   0 165  27][ 90 249  18 234  25 205  18 228 175 136 168   9 174 215  96  18 164 241
 253  82  74  11 154 245 187 245  15 123  18   6   7  27][ 20  69 111 229  22   2  79 120  36 160 219  66  87  67 185  67 122 196
  29 234 233 177   9  12 240 169 171 148  37 187 112  32][126  72  74 174  30 130  75 112 165 128 215   2 127 203  49  80 126 161
  31 235  72 135   8 204 208 233 171 152  55 171 112  32][ 41  72 238  85  84 154 235  16  84 225 119   2  81   9 150 105 120 236
  55 202 137 240 101  12  70  43 240 192 103 137 112 224][ 54  98 232  41 124  59 202 200  91 175 145 159 131 136 223   8 221 201
 199  23 142 102 205 146 150  94 153 189 213 255  94 196][181  64  79 239   4  18 234 120 100 224 247  70  83  65 185  97 122 236
  30 238 201 181  13  12 240 233 163 128 109 187 112 160][181  65  75 207  84   2 234 120  68 224 247  66  83  67 181 225 122 236
  22 234 201 183  45 140  50 233 163 128 109 171 112 160][ 73  61 121 101 116 174 125  55 124 235 126   0 183  51 128 112   4  62
  86   8 241 184 241  14 239 255  52 128  64 192 194 169][ 90 153  51 190  51 205  53 103 173  77  74  37 174 151  34 196 166  59
 143   5  82 137  18 253 241 244  26 203  18   6 165 123][  2 141   6 157 180 130 172 103 156   9 218   2 172 170  48  64 234  35
  27 129 112 153   1 255  44  54 158 192  20  72 177 136][137 174  22 181  52 187 104  55  85  55  86  82 163  35 144 173 107  42
   6  44 187 252 101 143 142 223 242  64 174 200  89 140][ 75 157 151 245 177 190 120  55 175 169 158  68 188 183 128 230 196  55
 125 136 145 217 145 203 171 247 190 146 138 192 137  61][  6 141   6 156  28 163 170 226 148   0  90   2  32 234  48  65  72  42
  59 193  16 187   2 253   8  34 139 192  21   9  48 128][ 60 107 104 232 124  27  78 248   3 172 180 169  99  77 219 144 152 232
 197 110 202  34 106 191 226 221  33 189 118 191  94 193][ 11  11  99  89 114 179 170 123  93   4 113 230   8 206 180 164 126  57
 130 172 179 186  36 221  30  30 154 198 119 164  97 181][189  79  67 238 118 131  79 112 148 200 254 230 113 199 177 224 124 236
  22 238 233 151  44  47 112 237 171 128  55 187 112 249][ 66 248 159 190  11 236  52 150 190  91  66  21 188 247  34  91 167 115
 235   1  55 205 146  97 221 178  94  75 136  80 171  27][165  65  99  79  92 147 166 216  84  64 241  66  64 200 189 164 120 232
  18 107 197 179  44 252  52   8   7   8  95 191 114 164][ 35 239 226  14 212 147 174 231  86 132 120 199  96 232 183 128 124 234
 131 199 198 186  12 191  48  12 143 137  93 126 250 204][135 183  97 131 242  19 174 253  62 123  19 247 141  14 222 164  55   3
 211 189 183  28  29 247  44  14 191 228 141 132 153 213][ 19  95  70 156  70 130 190 246 149  10 210 231  96 250  53  69 110 225
  63 231 228 159   6 237  48  34 238 130  61  60  49 143][ 16 253 123  76  83 197 179 118 105   1 236  10  60 151  36  52 110 187
  82 192   3 187  48  77 119 172  18  10  99  16  39 187][130 168 178 210 235 233 176  71 159 159 176  59 172 159 100  11 171  59
 247  17  18 111 130 241  31  82  94 235 210  12 167 203][121 165  97 233 244 150  75  55  97 104 218 206  19  14 144 240 126 174
  23 189 221 154 100 158 180 237 170 224  61 138 240 125][ 50 239  82 174  51 193  22 228 173   4 249 171 111 222  43  16 190 251
 199 226  72 131   8 253 178 244   8 155 113  55  39  11][172  75 104  76 124  75 207 184  70 236 244 168 115  77 179  48  88 248
  87 110 200  34 109  61  98 137 161 185 119 187  86 240][  4   9 130 138 148 131  42  67 134 129  91   2  40 226  33  64 120  43
  34 208  18 186   2 236  56  36 138  64 148  11 177 128][ 82 135  66 156  90 160  56 111 189   5 216 183  44 166  34  64 102 187
 175 129  50  11 134 223 176  36 154 203  21  68 175 219][ 33 233 119  73 116 153 231 117 237  64 114  66 184 192 180 164 106  40
  18  74 195 184 102 237  36  24  34 128  79 142 211 172][173 100 195  69  87  31 230 248 115 226 112 206 106 192 213 180 121 204
   2 110 229 246 245 158  62  78 133  36 111 188  82 188][ 51 201  99 174  21 148 206 229  69  64 208  67  33  88  54 228 248 163
  23 231 207 171  52 253 177 120 142 138  61  30 248 204][131  14 134 157  66 178 184  74  62  83  82 215 108 238  50 201 127  47
 187 149 183 221   7 207  28  34 218 192 140  68  57 220][ 86 249 214 254  42 141  58 248 175 152 177 169 236 223 109  82 166 249
 255 194  66  67 138 249 154 249  15 186  22 167  39  19][  0 144 125 253 116 206 121  23  62  29 118  16 191  23 160  89 102  26
  63   8  18 156 113  85 199 191  50  64  16 136 197 235][ 11 156  55  91 245 157 166 247 253  75 122  68 172 184 180 229 173  42
 146   8 231 184  48 255  47  62  22 194  90  28 233 173][ 70 205 150 159 142 162 172 238 190 147 210  18 236 234  56  75 103 103
  59 145  50 217  11 247 189  54 223 192 148 121 177   8][176  12 125 117  52 110  97  51 116 174 246   8 179  55 129 112 122 190
 102   8 169 188 113  15 197 175  48   0  97 136  70 168][126 113 114 108  75 205  82  72 161 128 229   8 106 223 109  16 248 185
 239  98  74  39 146 221 211 217   1  59 115  34 102  18][  9 156  19 117  50 174  49  55 124   9 122 116 190  51 128 244 167  59
  14   8 179 184  33 111 173 190  50 194 202 192 129  57][  0   8 125 125 116 238 105  23 124  15 118  16 191  23 128 112 102  62
  38   8 179 188 113  79 199 191  50   0 192 128 103 169][218  89  23 244  35  94 101  52 169 178 166  64 254  55  33 247  34 244
 252 106  97 213  48 236 179 250  68   2  42 177  39  63][130 136 146 155 116 169 168   6  62  17  83  18 172 138  48  72 202  43
  51 145  50 188  66 247   4  54 154 192 148   9  81 136][ 98 249  18 254  91 205  86 228 175   4 232   9  44 223 100  20 168 251
 227  66  70  43 154 253 191 244   7  59  18   6  47 159][132 224 146 155 101 173 184 192 191  25 113  16 172 218 108   9 135  43
  34  83  18 116 138 241  13  24  90 106 208  11 131 129][109 177 145  72 109  29 192  88 203 249 165  76 138 216  92 182 152 140
 122  92 143  99 251 208 159  92   1 126 218  46  90 132][ 54 137   0 142 124 135 194 232 135   8 249  10 226 200  57  64 216 168
  31 227  74  35  74 253 177 148 139  56  16  42 112   8][109 113 145  68  73 157  80  16 235 232 167  76 222 209  68 190 128 100
 120  88 137  99 250  80 159 216   1  62  74  34  74  38][ 91 167 140 177 169  42  60  15 175 251 142 229 141 227  66  90 167   7
 253 149  30  73 195 208 202 247 255 215 136 100 139  83][ 70 216 158 190  11 228  48 198 191  19 228   1 252 247  97  91 163 123
 235  82   6  75 154 241 217 179  94  75 152  81  47 155][ 17 141 251 117 246 139 109 119 117  65 126  82  51 163 176 112 115 174
  38  40 241 184  37  15 126 175  52   0 101 200 225 169][  7  30 243 217 118 175 187  82  30  73 120 230 188 223 165 172 255  59
  23 153 163 176  48 255   4  30  58 162 223 201  33 249][210  74 110 188  34 130  61 118 164 134 214 167  45 143  35  67 102 245
 189 199 108 141   6 232 240 227 254 129  36 180  45  91][134 165  97  75 223 235 170 235  86  53   9 155 193 233  92   1  57  10
  67 177  54 120  76  23 111   6 141 125 245  74 215 130][170 205  39 158 251 240 156 239 156  66 202 147 252 230  40 229  95 122
 187 133 112 143  71 239 240  38 222   8  22  92 181 184][  7  31  23 219 182 183 186 114 204  72  91 230 253 122 181 237 238  51
  30  61 183 185   7 255 140 254  42 194 158 207  57 149][ 82 120 150 156  11 205  18 236 191 148 160  41 238 222  33  83 234 245
 235  66  66  75 154 249 145 242  79  59  16  53  39  90][  6  45   2 136 212 128 170  67  52 129  88   2  40 194  33  64 120 171
   2 208  18 155   0 254  56  36 138 200 149  11  49 128][ 53 229  97  66 222  75  79 248  83 228 189  10  83 101 221  52  57 220
  86 250 203  50 253  62 127  12 165 124 231 251  86 224][  2 176 156 177 137 253  49 207 190  55 128  17 172 183  74  11 129  27
 233  16  18  73 211 113 207 211  94 123 144  64 135  74][248 189 218 248 241 173  90 215  59  11 124  56  63 191   0  16 183 187
 149  16  58 190 144 191 251 221  52 234 226 192 194  11][ 61 112 114 108  77 223 210  88  75 200 245  10  74 217  61  52 248 184
 150 106 136 179 176 156  83 221   1  63 115 175 114 134][106  35  34 170  41 213 154  73 135  12 181 169 202 206 191 148 220 153
 207 227  78   3 234 221 147 112 171 189  19   7  46  69][  3  30  87 219 118 175 170 210  93  65 120 230 189  94 181 101 111  59
  22  28 163 184  61 255   4 158  34 128 159 201  33 189][202 164  13 178 185 241  16 167 191  23 131  49 140 186  74 209 193  35
 235 145  62 206  74  87 143 211 218  79 144  68 190  74][ 10 189  62  90 249 189 176 103 239  29 108   1 172 251  38 148 137  59
 194  16  22  43  18 245  79 221  18 107 210  68 175 142][ 82   2 222 181 114 162  57  19  61  37  86 181 141   7 130  88  38 189
 175 144  16 220 133  68 212 167 186 193  36 128  37  91][121 120  18  68  29 157 114  80 233 224 165  76  46 216 101 180 160  40
 200 106 133  39 176 220 147 216   1  58  74  46  75 134][ 90 249  18 234  27 205  18 224 175   4 169   9 110 223  97  80 162 249
 201  66  66  11 154 253 179 245  11  59  18   6  39  26][ 90 249  18 174  27 205  18 224 175 132 169   9  46 222  96  80 162 185
 217  66  66  11 154 253 187 213  11 123  16   6  39  91][ 33 140 121 117 116 142 105  55 113  41 126  88 179  33 144  48  22 174
   6   8 177 184  97  15 110 191  48  64  96 136 194 169][ 18 155  22 156 146 130 188 103  61   5 210 227  44 174  34  81 102 187
 143 128  80 139   0 237 184  38 158 203   5   4 175 155][ 67 249 171 197  56 196 187 180 238 216 158  68 180 214 214  98  38 116
 127 221 195   9 183  97 125  45 175 216  12 130  49 121][ 33 201 115  77 100 153 231 119 237  64 122  66 184 136 180 164 106  42
  82 232 195 184 102 221  36  56   2   0  95 142 209 172][ 83 251   3 168  58 141  11 240 175 200 152 237 190 198 195 116 166 169
  92 205 207  11 182 125 184  52  43 186   8   6  35 125][  2 141  22 157 181 134 188 103 156   8  90   2 172 170  48  64 232  39
  59 129 112 153   1 253  37  54 158 130  20   8 177 139][ 33 140 121  69 116 175 105  55 117 105 126  88 179  33 144  48  26 174
  22   8 185 184  97  15 110 191  48 192 101 136 194 169][186  73  98 236  84 131  78 240 133   0 240  10  59 203  49  80 120 232
  23 226 232 167   0 191 178 233 160 136  55 187 112   8][ 90 249  18 234  27 205  18 224 175   8 168   8 174 223  96  80 164 177
 221  66  74  11 154 253 179 213  11  59  82   3  39  27][182 106 232 177 108  75 221 200  19 254 148 187 131 141  83   8 216 204
  71 215  76 118 204 146 214  69 253 189 245 185  86 210][ 39 166 160  11 221 191 202  74  95 121 153 223 130 232 126 128 217 138
  86  53 158  34  95 150  12  28 139 252 221  79 216 212][  2  13   6 152  20 163 170 102 132   0  90   2  32 170  49  64 104  42
  59 193  16 155   2 253  60  32 138 192  20  41  48 136][ 41 165 107 233 116 159 107 119 116  73  90  86 147  13 176 240  92 170
  23 173 249 152  52 159 103 237 162 192  60 138 242 248][ 70 112  82 236 122 137 186  72 175 184 176 169 236 222 109  80 254 189
 255 226  66  67 202 221 150 248  11 190  20  39  35 147][188 121 122 110 125 157 214 112 197   8 253  10 123 217  53  48 220 184
  86 106 200  39 120 191 115 217   1  56 115 187  98 163][ 88  48  83  68  75 200  49  64 169 128 227  40  12 215  96 246  34 181
 238   0   1   3 162 192 147 240   3  43  98   2  39  39][  3 144  50  28  87 149 180 103 253  75 116 119  44 152  54 164 174  43
 146   5 215 188  18 215  55  60  26 139  91   4 169 223][ 57 210  75 173  82 130 106 244  36  64 118 231  49   7 186 208 126 136
  23 238 197 146   4 125 118  41 162 128  61 146 122 217][171 240 103  93  93  95 164 123  87 234 244  78 104 200 150 165 120  44
 210  45 229 246 117 223  30  79 197 166  79  44 122 149][130 186 178 250 107 233 176  71 159  31  16  59 172 158 100   8 175  59
 179  17  18 111 130 241 159  82  90 235 208  12 167 203][ 35 239  98  14 212 147 174 231  86   4 120 199  96 232 182   0 124 234
 131 199 198 186  12 191  50  44 143 137  93 126 250 204][  3  11 103  73  86 147 168 114  93   5 115 230  40  10 180 172 126 168
 146 205 149 186  37 220   4  14 154 194  95 141 113 245][ 16 249 123  76  83 197 177 119 236   9 252   2  60 151  36  52 110 187
  82 200 195 187  48  93 119  44  18  10  65   0  39 187][  6 205 134 159 159 142 174 236 190 177 210   2 236 234  56  75  99 111
  59 211 114 217  91 253  61  54 223 196 148 123 177 138][219  89 215 213  99  86 116  55 233 194  98  64  60  55   1 247 162 247
 252 200  97 221 176 232 183 250  86   2  10  52 163  63][ 60 201  64 170  61 205 194 232 135  32 169  10 227 200  57   0 216 232
  78  99  10  35  88 191 187 221 129 125 116 139  80   8][167  77  66 142 204 179 198 236 197 194 217 203  98 232  63 160 120 234
  82 231 237 163  14 255  48  40 143  45  93 127 248 132][134  72  86 155 100 137 168 132 158  17  83  18 172 202 120  73 234  43
  51 211   2 244  74 241   4  48 218 192 212  27 209 128][131  38 134 157 194 166  56  67  62  83  82 215 236 234  50  73 127  47
  51 149 183 220   7 203  28  38 218 192 140  68 169 220][  3 157  54  91 245 157 180 231 237  89 122  68 172 184 182 228 167  35
  18  13 199 184   6 255  46  62  18 194  90  12 233 141][111 123  50  66  61 157  82  80 235 232 165  76 170 216  87 182 128 236
 236  94 207  43 218 176 155 220   1  58  74  15  90   5][ 34 255  83 138 245 209 182 239  94  13 120  99  44 220 254 228 222  59
 147 209 215  58 106 255  60  20 143 239  85  14 253 207][ 73  15 124  69 244 154 101  55 105 236 126 108 191  32 150 183  38 102
 108  12 213 184 229  46  38 251  52 144  78 232 203 109][ 61  73 122 108  86 214  79 112  69 192 246   2 123 201  51 112 126 236
  22 234 201 179  52 172 115 233 160   0 119 187 120 160][218 121  23 252  35 192  61 103 169 194  66 161  60 215 161 215 166 117
 253 194  97 141 162 233 241 242  94 139  38  52  39 123][218  89  23 252  35 192  61 119 169 206 102 161  44 183  32 215 166 119
 237  64  97 141 178 237 243 242  86 139  34  52 167 123][126  72  66 238  13 130  74  96 133 128 229   2 123 203  49  84 122 169
  31 235  72 135  24 236 211 233 138  25  55 187 112  32][ 82 255  82 174  26 129  30 236 173   4 248 239 108 198  42 208 126 251
 207 226  74   3  10 253 178 164  14 187  53  55  46  25][  7 246  97 131 246  29 174 253  62 123  27 230 221  76 222 164  55  67
  95 191 215  28  61 247  44  14 175 228  61 150 153 245][ 70 216 159 190 107 224  51 200 190  85 195 161 252 246  43 123 231 123
 251 211   7  67 186 245 217  54  95  75 144 113  37  91][233  89 210  84 101  28 116 100 249 170 102  92  42 152 103 191 160 229
 230  74 229 119 146 224  22 251  84   2  75  52  74 143][181  64  79 229   6  10 106  56 100 226 243  70  83   1 153  97 122 132
  30 238 233 180 101  12 212 233 226 132 109 171 112  32][ 82 149  86 190 155 192  28 109 173   4 249 163 108 254  44  81 254 179
 143 160 122  11   2 221 177 230  26 203  53   6 165  91][214  78 142 189  40 164  92  18 164 158 194 133 231 227  19  75 197 229
 253 199 140 197 211  42 192 227 250 129 136 113  41  90][ 29  75 199 175  70  34 175 112  52 194 210 230 113  98 177 233 126 229
  54 239 137 145   5 108  48  38 234 128  45 251  57 184][184 235 104 101 116  91  79 252   3 228 188 171  51  13 211  16  26 220
 197 106  76  58 101  29 254 205 165 181 103 186  94 248][218  88 211 212  67  80  45 102 185 130  98  58  44 151 229 255  38 253
 175 202  97  87 162 226  23 242  82 138  34 181  39  45][  4  13   2 136 212 129 170  67 134 128  88   2  40 202  49  64 120  43
  19 211  18 187   0 254  56  36 142  72 149  11 176 128][134 233  80 155 237 173 254 196 175  24  57   8 172 202 125  26 206  75
  78  83  82  34 218 241  39  24 142 110 209 219 195 129][212  64 220 245  44  42 125  48  36 178 151 144 215  39  17  91  39 197
 125 170 104 212 193   0 198 235 251 148  36 241   1  33][179 205 111 140  22 130 198 229 213  64 208  98  32  88 180  97 104 162
  23 227 236 175 100 255 176  40 138 138  53  24 240 108][ 75 153 150 212 145 156  60  55 173 137  78  64 188 178  38 246 164  55
 249   8  85 201 179 237 191 253  30  66  10   4 169  63][  9 157  58 119 244 222 117  55 125 169 126   0 191  55   0 112 134  62
  84   8 241 184 113  47 231 255  48   0  66 192 194 171][ 32  12 125 117 116 239  97  55 124 143 118  16 179  55 144 112  10 190
 102   8  56 188  97  15 199 175  48   0  96 136  70 169][162   9  66 217 212 131 170 102  20 128 114   2  40 138  53  64 104  43
  19 209  50 184   0 254  44  14 154 192  85   9  97 136][ 45  73 238 117  84 138 233  80 116 225 118   2  81 137 177 104 120 236
  55 216 128 244  37  44  70  43 226 192 101 137 240 160][ 66 186 150 155 234 160  56  71 190  31  82 177 172 134  98  91 167  59
 239 145  18  77 130 225 140  50 222 139 132  68 167 219][  1 173  63  87 180 159 226 119 236  73 122  68 179 184 148 160 168  42
  66  92 215 184  53  61  47 253   2  64  72 138 219 140][218 219  50 188  59 192  61 101 173  68 198 163  44 215  34  84 230 177
 159 193  66 139   2 253 240  32  10 139  54  20  37  91][  9 157 150 213 165 190 116  55 237  15 126  84 174  50 166 247 133  38
 126  12 181 137  51 205   6 255 118   2 138 204 201  13][184  72 106 108  84 130 111 244  84   0 244   2  51 201 177 113 120 232
   6 234 232 182  36  47 114 233 160 128 119 187 112 168][210 120  22 188  43 201 144  72 175 180 160  41 110 214  33  90 234 189
 239  64  66  71 146 217 145 242  75  59  16  32  39 155][ 90 160 148 185  25 237  16   3 190  23 131  17 174 190  66 219 129  19
 233  17  62  77 211  85 201 211  90  83 144   4 141  10][ 19 151  23 217 174 134 188  51 204  65 219 118 213 126 164 101 246  51
  63 165 241 137  53 223 172 254 202 194 156 136 161  53][168 188 122 121 240 175 120 247  57  27 116  56  63  63   0  25 191 187
  23  56 186 254  16  63 239 223  52 224 224 192 194 139][ 42 197 132 158 203  80 156 239  30  19 200 146 236  98  40 231  75  91
 187 129 114 203  87 255 169  54 222  11 158  92 185 142][165 181 113  91 244 191 235 251  93 105 113 112  16 112 156  37  31  10
  18  56 179 252 109  95  45  30  49 100 213 200 194 165][ 11 191  62  59 181 189 176  87 255  89 122  84 174 152  54 160 165  43
 222  21 183 184  18 247 174 127  58 194 202  12 201 159][ 92 170 255 252  42 192  49  72 167 148 198 163 109 215 105  82  54 181
 237 208   2  67 170  73 217 225 107 139  32  34  39  99][156 166  69  81 221 227 162 235  86 183 137  59  64 233  88 141  57 138
 203 177  50 242  73 222  28   6 143 119 247  77 215 162][ 17 140 123 101 118 138 105 119 116   1 126  18  59  35 176 112  54 174
   6 136 241 184  37  79 110 175  50 192 101 128 225 169][152 173  82 252  19 204 116 103  61   4 106   9  47 155  32 209 162 187
 133 128 104 187  16 239 243 245  18   3  98   0 167  10][ 90  74 211 214  98 192  63 198 185 134 126 226  44 247 229 254 102 255
 167 192  65 221 166 234  54 164 126 139  39 245  39 237][  2   9   6 156 148 162 168 102 148   0  90   2  32 170  49  65 104  42
  51 193  80 184   2 253  40  32 138 192  20   8  48 136][184 237 104 122  85 199  71 252  87  32 228  10  51 217  48  48  88 232
   2 106 106  62 120  63 119 201 129  57 115 155  86 170][ 33 140 123  81 116 142 105  55 125  73 126  80 179  33 148  52  18  46
  22   8 179 188  97  79 110 190  48 192 199 136 194 169][ 83 125  35 172  48 207  75 112  45  72 216 204 183 150 177  52 182 169
  93 239 201  11 180 125 177 124 170 184  40 130  35 125][ 90 249  18 234  27 205  18  96 173   0 169   9  46 215  33  80 162 185
 221  66  74  11 154 253 179 245  10  59  18   7  39  27][178  76  74 172  20 131  78 224 149   2 240  10  35 202  53  80 120 225
  23 227 104 167   0 191 178 232 130 152  53 187 112   8][ 39  46 160 137 253 191 202 202 223 189 152  15 130 136 119   8 217  40
 223  21 158  43  76 178 140  20 137 253 220  77  88 198][ 76  16 152 181 168  44  88  19 170 187  31  32 159  63  73  90 135  87
 253  17  16  64 211  64 207 255 122 148 128  99   1  19][ 82 145  86 190 155 192  20 109 173   4 249 163 108 254  44  81 254 179
 175 162 120  11  10 221 177 226  26 139  49   6 167  27][176 106 170 181 100 143 255  84 250 174 114  29 151 141  83   8 157 108
  71  85 204 246 224  10 197 205  53 177 196 120  86 203][177 120 186  54  69 156 244  68 249 202  98  28  38 152 103  56 184 109
  98  71 196 247 146  98 147 255  86  43  73  50 107 143][ 90 122 243 220  99 192  63  86 169 142 222 227  44 183 165 214  38 253
 247 192  64 143 162 234  50  36 126 139  39 244  39 123][ 56  73  98 238  85 215  78 228  69   0 228   2  43 201  49 208 120 232
  23 234  72 171  16 189 243 233 128   9 115 187 116 170][  8 149  58 119  53 220 119  55 253   9 127   0 255 255   8 112 132 123
  85  72 240 185  48  47 231 253  48   3  66 128 199  43][ 90  34 247 197  98 194  57  83  37   5 118 227  13 135 192  92  38 157
 167 144   0 218 167  64  84 160  58 131  39 132  39 233][ 29  75 199 229  38  18 107 112  52 200  87 198  89 103 177 237 126 236
  54 238 233 145  37 204 240 239 235 128  47 183 120 113][ 82  96  86 140  75 193  48  74 175 132 194 171  44 214  96  90 230 181
 239 128   2   7 130 209 145  48  27 187   0   4  39  67][  2 153  22 159 181 134 190 231 172   0 218  34 236 250  32  64 230  59
  59 193  80 153  19 253  37  54 158 130  20  10 177 139][181  72  79 237   4   2 107 112  68 194 246  70  83   3 177 105 122 228
  30 238 169 182 101  12 212 171 162 132 109 185 112  32][130 186 150 155 107 233  56  71 191  29  82 241 172 142  96  24 167  59
 239 144  18  77 130 241 141  18  26 235 128   4 167 203][197   0 221 231  36  42 105  16 124  99 115  86 211   3 152 107 118 132
  60 174 185 244 101  64 198 235 226 132 236 227  97  33][  3 151  50 153 117 149 184 103 126  73  88 117 172 152 182 128 166  43
 147   5 215 188   2 215   6  28  26 202  92  12 169 223][151  72 107 207 118  18 107 112 101  64  87 198  49  70 183 116 126 168
  23 239 233 146  36 206 212 169 170 128  45 163 114 245][194 186 150 155 106 160  56  71 190  31  82 245 172 198  98  74 167  59
 239 149  18  92 130 241 140  54  90 203 128  68 165 219][ 70  49 183 156 106 192  57 200 191 212 192 160 252 215 233 126 246 125
 255 208   3  67 170 209 217 178  75 207 146  35  39 243][183 205  10 158 221 183 198 239 215 130 232  11  98 248  63 160  89 234
  90 103 124  39  30 191  57  14 135  59 213 127 248 142][ 35 239  98  14 213 147 174 231  86   4  72 135  96 232  54   0  88 106
 131  69 214 186  28 191  58  44 142   9  85  30 248 204][130 178 178 154 107 161 184  71 159  31 209 179 172 206 102   8 239  59
 131 145  50  79   2 211 159  22  26 235 145  12 173 139][ 19 213  59  72  82 199 185 119 108  73 252  98  60  23 164  52 238 155
  86 168 195 171  48  93 113  44  42 202  81   0 167 189][ 34  45   2 136 212 131 174 103  20   0  88   2  40 194  33  64  72 170
  19 208  82 154   0 255  56   4 138 200  20  11 176 136][ 43  50 174  29 109  31 176 123  94 248 214 111 232 152 182 169 252  44
 246  37 197 243  87 220  22  91 251 183  79  44 121 159][ 23 241 225   1 182  31 174 249 126 224  27 238 221  12 222 164  55 205
  95 239 213  56  61 223  60  14 175 228 125 166 155 213][  3  27 103   9  86 147 168 114  84  65 114 230  40   8 180 236 110  42
 146 221 149 186 101 253   6  42 154 192  95 141 121 156][ 82 112  86 172  43 141 184  72 175 160 178 138 236 206  73  80 246 181
 127 224  64   3 155 221 149 240  11 190   4  34  35   1][ 32 175 104 101 116 203 111 119 100 100 126 172  51   5 146  16  42 174
   7 108 201 184 101  61 102 141  32 129 101 138 198 248][184 236 120 106  85 221  83 244  81   0 228   8  59 217  36  49 152 250
   2 106 106  62 120  63 119 221   0 121 115 155  70 170][  6 216 150 159  15 207 170 232 190 177 210   2 236 250  56  66 107 231
 123 211  66 217 155 245 157  38 207  70 149  42  33  10][145 153  63 123 147 222 226 229 252  81  98  16 254 216  44 161 162  59
  74  72 115 169  59 125 171 235   2  66  81   2 227 172][  3 132 139 189 150 166 174  95  54  67  90 215 241 162 176 104 119  47
  51 157 183 152  21  79  44  38 190 192 140  64 177 220][  3 158  62  31 117 157 178 231 238  89 122  68 172 184 182  96 165  35
  50   5 150 169  34 247  46  62  58 202  88  10 233 143][134 237  68 155 236 169 238 196 143  16 249   2 236 202 125  75 106 202
 127 211  82  54 202 241  52  24 142 232  21  91 241 128][135 223  61 251 172 164 125 181 157  31  21  48 157  87 248 107 135  19
  63  90 243  76  42 243 207 155 254 196  20 209 133 161][244 205  96 226 205  45 230 236 233  10 185  26 203 104  93  19 249 194
  78 115 250  35 216 226 191 220   7 124 193 251 210 128][ 56 157  30 253 225 239  84 247  61  27 124   0 127  63  32  25 173 187
 151   0  56 250  17  61 239 203 118  64 242  64 199 139][ 42 243 114  90 113 157 250 245 251  77 125 109  46 221 110 148 188 187
 151  80 215  58 186 247  63  29  52 234  90  14 203 223][  3 206   7 159 112 132  42 166 188  65  66 197 164 198  48  69 228  43
  27 205 231 152  22 253  36  54 154 128  28   4  49 220][ 34 183 112 136 246 147 190 239  31 101 120 235  44 204 182 160 255 155
 147  49 246  58 100 223  60  20 143 239  85  12 221 221][ 66 201 150 157   3 128 172  39 172  17  66   1 164 162  32 192 224  35
  42 129  86 153   2 237  37  50 222   3  16   0 173  14][ 50 223  66 172  91 135  94 238   5   4 232 207  47 202  38 208 126 233
 135 231  78  11  24 255 178 196 143  61  61 182  42  24][  1 141 115  73 116 153 229 119 109  64 120  66 168 136 180 164 106  42
  94  72 211 184  36 221  36  56   2   0  95 140 209 172][ 90  90 102 172  74 128  57  86 165   4 214 167  45 143 179  64 102 185
 191 197 198 155   6 237 208  32 186 137  55 149  45  91][184  76 107 124  68 130 231 244  84 130 118   2  51  73 177  97 120 232
   6 234 232 182  36  46 114 235 224   0 119 185 112 168][ 24 141 122 101 114 170 123 119 116   1 126   2  57  35 176 112 118 190
  23 136 240 184  37 111 118 175  50   0 101 192 225 169][ 90 132 148 185  25 237  16  35 175  23 139  25 174 178  10 196 129  55
 233  17  30   9 211 215 137 246  90  91 144   4 141  14][ 65 213  63 205 166  70 189 183 140  89 218  66 180  55  32  96 231  23
  59 136 209 153  49  69 229 174 254 132  16   8 165 121][ 11 157  54  24 183 221 180 103 237  89 122  84 172 216  38 228 165  51
 250  17 215 169  18 245 171 127  30  67  90   4 169 159][122 133 132 159 203  80 148 239 158  51 201  19 204 242  40 198 105 151
 234 129 126  75 223 215 191 103 222  95 187  76 153  14][225  44 253 117 164  47 105  23 121 187  54  88 147  33 212  59   3   4
 124  24 177 252 225   2 199 251 112  84 198 232 194  41][  8 140 122 117  52 238 113  55 124  13 126  16 179  49 130 112   2  62
 102   8  48 184  97  47 199 255  50  64 192 128 199  43][ 90  34 206 172  42   2  57  88  38 132 214 167 141 135   2  90 102 189
 239 144   8 219 195  84 208 161 122 129  36 128  37 107][ 42 135  96 202 252 177 202 105  87  17 221 242 105 104 190 228  90 139
 151 177 158  42  79 213  62  28 170 207  23 142 248 133][136 157  62 124  49 204 113 247 253  25 118  80  62 255  32 113 164  27
  85   8 242 169  50 119 251 251  48  74  66 128 235  43][ 39 251 114  90 244 153 255 245  91  93 117 237  42 205 254 180 254 154
 150  92 215 186 108 245  62  92   4 238  95 142 202 213][  1 140 123  89 116 142 105  55 125  73 118  80 176  17 180  52   7  42
  22   8 179 188  32 127 103 190  50 192 194 136 194 169][  3 149  19 154 247 149 184 103  94  73  89 119 172 216 190 228 255  43
 147   5 215 184   2 215  32  60  26 202  92   6 169 157][ 90  61  18 238  27 197  18  97 169   0 233   8  46 223  33  16 190 185
 157 226  74   3  26 253 179 213  11  59 114  34  39  19][157   4 106 236  38  50 249  80 116  66  87 146 217  15 187  96 126 185
 151 175 169 150  36 206 210 233 170 128  55 166 115 113][ 34 205   2 136  84 129 174 231   4   0  88   2  32 202  48  64 104  42
  19 209  82 170   0 255  56   4 142 200  21  10 176 136][ 76  16 152 165 164  44 121  18  42 171  31  32 223  59  65  90 135  87
 125  24  24  16 193  64 198 245 122 132 160 227   1   1][  1 142  62  27 126 133 179 230 238  29 122  71 180 232  54  96 165  43
  34   5 150 169  42 127 108  46  58  74  88  10  97 207][ 34 179 114 137 214 131 188 109  94  37  80 163  44 220  54   0 126  59
 147 177 214 186   4 221  45  30 143 231  21  12 245 207][167 241 164 145 205  61 228 200 207 123  21  95 128 216  95 175 217  72
 146  95 151 118 222 176  14  24 207 126 223 125 219 150][168 139 122 111 116 221 127 117 116  76 118   9  63 141 178  17 166 170
   7  76 192 184  32  61 103 233  32 129  98 130 206 249][  2 137  22 159 159 132 190 229 172   0 202   2 236 250  40  64 234  51
 187 193  82 137  18 253  37  48 138  74  20  10 177  10][210  77  18 156  19 128  62 102 172   2 202 163  44 150  33  80 230 187
 203 194  96 143 128 235 177  36  30  11   0  80  41  11][  1 149 139 171 144 166 175 247  54  65  90 214 245  50 184  96 119  47
  18 189 179 152  21  95  44  46 190 192 172 194 177 184][ 19  61  43 206  48 199  75 112 109  72 216  76 183  22 177  52 182 169
  21 239 201 154  52 125 177 188 170 168  60 130  51 125][178  76  74 188   4 162  78 118 149 130 240   2  59 138  49  89 120 233
  23 227 104 167   0 174 178 239 234 136  53 249 112 136][197   8 255 229  36  46 107  16 124  98 119  80 215   3 145 107 102 164
  60 170 177 212 117  66 197 235 227 132 228 225  97  33][209  66 207 229  34   2 109  53  32 226  82 230  81  35 145 123  54 197
  61 238 225 213 165  72 244 171 238 128  45 178  33  41][  3 158 143 187 240 166  40  23  62  91  66 213 180 231   0  72 231  43
  59 149 179 220  19 119  12  38 186 192 136   0 161 153][ 51 205   2 172  89 135  94 239 133  64 232 143  42 238  38 144 248 171
 147 228  79  11  16 255 179  84 143  63  25   6 170  26][ 35  50 174 173 108  31 176  88  78 248 214 231 144 152 182 168 236  13
 246   5 133 251  71 152  22  75 251 179  93  12 121 157][161 236 125  89  85 207 229 238  87  81 116   8  50  25  52  53  73 154
  18  72  98 190 112 125 103  27  84  97  83 152  86 234][ 90 126 227 220 114 176 191  86 161 132 216 231  45 167 165 212 110 255
 151 196 128 155 164 232  54  36 190 138  39 245  39 253][ 17 124 186  34  54 235 178  68 236 225 186  39 191 216  35  34 186 105
  94  17   6 225  20  40 248 197  46  19 205 115  43 139][ 40 213  58  72  91 149 189 119 132   9 252  34  56  23 164  96 108 147
 147 136 210 187  48 221 119  41 170 202  83   0 167 187][ 74  48 247 204 107 192  41  72 175 212 216 160 236 215 225 252 118  61
 191 208   3 195 166 209 153  48 139 139  22 166  37 245][ 82  97  82 172  43 143 248  72 175 160 178  10 207 202  33  80 254 165
  95 224  64   3 147 220 149 240  11 190  37  34  35   3][  2   9   6 156 148 128 172 103 148   0  82   2  40 138  48  65 104  43
  51 193  80 152   2 253  32  32 154 192  20   8  49 136][ 66 208  22 159  95 199 168 104 174 176 211   2 236 218 120  66 250 165
 255 193   2 211 155 221 157  48 203  11  20  42  53   2][ 34 175  34 154 221 225 158 231  22   5  72 131 160 236  54 128 217  59
 131 133 118 170  90 255  41  22 158 107 213  76 188 222][  9 197 115  73  52 153 236 103  76  64 120  66 187   8 180 228 234 171
  22  45 213 184 100 221 164 253 162 200  93 136 241 173][ 33 236 125  89  77 199 199 238  86  50 236  10  50 145  52  37  73  10
  18 106 107 175 120  63 103 154 149 116  83  24 212 170][ 10  35 115  65  66 178 169  83  45  37 118 226   8 134 132 220 102 157
 167 144 146 152  37 192  22  32  26 195 103 132  39 237][ 26 110 243 220 114 176 171 214 185 132 122 226  41 231 165 212 118 255
 135 216 128 219 166 232  50  36 190 138 167 245  39 253][ 54 140 166 190 221 197 215 238 151  23 128  27  98 232  54   1 201 234
 227  17 126 107  26 191 249  22 221 123 209 124 252 206][130 178 186 250 107 229 184  67 159  31 209  51 172 206 100  72 239  59
 135 145  50  79  18 211 157  22  26 235 144   8 165 203][ 60 140 228 246 165  15  78 248 121 187 177   8  75 105  93  27 217 205
   4 114 248 243  72 236 155 223 199 118 195 250 114   3][ 55  60 162 128 189 191 178 194 207 229 152  15 142 184 119   0 185  43
  91  21 150 185  20 254 152  28  15 115 221  79  89 206][ 19 241  97   5  54  95 175 125 126 224  90 198  89  28 148 164  62 141
  95 173 197 184  53 223  60  12 175 228  45 166 145 245][158 220 149 248 139 101  28 222 159  27 144 119 108 255 109 203 245  83
 191 147  38  71  26 243 211 210 223 191 154 117 173  19][166 234 228 153 237 185 184 200  14  53  20 159 136 140  87  11 205   9
 227 215 134 102 238 240  14  16 219 253 213  29  29 196][ 88  73 254 189  23 192 191 166 142   4  78 131 189 191  33  64 226 115
 187 193  66 152  18 189 231 229 158   1  52  24  37 122][201 188 188 115 164 172 117  23 248 187  54  24 190  51 192  59 133  54
 108  24 177 252 241  98 207 251 116  64 194 192 195  43][151  82 239 197  54  82 107 112 117 206 215 230  83 103 183 100 126 228
  61 238 173 149  37 206 146 238 226 128  39 163 116 117][ 90 149  86 188 155 192  22 105 165   1 233 163 109 254  40  81 250 147
 191 226  90  11  90 253 179 225  10  95  49   2 167  18][234 194  65 222 105  84  77  57  19  31 225 216  72 199 204 255  93 156
 235 170  89  86 235 211  23 114 208 190  18 164 230  36][  2 106  22 141  74 163 184  70 174 165 218 163 172 134  99  88 110 189
 235 129   2 155 131 208  20  36 154 131  21   4  39 203][ 24 192 119 125  42 219 149  47 252   2 226  32 255  86 164 224  50  49
 236  34  97 165  39  95 163 239 114   3 113  48  37  44][230 172  32 154 204  45 238 233 205  26 184  26 238 104 125  67 249 195
  95 179 250  35  74 251 189  30 143 236 213 122 113 128][  3 157  63  26 155 220 180 231 236  89 234  64 188 254  36 224 167  51
 250   1 215 169  50 245 187  63  94  75  88   0 169  31][ 24 141 122 239 114 162 123 119 117   0 126 130  61  47 160  80 126 187
   6 136 248 152  32 111 118 237  34 128  39 194 225 137][205 148 191 241 160 110 121  23 190  59  55  16 220 183 104 123 167  21
 125  56  49 213 185 194 207 251 114  68 128 192 161  35][100  33 217 225 244  40 107  18  35 161 127   8  23  35 209  80  54 206
  53 152  27 144 225   0 206 173  32 160 164 227  66  33][ 34 180 160 155 221 229 144 207 158  31  80  57 172 252 110   8 201  27
 147  17  50  78  90 247  13  22 158 123 208  12 159 218][130 201   2 156 132 128 172 101 148   0  82  18  44 138  48  65 106  43
  19 193 114 152   2 253  32  32 218 128  20   8 177 136][  2 141  18 142 159 196 190 233 140   1 201   2 236 218  56  64 232  51
 187 193  82  11  26 253  49  52 138  75  16  10 181  10][200 172 190 115 161 108 113  23 249  27  38  16 190  51  64 123 129  23
 108  24  50 236 179  99 207 251 118  64 194  64 195  43][ 34 204   2 152  84 129 174 231  20   0  88   2  32 138  48  64  72  42
   2 193  66 174   0 255  32   4 154 192  21  24 176 136][216 156  30 124  59 204 112 247 185  27 100  16  62 191  32 113 165  19
  92   0 115  79  18 119 243 251  82  75  88   0 171  11][151  82 111 206  20  70 107  80 117 206 215  70  83  79 191 104 124 228
  63 238 169 183  53 206 211 174 162 128  45 163 116 117][ 17 221  79 239 182 130 111 189 116  64  94 230 241 115 152  97 118 238
  28 238 249 152  45  61 236 175 174 192  44 146 177  40][218 188 188 177 139 105 157 143  27 119   4 187 172  63  74  11 167  19
 249 145  50  77 187 243 223  67  95 127 181  68 133 122][167 125 164 145 205 189 180 194 206 250  24  31 140 200 119  15 137 106
  19  87 214 116 218 240  14  88  79  63 220 125 217 214][  1 197 107 235 116 155 238  55  92  65  90  82 179   8 180 225 234 139
  22  45 253 184 100 191 164 237 162  64 125 136 249  12][ 34 161  42 137 222 131 184 109  30  33 121   3  36 200  52   0 248  59
   3 241  82 186  10 221  45  16 143 111  85  10 249 130][ 39 169  98  75 215 157 254 229  79  69 124 135  40 204  62  36 122 170
 147 221 214 186 124 245  63  24 134  97 255 143 250 212][ 82  97  82 232  47  15 248  72 173 160 251  10 143 154  37  80 254 173
  95 225  72  35 144 216 145 248  10 186 117  10  99   3][  3 134  48 155 246 177 186 203  94  65  89 215 140 200  62 192 223  11
  19  21 151 168  30 247  12  28  26 234 156  15 169 213][ 10  48  83 204 107 208 186  72 175 192 201 162 141 214 229 244 126  61
 254 240  67   7 166 210 148 245 139 175  54 134  47 181][ 28 145 150 239 169 207 114 185 167  25 111   0 255 255  40  82 182 179
 253  80  26 152  27 181 203 255  69  67 242   2 167  19][ 82 113  18 140  31 207 248  72 175 168 211   2 236 218  97  64 250 181
 255 225  10   3 147 221 149 176 139 187  20  42  37   3][ 23  73  87 184 130 162  46  64 164 128  74 194  29 198 161  72 102 249
  51 210  65 145   6 104 144 160 170 128  45 243  33 160][167  61 164 129 237  61 180 207 206 242  28  15 140 152 119 143 201  74
 242  21 214 124 222 144  46  88 207  63 156 124  89 150][ 17 225  97  69  22  95 235 117 100 225  86 194  89  28 148 164  62 132
  95 237 193 184  53 221  53  12 170 128 101 130 113 252][152 139 122 126  83 148 126 113 245  76 117   7  63 223  34  16 182 171
  23  70 252 187  48 255 243 233  32  11 115   6 102 203][ 41 229  53  91 221 223 197 239  79 113 161  24 146  88  60 165 201  18
  82   9 219 174 123 149  47 218  85 118  83   8 214 238][136 133  22  72 249 147 184 103 204   1 236  16  28  19  36 101 202  19
  19 168 114 171   0 213 119 185  10  77  82 128 171 168][ 35  50 232  25 118 185 185  90  94  77  85 255 136 200 247 140  30  41
 146 157 134 182 102 218   4  29 171 168 221 205  91 213][ 41 229  53 123 141 223 197 239  94 113 161  26 210  88  60 165 217  18
  82  57  91  46 123 151 169 223  85 118  81   8 212 166][151  63 194 157  82 134 107  82  49 192 198 199  57 195 183  84 126 237
  19 254 161 222 148 238 114  44 138 128 175 181  56 216][ 19 116 178 170  31 189 210  79  79 133 217  15  46 200 127   8 187 137
 203  21 134 163  30 202 177  92  29  59 205  94 123 206][152 145  94 108  18 194 155 105 212  64 243 162 113 254 162  96 122 181
 158 225 125 175   5  31 240 231 170 129 125  34  41 155][ 50 140  72 250  49 135  90 111  23  13 237  21  34 207  38  16 217 171
   7 148 122 170  90  31 235 223 149  73 121  10 234 154][154  68 114 224 228  50 254  87 121  74 223 147  29  15 188 100 255 147
 151 174 240 151  36 198 114 253 186 132  39 213 225 209][ 49  93  67 175 116 135 111 112 117  72 121 100 119  86 184  52 126 170
  22 239 201 146  36  63 164 252 168 128  60 131 114 253][ 25  30 122 237  22 242  91 115 116  69 207 178  83  63 178  96 114 188
  61 136 188 152  37 142 195 239 170 129  39 162  52  99][180  13  75 188 212 162 207  82 148 130 250  66  49 234  49  73 122 227
  31 227  56 163   0 234 240 166 170  24 181 121 112 128][ 29 116 181 174  31   0 151  89  97 135 185  39 255  89  10   6  59 193
  77  39 202 231 219  75 240 244   7  30 239 119 163 226][158  59 102 221 210 134 171  82 185 132 214 231  41 199 183  93 110 249
 151 222 160 222  36 236  36 104 170 130  47 181  35 253][ 88 196 115 108  42 210   7  47 118   6 234 160 235  87 164 112 114 181
 236 162  72 141  39  31 177 231  50   1 117 130 165 104][  1  48  46 169 108  31 184  80  78 105 214 231 149 152 150  40 238  13
 126   5 133 191  71  16  86  41 122 129  77 136 121 157][ 82  32  78 177  64 134 105  19  53  37 102 149 145   3  18  88 100 141
 109 156  10 218 209  64 198 169 154 192  41 128  34 218][ 18  43  10 169  18 160  56  70  44   5  90 167 173 142  34  64 102  47
 175 213  22 152   1 224 148  97 186 193 132   5  45 217][126 157  80 168 187 227  26 234 135  48 248 160 205 255  32  80 222 179
 191 224  26  11  90 253 187 245 139 255  51  39  38  18][166 106 164 145 237 189 188 198 142 190  24  31 140 136 119 138 201 105
 243  87 198 116 194 240  13  81 223 255 212  93  85 198][ 32 204   2 136  84 129 138 230   6   0  88   2  32 136  48  64  72  40
  19 195  66 170   0 191  32   4 154   8  21  24 112 136][129 205  51  91  52 141 235 244 252   9 119  80 243 192 188 101  90  42
   6  74 227 188  44 255  36 248  34  72  80 139  97  45][  3  41 145 145 246 219 176  71  94 224  90  98 132 152 247 168 171  43
  18  17 199 248  69 216  12  18  63 167 212  76  89 143][  7 120 147 180  35 164 185  66 170 203  26 197 188 190 101 138 167 127
 241 149 129 197 146 224 129  54  91 170 140 117  43 211][182 111  98 202 205 101 222 192 129 150 153 139  10 204 119   3 204 249
 215 247 216  39  74 224 179  16 143 191 213 127 246 210][ 93 203 109 239  52  14  79 184 100  72 214 192 243 103 145 113 118 228
 124 238 201 128 125  61 224 235 227 144  44 179 112  57][ 88 221  62 108  17  86  95  53 165  68 206   0 123  55   2 115 100 246
 253 234  72 137  49  45 243 235 228 145  34 178 164 106][155 112  82 136  91 209 178  72 239  64 229  34  44 218 111 244 126 185
 146 227  71   7 150 223 146  85  11  43  63  38  43 150][ 45 116 160  35  61  63 195 216  67 255 185  77 210  89  95 174 153 204
  84  63 139 102 253 146 205  92   5  60 203 255  82 198][187 105 102 221  93 148 233 254  20  68 192 199  41 135  53 197  92 234
  19 204 139 158  86 239  39 122 154 136  31 149 112 248][168 224 106 121 101 209 240 212 214  93 116  35 147 153 251  13 200   8
 147  72  70  54  66 145  70 217 242  45  95 157 120 203][ 87  78 206   7  32  34 239  49  36 198 251 199 241  35 151  90 110 228
  61 142 200 148  69  40 132 238 234 128  45 242 112 120][230 177 180 201 233 109 144 203 139  61 177  57 140 158  76  27 143  27
 251  17  18 106 218 209  13  16  93 127 208  77 135 195][171 114 234  25 230 187 184  95  94  71  84 247 153 200 255  40  62  41
 146 189 183 182 100 210  70  13 186 168 221 220 219 213][218 166 174 176 173 113 188 207 179 255 150 187   8 172  94  11 171 199
 253 149  62  79 166 194  90  83 255 231 133  68 183  90][218 174 172 187 139 233 156 135 155  63  28 187 173 237  82  11 167 243
 253 145  54  76 202 243 223  83 221 251 182  92 149  91][  9  48 122 169 110  15 248  80  68 105  86 231 149 152 146  40 238  13
 126   5 135 180  69 128  84  41  58 128 109 136  57 153][130 201   2 156   4 128  44 103  20   2  82  18  40 138  32  65 104  42
  19 192  98 156   2 255  32  38 154 128  20  16 177 136][ 64 156 158 254  75 228  49  39 189  19 224  49 188 191  32 123 199 179
 251 128  39 111  18 253 215 179  82  11 208  64  39 154][148  77  10 172 204 128 175 115 132 130 219  18  81 227  49  66 104 227
  23 235 120 163   2 106 240 165 174 136 165 123 177 160][218 148 190 240 139 100  61 207 187  63 134  19  28 191 104  75 167 151
 253 144  50  79 179 210 219 211 222 103 144  64 165 123][ 82 141  18 138 157 229 210 227 143  13 217   2 174 250  32  64 216 187
 143 129  26  11  10 255 185 244 138 123  16  10 189  10][ 27 111  70 220  21 150 203 254  20 196 192 199 105 195  53 196  92 234
  19 204 171 143 119 239  35 254 154   8  31 149 112 252][ 37 207  75  79 116 131 238 240  84  66 127 198 113  65 188  36 126 106
  22 238 193 176 109 127 102  46 162 128 127 155 248 213][  0  32 110 113  64 140 105  83  37  29 246 149 145   7   2  88 104 140
 103 156  10 216 193  64 199 169 178 192  33 128  38 248][ 92 213 122 234  61 157 123 248 102   8 191   8 123 223 232 112 182  88
 255 122 210  33 185  63 251 237  33 220 114 131 224  35][ 39 173  98  65 213 157 250 227  79   1 252  10  40 216 126  32 248 171
  19 209 150 186 100 253  63  28 135 111 215  14 114 142][253  18 231 229  86 102 235  80 112 206 243  86  81  31  61 120 124 133
  63 189 169 183  53 206  85 175 163 132 165 163 116 115][200 188 189 115 169 236  53 151 187  31  38  16 190 183  64 123 161  83
 232  16  50 109 179  99 223 251  86  75 194  80 135  43][ 58 170 160 168  31  15 214  73  31   7 209 159 142 204  82   0 187 201
 207   7  94  39  90 147 147  85  29 191 247  47 247 198][114  81  82 232   7  79 250  72  45  40 249  10  15 154  45  80 250 141
  95 227  72 163  16 200 145 248 138 186 117  11  99 131][ 37 164 165 131 253  63 195 152  71 253 153  93 194  73  93 140 217 128
  95  61 138  96  91 144 143  28 133 124 218 207  80  96][120 159  13 172 120 211  18 107 140  12 136 105 182  62  34 211 200  35
 223 227 108  11  64  61 176 241 170 187  16  10  62 203][ 24 141 122 110 213 230 110 115 117   0 111   2 123 107  48  80 120 170
   2 168 120 186  16 175 115 239   2  65 115 194 224 138][167 253 166  30 185 185 150 239 223 243 184 189 238 248 126 143 143  99
 250  23 246 111 142 243  58  86  93 255 220 125 155 223][  6  10  70 185   0 132 169  17 164   4  67 199 129 143 179  72 110  41
  51 215 144 144  87  96 196 160 170 192  45 131  33 208][ 50 159  18 170 189 161 146 111 159   1 201 103 238 250  32 192 216 187
 139  49  58  43  72 255 184 212 138 123 152  10 185   3][254  32 242 224 107 125 210  64 171 181 181  25  78 223  69  27 171 213
 221  51  40 103 184 192 155 209  13  63 195  39  71  71][147 112  90 140  91 209 154  72 215 128 229 174 104 218  47  96 122 185
 154 227  46   7 158 223 146  68 139  59  61  39  43 150][  2 204   2 156  20 161 142 230  20   3  88   2  32 138  48  64  73  42
  19 129  66 172   0 255  32  38 154 128  21  88  48 136][143 102 232  25 198  55 173  95  92  71  85 151 153 172 190  41  63  11
 146 189 183 182 116 194  70  13 186 164 255 252 219 212][231 191 166  26 171 185 158 239 223 219 152 253 236 232 126 143 135  99
 255  23 246 107 206 243  42  82  95 251 221 124 155 159][156 141 203 226   4   2 111 240 164 178  90  66  85 227 121  67 122 236
  55 234  73 145   8  40 248 129 239 132  36 243  48 168][166 111  32 136 205  37 222 226 137 134 184 139  40 236 119   3 201 243
 211 103 104  35  82 234  49  20 142 187 213 127  86 218][169  96  96 169 108  11 233  80  69 104  87 223 157   9 146  12 110  12
  55 141 133 182 197 210  84  56 186 168 127 140  89 149][128 212  63  92  32  44 181 121 236  26 117  80 116 211  40  97 244  24
   6  42 227 165  50  93  83 170  98   8  80  96  97  35][  2 152 159 254 203 224  53  71 174  23 104  33 188 247  32  88 225  59
 179 128  18 219 178 113 213 183  90  11 144  64 167 250][ 39 135   8 203 220 181 202 184   7 121 189 219 193 110 222 236 221 138
 191 253 158   2  79 151 141  92 139 252 157 143  88 148][135 190 164 147 175 181 188 239 219 255  24 255 236 232 222 139 175  99
 255 149 182 108 206 243 172  82 223 251 221  84 155 223][119 104 110 254  20 130 203 224 209 192 210 131 113 204 183  97 124 237
  61 199 204 199  38 237  82  41 175 128  37 179 112  88][  3 120 147 180 115 164 186  70 187 129  88 229 188 190  97 136 167 123
 149 149 131 154 146 226 153 212  30 170 140  85  43 155][159 211  82 200 131   6 124 117 165   0 207  86  93 147  40 197 118 149
  59 236  89 155  16 196 187 160 206  70  55  18 168  32][217  91  69  79  36  14  75  56 101 200 242  68 115  67 145 246 116 228
 124 238 201 148 125  45 128 168 225 128  43 179 112  57][210 190 140 187 171 225  28 135 159  63 152 187 172 255  66  75 167 243
 237 145  50  77 138 243 223 211 223 251 148  84 141  27][210 150 188 252  11  36 156  46 155 150 128 183 108 238 102  91 231  81
 233 163  32  77 139 218 219 243  95 191 149 100  39  91][163 175 229  85 124  63 175  34 217 238 186 222 224  44 158 167 142  98
  82 109 241 254 100 234  53  30 141 178  71 109 215 237][124  20 111 225 116  98 233  27 100 195 123 179 209  31 184 104 122 148
  55 176  25 181  53 204 213 239 162 196 165 233 244 242][190  98 192 227 236  31 206 200  19 186 149 218 195  76 223 174 217 200
 223 127 206 102 205 146 142 221 165 189 207 191  90  20][ 54 174 226 234  85 211 210 200  83  13 249  11  43 216 126   0 217 137
 151  17 142 186  76 179  27 221 156 111 215  14 126 142][ 66 136 144 232  91 193 184  74 143 153 176 161 140 158  96  64 238 177
 203 145   2  11  66 221 157 144 155 255  16   0  37 139][208 188 148 250 139 236  52 135 187  31  32  48 174 251  64  91 163 115
 237  16  50 109 154 243 157 242  86 107 192  80 167  11][ 34 204  11 140  84 161 134 230   6   0  88  66  32 136  49  64  72  42
  19 193  66 168   0 191  32   4 154 128  21  88  48 136][  3 195  42 158  72 148 172 125 132   1 212 199 233 206  62  96  92 155
 187 141 206  15  71 207  48 114 158 136  21 146 168 156][124 229 122 104 180 143  95 216 118   8 252   8  83 211 233 112  63 200
   4 122 202  50 169  63 250 205  37 252 114 187 226  33][  0  18  14  57  32 140 105  19  38  25 103  85 145 131   2  89  64 140
 123 156  26 156  83  80 198 185 154  65 136 128 106 138][188  99  34  58 109 233 210  72 211 236 181  57 111 233 123  25 218 233
 199 199  12  99 202 176 219 209 109 251 247  63  70 195][195  28  55 157  50 178 185  50 252  82  66 214 253 182 177 233  38  39
  58 239 165 157  55 127 144  42 122 192  12 133  33 125]