[114 182 187  62  91 237 145 115 187 237 189 125  46 253  70  16 165  63
 239   0 183 107 186  95 219 151  49 251 216   6   7 215][220 252 157 242  41 237  83 152 187 191 133  45 254 247  75  91 151 117
 237  82  42  69 218 179 203 211 101 127 146 123   7 115][220 120 191 231 168  79  95 156  49 186 183 104 223  87  73  59 183 213
 125 122 233 229 249  42 251 219 101 148 226 243   7  51][ 94 241 248 224 131  94 186 152 171 249 191 139  93 159  94  50 167 213
 253 247 150  69 184 192 251 217 175 247 167 183 135  83][105 120 243  69  69 222 229  54 105 232 118   8 186  17  21 182 168 124
 118  72 193 252 241 104   7 248  80   0  75  56  66 174][ 51 141 226 143 212 147 238 255  87  65 222 198 104 232 182 228 120 234
  62 253 159 187 109 255  62  44 135 192 255 206 248 220][ 67 191 191  54 250 228 187 251 187 255 153 237 188 255 198  50 167 127
 253 149 247  75 186 115 219  54  63 250 136 100  39 251][199  44 230 145 236  58 248  67 255 251 146 151 140 172 215  43 239 143
 127 149 180 247 231 194 156  26 219 228 133 228 115 213][ 71 189  83  70 114 206 107 240  61 224 110  76 120 247 165 244  54 238
  18  78 193 153  56 111  61  60   5   2 106 163  98 116][121 174  40  48  57 157  80  55 251 125 140  29 175 136  82  20 129 174
 236   5 158 107 230  23 218 215  17 123  74 132  90  95][134 132 134 157 156  34 168 235 150 147 211  18 192 234 120  75 121 110
  59 177  48 215  75 222  28  38 223 196 149 105  48 128][172 108  29 103 104 236 101  18 164  26 252  80 183 147  73 123 200 178
  78  42 105  52 242 106  71 153  96   8  66 241  98 169][169 130  20 181 117 187 185  55 116  37 118  50 175  41 146 196 107  38
 234  13  52 252  65 143  78 255  90  65 231 140  89 136][ 96 172 120 119  16 174 113  23  48  37 231  25 179   3   2  16   0 190
  77  24  24 156 209  39 199 175  48  80 224 128 198  42][127 106 233 100 108  31  79 248   3 236 180 205  99  77 151 182  28 228
 117 110 200 119 253   8 242 249 229 180 103 191  86 124][ 86 186 170  30  91 240  51 114 187 223 135 189 108 238  70  94 229 239
 253 149 151  79 254 247 155 119 187 251 170   5  47  87][ 41  93  51  86 229 205 245 101 237 138  42   8 182 145  37  54 136  50
  74  72  65 169  50  42 231 220  22  26  74  90 194 170][126  80 238 124  75  92 211 216 163  94 180 173  91 221  63 191 252 213
 253 227 205 103 178 137 211 251 229 159 111  61 126 115][188 151 124 227 182 187 218 252  85  36 253 162  91  93 184  33 126 154
 135 106 248 184 109 191 106 203  33 213 119 139 212 163][202 142  38 154 245 208 248  39 253  77  86 145 172 206  54  84 195  35
 187 149 246 141  34 255  47 127 154 203 134 132 245  94][ 84 106 154 176  98 168 120 214 170  55 106 189 151 131  73  26 167 255
 109  20  10  80 130  32 212 197 112  37 160  81  11   3][ 88 241 248 229 188  94 119 158  99 169 190  32 219  63 216  98 119 214
 253  88 218 169 241  32 239 237  36 213 230 154 212 123][ 23 109 135 143  29  87 174 236 180 226 202  67 232 250  51 225 248 237
 123 231 237 211 223 238 181  54 207   0  13 119  57 220][139 244 101  81  34 223 173  53 124 114  18 214 249  30 148 165  39  17
  31 175 241 252 117 223  45  26 255 196  79 132 193 253][223 113 238 140  42  82  63 200 173 196 214 163 237 222 183 127 118 253
 255 231 196 195 175 200 242  97 175 139 167 119  47 117][ 89 188  26  56  25 189  80  39 255  81 164  28 174 146  66 180 161 170
 236  13 159 111 178  23 154 255  16 123 106   4 139  15][223  74 224  21  98  18 170 216 119 238 210 231  73 106 151 220 127 205
 175 255 172 244 141 218  28 110 255 132 175 181  60  85][ 71 158  13 175 250 166  43 191  54  91  75 245 245 103 168  80  87 199
  63 181 187 152  91 127 236  38 190 196 188 194 161  89][247  69 110  68 108  30 239 112 233 218 190  12  91 104 151  51 172 229
 117 239 236  99 162 200 114 249 227 152  69 243 114 193][  9  42 202 177  36 185 105  18 126  71  86 180 175 131 147 205 194  42
  38  28 134 220 101 224 198 219 242 128 134 133  89 204][  6 154 238 155 162 184  56 134 190  87  75 245 173 198 186  77 103  43
 171 149 150 220  15 241   6  50 250 193 156 197 173 213][  5 213 125  71 244  14 111 184 125 232 118  64 211 115 157 117  94  92
 126 106 225 240 121  60 111 186 103 132  66 179  66 161][  4 129  45 177 188 175 233 154 142 249  27  17 213  43 120  73 233   3
  59  29 146 248  89 212 205 147 251 100 144  73  17  98][ 11 246  64  67  49 187  66  29  87 169 189 252 203  81 216 164  31 158
 222  24 175 180  77 159 174 223  21 246 238 142 202 173][101 114 219  64 120  11  99 216 233 216 176 236  18  70 205  58 190 212
  70 120 137  39 228  72  62 152  37 252 201 179  66 177][ 60  17 254 239 164 110 124  57  37 170 255  33 223 127 137  90 254 246
 253  42 152 177  73   8 199 239  97 128 230 251 228 211][ 58  50 230 121  51 255 113  83 119 125 119 181  11 157 134 252 111 188
 245  20 159 188 119 146 207 255  16 195 227 132 110 223][ 96 141  55 218 253 217 231 239 255  12 254  42 170 240 164 229 232 186
 110  72 123  43  99 255  61  62 150  90  83   8 245 175][125 117 120 102 173  31  95 188  97 232 189   8  91 121  95  54 156 212
 252 106 201  35 249 168 251 221 101  60  99 255 194  35][  1 140 159 191  20 134 163 165  30   3  75  86 244 242  40  64 209 107
  34   9 115 216  27 127  37  38 186   0 152  74  49 168][  1 142 219 101  52 170 235  50 116   3 123  80 247  33 144  96  51  44
  38  12 177 188  69  47 204 174  50  64 228 129  65 160][ 66   8 214 217 117 188 224   7 191  25 114 240 172 154  52 204 198  59
 190  17  51 188  67 213   4  62 218 194 156  12 217  13][ 91  33 231  68 211   6 253 127  49 228 254 139  25  47  23  54  62 181
  93 173 200 219 181 204 251  94 143 128 103 164  39 108][190 151 254 124 139  95  87 191 151 254 190  63 122 253  47 115 253 222
 253 162 252 101 123 159 251 255 101 191 243 124 212  95][239 178 244  64 235 253  89  19 235 127 183  60   8  30 198 190 143 133
 254 144 190 111 245 192  95 219  17 247 199 133 206  71][114 182 218  62  91 249  49  65 191  77 229 189  78 198  46  28 187 185
 206   0  62  15 186  87 219 247  16 123 243   5  47 215][137 194 230  85  52 154 105  55 125 103 119 148 239   0 150 244  51  44
  38  12 228 252  37  71 198 255 112  64  70 128 219  76][163 221 101  15 118 151 174 236  95  96 219 230 112  92 180  36 222 238
  54 239 229 186 109 255  60  62 141 146  93 142 240 141][ 88 188 154 117  49 233 113   7 191 165  46  24 191 179  64  16 161  62
 236  16  26 125 146  51 223 247  20 123 194  72  71  42][182 228 102 230 221  79 230 232 127 170 251  10  74 248  29  16 249 205
 127  99 104 247 217 255 191 222 199 119  97  59  82 130][245 121 146 126 109 221 112  72 235  72 241 104  62 216 101  58 170 249
 108  66  79  39 146  33 147 248   0  59  73  59 107 143][249 241 236 101 168  30  93 189  96 248 182 109 219  61 218  51 132 198
 125 126 205 112 249   0 255 201 101 180 106 178 202  91][ 43 255  66  10 119 153 130 255  95  13 120 231  34 192 166 132  94  42
 130  84 198 186   4 191  40  84  36 235  94 142 216 221][ 87 186   7 188  41 142  43 192 175 200 194 204 236 198  37 116 246 237
 126 199   7 215 154 253 144  54 139 170   8   7  35 117][ 76  96  27 104  40 204  91 152 162  29  38  40 159 215  73 122 166  25
 109  90   3   1 162  49 209 169  32  76 130 147 166  35][ 41 173 114  75 117 159  99 112 109 104 124  76  51 192 150 180  24  40
   6 110 207 186 116  63  39 220   1  32  74 138  90 172][109 180 244 119 253  63 117 191 235 251 191  40 223 121 156  62 143  70
 127  56 155 233 233 213 255 255 117 212 194 234 195  33][110  95 226  86 193 148 127 244 161 206 127 141 104 239  55 150  46 230
 213 206 192 147 184 236 115 125 192 139 107 247 238 243][248  47 126 108 114 146  87 112 161 140 254  32 123 227 163  17  62 228
 196 234 108 131  32  14 243 235  32 137  99 163 110 227][171 169   2  88  77 153  96  99 229   8 252   8  42 145 166 148 232 168
 206  12  94 175 130 213  22  89 128 123  75  12 122 134][ 41 177 188 124 221 221 208 111 127 121 100  28 174 184  86 177 201 170
 226  17 159 122 242 149  31 255  84 107 219  12 202 142][ 18 189  19 186 123 228 176 103 169  13 232   1  44 222  36  80 162  59
 131   1  18  11 146 245 145 180  26 107  16   2  39 155][253 125 107 101 100  78  79 184  33 232 254 202  83 117 145  49 124 244
 125 234 201 178 249  44 247 233 229 132 111 187  86 113][ 90 221 126 190  27 208  31 111 190   6 204 163 236 239  34  81 230 123
 235 193 102  11 166 253 243 103  90  59  54  20 165 123][150  43  42 178 219 229  59  64 180 212 197 151  13 199 115   9 108 185
 131 215  50 215  18 232 219   1 139 201 177 165  39 210][144 214 252 249  42 104 177  15  62  23 118 179 172  31  42  73 103  19
 175   0  34 148  35 211 198 163 122   7 148 200 133 251][228 173 134 142 221  79 230 232 151 170 249  10  98 248 121   0 249 206
 123 227 104 115 219 255 189  22 207  61  81 123 112 130][ 75 158   6 247  53 190 105  55  61  15  95 144 175  55 146 244   7  54
 253  12 176 220 225 207 142 255 154 193 134 132  27 169][103 184 160  16 173 189 208   3 235 255 149  29 138 136 214  30 129  14
 125  29 150 109 242 144  14  92  21 255 202  76  91  87][103 253  67  70 208 222 111 180 121 224 111  76  80 247 149 180  52 238
  80 238 193 154 188 110  47  62   5   0  75 179 194 244][125 100 241  69 213  94  71 184 113 230 254  10  75 117 151 182  90 212
 204 106 233 242 237 206  63 254   5  22 231 255  70 228][220 180 189 243 169 111  83 152 191 187 179 120 223 127  73 123 183 213
 125 114  59 101 251 176 219 219 101 246 194 115   7  51][ 24  89 191 188  43 196  23 102 173  68 236  32 126 247  35 112 166 243
 233  64  73 139  50 111 241 247  74  27  80  48 167 123][165 102 168 179  44  61 241 216  91 255 181  55 150 249  91  10 221  76
  95  31 174 116 237 130 198  95 115 182 197 253  90 195][130 152 178 216 241 188 248   7 191  25  82  81 140 158  52 248 227  59
 191  17 150 156  18 209   7  62 154 203 156   4 169 159][ 78 249 183  18 233 197 185 196 170  61  65  40 236 215 105 158 134 127
 243  83   2  83 170 113  13  16 111 234 130  19 135 227][127 229   4 163 189  61  78 188 207 121 159  77 223 120  90 166 205 199
 252 255 159  35 121 181 168 221 143 246 218  95 152  84][189 124 254 111  37  63 215 216 118 238 245  29 219  88  63   8 221  76
 206 119 172 247 125 170 243 255  37  21 239 255 123 211][ 37 169 152  34 253  29 198 205  75 185  56  72 130 184  87 154 153  78
  70  95 222 122 200  48  62 221   5 127 200 123 218 134][171 207 108 143  92 211 206 232  69 100 212 175  97  76 183 161  90 232
 147 239 237 178 109 189 118   9 169 177 127 191 120 220][ 34 252   4 154  89 197 148 231 158  23 200  17 172 222  98   0 201  59
 243   1 114 110  90 247  45  22 158 123  16  92 135 218][105 113 168 108 108  29  85  21  67 236  60  13 179 217  83  48 152 236
  68  76 200  34 240  24 227 221  37  57  90 250 214  90][144  92 159 190  28 198 151 156 150  26 194  16 247 247  41  75 217 113
  59  98 104 197  27  63 225 163 251  24  16 121  53  58][185 181  29 101 177 111  69  59 112 234 175  88 215  55   8  53 145  20
  92  40 121 228 113  31 235 223 101  84  74 224 195  51][ 98 118 242 222 107  96 156  77 155 143 249 185 108 254 109  90 223 253
 239 162  72  71 202 195  19 182 223 191 145 118 167 155][201 135 246  83 177 248  68 167 255  85  47  20 239  98 158 212 163  70
 236  28 182 201  45 247 170 255  20  67 194 196 233  76][ 33 132  76  39 148  47  78 191  84 226  75  76 211  32 154  32  89  70
  24  47 253 176  93  31 236  14 165  84 108 202 216   0][217 148  23 122  55 251  48  79 255  11 114 112 126 248  44 240 179  59
 236  16  39 173  34  95 155 255  48  75 208   0 107  15][ 90 149 121 110  27 212  19 233  21  65 253  50 120 255  44 116 122 155
 181 226  91  43  59 247 243 239 138  79 119   3 164  98][ 67  13 198  21 136  38 108  50  52 226 202  69 177  34  17 215  72 230
 122 140 137 218 213  72 172  62 223  16 138 244 120  28][ 89   1 106  69   2  18 121  20 100  97  70 130 217  39 154 106  54 132
 121 236 144 144 181  64  87 109 234 132 167 182 163  96][ 88 185 147 110  25 204  82 150 163   9 238   8  63 247  64 246  32 246
 232  88  91   9 186  49 251 245   4  91  98   2  38  42][ 19 207  98 143  86 147 238 241  31  37  91 199  72 206 182 196 126 173
 151 199 196 185  12 255  52  60 143 132  55 190 249 212][218 235   3 170  58 193  27 232 170  12 128 233 239 198 200 214 134 241
 237 210  74  11 234  49 153 208  43 251  16   6  39 107][  8 158  23 185 240 230 177 247  60  91 122  84 188  55  32  64 167  51
  35  29  51 184  19  95  77  54  58  72 208   0 161 169][114 181  50  96 185  29 152  99 169  40 184  41  14 157 110  48 142 151
 213  49 218  43 192 213 187 220  12 251  71  14 134  95][202  95 174 254 232 132  61 247 189 142 118 133 172 239  35  83 230 115
 175 196 226  77 178 235 243 183 254 137 144 208 167 123][ 88 255 188 115 186 204  31 183 170 189 186 173 191  62  66  82 167 119
 253  81 210  73 235  53 235 199  63 241 160  80 135  91][ 78 114 243 210 107 124  57 216 187 251 151 254 220 215 203 190 255 221
 255 146 131  87 235 192 223  81  63 174 142 247  39 243][184 177 123 122  93 205  81 117 235  21  37   8  62 151 104  48 160 186
 194   0  10  43 178  21 211 217  16 123 114  10  70 170][164   1  26 162 197  45 236  65 141  24 177  26 157   8 124  11 232 129
  19 179  50  39  16 192 181 217 138  44  81  75 241 128][218 172 158 180 131 232  52  39 188 211 194 177 175 190  34 219 163  55
 237  17  52 205 130  66 219 227  94  75 160  68 175  74][177  52 107  44  84 111 194 120 113 200 241  77  83  24  31  48 216 172
  20  47 237 183  84  14 210 237 160  20 109 170 122 210][244  32 158 252   9 108  80  72 163 150 160  25 103 219  73  27 169 149
 109 146  10 103 154  17 211 227  83  61 224  32 102   2][114 118 224 206  73 116  92  79  59  15 253 187 104 174  77  94 221 223
 245 128 136  87 227 195  23 254 222 139 135 246 230 111][ 53 123  88 200 126  19  86 216  71 160 252 238  83 193 231  48  94 200
   6 122 207  50 108  60 122 141 165 188 127 187  88 149][177  78  74 237  92 175  70 114  84 142 234  66  99 225  49  80  88 236
  10 172 232 190  69 191 181 238 130   0  49 250 112 136][ 48 109 138  37 157  75 134 238  82 164 136  11 162 168  19   0 216 110
 200  81  60 235 209  46 249   5 149  49 193 120 222 202][ 88 143 110 125 176 186  79  55  52  78 222 229 243 103 146  81  86 230
 253 174 248 137 101  47 226  47 238 144  37 226 148 121][ 68  52 189 163 188 173 235 154 142 185 155  74 148 153  89  10 165   3
 123  29 131  33  27 240 221 152 143 116 128  91  17  98][ 39 189 149 154 253 229 144 207 223  85 216  87 172 252 110 142 205  75
 130  21 183 106  90 243  41  22 158 126 216  76 185 223][ 67 149 109 173 240 102 107 191  54  93  94 228 245 119 154 113  87  78
  61 173 177 152 253  93 236  43 239 196 188 224 176 113][ 71  56  15 156 122 174 171  74 175 200 202 196 180 214 183 116 230 173
 126 197 129 131 182 221 144  52 139 138   8  33  35 245][ 29 159  27 103  48  46  99  50 116   8 127  68 247 115 136 112  54 118
  12 106 249 184  17  47 224 239  32  64 104 227 104  33][ 39 205 102  27  28 131 238 236  95  32 203 195  96 200 188 164 216 235
  50 239 247 186  79 255  36  30 139  64  93 159 249 140][189 124 182  47  61  63 210 216 253 238 191  21 207 121  59  15 219 229
 221  55 172 229 121 170 243 219  71  23 235 127  73  87][146 182  59  56  90 239 177 123 190 109 249 189 150 254  14  16 191 187
 255  33 179 139 242  87 221   6  59 250 192   0 135 243][188  68 237 227 148  38 203 216  69  10 255  18  83 105  57  11 121 196
  21 251 184 182 105 138 227 235 225 196 231 251 112  32][ 43 161  96  11 213 223 226 109  83 101 109 143  35   8  94 180  88 138
 130  28 223 186 124 183  47  92 149  97 127 142 218 220][ 33 133  48 117 149 157  70  39  89   3 238  24 182 121  28 180 152 162
  66   8 121 184  80  47 167 220  20  16  74  72 218  14][109 180 189 251 236 109  85 153 123  59 189  88 222 119  72  59 149  22
 110  24 147 102 251  17 221 255 117 126 208  74 199 163][ 56 237   3 239  20 206  75 184  52 128 202  66 243  83  24  96  88  92
  26 106  73 144  89  63 233 172 167  68  56 139 112  40][162  72  32 222  77 197 194 238 199  18 224  10  34 216  61 128 200 226
  91 195  74  47  90 189 179 216 144  59  81  25 112 138][ 74 159 158 191 187 164  60  39 191  87  74 181 173 110  34  75 199  51
 171   5  54 136  83 231 238 247  94 203 158  68 173  91][208  32 149 176  73 108  80  75 186 179 162  25 150 147  64  91 161 133
 104  16  58  79 211  64 221 130  91 124 128  64  39   2][197 148  29  65 176 111  65  59 117 235  47  24 214 115   8  61  17  20
  92  56  57 244 113  30 207 191  81  84 202 225 195  32][ 51 141 102 142 212 147 234 253  87  69 222 135 104 236 182  96 120 170
  31 221 159 187 109 255  62  46 143 208  63 142 248 220][252  52 189 243 169 111  83 152 251 186 181  88 223 127  73  59 151 213
 125  58 187 103 251 178 219 219  97 118 194 235  71  51][ 29  78 198  47  20  10 111  56 116 132  79 130 243  97 179 196 122 236
  32 238  72 176  13  46 224 231 161   0 103 187 120 128][  5 217 149 155  60 133 163 136 158  25  67  84 244 210  40  72 193 106
  42  95  19  64  91 117 141  50 250  72  24  11 177 160][127 237 244  76  93  91 214 232  81 230 238  10 106 124  23 180 249 212
 240 106 108 227 253 142  59 255  69  23 231 127 126 110][150 120  47 250  25 229  27 216 132 220 196   5 176 215  41  75 204 249
  91 210  43  71 122 105 193 208 138 184 144  19  39 250][100 246 244 239 253  75 246 232 123 174 249  42  74 120  13  16 219 221
 238 115 104 103 201 222 191 254   5  63  69 123 118 131][ 90 205 126 190  27 208  30 238 174   4 204 131 109 255  34 209 102 243
 249 195  70  11 142 253 243 231 218 155  54  22 175  10][ 37  73 125  69  52  78 111 184 108 232 126  64 211 113 157 116  84  84
 124 106 193 176 121  76 239 191 101  20  66 187  66  33][192  28 159 181 196 236 165  66 188 154  66  80 180 179  97 107 225 119
  58  10  33 245 146  96 197 162 122   0 152 121  33 170][121  99 107 108  44  95  79 120  65 236 244 206 115 205 151 180  24 228
  85 110 201 167 236  13 242 237 161 184 111 190  86 244][144 245  31 186  90 192 180  65 188   1 193 114  52 215  40  65 230  59
  75 194 114 143  18 127 177 160  42  10  16   0 165 187][165 180 123  64 116 253 227 112 233  73  61   8  18 209 156  52 152  24
  86 106 147 165 112  63  23 153  32 120  67 139  70 165][122  80 254 236 111  92 217  88 163 220 180  47  27 157  87 187 238 149
 253 225 200 103 242 201 211 249 225 191 119 188 126 123][114 161 114 232  57  11 216 105   9  33 185 137  15 155  60  16 158 153
  85  53  24  43  64 220 155 216   8 127  70 142  66   2][125  93  99 101 116  78 111  48  33 232 254  74 123  53 149 117 124 252
  85 234 201 178 241 142 119 252 165 128 111 251  82 249][122  33 111  68  93  86 233 123  33 132 254   2  57  47  20 182 120 157
 121 173 217 203 245 204  27 125 139   8 103 160 118 108][109 125 250 100 245  30  95 246  97 232 254   8 123  59  21  48 158 244
  84 106 204  58 240 172 127 253  37  48  99 251 194  43][ 49 196  83  72  69  31 199 111  77 138 251  74  83 144 180 180  88 148
   6 106 217 179  33 158  49 254   4  94  83 186 242 164][204 122  51 104 112 204 115 156  59  12 116  56  31 215 193  60  22  24
  76  88   3  39 160  82 243 253  32 236 194 145 102  99][222 107 238 172  42  82 189  77 172 204 214 163 205 206 183 123 110 245
 255 231 236 199 231 200 242 113 239 157  39 244  63  85][ 76  62 157 242 169 253  83 152 171 190 165  45 207 247  73  95 151 245
 237  82  42  69 250 176 219 211  69 127 130 247   7 115][194 136  46 186 253 208 184 167 191  87   7  17 172 204  62  80 195  51
 251  21 118  13  50 247 107 119 154  75 148   4 245  94][188 151 124 235 166  11  94 249   5  38 191 175  95 109  42   1 126 211
 207 230 248 189  73 191 226 219  97 212 125 171 204  17][130  44 166 209 236 188 248  71 255 251 210  19 140 168 214 107 239  47
 127 149 178 253 231 194 156  26 218 194 133  76 177 205][ 28 217 157 251 147 199  19 188 182  25 194   0 253 247 104  98 135 123
  57  88  83 200  91  53 233 199 127  84 176  18 165  59][198  36 134 149 220  34 168  75 150 179 210  18 200 234 112  75 105  78
 123 145  48 215 203 214  28  34 223 212 149 105 176 128][ 76 185 242 101 189 191 115  55 239 169 190   8 222 251 196 180 151 183
 126  24 146 169 235 212 255 255  39 214 194 202 195  35][139 134  54 151  53 188 120   2 253  31 119  53 238  42 142 196 165  34
 174  12  54 188  97 247 134 255  82 195 194 141  13  79][214 125 122 226 180 102  95 208 161 234 191  43  95 223  83  50 191 245
  93 251 248  71 168 234 251 201 175 253 165 243 102  99][ 27 153 101 161 134 223 232 113 108 120  82 198 217  28 148 165  46 129
  62 255 213 188  53 213  28  10 250 192  47 134 153 116][216 209 253  95  42 218  29 189 182  84 134 228 255  87 136 247   6  86
 253 200 227 205 251  13 227 227 116 144  42 144 133 121][169 177 188 121 253 221 240 127 239 125 116  29 190 153  86  16 137  10
  98  17 150 122 210 149  95 217  16 107 218  12 218 219][ 64 159  87  92 186 234 176  59 237  25 250 244 236  54 132  87  39  55
 238 160 177 235   3  95 152 178 114 202 208  64  39  61][ 40 120 243  85 101 216 225  54 249 232 114 104 190 145 133 180 170 126
 102  72  65 184 160 106   6 252  48 130  66  24  71 175][ 75 151 250  95 226  48 188  63 125  75  95 245 104 252 158 252  55  15
 182 133 151 184 167 227  38 127 118 195 207 214 171  93][ 67 138 146 153 117 188 168   7 190  25  82 116 172 138 164 236 231  43
 162  17  55 188   2 215  12  54  26 202 154   4  41 141][250 148 236 124  27  95  81  63  31 250 182  63  42  60  38 115 237 181
 253  33 168 239 243 223 219 127 213 183  83 108 100  95][ 88 174  90 248  51 233  50 103 175  13 122  41  46 183  32 208 162 187
 205  16  18 185 128 127 251 245  50  75 226   0  15  11][164 228 148 143 253 107 214 232 159 186 249  42 198 248 104   1 217 206
 110  98 106 115 203 191  61  22 207  63  81 123  86 131][ 82 143 150 148 146 160  60 167 173 135 202 161 172 166   2  70 167 119
 233 129  20 201 135 111 184  54  94 131 132 100 165  77][ 66 159  26 184 187 225  57 166 174  53 136 177 140 167  96  80 227  51
 235 144  18   9 130 247 205 148 154 107 144  65 165  10][189  98 232 181  44  41 249 202  90 254 181  59 151 137 219  11 223 204
 127  31 172 247 239 130 214 219 119 189 197 249  87 195][185  91 107  78  86 219  79 112  65 224 245 238 115  69 179 181  94 252
  84 239 201 178 108  61 114 233 161 184 127 191  82 249][ 61  98  64   1 111  57 232 216 103 180 244 168 203 193 219 175  58 200
 198 126  14 114 231 128 222 217  65 111 231 175  74 132][244 113  19 110  43  72  16  72 235   8 241 104 190 218 109 186 238 185
 206  66  79  39 138  64 145 248  34  59  89  51 107 135][ 87 109 135 175  29  87 110 228 189 202 218   3 234 250  51 192 248 237
 127 231 109 211 209 238 177 118 207 147   8 127  57  78][183  84 111  12  44  95 207  92 201 206 180 204 215  28 191  43  94 212
  93 111 201  39 116   8 241 185 104 156  92 251  82 125][109  99  84  64 120  10 232  89 232 168 176 232 155   3 197 182  14 148
 198 124 193  35 196  72  20 201  37 188  75 180  75 169][  2 138  22 153 101 184 184   3 175  25  82  49 172 138  54 216 227  43
 187  17  22 156   2 209  12  56 154 203 148   4 107 142][106 178  96  80 121 221  81  83 179 125  52 189  42 141  86  28  13 186
 215  20 154  79 242 151  95  87  16 251  66 140 214 255][109 161 209  74 241  28  99 141 123   1 109   8 250 208 204 244  19 138
  68  24  19  58 234  19  14 253  20 108 210 130 194  37][147  29 127  69  83 214 163  97 252 192 102   0  88  87  36 245  48  60
  82 168  97 145  48  78  51  42   1   2  75 160 103 244][121 177  56 101  33  78 116  49 105 232  63 109 223  61  90  50 180 149
 125  33 221 112 145   0 223 217 101 166 106 162  74  91][ 75 166 238  87  49 190 121  35 253  13  95  17 174 174 158 244 135  47
 255  12 182 216 228 231  78 127 146 195 130 196 207  79][ 92  81 250 229 164  74 127  61  37 137 255 163 223 127 136  82 118 212
 253  56 216 161 225   2 250 239  37 212 231 170 228 115][ 62 157 121 232 155 242 147 234  87   8 252  34  88 255  36 116 216 251
 149 226  27  43 120 255 243 255 138 207 119  35 164  34][137 194 226  85  52 186 232   7 127  71 119 181 171   8 158 212  51  44
  46  12 166 252  37  71  70 127  48   1 102 132 219  76][168 221  60 251 116 135 191 253 148   8  84  55 181  89  50  65 126  59
  23 225 226 188  80  63 100 129 174 192  92 152 177 171][248  96 117  73  73  75  65  13  99  37 225  24  19   7   8  60  24 156
  96  56  24 182 241  16  69 168  16 117  99 131 198 160][248  30 126 124 107  18  92 114 161 134 244 173 107  43   7 147 110 228
 205 166 236 199   6 140 242 235 224 153 103 164 110   3][ 74 186 250  20 107 125 185  78 187 254  60 189  44 174 214 158 167  61
 255 133 134  77 174 209  26  30  91 175 198 228  15  95][141 110  83   1  98  26  42  48 116 226 118 244 153   7 193 183  54 108
 204 126 225 148 165  78  36 248  39 128 110 181  35 189][172 248 124 243 108 141 113 152 199 184 181  66 243  89  89  27 204 248
 127  90 138 100 219 145 207 217 225 252 125 187  80 163][ 45 167   8  35 180 175 226 153  94 169 121  76 215 232  94   0 157  10
   6  61 150 176  88  54 108 157  37 116 216  75 219 129][113 245 250  64  52  14  91 190  97 169 190  40  83  21 216 112 118 220
  93 120 203 185 225  46 251 173  37 212 103 146 244  57][ 98  44 106  88 125 249 208  70 249  14 180  45  34 136 167  17 200 170
 206   4  14  47  98 255  18  29  16  59  83  12 126 207][ 35 201  10  28  81 132  78 230 135  72 236   5  48 131  50  84  72 170
  19 204  75  10  82  61 115  61 154   8  25  18 122 154][ 90 189 130 180 211 208  23 231  51 197 140 175  47 174  66 148 163 239
 197 197  94 218 164 227 251  69  29 171  35 116 175 222][230 182 248 222 233 100  94 105 155 142 249 185  76 238 108  90 221 253
 255 162 120  71 202 211 151 247 219 191  16 111 166  83][238  48 252  64 239 219 217  16 235 253 183 189  10  12 215 191 175 133
 255 149 149 103 244 192  95  89  80 247 199 133  79 119][ 96 163 232  71 221 105 215  15 107 165  44  41  98  41  94  22  25 206
 224  16  16 122 201  32 111  20  21  63 225 234 214 202][ 32  72   6 158  77 133 194 234 135  26 224   8 162 216  49 192 200 234
 106 195  74  47  90 189 177  50 154  59  16  25 120 138][ 86  56 157 242 169 111  82 152 171 186 161  73 222 247  73  26 151 117
 125 114  10  71 154  24 219 218  69 126 208  35   7  51][150   0 175 251   9 229  89  72 180 222 135  17 213 215 107  91 201 177
 123 146  58 199 123  48 193 227 219  89 144  33  36 114][218 223  30 190  27 208  30 236 167   4 204 135 109 239  35 208 236 247
 233 195 110   3 154 255 179 227 206 155  59  55  47  26][124  98  72   4  79  91 195  88  96 228 180 142  11  64  23 148  58 132
 194 238  77  35 244 136 118  69   1  61 111 190 110 212][109 124 242  66 213 249  98 210 107 249 108  44   2 144 199 188 169 236
 194  90 135 115 188  48  30  29   5 111 203 127  74 214][  4  59  26  84 114 174  51  83 173 140 127 101  44 215 162  80 166  57
 199  80 144 153   2 108  86 181  34 195 202 163  47 147][223 209  14 190 139  22  30 189 184  90 199 213 223  54  10 251  38 199
 125 238 253 205 159 109 241 227 238 144  40  53 169  81][129 240  61 251  44 205  95 156 142  57 129  16 215 215 104 115 192  25
  89 106  99   5 251  49 225 233 175 124  24  26 129 178][111  56 240  84 107  61 208 138 251 251  60  40  42 248 215 190 135 253
 241  81 132 122 254 160  31 126  85  58 207 245  74 143][ 57 113 107 108  93  86  75  88 103  72 252   8  19 157  23 176  88 140
  85 232 143 163 245 157 211 253 129  28 127 131 122 244][160  49 121  72 224  90  69  95 121 200 116  40  31 151 197  61  22  24
   4   8  99 122 160  88  99 152  52  44 114 144  70 185][218  82 229 127  42  90  92  63 163 251 134 241 107  39 140 223   7 212
 253 172 232 197 195  45 226 250 244 146  38 180 132 123][184 243 123  99 112  75 127 252  33 164 244 169 115  87 138  17  62 216
  87 106 104 150 104  61  99 201  37 180  99 178  70 251][ 69 125  25 224 156 173 107 150  14 169 138  72 151 147  65  40 176  75
  95 120 147  49 152  48 253 137  47 124 128  91   1  32][253  68 229 231 164  38 207 152  80 186 183  82  83  97 153 239 121 196
  61 250 169 228 109 138  98 235 231 148 239 251 112  32][209 211 238  69  36   6  79  61 113 238  87 228  83  37 154 103  86 196
  61 238 233 212 229  12 226 171 228 132  44 178 240 121][159  53  70 128 117 182 202  81 189 193 223 215  72 202 190 133 124 165
 159 189 173 131  20 206 186  92 139 198 143 206 120  84][185  91 107  78 116 159  75 112  65 232 245 238 115  77 151 181  60 236
 213 110 201 183 124  61 114 233 161 144 127 191  82 240][109 181 185 235 237  45 117  27 107 121 189  88 222 245  72  62 149  30
 126  56 147  98 251  81 207 223  53 124 210 234 195 161][ 42 205 100  30  93 185 194 202 207  53 220  15 106 232  63 132  72 194
 130  77 142  43 127 253  54  92 144  59 215  95  92 206][118 157 115 236 155 194  91 224 149  40 252  34  88 255  36 116 248 255
 149 226  88 171  40 255 243 244 139 215  55  35  36  35][ 78 166 122  90 117 248 121 130 255  95 118  49 172 206  62  88 227  43
 239  20 182 205 162 231  79 127  26 203 134 133 215  87][181  85 105 111  44  15 207  57  97 234 181 106 243  93 149  49  30 176
  93 110 233  38 109  31 245 137 225 176 117 186  82  97][239 247 148  35 169  61  20 157  43 123  29 253 206 110 206 159 135  71
 236  23 215  68 203 177 174  81 125 255 138  86 139  87][146  68   6 190  28 163 202 104 149   2 219  18  99 202  56  65 120 160
  31 163 104 167  11 223 176 227 202 144  53  42  48 128][ 83 188 174 149 170 196 173 167 190  95 194  48 180 182 178 107 231  55
 121 145 179 205 183  99 157  54 222 194 132  64 181 125][  1 121 154  86  81 223 182 246 253 200 102   8 190 152  39  48 160 126
  82  72 197 185 144 108 119 253  20   2  72  16  75 158][233  96   4  47  61 140  64   4 108 137 194  93 179  18  18 214 192  36
 124  76 207 156 211  15 132 248 186  16  10   4  90  14][106 178  99  80 105 253 121  80 171  93  53 189  10 205 222 189 135 184
 215  28 138 103 242 209  31  89  80 255 194 132  70 255][ 56 140  18 120 177 253 112 231 121  25 106  24  30  49   4 180 161  10
  64  16  51  56  16 119 187 254  16  71 202   8 203  14][ 28 114 146 108  43  12  22  72 237 138 185 104 143 218 105 184 254 185
 206  99 207  39 194  64 144 244  34  58  88  51  43 133][ 92  81 250 237 182  10 126  61  53 161 255 227  95 123 152  80 118 213
 125 252 216 181 193  10 250 239  37 212 239 178 232  17][ 89 209  95 100  10  78  71  57 225  64 167   8 119  87 136 115  34 212
 124 106  73   3 177  13 243 233 101  20 104 178 230  49][ 56  20  63  84   1 214 181  99 224 202 238   0  26  23  36 179 168 180
 216 168  89 143  49  76  83 235  82   3  67  32 231 226][184 193  32 232 109  93  84 239  71  61 180  10 162  89  60  49 217 130
  87 105  74  47  91 149 243 217 213  63  83  24 208 138][ 66 187  26 148 178 128  60 103 172 132 202 229 173 194 162  80  38  47
 233 197  84 153 134  77 188  32  46 192  12   6 171  28][ 12  46 188 177  44  43 249 146 127 191 150  61 143  41  83  10 143  77
 111  29 170 244 227 194 204 223 115 181 198 253  21  99][167 112 181  80 109 125 177  72 203 251  53  26 216 220  93  47 201  56
 114  27 129 103 250 192  15  26 213  62 195 125  86 247][254 116 188 230 171  77  29 220 139 254 181  25 223 125  75  27 143 213
 253  99 232 103 251 144 243 217 109 191 112 127 135  83][ 83  57  47 136 122 166 169  66 174 200 198  70 148 146 165 116 102  45
 122 205 129 155 183  92 212  36 138 202   8   1  35 245][ 51 141 110 175 220 131 234 233 197  68 219 135 113 204  54  64 120 175
  31 231 222 187 109 253 190 109 170 192  53  14 240 220][244 246 246 238  95  15 214 232 127 166 241 175  79 108  13  17 255 221
 238  99 104 247 217 222 191 246  71  55 101 187 102 131][233 169 250 224 244 157 123  85 127 137 118  24 187 185 212  48 158 174
  86  88 158  58 224 223 254 253  37 248 230 136 195  45][ 71 151 232   9 226  50 190 159 127  69  95 247  72 108 158 108 119 143
 183 157 151 184 237 211 126  62 190 199 255 198 237 213][104 253 250 102 244 159 119 247  97 232 124   8 115 249  16  48 216 238
  87  72 216 186 248  47 127 253  36  40  99 250 194 171][133 221  21 155 172 173 166 156 206  91   9  84 244 210 233 224 193 106
 106  94 115   5 218 115 172  16  47 124 152  91 129 177][214  79 207 167  34  66  47 176 160 134 218 227  69 103 129  83  54 245
 237 226  96 209 141 108 240  34 111 128  36 243  37  97][ 79  58 242  22 123 177 184  66 187 127 245 191  44 254 239 158 175 187
 247 149 150  83 174 241  22  29  26 235 143  69  15 215][109  65 113  69 116  78 111  56 101 232 126  72 211 113 157 116  26 204
 126 106 201 176 253  14 101 188  37   4 107 186  66  32][240 151 120 237 166  11  95 191  21  38 190 191  87 109 186  65 127 215
  61 239 248 181  77  31 242 239 101 148 125 250 216  17][194 145  41 250 173 196 221 143 190  85   1  17 180 223  62  88 193  19
  57  17  82   9  90 247 203 182 154  75 148   0 181  90][202 106 238 253  41  82 125  93 173 222 215 179 233 143 215 223 238 245
 255 231 236 199 231 200 214 115 239 137   6 180  61 123][ 41 238  64  35 109  31  70 190 107  46  60  76 234  64 223 148 153  72
  68 110 236  50 104  63  38 222   5  60  90 222  74 205][ 47 174 160   8 253 189 155 202  74 125 253 173  16 204 214   0 221  72
 211  87 150  98 238  49  92  29  41 253 221  79 222 211][136 134 246  29 118 186 232   2 125  71 118 181 143   8 158 220  51 142
  78  13 166 252  37  87   6 127  50 193 231 132 111  76][101  36 221  69   4  47  97  26 111 178 111  76 210 113 149  59  49 196
 106  58 129 240 121   8   7 190  65  68 200 243  66  36][190 245  98   8 205 125 215 251 201 214 188 143  75 220 127 183 185 210
 199  98 223  35  62 146 243 217  69  63 119 126 222 214][193 159  31  93 160 100 173  55  60  95 118 244 244  39 128  81   7  63
 110 140 241 220 243  67  68 170 114 128  72 224 167 121][155 108  66  69  67  18 110 100 113 194 198 198  41   0 151 181  62 236
 218 238 237 214 181 206  54 122 133   3 111 181 122 156][201 159 109 253 244  98 109  63 112 110  86 178 241  55 146 113  87  86
  61 172 241 216 229  31 239 235 250 196  38 224 148 121][130  44 134 145 172 170 168   7 190 179 210  18 141 170  80  75 201  46
 127 145  48 249 195 196 140 242 223 192 132  72 177 136][184 117 246 126 157  95  86 237 115 234 252  11 106 252  46 182 217 254
 244  98 108 227 251 143 251 255  69  31  99 126 254  78][ 26 207  83 204 115 194 111 119   5   4  94 226  45 167 160 212 102 186
 135 192  90 152  32 253 178 228 138 130  54 134 164 121][130 189 182 145 229 173 184 199 254  91  82  16 172 190 116  75 231  59
 127 145 178 248 130 225  13  26  94 194 132  68 161 203][138 192 102 147  53 249 120 128 253  87 119 181 238 204  62  88 227  35
 239  21  62 252 118 247 135 119  82  67 198  13 212  86][236 253 245  95 185 111  71 185 255 122 191 120 218 119 141 183 147 214
  78 106  97 229 121 127 167 186 101  54 210 243 198  49][221 213 214 229 186  22  94 191  53 170 158 102 253 115 137 231 119 247
 125 168 233 193  81 206 250 223 239 150 174 240 169  57][117  93 123 197 102 110 111 112 121 232 254 106 123  55 149  53 126 252
  87 106 201 177 177 204 119 172  37 128 111 251 114 185][254 124 182  62  41 127  86 202 253 238 255  25  79 125  39  31 251 245
 253  35  44 231  89 170 211 255  71  23 235 125 108  87][212 223  30 171 186  38  31 191 164  22 138 245 215  99  42  83 103 215
 109 230 114 201  25  63 248 227 111 212 184 241 169  19][101 243  91  64 112  28 123 248 107  72 124 108  83 208 142  52  54 200
  84 110 215  50 188 117 126 252  33 236  74 163  66  85][ 67 188 175 149 168 110  45 183 190 255 142  48 244 182 210 122  39 119
 125 153 241 201 183  98 253  38 255 212 128 112 167 125][172 237 179 252 236 233 135 238 218 158  56  40 182 245  97  35 137 122
   2  83 114 107 170  51 233 148 101  60 208 120 199 170][ 88 153  28 190  57 196  16  55 172  13 200   1 191 183  34  80 192  51
 173   1  94   9  83 189 225 245  26  91  16   2 173  91][162 204 133 157  45   5 132 238  30  59 208  18 236 248  48 193 217  67
 127   1 107 111  91 151 189 210 223 190  20 120  57 138][223 216  39 254 169  84  94 188 241  90 146 112 221 126 153 255 225 213
 253 235 237  69 187 163 179 251 239 151  42  53 185  55][198 204 167 150 246 228  47 167 186 151  11  18 252 118  88  79 167  87
 123 155 114  73 171 227 253  54 223 196 132 113 165 106][233 109 113  69 116  78  99  48 125 232 127  72 211  81 149 245  56 252
  78 106 233 176 245  14  39 188  33   4 107 170  66 160][169 169 122 112 244 155 120  99 249   0 112   8 191 139  20 177 170 175
  70  89 254 250 144 221 255 217   6 104  68 136 203 136][ 85  99  26 170  40  25  70  72 100 128 249 104 159 194 203 176 254 169
  76  99  76  35 204  10 176 197  33  57 120 243  43   1][ 23 165 227 136 215 242 187 203  63  69  89 135  72 236 254 196 127 141
 147 149 151 178 188 210  31  60 143 239 183 198 183 244][ 25  59  27  52 114 198  56 113  60 200 122 229  92 215 162  16 182  61
 151 228 213 153  48  76 246 237  34 194  40 130  35 243][189  15 125 111 180  15  79  57 117 232 247 106 115 125 145  49  62 180
  20 111 249 176 109  12 228 235  97 144 117 171  82  97][184 219 117  79  34  75  79 252 101  36 244 168 123  87 141  53  62 208
  87 106 232 165 109 125  99 216  33 148 103 179  70 233][ 41 173 243  79 244 143 231 247  99 105 124  72 115 249 156  52  89 238
  22   8 211 186 224 239 127 188  36 232 103 202 210 169][176 253 183 126 253 207 214 237 219 186 249 121 110 252  44 179 217 255
 245  99 108  99 218 191 187 254  69  63  91 126 198  23][167 120 181  83 109  29 177 152 207 250 180  40 174 152 213 175 143  89
 126  91 195 100 239 240   7  90  87 190 214 189  83 237][ 79  51 220  37 178  62 120 150  57 235  22 237 223  46 211 251 183  69
 252 125 181 216 229 104 142 251 127 132 174 245  11  93][  9 220 239 127 176 238 125  55  52  79 126  52 241  55 130 115  21 126
 125 140 225 220 113  11 231 239 244 128 160 240 230 251][172 165 120  96 253 223  85 235 199  52 173  24 139 217  84  16 217 144
 195  32  90 107 122 149 235 217   5 125  82 136 212 130][210  12 151 220 141 102   4  35 189 138 202  18 214  50  37 255 193 183
 120  32  57 199  83 206 145  54 218  18 144 120 161  38][  2 150  18 154 243 165 184 103  63  79 121 247  44 238  46 208 167  59
 147 133 183 154  26 247   6 119  26 203 152  68 175 223][108 180 180 240 205 253 208 203 219 191 173  25 142 189  76  26 137 147
 251  17  50 107 250 147 223 223  81 127 210  77 198 210][254 116 188 246 169 109  92 248 187 186 181  25 223 127  73  27 141 213
 253  99 104 103 218 128 243 219 109 189 234 113 143  19][237 253 213  86 249 127 102 184 255 250 182 108 218 116 141 183 159 246
 238 106 225  97 127 255  47 218  69  54 202 255 194  53][ 74 155  39 191  49 204 125 181 189  93  83 197 190  79  24  69 166  51
 253  69 227 201  27 253 229 114 122 130   6   4 133 123][218 227 196  93 171  90  92 191  43  59 198 248  75  55 140 255  39 215
 253 138 207  84 207 209  54 250 212 159  46 212 202  29][200 134 102  25 116 250 232   2 125  71 118 145 143  40 150 220 123  13
  38 157 183 188  37  95   6 126  50 197 199 132 111 220][ 73 211 103 101 164   6 109  57  96 104  87 228 211   7 152 119  86   4
 125 238 249 144 245  12 100 235 231 132  46 162 240 117][  0 143  19  94 219 200 182 226 237   4 104  40 172 182  36  52 162 115
 194  66  82  41  42 127  53 180   2 107  80  35 167 174][195  57  47 153  50 134 169  82 252 200 198 100 148 146 177 105 102  45
 122 204 241 223 181  92 212  32  58 200  12   0  35 233][ 62 183 100  65 197  91 214 249  99 228 189 175  75 108 222 148  57 196
 228  58 220 178 125 148  62 223   5 119 111 174 222 214][ 51 141 111 173  28 131 207 249 132  64 218 195 241 204  52  96  88 164
 127 231 218 187 109 189 244  44 171 208  53 139 241 216][254 182 232 108 219  93 214 251 145 206 188  47 123 253 119 179 157 209
 213 167 237  39  56 154 251 223 101 191 243 124  86 223][ 24 220 241 247 182 111 127 190  55 170 254 106 127 127  33 113 127 255
  63 138 105 248 121 191 255 239 117  64 183 248 100  43][182 249  40 154 173 217 212 237 159 117 133 187 130 220 126  41 201 186
 243  83  94 107 122 181 187  81 221 127 212  12 220 214][219  90  71  61  18 150  44  52 172 192  66 231 189 134 161 247  38 109
  60 196 229 220 181 109 164 106  58 128  46 148  33  93][197 253  17 154 248 173  38 188 222  90   9  92 244 242 233 229 209 106
 106 126 243   4 218  51 172  22  39 124 152 123 137  17][109 104 215  69  69  62  99  16 110 168 106  72  90  48  69 190 176 100
  98  58 129 240 177   8  69 238   1   0 202 115  66  32][127  57  96  64  75 221 218 216 227 108 188 138  43 156 215 180 174 145
 213 222 206  35 228 241  19 217 128 187 103 135  78  87][ 43 109 225  26 253 217 135 207 203 230  56 141  42 204  87 188 159 107
 211  85 198  47 246 178  60  28  29  58 215  94 214 222][117  73 109  69 143  87 206 172 192 226 142  10  83  40  87  39  72 228
 120 239 205 227 127 168  51  10 205  20 109 127  88 108][ 40 126  57 121 112 237 177  87 168  14 124   8  60  23 133  56 133  59
  70  24   0  62  32  94 103 157  48  40 192 208  71 235][ 74 153 174 245 179 220  57  55 190  93 206  32 189 183 210 226  39 119
 249 153 146 216 183 237 239 103 254 129 134   4 173 123][ 41 241  50  12 117 141 231 125 107  73 121  76 190 216  30  52 148  10
  86  77 215  58 242 125 103  28   4  42  74  10 195 143][ 10 150 126 223 114 169 176 103 188  15 123 181 172 190  36   0 167  59
 163   1 178 184   2 247  68  55 122 195  84  72 133 219][180   4   6 171  29  39 194 105 149  34 217  18  67  72  56  65 121 128
  10  35  40 167  91 159 145 194 195  20 117  43 112 128][ 14  58 226 144 243 181 186 194 187  77  84 191  44 206 119 140 175 123
 179 213 150  91 182 242  31  93 154 235 143  85 175 215][201 215  92 196 250   6 124  63 245 186 186 244 221  50 128 115 103 231
 126 168 237 221  69  78 190 186 247 132  44 240 168  13][ 61 219 115 110 125 215 210 248  65 204 253 239 107 205 183 148  94 248
 134 110 205 163  60 189 114 237  33 184 127 175 114 217][  2 140 150 145 165 174 188 135 190  27  82  16 172 170  48  73 227  47
  63  17  50 220   3 231 140 182  94 194 128  64 161 139][249 151 252 255 164  14 125  55 116 111  95 180 247  63 154 113  87 254
  61  12 248 220 101  47 231 239 244 192  36 224 212 123][104  98 248  86 239 217 188  79 234 255  52  25  40 200 223  58 167  79
 241  21 198 103 174 211 119  13  53 185  71  86 223 207][217 197  88 166 180  11  94 189  52 226 186 207 223  47  18  81 127 199
 125 111 253 175  77  31 242 239 103 148 125 250 201  25][ 34 158 186 222 116 225 179 114 148  15  93  35  52 253 166   0 253 123
 135 130  16 187  10 239  82  23 186 139  17 107 116 163][250 227  64  44 105 155  65 105  17  36 229 185   3   3 154 149  88 140
 204 110 120   7 192 157 242 241 128  61 114 140 222   2][ 55   4  66 200 213 243 194  98 209 130 248  10  66 248  53 156 217 170
  18 189  28 179   2 222  27  94 129 111 211 111 122 134][202 122 238 253 109 150 121  86 173 254 214 183 173 143 247 207 238 189
 255 133 196 213 243 192 215 115 223 131   6 180  61 223][ 11 156 149 189  61 107 176  47  30  59  90  34 175  56  33 200 203  15
  62   1   7  56  67 159 140 247 123 179  20  72  25 139][ 52 110 202   1 180 123 238 218  55 227  94 175 195 237 219   8  27  78
  69 126  15 244 205  34 174 134 165 181 237 251 222 244][ 78 216 190  24 245 248 249 199 255  85 116 177 140 206  54  88 163  27
 251  17  22 109 178 213  79 119  26 207 214   4 231 215][192 137 185 186 253 196 157 175 190  85  65  25 188 223  56  80 193  27
  19  17 114  14 122 119 253 182 158 104  16   0 165 122][201 172 150  80 221 189  96 167 255  27 106  24 174 179  68 157 129  42
 106  28  50 124 146 247  13 254  84 106 202  68 203 142][ 37 225  99  65 244  10 238 184  96  64 120 204  83  76 157  48  62 200
  22 254 203 178 236  13 110  44  37  68 109 179 194 240][223 221  13 188 139  86  92 169 180 250 130 193 223 118   3 251 101 229
 253 231 109  69 155  61 243 227 239 148  56 116  41  88][ 37  15 105  79 116   7 207 120  84  78 125  70 115  73 189  49  92 168
  23 238 233 178 108  29 118 137 161 172 125 187 114 241][220 125 125 109   8  78  87 188 112 202 236   8 119 119   1  51 182 212
 124 106 105 226 251  47 243 235 101  12 104 115 103  59][188 111  80 161 151  11  86 200  21 160 154 239  75  73  33 133 122 248
 140 242 108 177  77 190 186 196 165  55  47 255  28   2][249  86 124 101  36  14  79  57 105 170  55 124 219  49 152  51  22 180
 125  42 248 164  69  14 230 251  97 148 110 168 194  33][146 121  31 184 179 193  48 199 189  89 160 177  44 158  33  89 166  51
 221 209 118 207   2 253 145 210  26 195  16  21 175 155][ 76 190  81 103 114  10  51 179  41  61 123 236 207  35 128 151  39  85
 196  32 240 184 137  71  44 182 101 198  98 162   7 161][236  52 191 118 201 116  17  35 249 214  37  25 222 255  67  59 129  55
 241  17  52 103 178  66 219 243  89  91 194  96  39 114][199   6 239  85  34  42  43  51  56 202  87 240 209 103 144 123  55 117
 125 174 177 212 165  78  70  46 107 128 172 225  35 113][153 125 119  69  53 222  99 112 237 232 246  64 251  85 148 245  56  60
  76 106 233 176  49  12 167 248   1  16  67 170  70 176][126 120 191 246 233  77  94 176 169 250 183  13 223 127  65  27 141 245
 253  99 105  99 218 160 219 219 109 191 202 113 135  19][ 95 124 181 196 141 116 147 154 235 218 138  72 200 254  93 255 177 215
 252 243 143  67 187 224 153 120 207  30 130 119  39 118][217 149 125 247 180  46  95  57  53 107 127 245 255 127 152  81 151 215
  61  47 249 252  73 159 234 239 113 192 108 234 200  17][ 73 222 151 215  96  30 109  55  57 234 118  84 253  50 128 247 198 119
  62 142 229 220 241 239 108 255 254 128  10 208 129  57][ 57 233  97 106 118 149 238 252  64  96 124 138  57  93 182 160  62 232
  23 238 207  58  44 189 126  77 165 232 119 158 210 232][111 249 245  86 233 223 230 175 255 242 182  76 234 248 215 191 143 247
 250  74 245 105 255 255  63  90  69  58 203 181 202  29][114   1 198 173 221  38 104  47  45   1 203   2 201  42  12  82 120 135
  63 160  24 155 209 192 159 254 154  68 161 194 240   0][217 213  29 182  60  46  95  55 177 234 186  93 255  63   8 115 214 247
  93  46 237  97 201 175 243 251 102 144  44 248 131  89][196 140 151 215 196  32 175 167 190 151 138  18 244 243 105  75  99 119
  59 154 114  73 139 227 125  38 255  76 128 113 165 168][235 181 225  28 201 217 148 107 187 119 181 157 106 252  94 181 187 139
 243   5 183 107 190 211  31  95  93 127 199 108 223 214][ 88 213 190 127 176 238  93 183  37  95 254  37 127 127  10 115 133 247
 253  32 200 216  59  45 227 239 116 145 168 210 230 123][207 183 112  64 235  48 124 191 239 191 174 188   8 170 214 255  39 215
 253 160 180  75 231 214  30 123 245 255 142 228 234  71][ 43 183  99   1 214 151 174 255  95 101  88 206   8 204 252 164  62  10
 146 221 215 186  60 255  62  28 141 228 255 142 251 252][ 17  29 127 231  52  38 239 113  84 202 219 102 243 119 177  96 126 116
  31 174 233 180  53  14 224 175 167 128  45 250 113  57][ 27 209 123 164 115 214  59 119  52  76 118 228  29 151 162 240 182 189
 151 228 193 154  48  78 243 239  42 192  43 132 167 251][  2 173  23 248 117 140 168  99 173   1 105  64 174 147  36  84 162  59
  74  16  82 187 130 221 157 248  26  74  64   0 163 136][227 141 165 188 157 167  78 183 147 238 128  29 162 236  50  65 201 230
  61  13 189  75  82 191 169 119 221 216 154 108 208  94][184 203 117  77 103  27 239 253 101  34 246 234 107  71 133 181  62 244
 214 234 233 182 109 221  54 234 101 132 119 182  70 168][ 82 129 194 227 212   0 122 149  41   1 222 130   9  47  92  80 126 143
  61 216  26 154 209 229 191 253 158 192 167 130 224  24][181 164 213 101 148  15 102 187 116 162 234  72 211 113 137  48  25 220
 108  42 105 246  65  14 172 174  37  20 105 248  66  32][ 60  77  90  46  80  75  71 248  49   4 109  11 115 227  43  16 120 232
   6 234  72  50  88  63 247 229  33  41 115 187 102 194][ 79  49 179  72 209 244 171  88 107  65 109  12 156 198 126 188  54   9
 147 157 147  18 190 208  31  93  11 108 218 135  35 244][ 41 185  19  64 241 221 182 119 111 233 108  76 190 158 102 180 132  59
 146  80 215 186 178  61  47 217   4 106  90   2 203 157][ 11 182  16 155 241 165 184  91  62  93 121 215 172 174  46 200 255  27
 147 149 151 152  11 247  76 119  58 202 217  69 171 209][ 43 171  97  73 245 189 234 246 107 109 124  77 138 136 150 148 136  10
  70  93 150  58 224 213  62  92   0 236  82 142 218 237][ 74 185 182 127  51 220 120  55 191 141  70 161 173 191  18 198 166 127
 253 193 134 216 146 237 207 243 218 195  38 132  45  95][ 66 155  15 187 165 204 126 191 175  89 222  69 252  95  56 193 167  19
 127  79 211 137  27 245 175  50 250 194  30 131 177  59][ 41 173 243  75 244 191 231 247  95  73 124  72  56 249 180 180  91 106
  22  24 147 186 108 255  46  60  36 224 215 206 210 173][ 23  26 199 159  54  50 171  48  84 203  83 246 209 108 178 236 118 100
  62 143 181 180  37 206   4  46 234 128 173 239 121  85][  2 155 146 191 182 251 176  39  63   5  91  34 174 188 160 228 230  63
 191   1  18 184  97 207 132 247  26 195 148   8 149  47][ 16 205 111 173  52 139 239  52  76  64 218  67 247  73  48  64 122 173
  63 239 201 185  69  61 244 164 170 128  53 186 113 105][110  48 180 240 109 253  80 218 219 187 180  24  14 157  69  62 141 153
 251  16  18 103 250 208  91 219  81 127 194  77  70 163][  3 248 146 159 109 180 176 198 223  75  80  23 172 250 118 200 201 107
 179 149 135 254 210 243  14  54 154 107 156  92  57 158][116   5 134 140 141 103  64 105   5  11 203   2  66 114  40  72 248 132
 110 160  24 163  91 220 145 166 195  21 144 106 176   2][ 77  52 211  65 240  59 123  26 123 234  62 108 223 243 197 188  55 221
 126  58 129 242 225 200 158 220  35 164 202 227  67 161][197 253 148 158 248 141   6 172 222 242   0  76 254 242 233 253 151 107
 106 111 103  71 218 127 172  22  79  60 152 123   9  28][ 79 122 249  39 178 126 122 146 105 225  30 228 253  62 223 250 183 215
 252  95 149 216 253 232 142 127 127 194 174 231  11  93][ 52 164  57  99 221 111  67 168  87 244 173   8  83 125  93  33  89 146
  82  58  43  98 121  30  79 207 133 124 241  75  84  98][ 10 222 243 222 127 241 177 198  95  75  88 226 172 254 165 236 219 123
 166   1 131  42  98 243  12  54  58 235 151  93  53 237][ 40 173 123  77 112 204  71  55 113   4 124   8  51  17 144  52  24 186
  68   8 233 186 112  47 103 253  32   0  99 130 198 168][199   8 225 219 124 185 233 138  95 115  81  26 142 200 253 236 195   8
  63  25 183 124 239 243  12  62 155 236 148  13  81 100][ 47  62 226  64 123  63 155 218  83 236 253 173  75 237 215 188  31 252
 247  63 141 243 254 136  91  95  37 191 239 239  14 245][ 81 122  43  25  48 139 173  87 252  74 198 228 180 150 176 104 102 172
 122 204 193 157 167 108 244  38  58 192  12  16 163 233][  0   4 143 189 141 230 100   7 212  11 202  18 240 179  48 106 201  38
  59 136  24 217  19 139 129 182 218   1 144 120 176  42][ 47 120 226 154  87 213 186  64 159 200  80   3  40 222 119 236 253 249
 147 213 135  31 158 242  31  92 158 235 159   7  59 223][ 33 148 245 255 117 111 105 186 119  57 254  66 123 115  13 117 125 222
  54  40  43 250 121 221 223 254 213  68 251 200  96  40][ 27 211  70 173 178  18  44 159  45  65  74 231 205  46 146 228 118   7
 188 173 213 152  53 223 164 110 154 132 191 150 169  93][249 165  84 101  16  11  71  59 116 162 234  72 211  33 129 148  25 196
 104  40 105 252 197  14 172 175 101  52 107 232  74  40][ 27  17 115 236  51 214 121 119  53  72 246   0  61 151  32 244 126 189
 149 236 201 155  48 205 243 253 186 128  35 132 166 249][235 249 245  84 249 221 244 167 251 248 182  12 170 188  86 183 236 227
 254  77 247 111 246 253  63 219  87  59  75  12 203 223][ 56 219  91  93  82 203  99 248  48  12 116  44 115 229 163  20 120 248
   6 106  72 186 104  61 115 207  33  41 115 185 102 251][ 89  73  75 237  52 138 111  52 116   0 218  66 247  65 177  96 122 172
  63 239 201 184  69  29 244 169 162 128  60 186  81  41][108 121 191 246 233  76  95 180 169 216 182  77 127 255  65  18 132 247
 253  66 201  75 186 168 251 251 101 186  74 179 198 123][  3 242 208 155 127 209 180 205  95  83  81 242 172 220 238 236 255  27
 178  17 135  62 206 243   6  54  30 235 223  30 185 159][231 120 250  80 109 253 208 192 219 185 181  24  30 157  85  62 137 184
 247  90 142 103 250 194  95 221  17  63 194  25  86 166][209 183 251 101 242  46 109  55  56 107  90 244  85  55 136 115  55  95
  53 172 241 220 161  75 236 175 126 132 172 224 163 121][ 74  56 118 124 115 216 120   1 173  13  70 161 173 223  38 212 166  61
 253 128 134 217 146 205 135 249  26 131  38 132  47  95][ 42 171  98  64 245 249 194  71 115  37 120 169  43 136 214 180 184 170
 134  20  30  58 196 150  62  93 144 235 231 140 222 204][106  42 224  88 219 241  89  15 251 229 164 169   8 174 215 252  39 183
 237 145 156  75 230 212  27 127 213 251 167 132 238 127][ 11 183  83  69 114 186 171 114  41  44 122 236  76  38 140 148  54  61
 134  44 129 184 164 205  30  60  33 198 111 166   3 253][ 35 173 115  91 244 187 230 246  95  73 120  66 232 248 180 164 123 106
  18  88 147 184  44 255  46  60   6 194 215 222 211 173][207 121 234  37 114  30 123 148 121 224  94 143  61  30 219 112  54 205
  53 253 135 144 181 202 126 109 175 132 175 180  11  93][184 203  94  76  79  19 230 225 229 164 246  10 107   8 182 181 106 244
 198 234 108 191 101 189  54 203 197   3 111 186 110 140][116   1 130 172 189 103  82  73   7 169 251  10  66 251  45  88 216 132
 127  48  24 163  81 208 147 252 131  95 146 107 244   2][249  20  55  69   5 222 225 112 237 200 242   8 250  85  21 183 184 180
 108 106 105 165  49  13 151 250  64  16  67 170  66  36][ 65 131  94 215 228  28 109 183 124  41 127 228 241  34 154 112  86  78
  54 204 213 216 231 101 238 191 246 192   8 130 233 173][ 63 177 234  48 203 221 144 235 187 109 244 173  10 252  86  56 185 185
 247  17 159  43 178 149  27  95  25 255 221  44 222 215][ 82 175 168 178 219 233 181 199 186 181 136 187  44 238  79  26 169 251
 193 209  30 107 138  97 249   1 158 123 193  80 135 202][118  53 151 190 122  79 150 105 191 168 249 232 126 254  45 178 254 253
 254  99 105 227 219  93 185 182  77 154  72  43  35 181][ 89 245 157 182 168  46  93 189 169 218 187  76 255 127   8 115 134 215
 125  46 201 107 251 173 241 251 118 144  10 242 131 123][ 67 155  95 202 244 172 126 190  47  25  94 100 252 247 140 240 246  91
 127 204 211  24  11 245  62 189 170 204  24 131 169  57][204 122 204 164 104   9 127 184  34 250 180 237 215  71 201  27  55 205
 125 238 232  86 203  32 212 227 237 188  40 241   3 145][126   1 226 224 213  86  74  89   5 169 255   2  91 155 120  84 120 140
  23 248  24 147 241 130 251 237 135 196 167 171 240   2][120 209 189 238 185  78  95 189 161  73 190  45 127 127   8 114 132 215
 253  96 217 137 123  45 251 255  36 144  42 210 230 123][ 16 157  59 234 146 229 147 246  14   1  72   2  52 223  32  64 231  59
  19 145  19   9  24  61 249 132 170  64 144  10 161 171][ 52  37 187  69 149 111 231 207 122 227 110   8  86  61  85  58 177  94
  82  56  17 249 177  10 123 143  21  20 193 122 199 234][196 175 151 215 202 128  47 188 182 150  11  18 229 227 105  71 115 127
 107 202 114  73 139 107 109 166 255  44 128 243 165 168][ 42 181  81 200 244 241 146 111  15  73 124 104  56 215 172 180 223 187
 134 176  51  42  96 223  47 221  48 235 218  12 238 187][ 87 125 183 212 223 116  22 206 235 242 136   8  28 190  69 251 229 247
 248 241 173  67 186 192 187 121 207  63 130 117  55 110][226 162 224 152 207  80 156  79 155  95 148 187  40 204 126 143 239 139
 243 133 246 111 230 211  22  18 218 235 151  76 254 223][ 89 151 111 197 182  54 233  55  96  73  95 230 217  46 190 100 118   6
  60 173 149 153  53 207 110 111 186 196 175 198 249 117][ 18 151  18 191  54 185  58  99  61   5  91 182 175 206 168  64  54  59
 159  17  18 184  33 247 172 245  26 194 188  10 165  25][ 99 157 163 188 253 197  86  39 209 202 138  43  54 184  50  96 193 102
  61   5 253  75 208 175 185  54 221  91 140 108 208  79][199  49 245 181 238  29 253  73 203 242  21  26 174 152 223 171 174 221
 127  91 215 102 239 192 151  88  95 190  70 189 145 229][220  81 255 229 166  78 127 180  36 170 182  98  95  55 129 123  54 212
 125 234 233 245 161  10 243 235 101 148  38 243 228  57][241 201  60  62 141  73 212 167 253 114 166  24 178  56   7  59 137 230
 104  67 124 111 211  55 243 187  80  19  80 121 216  14][225 143 108  87 188  59 111  59 117 182 127 212 243  33 150 113  83 134
 110  46 188 248 109  63 238 171  97   4 100 232 216   0][109 237 151 158 233 159  22 232 222 242   9  72 254 242 233 183 147 107
 106 111 103  67 154 255 188  22  79  62 154 126   9 132][ 33 144 213 207 125 127 104  88 111 121 251  66 120 123 156 244 253 158
 126 184 131 242 251 213  31 254 147  70 219 139  96 181][  6 128 176 153 120 165 184 202  30  93  92 213 140 142 127  72 223  27
 183 149 146  26  10 243  12  28 154 236 220   5  41 209][190 175 236 184 219 201 181 239 170  21 140 171  45 207  74  19 171 219
 195 209 114 107 138 117 249 193  29 127 229  16 135 202][196 175 223 223 152  66 111 184 182 150  79   5 241 227 235  67 113 110
  40 238 112 208 187 111 108 166 231  12 160 243 164 240][121  77 111 109  52  26 111  52 117 160 246  72 115  33 145 117 114 228
 124 106 233 244 101  44 246 239 160  16  38 187  80  40][ 11  61 119  65 242 186 249  86 109 224 126 100 157 154 199 244  38 127
  94 220 145 248 164 236  62 216  22 194 206 133 235 237][163  49  99  72 109 221 144  72 203  76 244   8  40 220 246 180 142 184
 211 104 135  39 246 209  19  24   1 187  87  12  94 247][ 56  26 106 109  18  95  81 122  53 204 244  39  51   7 163  16 120 184
 135  40 104 187 112  14 211 239  33 145 115 168 110 243][ 77 143 101 119 180 171 109  55 124  37 107  80 211  32 148 121 211 230
  46  12 144 248 109  53 238 255 113  64 196 233 192  64][123 161 176 119 237 221 244 239 123 253 178  41 174 188  94  50 233  71
 253  17 222 123 243 241 159  95  95 123  69  12 215 207][214 127  63 182 186 196  31 180 184 206  28 161 253 255  67  35 166 119
 221 227 225  77 186 110 249 225 111 152   4 115 135 123][139 241 123  23 114 210  61 117  57  97 116 245  61  23 134  49  38  63
  23 204 247 220  52 109 102  41  50 128  46 148 171 221][ 12  50 149  97 184  47  88 155  55 185  50  92 223   7  73 156 157  24
 111  60 155  84  83  16 207 223  53 244 250 136 194  49][  2 143  34 137 156 195 142 239  22  69  88 163  40 174  50  64  93  59
 147 149  18 152   7 255  44   6 159 193 149  14 180 216][150 185 178 170 207 149 182 205 143  53  89  31  12 216 110   0 234  75
 179  87  86  59 154 241  63  80  15 111  21  15 189 199][216  83 255 231 164  78 111 181  33 234 247  98 251  55 137 115 118 212
 125 234 233 212 225 138 247 235 229 128  38 178 228 121][ 25 111 101 103  52  26  79 180 101 232 190 224 235  37 145 150  26 230
  92 126 201 248 109 172 174 221 165 144 102 151  82 105][167  45  99  90 212 179 235 208  85 192 117  86  72 200 183 165 122 234
  22 254 183 178  44 238  62  28 135 200 247 237 240 228][226  57 247 244 203 210 176  71 250 180   0  42  60 190  69 187 226 253
 249 145  52  91 178 200  31  99 223  43 165  32  39 174][ 23  27  10 137 147 182  59  83  39  77 223 231   8 230 182  68 116 171
 191 149 151 153 149 208  90  36 170 192 191 231 169  85][127 113  23 142 235  79  54 232 191 160 251 234  94 246  45 246 254 221
 254  99  73 227 203 222 177 182  79 158  65  63  35 165][ 77 139 121 235 244 142 111 183 126  73 123  68 223 226 152 112  86  78
  38  92 210 184 237 117 236 191 166 196   8 130 193 225][ 77 122 133 165  40  46 110 154  42 250 146 237 159  35 209 219 135 204
 125  78 201 212 195   0 196 251 231 180 138 241  67 145][153  97 107 101 118  70 109  87 113 236  86 150  57 159 211  49  54 173
  23 253 227 220 180 206 126  41 167 132  47 164 114 249][ 10  17 118 232 107 208  56  64 175  77  98 161  44 158  38 212 230  57
 191 193 134 137   2 209 147 112  26 139  22   6  45 223][ 58 185 107  40  87 221 145  91  59  77 252 175  30 156  82  48 190 185
 215  17 159  59 178 213 219  85   9 251 111  14 119 255][249  20  55  78  45 222  65 104 237  74 247   8 250  84 140 183 152 180
 110  42 233 167 115  95 147 250  64  18  66  42 102  37][232 141 180  52 205 105  85 167 249  54 162  25 174 184  66 255 137 246
 232   3 120 111 210 243 241 242  84  59  66  92 214  14][ 28 152  82 171 182 169 122 219  47   5  89 162 159 207  40  64 126 155
 151 145  26 152   3 245 206 229  42 196 182 139 165 145][  9  73  95 237  52 142 111 180  36  72  86  66 191 151 177  96 118 108
  62 110 193 152  32 172 228 233  38 128  62 184  33 169][ 33 237 115  75 118 155 170 252 127  65 120  66 104 232 188 164 126 122
  18  88 131 184  44 255  62  28   6  66 215 159  99 173][ 77 241 189 238 168  30  95 189 169 249 190  40 255 119 136 114 150 215
 125 106 217  99 251 233 247 251 103 156   2 242 131 123][ 45  37 187  86 149 239 231  69 234 225 239   8  82 253 121  50 185 126
  82  56  17 243 184  10 121 191   5  39 192 122 198 226][120 213 121 108 184  78  95 191  39  73 190 108 127 127 136 112 150 150
 125 104 219  41 241  95 251 253  37 220  58 146 198 123][188  61 226 200 245 247  79  80  83 136 253  10  91 249 181 116  88 232
  23 250 184 178 120 142 123 253 165 108 247 251 114 162][140 156 254 211 166 244 189 183  92  91  87  50 252 127 184 107 103  82
 179 138 178 220  43 231 111  43 254 193 134 209 181 187][  9 203  27 237  18 128  42 246  60   1  66 226 189 131 160 224 102  59
  74 200  66 153   1 127 228 165  58   0  56 128 161 169][ 57  17 115 233  21 214  88 117 101  72 125  64  57 223  48 244 216 184
  23 168 219 154 115 221 195 253 162 200  51 134 118 171][105  32  63  76 109  95  82 104 237  72 183   8 250 220 134 181 152 180
 238 106  13  39 227 221 147 255  65  27  66  41 110   7][201 211 253 229 100  78 111  49  97 234 119 226  91  55 152 118 118 212
 125 234 201 212 225 207 119 235 229 132  38 162 230 113][  2  83 235 138 114 176  58  92  47  73  89 231 237 206 239 208 118 155
 151 149 135 130 142 209  22 116 170 139 189 150  47 221][221 139  94  69 114  30 106  56  96 104 119 236  91   2 154 241  54 196
  84 238 197 176  37  29 118 233  33 196 111 163  74  21][  2  41 250 247  66 201 176 103 122 165  81 170  60 154 192  48 170 191
 163 145  64 158 132  66  29   6 190 235  37   2 167 170][ 25  89 127 237  52 158 107 240 237 136  86  66 127  19 161 112 102 116
  61  74 193 153  33 236 243 237  34 128  34 179  33  41][179 251 104   2 116 157 218 244  75 108 180 237  42  28 214  53 174 137
 213 199 206  42  44 253 114  88 160 186 111 143  90 223][163 247  97  71 228  25 239 253  81 224 116 238 123  72 158 165 126 238
  22 239 237 114 236 255  54  88 229 168 111 190 218 253][140 124 190 242  47 237 177 210 254 187 180  56 190 221 105  11 171  57
 223  19  34 101 154 242 221 211  59 123 192  89  71 179][139 248 127  87  98 218 253 244 125  95 118 179  61  31 150  61  38 121
 151 207 229 220  37 239  70  11 122 128 103 148  39 249][ 77  42 156 225 168  63  72  16  63 184 183  76 159   3 209 126 134 236
 124  28 141 208 201   8 142 223 165 180 170 243  74   1][154 235  44 185 138 129 157 239 150 148 132 175 165 139  82   3  43 203
 233 199 126  74 207  61 236 195 223 253  53  20 159 202][100  44 177  95 221 236 179 130 234  75 105   8 246 241  73  50 129 122
  96  18  19  40 186  35  77 190  16  59 192 107  71 171][139 237 119 211 243 191 188 247 253 224 126  86 172 142 183 229 167  63
 218 156 245 185  52 238  63  93  22  66 198 212 171 253][ 59  57 121  40 119 213 217  87  11  73 124 111  62 157  82  52 190 187
 151 149 155 186 176 221  91  93  40 234 127 140 118 255][ 94 127 254 164 170  66  31 244 160 238 158 175 125 255  67   2  38 245
 253 227  76   3 167 232 242 229 239 187  37 247  39  91][169  30 104  73 116 151 235 120  85  72 244 114 187  17 183 228  90 136
  22 104 171 182 101 159  70 253 162 200 127 141 120 165][ 82 113 122 106 122 212 250  64 173   4 255  33  44 223  38  80 230 185
 223 192  70   3 146 213 147 249 138 139 101 130  47 215][120 160 120 170 108 217 240 104 107 101 245  43 127 221  90  48 250 141
 119   1 158  58 254 149 223 253  35 111 101  14  86 195][ 62 184 252  80  15 249 145 192 203 253 181  59  14 156  87  43 171 245
 253  17 158  99 238 192 219  91  93 255 199  45  87 247][201  15  22 253  48 128 106  48 164   8 115 228 253 195 161 245 102  49
  60 168 161 129   3  93 132 249 162 128  58 163  33  33][ 46 237  42 176 221 213 250 207 155 189 180  11  12 205 118   1 233 235
 211 213  54 107 130 244 123  85 159 255 211  28 247 203][249 213 121 108 240 206  95 191  41 104 190 108  30  31 132 117 182 151
  93 104 251  43 177 221 127 249  37 214 122 128 194 123][ 64 235 150 156 201 232 181 199 235 159 104   9 172 249  97  79 161 115
 226   1  70 107 130 225  21  50  86  43 208 120 135 142][ 30  97 224 169 244 139 104 217  15 225 113 131 159 143  89   8 255 137
  23 213 138  16  75 144 206 213 159 172 183 159 130 216][255 103  23 206 219  91 174 232 191 162 251 234 206 246 173 244 254 221
 238 234 105 215 201 222 176 246  15 150  67 127  35 165][ 50  30 106  36  19 251  83 119  37 228 254 175  11  63  38  20 106 165
 205 133 140 155 117 142 242 245   0 147 111  14 110  95][ 25 207  67 239  86 139 239 253 116   0  88 230 241  65 184 161 122 200
  22 239 235 184  93  63 228 173 166  68 125 138 243 184][194 218 244 220 111 208 188  39 155  70  84 167 172 190  54 199 198 115
 183 133 230  76 166 235   6 122 218 139  22 212  45 223][125  33 162 228  77  45 236  72 233 176 169  10  75 200  92  43 248 205
 115 227 212 115 154 192 151 217 207  60  65 111 115 196][245  41 239  71 100  26 235  16  97 224 247 206  83   8 159  54  62 196
 124 238 205 242 237   8  86 105  33 132 111 175  82 117]