[114  40 198 158  72 137 134  98 174 162 168 137 102 224 101  18 233 227
 106 195  10 107 202 121 144   6  91  59  65 123  42 142][235  54 252  84 106  62  56  27  59 251  55 252  88  39 207 191  55 215
 247 174 161  86 237  66  86  58 113 132 142 229  10  61][ 35 184  36  24  29 213 144  79 223 245 164  31 170 216 118   0 201 163
 251 149 174 111 250 245 155  94 147 123 209  12 126 206][100 225  32  42  29 141 194 136  67 180 161   9 226 200  95  16 216 200
  72 127  78  99 219  61 249  28 133  61  80  63  86   2][167 200 110  95  68 151 239 244 221  66  87 151 112  76 190  36 124 104
  19 239 229 180  60 255 103  30 195   0  95 191 120 212][ 92 116 243 119  50 202 187  81 189 133  87 162 223 207 169  96  54 253
 189 243 160 245 173 206 238 255  47 128 231 179 165  49][ 78 164 133 186 153 224   9 139 190  55 137 145 221 231  72 219 221  23
 235 177  58  67 219  83 221 135 255 253 144  64 167  50][120  53 121 100  57 108  83  51 161 173 172   8  31  55  64  54   4 148
 204  40  24  43 240  10 243 253  33 124 226 226  70  99][117 112 105 101  48  79  75  56  98 168 191 104 211   5 153  48  20 212
 124 106 201 180 249  30 228 140  37 180 108 179  82  48][124  97 208 231 205  75  70 172  99 160 171   9  75 113  73 150 120 228
 236 106  72 114 217 168 247 253  69  61 107 127 218   2][112 164 188 115 153 109  81 143  50  53 165  24 151  55  72  27 129 146
 104  24  58 104 251  17 207 195  85 125 240  64 198  98][252 189 190 254 185 237  87 236 191 158 189  25 111 255 107  19 249 251
 239   2 122 111 154 191 251 247  85  59 242 115 166  75][124 141  92 111 157 111  86 190 101 172 238   8  87 121   3  80 185 214
 236 106 104 171  89  63 251 231   5  21 107 123 206   2][108  49 252  99 229 127 113  25 105 187  63  24 223 125  72  58 145 148
 252  58  24 240 249   0 207 217 101 117 194 227 198 179][197 228  85  97 178  11  45 173  52  49  98 192 213  67 136  85  51  12
 106 248 115 216 207  20 172 128  39  68  32 128 131 160][ 47 246 231  47 217  23 174 252 118 226 249 199 201 238 221 160 125  77
 242 239 247 242 255 219  46 111 175 164 255 246 250 244][ 66 184 149 187 170 233 180 167 191  55 144 185 174 242 192 223 163 115
 239  17  50  73 202 241 140  18  95 251 148  68 135 111][177  77  75 174  16 102  79 112  52  66 235   2 115  87  57 113 120 160
  21 239 105 151  53  47 241 175 170   0  41 179  50 104][215 127  91 103 162  46  46  82 172 138  90 229 189 131 129  83  38 127
 111 238 225 149 149 106 180 160  42 128  44 243  35 145][ 66  11  75 133 114  11 111  19  36 100 202 231 145   7 147  84 114 172
  63 205  72 146 197  74 180  36 170 128  36 183  48  80][204 173 191  30 171 208  54 236 254 210 204  48 252 246 202 247  83 119
 234 195 115  75 238 127 251 115  79  59   2 119 175 101][143 190 215 159 242 195 190 236  62 226  91 247  77 230 172 197  55 127
 187 182 243 216 143 255  60 102  95 198 191 247 169 157][ 44 225 106 123 213 153 242 196 119   5 117 153  99 201  30 144  88 202
 135  87  94 186  76 183 110 205  52 105 231 143 222 194][ 18 173  34  26 159 157 144 239 254  17 136  11 174 200 118 130 169 107
 251  21  22 107 142 243 187  85  31 123 213  12 191 142][228  52 123  90 122 236 115  90 123   9 125  56  30 151 204  61  18  62
  85  24 178 114 186  82  95 184  32 106 194 129  71 163][ 45  36 232 117 228  47 233  27 114 231 119  29 211 105 219  26  25  78
 114  61 188 244 221   2  78 191 117  68 239 232 210 192][ 87 254 221  90 203 157  30 200 191 251 173 220 207 246  79 187 183 213
 254 210 247  67 250 243 187 219  79 254 153 115 175 117][198   4 115 194 233  60 233 206 171  55 171  24  12  51  92 223 163 215
 123 248  18   7 186 195  23 248  90 126 194  85 231  38][105  32 208  94 105 185 226 204 123  11 101 120  42 248 207 188 153  74
 226  10   7 118 206  99  22  94  20  43 203  87  74 141][208 232  22  53  25 207 144  33 254 160 130   9 231 192   0  16 128  37
 108   1  78 253 211  31 137 247   9  82  64   0   3  14][194 188 253 149 138 106 181 167 190 247   6 183 220  54 198  79  39  87
 251 145  51 220 191  99 140  34  95  71 173 112 133 122][ 52 148  25 234 210 231  83 248   5   1 233  10  87  95  40  16 255 155
  21 178  58  18  24  63 251 197   3 110 177  67  38 147][ 86 233 214 190 155 192  30 236 171  20 168 169 108 238 109  83 254 243
 235 194  74  67 202 253 185 246  79  59 144  55 167  74][144 160  18  29  25 221  48  67 238   8 235  16 174 210  36 212 160  41
 234   0  70 157  19  21 129 240  10  67  80   0  35  14][228 112 157 102   9 110  71 136  96 242 167   8 214 215  73  59 145 212
 104 122  41 102 251  32 193 155  69  60 192 115  70  50][120  49  27 105 241 207  99 121  37  40 239   8  87  23   0 116  48 156
  76 104  89 155 113  29 245 184  32  80  98 130 194  35][124 121 154 238  61 141  86 105 175 128 173   9 255 251  65 146 136 225
 237  66  26  43 218 185 243 253   5  59  74  51  74   2][139 143 174  55 144 190 255 183  62 247  78 151 233 174  50  75 167 111
 163 159 180 216  61 110 111 111 222  65 165 245 189 220][105  89 115  71 101  78 231 180 109 104 118  72 242  17 149  52  24 196
 102 106 201 176 113  45 101 188   0  16  75 187  66 172][151 214  15 187 178 166  58 152  62  91  83 213 213  86 169 121 247   9
  29 183 183 148  57 127 168  38  59 196 184   3  33  81][  7 191 255  67 242 146 174 240 250 200  63 228  80 242 253  38  55 111
 114 250 209 209 172 108  46  14  39 198 205 243  99 181][124 116 153 102  33 110  87 152  49 170 165   8  87 115  73  27 145 212
  68 106  41 246 216  42 243 207 101  52 226 243  70  51][248  48 184 116   9 109  81  10 235 243 164  24 150 157  75  58 129 148
 236  17  11 103 210   0 209 209  81  63 192  40  78   2][ 39 254 155 154 248 239 183 216 186 255 253 253 212 246 235 156 221 121
 230 119 163 119 250 114  60  22 111 254 216 123 167 245][ 97  45  53  69  85 143 103  55 125 160 110   8 182  51   0  52 144 126
  96  72  65 248 241  61 109 190   5   0  66 128  66 168][244  80 223 228   2  98  87  88  32 134 231  34  87  87   9  91 122 213
 109 234  40 151 177   8 209 161  97  21 225 243 102 114][ 90  63  83  46 242 202 126 240  53 200 122 237 111 103 129 212  54 255
 213 230 109 146   9 110 178 244  37 130 106 246  38  89][125  79 106  39 176  26 111 180 121 236 254 237 219  96 155  48  30 230
  76 110 236 176 109  46 236 253  37 144 108 247  74  81][236 180 253 115 169 109  81 155 251 251 183  24 222 255  72  59 145 214
 124  56  59 103 251   2 219 219  85 126 194 225 198  51][ 62 150  53 112 245   7 221 251  51 255 181 127  94  63  46 149 189 131
 215 188 248 107   9 214 123 223 253 230 219 100 226 243][229 113 113  71  80  79 103 184 104 232  99  72 211  85 201  48  18  92
  68 106 193 176 249  10 101 172  37  52 104 179  67 160][ 64  54 237  49  42 232  57  11 174 255 171 189 149 166 194  90  39   7
 109 149 147  73 167  65 204  38  57 237 172 192 167 113][ 43 111  96   7 116 155 226 232  87  32 124 139  35  72 151 132  88 232
 130 111 206  50  76 191  54  28 129  61 119 159  90 140][ 58  79  99  94 120 210  79 224 181 204 236 225  97 230 165 244 120 236
 196 238  73 131  46 111  51 239 162 136  35 183 102 253][116 164 223 126 139 235 183 232 255 178 237  58  94 247 105 123 251 247
 234 162  56 103 170 122 249 231  71  59 225 115 167 162][ 69  99  17 101 112  14 111  56  96 232 107  76 215   3 137 112  18  76
  76 110  65 144 233  12 228 172  37   4  32 179   6  97][ 53 101  82  15 114  11 102 120  49 168 249 237  82  66 137 148  62 204
  70 110  77 178  77  76  52 172  37 128 105 179  98 149][182 161  64  75 221   3  66 200  71  49 233  74  67  73  93  20  88 204
  74 242  30  34  93 246 159 156 129 126 249 171 114 134][202 150 142 190 176 234  56  15 190  95 195 245 221 102  10 219 167 151
 253 133  54 205 139  87 192 243 122 197 136  64 171  83][ 84 118 159 165   0  42 114  56  48 170 227 233 215  55   9  18 182 213
 109  98  40 215 201  14 245 230 105  20  32  51   6  35][ 41  10 119  85 116 158 233  54 116  72 118  64 243   1 148 228  56  46
  54  12 229 188  37  13   6 255  48 192  67 128  80 173][220  74 254 238  10   2  95 184 176 134 198 131 119 103  41  83 118 245
 125 238 104 199 153  42 243 235 229 144  37 179  36 112][210  94 142 190  40 132  28 166 189 150 130 149 229 227  35  91 228 227
 109 198 108 205 147 106 242 242 222  19  40 113  33  90][ 93  85 157 167 172  78  79 184 164 234 143  68 215 119 137 115  22  68
 108 111 233 193 249  44 224 227 111  20  40 243 129 113][205  46 235   7 228 122 235  16 121 206  62 237 251  44 215 191 178 108
 100 126 165 244 165  42  78  91 101 128 194 247  87 245][224 180 253  85 250 233 181 207 250 191 176  56 252 250  76  59 143 119
 235  16  50 111 234 115  79  62 119 115 208  96 199 163][109 229 125 101 180  78 111 184 116 232 126  64 211 117 152 112  24 220
 126 106 201 176 253  46 239 255  37   4  65 243  66  32][133 253 143 159 252 239 174 255 190 251 218  87 241 254 125 107 249 111
 122 239 247 241 219 127  44  42 255  68 216 123 241 152][167 183 159 154 248 239 179 248 158 127 217 253 246 246 170  64 223 123
 238  55 183  99 106 127 188  22  47 254 152  75 135 245][220 162 253 116 171  72  17 136 163 190 167 184 207 119 201  27  35 213
 236  18  40  69 171   0 219 227 117 159 226 225   7  35][ 63 125 106  22  83 219 158 240 225 200 254 104 123 248 215 176  46 253
 213 195 205 227 150 110  50  77  45 139 111  55  42 159][ 74 186 127 220  58 208  57  83 174  84 148 161 188 214 226 115  39  53
 255 129 130  79 166  85 211  33  59 187   6 132  39 251][ 88 233 158 250 137 205  86 238 175  49 170   9 175 251  64 210 161 247
 232  80  78  75 154 181 251 247  21 123   2  18 139  10][ 82 185 154 190 204 205 188 239 158 191 214  27 245 254  34  82 239 251
 251 145  54  79 155 247 255 167 255 251 144  72 189 219][116  41 138  36 248  96  83 150 163 141 204  13  55 163  67  90  16 238
  77 220  10  67 130  42 208 165  36  57 162 241  38  90][169 215  47 159 185  87 183 253 222 126 223 119 248 244 174 229 220  86
 238 103 229 195 251 191 118  35 239 191  26 126 189 255][250 188 150 254 153 237  20 239 191  26 168  24 174 255 101  27 141 243
 255   0 122  79 218 255 187 243  87  59 210 112 167  27][ 84 160 142 179 129 102  61 141 182 183 131 145 213 231  74  74 113 215
 105 145  26 209 155  64 217 167 223  69 160  98 165  66][ 99 210   3 131 112 143 109 212  62  41  90 116 244 194 248 240 213   8
  54  92 195 148   8  87  44  28 190 196  24 146 242 169][130  78  67  93  66 146 174 244  61   6 114 230 105 198 165 149  62 253
 130 234  96 150  36 111  52  38  98 128 103 177  39 172][234 173 148  62   9 221 148 175 219 146 168   9 238 248  69 151 129  99
 232   3 110 107 218 187 185  82  85  59  82 108  31  14][ 85 119 142 163 168  38 111 152 164 240 171 197 211 198  91  90 220 197
 125 254 157 129 221   0 225 233 175 212 136 243 169  80][198 164 149  81 236 105 236 143 250 179  40  88 148 186  92 191 131  95
 120 153  50  92 235  66  13 158  93 124 192  80 131 164][207   4 229  87 197  62 237  11 125 243   7 150 217  44 223 239  41 198
 122 175 181 244 255 194  15 107 223   4 239 253 216 244][201  30 157   4  58 126  27  55 172  79  14 244 253  54 130 114   7 119
 252  12 177 141 165  15 224  39  58 144 136 224   1 121][188  59  49 238 253 201 215  88 129 140 253  41  54 221  33  16 216 122
 199  99  74  35  74 184 243 208  37 187  83 123 118 251][124 112 121 101  10  75  83  24  34 164  37 136 223  87  73  16  54 212
 236 106  72 112 249  24 199 229   1  52  99 179   6  50][ 69 121 251 231  52  14 111 144  96 168 119  96 215 119 129 123 118 252
  61 250 193 208 169  72 228 169 167 132  40 243  98  33][ 69 113  81  69 208  78 103 184  96 232 235  72 211  55 137 112  48 212
 108 234  73 144 249  12 229 172  37   4 104 179  66  33][  1 120 159 117 100  15 181  22 108 234 114  76 158 147 209  59 164 109
 126  76 193 252 177  72 229 154 119 130  72 112  67 185][ 45  71  72 103 244  10 111 184 112 226 127 236  83  99 155  16  90 204
  23 238 233 178 109  46 110 175 165 132 109 243 210 224][112 188 218 102 208 111  87 222  50 175 238  25 115 115   2  16  57 254
 101   8  40 223 217  47 251 175  53  49 225 242 102  59][ 16 252 158 191  56 230 189 255 182 191 254   1 245 247  34  82 239 255
 111 128  42 219 219  63 253 227 255   1 128 112 167 219][  7 175 237 159 244 163 239 191  62 227  74 214 253 234 216  96  55 111
  59 191 179 216 191 255  44  30 159 232 188 243 129 248][ 88 253  80 186  19 201  82 230 169   0 168  40  63 151   1 176 162 187
 221 208  74  11 210 255 179 213   2 123  50   1  47  42][220  31  30 250 152 175  83  48 148 132 143  20 247 115  35  81  84 178
 204  56  56 129  89  63 235 231  33  81 186 235  76  51][188 188 156 242 141 109  87 255 151 187 164  25 255 255  72  27 201 251
 253  18  58 110 218 179 235 215 213 127 146 121 198  26][201 121 213  71 171  24 164 167 237 146 170  96 238  48 133 191  34 119
 236  74  65 105 131  97  36 186  86   2  74 114 195  45][222  58 246 255 239 189 252 222 191 190 246 126 236 254 215 255 239 255
 255 155 166 127 235 243 158 186  95 191 239 245 235 151][236 177 248  99 248  77  87 185 115 189 165  24  83  87  74  50 153 220
  68  50 122 102 249  23 255 205  37 125 224 163 198  50][157  66 135 173  12  10 104  88  52 178 211  86 213 130 225 203 120 204
 110 239 105 214 199   8 148 227 235   0  44  59  49 128][218 252  75 162 112  70 123 252  48 248 194 221  63   7  74  81 166 205
  93 247 107  94 153  61 248 193 190 228  40 151  39  91][204   4 158 188 172  44 120  19 185 155 215  16 223 187  81  91 231 119
 125  25  48 197 131 194 202 251 254 138 134 225 161   1][  2 143  11 142 148 227 143 238  20   5  88 226  96 227 168  64  89 122
   3 161 114 168  11  63  40  38 175 136  21  90 180 232][172 182  92 111  48  42 123 152  54  47 247 244 211  99 138  80  95 220
 109  60 170 148  89  31 238 239  33 212 232 131  74 177][110 254 176  18 121 221  23 252 155 254  53 237 108 245 206 148 157 121
 231  18 230  71 234  51 122  87  53 255  90 126  14 255][236 254 172 119 221  39  95 190  18 183  12  29 211 237  91  27 149 222
 113 222 186 120 219  51 239 203 213 101 168 241 222  82][ 30 123 218 167 242 187  58 212  63  37  91 231 109 202 234 208  54 239
 175 215 150 147 141 115 214 103  59 225 173 151 171 145][ 88 189 150 186 155 232  20 199 191  19 162  17 174 251  98 219 163 247
 233  16  30  75 154 241 251 243  95 123 162  64 175  10][ 60  79  99  94 122 210  78 240 245 200 252 224  97 230 181 244 126 248
 198 238 205 131  46 110  50 237 166 137  99 183 110 253][ 21 241 127  69 210   7 174 248 100 224 187 198  81  79 213  32  62  84
 114 254 193 209  29  76 121  12 175 132 109 162  99 177][254  88 172 190 141  52 220 142 185 150 130  29 110 108  31  91 205 231
 253 135 172 103 211 234 211 123 222 155 141 117 126  90][124  44 223 126 139 227  23 232 183 166 237 184 110 247 105  91 251 255
 234 194  56  71 234 122 251 167  79  59 225 115 166 162][234 250 168  19 201 221 151 158 123 127  36  29 170 188  94 158 133  91
 209  87 150 110 250 179  79  93  93 127 195  85 159 222][210  60 150 156 139 230  56  75 191 147 226  18 172 246  96  91 239 247
 251 128  56 203 147 202 153 178  95  27 128  64  39  27][105 165  17  69  85  95  97  63 107 161 106   8 178  17  84 180 152  14
 104   8  27 248 241  31  47 188  21 112  66   2 194 172][209  29 171 239  22  38 175 240  68   0 202 198 241 230  49  96 116 245
  58 239 193 145  61 234 177 172 170   0  61 243  49  56][101 101 121 103 244  78 103 184 116 232 126  64 211 117 153 112  88 204
 102 106 201 176 125  46 239 175  37   4  97 243  66 161][219 252 174  52  17 156  16 167 179  95 166  29 174 172  22 147 133 103
 253   5 254 237 242 111 171 127  92  83 202   4 143  94][164 253 106 107 212 205 247 253 230  85 124   7 115 205 122  16 121 234
   3 115  94  50 122  55 111 137 165 109 241 219 222 210][ 98 173 144 186 217 205  20 206 155  31 160  25 166 242  96 147 129 123
 234  17  38  75 202 115 185 212  29  59 208  88 143 142][205 112 189 103  33  76 117  25 107 254  39  28 222  23  75  59 149  68
 124  46 225  84 251   0 199 251  81  52  74  35   7 114][180 149  29 170 146  99  19 248   4  16 169  40 215 119  40  17 222 147
  21 226  57   3  88  61 249 129 107 124  48  35  39  50][254 249 238 118 171 124  87 148 179 222 135 189 106 191 206 255 165 247
 253  66 237  77 187 163 211 251  84 155  42 119 174  95][120  52 121  96  57 125  83 115 225 169 173   8  27  55   0  52 148 148
 204  56  25  43 240  14 251 221   1 127 226 194  70  99][165  36 236  85 196  47 225  27 114 255 119  28 211 105  95  27  89 206
 119  62 184 246 249   2  71 171 113  36 193 233  82 224][  1  75 126 127  52 158 233  53 117   9 126  96 243  72 182  96 240  38
  38  76 132 184  37  45  70 255 112 192  67 138 120  45][ 15 254 142 191 221 151 190 248 214 234 223 199 201 232 123 224 221 109
 251 239 231 243 223 191 110 127 175 172 223 254  56 149][ 80 173  40 186 157 173 144 239 222  29 136  25 167 232 120   2 169 171
 233  17  62 107 202  55 249 197  31 123 209  72 191  10][204 238 158 159 234 201 191 254 190 215  70 181 236 231 234  71  39 127
 235   4 178  89 171 119 236  54 127 237 150 244 135 249][212  68 191 243 160  36 124 144 189  18 131  17 221  95  73 123 167  85
 125 158  40  69 155  66 195 251 126   4 160 241  33   2][102 239  82  94  91 153  70 226 251 132 232 137  42 232 167 148 152 234
 194  78  70  43 206 127  54  92   5  59  83 183  74 132][124 124 153 102  33 127  87 152  49 170 165   8  95 115  73 187 145 220
 196 122  41 118 248  40 211 207 101  52 234 243  74  51][211 227 188  62  44  73 212 109 251  87 177  61 239 232  94  27 138 131
 236   3 238 111 206 209 144 242  90  59  69   4 135  78][126  53 100  18 221 249 214 204 235 245 173 157  74 236  95 158 137 242
 233  83  30  99 254 244  59  81   5 127 195  95 222  86][109 165 133  71 201  63  70 152 123 251  41  88 218 112  93 191 145  78
 112 126 179  98 251  34  47 158  69  60 202 115 202 180][229 112 157 103   9 110  71 152  96 250  35   8 214 115  73  59 145  84
 104 106 105 100 249  42 197 187  69  60 200 115  66  34][114 224  22  58 139 193  20 236 139  23 161  25 102 234 108 150 201 243
 232   3  30  75 202 183 185 214  29 123  81  22 174  14][117  45 141 171 140  46  79 152 164 162 139   0 211 115  89 122 216 196
 125 254 152   2 217  40 225 173 167  28 160 243  82  96][108  49 248  97 228 127 113  25 105 169  63  24 223  93  72  58 159 148
 213  58 152 240 249   0 207 221  37 117 226 227 198 179][122 184  36 186  13 221 208  78 207 117 160  25 174 220  86   8 201 179
 251  21  14 107 250 181 155 209 217 123  82  12  86  94][ 72 165 136 171 184  97   8 127  54  61 205 144 213 231  72  80 221  31
 239 184  27  11 219  23 223 229 191 253 144 194 175 176][ 99  63  67  14 240 202 111 249  61 200 250 236 243 102 141 112  62 255
  84 238 237 146  44 110 176 190  45 128  12 242 166 253][236  49 241  67 249  79  67 152 115 188  53   8 211  87 201  61  29 220
  68 122 187 118 249  26 111 216  37 116 194 163  70 161][149 221 191 255 180  78 167 189 126 234 199   0 247 118 137 105 115 126
 126 107 249 240 121  63 237 175 111   4 160 122 165 232][136 190 181 247 187 235 189 191 191 183 186  48 237 255  64 143 135 119
 235  16  50 233 251 247 237 210  95 119 194  84 135 251][115  47  67 141  82 130  47  87  36 100 206 198  33 135 151 212 126 172
  27 236  73 154 245  78  52  36 138 128  47 182  54 252][ 76  39 153 165  48  46 111  56  40 168 235 200 215  35   9  82 150 213
 108 106   9 144 201  10 228 229  43  20  40 227   3  32][101 116  97  69  48  15  79  56  96 232 187  76 211  17 153  48  20 212
  92 106 201 180 253  14 228 172  33 148 105 179  66  49][ 64 107 154 101  96 141 127  54  56 172 126  76 182 131  65  16 182 124
 100  76  64 184 128 106 253 175  53 160  64 176  70  41][ 59 114 195   7  98  22 190 124 113 234 251 230  88  60 156 190 252 220
 212 239 205 246 245  74  18 111 240 134 111 247 122 149][237 180 245  82 237 111  85 153 251 251 183  88 222 255  77  63 153 214
 124  26 187 103 251  66  95 154 117 126 202 225 194  51][ 93 149  29 230 184  78  79 184 100 232 175  12 215 119 139 115  22 196
 124 110 233 193 249  12 241 235 101  20  40 243   2 113][ 55 101  66  15 114  11 230 104 125 160 121 228  66 194 173 148 122 204
   2 110  73 178  77  78  52  28   5   6  73 179 106 132][120 159  18 100 149  47  86 190  97 170 254 105 123 113   1 144 185 246
 236  98  72 187 201  63 251 239  37  21 235 122 206  11][221   4 135 181 129 102  45 143 190 243  74  17 221 182  73 123 163  71
 121 133  49 212 191   2 205 226 223  68 128 117 165 112][124 160 189 115 137 105  81  27 163 181 165  24 151 213  74  26 129 150
 237  16  26  73 251  16 203 209  85 117 226 193 134  98][205 236 189  48 168 221 190 202 254 243 162  25 221 254  65  59 173 247
 253 215 255  75 251 115 191 251 239 125 192 113 163   2][ 39 224 198  78  93 157 234 232 239 129 249  72 232 200  60 180 248 237
 250 251 133  35 222 221  31 124 139 127  67  38 107 132][151  93  79 163 130 230  47 144 172 194  74 230 221 215 137 115 118 239
  61 254 209 144 157 106 228 168 175 128 172 243 161 113][195 150 148 187 171 180  60 175 186  95  67 117 236 118  10 223 167  67
 253 133 183  77 251 119 141 114  94 202 152  68 163  95][252 252 190 254 185 253  86 234 183  31 172  25 111 255 106  19 201 243
 237  66  58 111 250 183 251 247  85 127 242 125 230  83][ 36 165  16  74 153 223   2 233 239 164 169   8  66 192  77 148 152  74
 194 114  30  35  90  61  43 208   5 127  82   3 206 134][ 41  69 115  77 100  31 230  52 109 104 122  76 211  24 156 180 152 204
  70 110 205 178 117  13  55 253  32  16  75 186  82 172][250 188 150 252 137 237  20 239 191  27 168  24 174 255 100  91 141 179
 255   0  58  79 210 243 187 247  95  59 210  80 135  27][ 37  69 109  71 244  75 239 248 116 226 127 198  83 101 157  52 122 204
  22 238 233 176 125 110 110  46 165 132 111 251 242 240][164  52 123  91 242 228 179 210 120  27 125 120  20 243  76  57  51  27
  19  58  51 246 184 118  79 142  49 110 201 193 103 163][ 48 188 219 110 242 111  83 254  50 173 124  44 119 247 192  16  63 254
   4  40  25 186 184  47 251 143  53  40 232 226  70 187][239  36 173 215 141 126 237 135 247 243 135  18 216  60  95 107 233 230
 123 157 180 229 255 226  79 123 223  69 131 125 208 102][222 124  45 183  32 164  79 184  57 122 195 217 255  87  25 123 183 253
  93 239 235  86 219 127 213 243 251 160  44 241  19  49][237 113  81  69 112  79 103  56 113 232 115  72 211  17 153 180  56 204
  68 106 201 176 249  14  37 188  37  36 107 179  66 161][ 34 148  85 211 119  71 240 177  31 243  51 127  84 127  76  21 223 151
  51 177 185 254  89 214  31  22 223 230 207   0 178 215][ 74  50 127 124 106 208  57  90 166  21 214 161 173 207 226 107 102  61
 255 128 130 203 167 209  82 115 122 139  38 132  39 251][184 245 120 107  83 207  83 252 113   5 108  10  63  19   8  16 186 154
  23 104  74 178  56  31 243 205  48  45 115 146 110 171][ 23 255 194 171 242 183 110 221  54  65  90 231 109 194 155 208 118 239
 183 215 159 146 157 127 190 101 175 192 173 215 171 145][116  47 202  70 240  72  71  81  33 132 237 169  51 135  67  30  16 238
  69  30  10 219 200  40 249 164  36  41 162 242 166 235][124 233 122 110  21 157  83 240  65 132 237   8  51 193  51  16 216 232
  68 106  74  59 248  63 243 237  33  57 115 187  94  42][ 16 253 158 255 176 206 127 190  54 174 254   1 247 119   2  80 119 255
 111 136  40 216  89  63 253 231 231   0  32 178 165 107][201 175  71 103 240  62 111  51 120 234 126 124 251  99 144 179  54 102
 108 110 249 220 165  46 228 255 101 128  74 226 195 113][193 181 217 101 176  46 105  59 114 168  42  84 211 115 201 114  17  84
 124  56 161  84 217  10 173 140 103 100  40 224  66  49][ 73 207  98 103  52  30 110 176 105 200 254 237 255 106 146 241 182 228
  92 111 237 176 109  46 226 253  37 144  78 183 203  69][ 63 125  67  86 122 210 206 112 177 192 255 238 121 252 149 180  62 252
 214 227 237 227 190 236  50  65 173 139 111 183 122 149][237 126 233  71 100 122 111 150 121 202 126 252 243  45 157 190  19  92
 116 111 161 244 253  42 102 127 101 128 198 247  86 252][218  50 156  52  42  44  24  26 187 191 167 253 207 163  66  91 135 213
 237 148  62  71 203  66 218 243 125 191 138 224  15  19][104 249  25 103 124 205  87 188  98 172 172   8 247  81  64  48 144 252
 108 106  72  58 248  45 239 205  37  56  96 154  70  42][ 46 246 186  22 123 255 146 248 139 238 189 237 110 221 207 148 159 125
 215 102 135  67 234 189  90  87 109 191  74 191  14 215][235  54 236  85 226  62 188  31  58 243 127 252 216  38 222 255  55  79
 115 140 181  86 245  66  70  59 255 164 143 228 203 213][ 60 114 186  78  77 127 147 216  67  46 253 109  66 212  47 148 217 220
 230  34 136 183 250  19  19 229  33  63  83 127 110 247][214  15 134 184 147  38  62 231 189  23 206 151  12 175  39 221 247 243
 139 163  60 207   0 238 179 118 222  75 131 117 175 210][ 39 159 159 154 184 111 183 248  30 127 253 253 214 246 170 229 223  91
 238 119 183  99 107 255 184  22 111 254 152 123 165 245][  1 120 191 117  98 206 245  86 236 235 114  68 190 147   1  58 166 127
 126   8 129 252 177 104 197 186 118   2  72  80  35 187][124 112 121 103  19  95 115  24  35 172 175 136  91  87  73 148  50 220
 196 106  72 240 249  24 247 237  33  53  99 179  70  50][ 88 209  91 105 242 203 119 117  37  40 254  40  95  23 128 117  54 156
 110 106  80 155  33  93 247 169  32 192  98 130 230  35][ 34 223 123  92 114 197 255 246  29  12 124 162  56 223 164  52 126 251
 151 200 194 186  50 255 119 189 182 138 115 152 228 251][ 64 166 149  81 236  41 172 143 250 187  56 120 140 178 204 191 131  95
 110  25  50 108 203  83  13 150 127 254 192  64 131 173][220 112 189 116  40 108  85 152 176 190 166  25  87  55  67  27   5 213
 109  98 104  71 251   0 211 227 117  29 160 241   6 115][100 225  16   2 217 205  22 233 170 180  33   9 230 208  76 151 145  88
 192 114  86 107 218  53  41  18   5 127  66   6 143 134][147 110  70  93  82 146 174 228  52 134 114 230 105 226 165 133 126 253
 130 230 228 215   5 111  52  38 106 128 109 177 107 156][ 10 157  50 249 215 229 191 231 157   5  78   3 172 255  32  68 232  59
 155 129 114 153  50 255 255 247 154  67  22  12 181 250][108  49 248  99 244 111 115  25 105 232 191   8 219  29  73  58 158 156
  92  58 152 176 249   8 239 221  37  84 192 235 198 179][120 159  82 102 245 191  86 255 117 168 254 109 107 115 128 208 252 254
 228  32 168 186  73  63 254 239  37 147 235 254 202  27][116 176 185 112 136 233  81 155 163 181 165  24 151 213  72  26 129 148
 237  16  26 109 251  16 219 193  21 125 224 128 134  98][220 166 255 127 106 211  62 232 182 174 223 163 109 238 171 211 247 253
 239 226 228 195 175 127 254 227 239 157  38 231  47 195][ 77  35  28 229  48  14 110 184  44 168  47  76 215  51 137 210 150  68
 108 110  73 208 201  12 236 241  37  20  10 179  11  33][113 253 123  76 114  91 103 116 105  40 126 104  91  17 132 180  62 252
  70 106 193 178 165  93  54 172  33   2  99 178 230 165][221 113 185 102 160  78  95 184 113 238 167   8 215 119 139 115  22 212
 124 110 105  82 249   8 243 235 101  52  32 243 198 115][ 60 126 179  12 107  63 151  88 163 206 253 237  74 213 167 148 220 252
 230  98 205 167 170  26  50 117  33 191  91 127 110 247][182 132 142 216 157 241  80 202 159  19 197  18   2 214 108 233 217 154
 147 144  62  71  10 179 155 211 219 127 144  73 188  38][215  68  44 182 172  18 206 168 148 194 131 231 211 104 155 203 217 197
 125 231 237 199 207  46 248  99 239 157  44 119  56  80][109  49 245  83 237 111 117 153 251 251 183 120 218 127 205 191 151 215
 124  58 187  99 251 192 159 218  85 126 202 243 194  55][ 45 111  99  79 240 142 239 189 120 200 250 236 249 102 149 176  30 254
  87 239 225 146 108 111 100  62 175 128  68 242 227 241][120  52 113  96  49 127  83  88 113 233 189   8  91  23 140  52 152 148
  76  56  41 163 240  14 243 255  32 114 227 131  70  35][210  48 150 188   9 229  24  67 191 147 227  24  44 254 100  91 237 183
 251 144  58  79 146 211 153 242 218 123 144   0  35  10][195 188 253 157 170  96  61 191  62  83  78 245 252 254 138 107   7  87
 125 129 247  76 255 115 236  38 126 206 188 112 167  91][236  52 145 103 137 110  83 136 106 242 163   8 214 117  73  58 145  84
 104 122  41 100 249  42 205 152  69  54 192 115  70  34][ 76  48 189 115 169 124  17  14 123 247  37  25 158  61  75  58 131  23
 249  16  55  68 251  64 207 223  81 127 194  68   7 119][ 78  44 134 178 141 116 148 195 154 211 129  25 204 248  87 139 201 103
 249 147  52 111 218 226 153  83 223 127 136 125 187 198][126 125 235  82 155 253  23 220 171 255 189  45 106 252  79 190 157 243
 221  83 158  99 250 240 123  95   5 251 195 127 222  87][  0 111  91  69 112 141 111 119  56  12 126  76  54 131 192  16  54  42
   6  12  64 186 160 107 101 172  52 128  64 146 199 169][105 181  17  65  85  95 194  63 107  97 234  76 130  16  28 180 152  14
  72  40 159 184 241  31 175 252   1 118  74  10 202 142][127 250  34 174  29 157 210 232 207 204 185 109 234 200 127 144 216 169
 238  83 206  35 202 255 154  84 139 123  89  47 122 134][164  36 237 113 180 107 101  31 126 251 114 112 211  57 152  26 153  70
 126  60  56 244  97   2 207 190 117  84 192 248 214 226][125 112 252 103  96  79  87 152  97 238  39  12  83 119  75  58 144 220
 100 106 201 246 249  40 231 207 101  52 234 243  74 243][ 51 127  67  45  83 151 142 103  52 104 248 199  33  14  37 240 252 175
  22 165 205 154  85 126  52  36 170 130  57   6  42 157][212 163 136 233 184 207  95  63  54  45 207 153 215 167  72  80 209  30
 125  24  58  27 233  23 251 245 175 253 144 130 140  18][248 241  56 234 141 253  84 205 203 125 173  25 159 221  90  18 137 147
 221  49  94 103 250 145 251 217   1 127  82  14 214  82][213  89 239 229 160  66 111 156  52 194  74 192 213  87 153 121  54 221
  61 254 201 208  61  72 229 170 239 132 172 243 161 113][253 120 153 100  40  76  71  48 224 234 162  72 215  55  65 123   6 212
 124 106  73  71 242   0 241 235 101  24 104 241   2  49][116 108 247  94 219 225  23 232 191 166 173 186 110 247 105 126 123 255
 234 210  56  67 234 122 251 246  71 123 227 115 167 162][ 42 237  42  26 217 213 182 230 155  21 172   9  40 232 102 148 137 123
 195  81  70 107 154 119 123  23  20 123  83  20 175 142][244 161 189 190 140  77  85 169 235 119 129  25 215 204  90  27 137 197
 105 103  90 103 219 113 209 243  75 127  80  43 135  82][ 96 249  25 100  48 141  87 181  34 172 110   8 183 211  64  16 144 252
  76  72  74 186 216  61 255 173  37 120  96 130 198  43][ 12 252 144   3 145 253  54 206  59 191  44   9 142 180  74 146 145  95
 192  16  22 120 216  34  47  85  21 119 194  87 143 142][ 73 252 181 176 169 205  92 254 190 250 160   9 191 191  65 179 137 245
 127 209  45  75 210  56 253 211 127 124 192 112   3  10][238 172 175 245 141 252 213 135 219 191 134  17 194 252  86 107 201 102
 249 145  60 109 242 224 203 123 223  83 128 124 212 102][  1 139 125 107  52 138 227  21 100   5 127 228 243  73 158  96  82  42
  46  76 218 184 103  53 102 237  32  64 117 138 192 105][ 66 184 174  52  57 236  80  39 187  95 130  29 174 188  22  26 133 183
 253   5 190  73 146 199 219  54  88 219 200   4 150  95][124 252  20  58 137 201  22 206 155  29 168  57  46 218  96 144 137 243
 233  18  30  75 218  49 187 211  93 123 208  29 142   2][222 180 156 240 169  36  92  31 187 155 183  16 223 191  72  91 231  87
 253 177  50  79 211 194 219 251 127 222 130  80 161  19][109  71 108  46 104  22 239  56 240 142 117 205 201 104 155  83  30 101
 117 239 228 162 239  62 102 111 235 136 109 183 123 193][146  13 134 188 137  54  28 239 189  23 204 145  12 238  39 223 237 243
 235 149  60 203  18 226 187 242 222  75 146 116 174  78][111 183 164  67 173  63 206 152 123 251 189  76 202 104 223 190 157  70
 252  63 149  96 223 162  46  94  69  62 202 247 218 132][165 117 245  67 252 127 231 152 123 248  61  72 210 117 221 191  28 220
  86 122 161 242 249  72  47 152  37  52 195 243  66 165][124 117 233 103 148  75  71 184  48 230 255 168 243 125  25  48  88 222
 125 106 233  50 253  46 255 237 165  52 101 251  86 114][173  69 125 103 180  78 103 184 116 232 255  64 211 113 153 113  58  92
  76 106 233 176 125  12 239 237  37  20  96 187  82  33][ 33 197  98  77 116  31 230 125 125 104 126  76  83 104 182 180  88 236
  22 111 205 178 100  31  54 124  37   0  95 190 218 133][245 116  44  39  36  15  79  48 160 238 151  77 215  49  27  19 132 100
  93 111 232 192 241  12 193 203 233 176 104 187  82 112][165 182 115  73 244  15 227 249 125  66 117  84  83 209 188  52  31  24
   2 122 243 180  62  94  45 156   1  76 219 171 226 176][244 213 189 238 221 111  71 252 208 162 173   8 243 121  25  51 217 198
 106 106 121 103 121  46 251 239  69  28 193 123 230 162][ 23 175  75 171 242 163 110 255  52 224  90 199 113 194 187  80 126 239
  23 255 255 146  13 127  60  46 175 192  45 214 170 152][ 43  93  98  94 123 210 206 240 245 192 252 228 120 252 181 244 126 248
 214 227 205 163  94 239  54  60 142 138 127 183 122 157][ 18  58 238 181  34 166  56  19  55  93 210 247  45  15 134  88 230 189
 189 149 155 220 193 213 198 122 250 194 173 132  37  89][212 172 158 158 155 203   6 232 158 146 193  25 228 210  96  65 145 106
 106  18 102  79 202  63 185   6  31  59  16  72  47 142][148 142 143 191 154  98  15 174 150 178   2 179 245 103  41  67  19 119
 105 179 112 197  11  63 233 166 255 212 144 112 133  58][ 56 173 121 103 180 239 215 247 100 236 254   8 243 117 150  48  57 246
  76 106 120 184 113  63 255 207  37  81  99 218 198 106][212 184 188 179 136  44 113 146 174 183 131  21 215  51  75  91 163  69
 125  21  58  69 155  32 217 163 127  84 160  97   5  98][197 116 149 255 232  46 108 152  59 187  67  88 213 115 153 123 183 213
 125 170 177 212 219 120 149 178 255 164 136 241 131  33][  9 120 159 117  19 206  49  23 124 201 102  68 190 179   1 248 180  63
 126  24 161 248 177 108 197 175  54   2  72  16  35 187][ 23 240  23 156  90 147 186 232 190 192 218 231 108 198 168 228 118 253
 251 237  67 211 159 221 188  38 143 142  29  39  43 245][100  63 243  70 242 200  71  89  49 141 109 168  51 199 197  20  20 254
  69  90  82 154 248  42 125 172  36 168 227 195 230 249][ 86 165 166 151 137 118 109 143 247 183 142  16 204 179  82 111  33  86
 121 153  56 201 191 224 205  54 223  71 162 116 181  36][ 93 125  21 103 176 110  71 181  98 168 171 104 247  55 200  50  16 118
 124 106  73 208 249  46 233 239  37 112  34 243 131  41][206 238 191 158 203 255  63 238 190 215  70 147 236 231 106  71  39 111
 235  78 162  77 191 251 125  35  95  45 146 245 133 124][ 47 126 243  78 107 191 155 216 139 236 253 237 110 221 239 180 150 121
 247 103 135   3 170 185  82  93  41 191  94 255  15 245][143 254  63 219 250 255 191 248 190 254 222 172 220 246 171 229 223  85
 255 127 181 211  47 255 255  31 111 212 150 255 173 241][109 109 129 239 157 111  79 152  33 170 169  72 243  99  17 246  89 228
  92 234  41   2 217  42 229 254 165  60 178 243  82  32][230 238 228  18 236 121 238 231 123 255 184 189  99 104 223 155 139 194
 199  23 244 126 236 226  62  31 245 249 199 253 222 204][202  50 140 180 169 188  88  27 187 251 167 221 142 163  66  91 135 199
 237  20  54  79 210  66 218 247 125 253 138 196  11  19][208 175  13 184 156 205 128 111 158  57 136  89 167 232   0   0 201 171
 104   1 126 107 218  23 185 198 159 123  88   8 147  10][ 82 161 148  48 137 253  20 143 171 181 128  25 142 190  74 155 129 151
 233  17  22  75 218  80 153  80  93 127 128  68 143  70][139 164 236  83 226  62 189 159 122 243 111 149 217  42 222  47  55  79
 115 156 183 220 253 226  78  63  94 228 207 212 139 212][ 20 143  63 175 190 235 182 239 220  32 218  34 247 248 161  96 242 127
  46  99  84 185  45  63 244 167  47  17 116 122 133 163][193 174  90 113 176 138 111 183 116  11  98 240 215  35 128 112  51  46
  12  60 179 152   5  15 236 174  52  64 232 128 193   9][124 113 113 101  83  95  83  88  33 168 191  40  91  87 205  52  60 220
 196 226  72 243 249  12 247 253  33 183  99 179 102  51][122  40 148 250   9 197  80  74 139  17 160  25 174 219 100 219 200 179
 233  16  14  75 218 241 147 240  91 123 146   1  42  10][131 142 140  26 146 171 134 239  30 119 232 183 228 224  46  13 187  67
   2 135  54  77  14 127 184  54  95 119 217  81 169 220][250 141 134 188 201 244  20 239 191  23 224  17 108 238 102  91 201 243
 235 144  62  75 218 227 155 242 222  75 146  84 175 142][116 237 255 126 154 227 151 236 182 166 233 170 103 247  73 114 251 247
 239 210  58  67 235  63 251 231  79  59 225 115 166 226][ 19 135  71 175 178   2 110 253  52 224 202 199 113  98 155 244 122 238
  62 239 253 144  77 127 172 110 175 132  45 182 248 140][ 92 120 153 100  42 108  85  16 160 250 174  40 215 183 193  58   2 244
 124  74  73  67 178  32 209 233 101  56 224 243   6  33][184 189 123 103 244 235 119 247 116 238 126  40 115 119   2  48  59 254
  69  42 121 184 121  63 255 205  37  81  97 202 198 123][108  37 249  99 244 111 119  25  97 168 191   8 215  95  89  50 156 220
  85 122  24 176 249  10 239 221  37  84 224 235  70 162][  4 135 121 105 180 138 107 186 102  69 122 228 243  73 152  64  94 138
  38 126 219 184 109  55 100 172  32  68 117 139 196 113][124 181  56  98 189 109  83 216  99 190 189  25 159  93  73  25 153 212
 221 122  58  99 248  22 219 221  37 125 226 235  86  99][109 226 236  39 141  30  78 136 115 246 167 141 203  40  91 158  25 196
 236 127 140 118 237   0 222 255 197 117 231 247  94  68][205  99  28 103  32  30 111 184 105 160  39  76 223  67 139 243  18 196
 108 110 205 208 233  12 230 249  37  20  42 179  10   0][126 253 251 102 187 253 159 220 171 253 189  45 106 253  79  54 189 251
 213 119 255  99 186 234 251  95   5 191 195 119 206  87][172 182 151 101 180  46 101 159 126 171  98  88 215  49   0 155  49  86
 110  24  49 252 209   2 237 190 117  68 200 232 198  32][244 173  28 251 184 143  91  43 191 177 131  25 151 195  64  81 193 190
 109  24  58  73 201  52 235 176 129 117 144 128 130   2][165 119 221  71 116  63 238 184 122 168 127  72 211 120 221 179 158  92
  70 122 225 242 237   8  47 153 101 164 201 243  66 165][244 161  13 170 141 109  71 168 163  60 169   9  87 125  73  27 153 213
 125  99  24  99 203  53 219 225  97 125 241  59  86  98][ 41 173  97  79 244  30 238 185 124 200 126 192 249  99 144 164  92 126
  86 238 249 184 125 111 173 255 175 128  78 242 211 180][ 49 215 123  78 246  27 230 117 125  64 127 106 115 248 180 176  58 172
   6 107 213 186  36  31  54 237  37   0 109 186 250 141][124 253 105 103 212 111  71 188  48 234 254 108  83 117 153  48 125 222
 117 106 233 242 249  47 255 175 165 180 101 251  86 115][153 125  30 101  48 142 119 116  32 136 110  68  55  19   1  17  54 110
  68 108 105 152  17  45 225 169  36   0 104 146  66 171][ 63 119 251  14 123  63 159  89 189 206 253 237  78 252 167 180 158 125
 215  39 229 163 168 138 114 125  33 187  95 255  47 245][120 249 152 120 169 205  84 207 131  61 172  41  46 187  66  26 129 147
 237  16  30 107 202  49 251 213  21 123 208  80 142  11][166 134   5 153 156  32   6 175  30  19 129  81 192  98  44  77 217  10
  43 162 122  79  75 247 172  54 223 126  16  88 240 132][ 86 161 166 208 137 244  68 135 171 181 138   8 142 242  78 254 161 247
 232 144  30  75 187 224 155 118 215 127 130  70 166 102][126 255 251 118 171 124  31 220 171 223 189  45 110 253  79  54 181 247
 253 247 223  67 186 227 123 127  77 191 195 119 166  87][ 75 221 241 159 202 224  63 191  62 215  78 164 189 182  66 114  87  95
 187 145 211  88 255 243 109  39 254 140 190 214 135 121][205  85 125 101  52  78 103 184 116 168 246  64 211  81 153 115  18  84
 108 106 233 244 125  14 231 251 101  20  96 179  71  33][206 180 180 115 233 125  16   9  59 123  45  25 206 125  78 190 145  19
 249  16  55 100 251 210 143 223  85 127 202  70 207  87][ 61 112 113  97  48 127  82  80 113 233 253 104  91  87 141 180 158 156
  84 122   9 178 105  14 195 255  33  20 235 163  66  35][236 173 188 126 157 111  87 172  86 187 173  24 246 121   9  49 217 214
 104 122 122  99  91  63 251 191  69 116 208 121 198  34][113 151  83  47 240  31 118  63  61 232 251 237 255 119 136 208 183 255
  68  36 253 186 105 175 190 247  37 130 106 230 130 221][ 51   7   2 174 120 135 142 111  21   9 249 225 100 170 168  16 220 171
  19 165  92 155  68 127  48  54 154 130  17   6 162 140][191 231 226  10 205  31 198 232  83 106 189  78  75 232 255 164 121 200
 198 239 253 167  77 178  50  93 133  63 127 127 250 132][125  97 107 102  32  78  79 176  97 224 175  76  83 115 145 114  16 196
 124 238 201 144 253  42 243 237 165 148 110 179  82 112][109  52 145 101 137 110  83 136 122 242  35   8 214 113  73  59 145  84
 104 122   1 116 249  10 133 223  69  54 202 115  66  34][231 183 233  67 248 127 255 187 123 255  63 252 219 125 222  54  29 215
  85  63 177 112 253  70 111  31  37 244 203 231 199 245][ 96 251  25 101 112 143  71 180  96  44 108  72 183  19   0  48  16 252
  68 106  72 186 240  61 231 141  37  48  96 146  70 171][109 113 253 103  96  78 119 184  96 238 119   8 215  87 139  50  20  92
 116 106 201 244 249   8 103 169 101   4  96 179  70 243][221  78 141 181 172  58  78 188 224 250 146 237 215  40 147 235   5 196
 124  47 237 101 205  40 226 227 237 148 172 251  24  16][200 248 151 179 169 205 100 246 191 186 130  88 191 179  65 243 129 255
 126  17  43  95 219  50 191 211 119 120 130  80   3  43][220 118 255 127 122  83  62 248 182 174 247 229  77 239 171 211 119 253
 239 227 228 211 175  95 246 231 239 141  37 243  47 211][ 77 240 189  99 140  76  81 152 234 243 167  24 215 249  75  42 129  84
 120  26  67 101 251   0 207 143 117 117 200 121  95  98][  5 197 217 103 244  11 239 184 127 232 123  68 211  97 157 112  63  78
  54 110 241 176  77 126 110 190  39 132 239 251 195 161][  3 160   6 159  91 151 170 232 190 148 201 130 108 194  59 228 127 221
 251 165  70 211 159 221  29  38 139 173  21  38  43 132][248 188 188 250 169 253  85 255 183  63 164  25 175 255  74  27 141 211
 237  18  58 111 250 179 251 215  85 127 210  84 198  91][194 233 148  50 137 201  20 143 170  53 128  25 174 158  78 155 129  83
 232  17  86  73 154 113 153  16  95 127 128   4 143  78][  8 252 184  17 241 124  53 207  59 191  44  25 142 180  66  28 145  95
 192  16  86 124 240  99 111  87  21 111 194  84 143 206][120 176 188 112 169 253  81  31 187  63 181  24 159 255  72  27 133 151
 253  16  58 111 250  17 219 219 117 127 194  64 207  35][ 31  99 236  47  46  18 207 184 112 166 213 231 219 104 155 195  94 204
 117 239 236 176 237  40 226 235 235 156 111 183 122 193][166 236 196  83 201 187 204 175 251 179 224  24 202 104  84 159 201  78
 226  26  58 124  75 226  47  94 215 119 211 117 202 164][230 188 236  19 237 249 236 231 155 247 144 191  33 172  86  15 203 215
 243 151 190 126 254 227 124  86 221 243 205  93 214 222][  6 205 150 158 157 144 182 236 214  23 205   3  96 234  46  69 249 106
 170 222 118  67 138 255  58  62 223  75 147 127 248 142][ 69 180 149 113 234  46 108 154  58 187  67  84 213 115 201 123  55  86
 124  58 177 212 219  64 140 170 127  68 136 241 131 161][ 39  29 101  71 213  94 239 184 117 234 122 198 209 116 157 164 125 254
  54 238 249 176 125 238  44  62 167 132 111 254 240 245][107  52 136 178 233 188 120  19 171 251 169  93 140 163  74  90 133  71
 253 156  23  79 210  64 222 191 255 253 138 196 139  83][129 120 159 117  19 206  49  23 124 201 102  84 190  51   0 112 182  62
 124   8 163 252  49  79 231 255  54   2 200  16 163  59][ 18 162  76 187  74 161  41 223  46  53 211 247 137 135 218  72 111 143
 255 149 146  28  79 209 220  32 186 228  61 132 161 208][ 40 224  25 233 116  79  67 156  87  41 160   8 151  17  72  16 216 156
  78  88  11  48 121  55 197 221  49 116  82 139 198 170][ 24 135  91 239 210  11  62 253 116 164  90 226 247 225 168  64 118 255
  42 227  80 184  13  63 252 167  47  64 117 170 165 168][221 245 209 103 176  62 102 191 112 163  47  80 219 115 200 246  19  70
 108  58 249 212 221  46 172 239  53  68 234 243 202  32][170 249  16 186  89 205 148 239 143  29 160  25 174 218  36 144 136  27
 203  17  70  11  90 245 187 212  28 123  82  28 143 143][239 125 233  71 236  31  95 156 115 238 191 172  91 109 223  54  30 220
 117 254 233 246 237 170 118  93 229 180 239 247  82 113][108  37 249 103 244 111  99  24  97 160 239   8 215 119  73  48  24 220
  68 122   9 178 249  10 231 253  37  20 224 251  70 162][ 37 118 253 103  52  15 239 184 120 170 123 108 211 120 157  51 158  92
  68 106 225 240 233  14 102 159 101 164  73 243  67 161][  2 141   8 190 155 161 154 105 158   5 201 147 228 234  44   0 217 171
   3 131  50   3  10 127  97   6 139 121  81  75 173 130][120 225  20 186  13 205  80 140 139  61 168   9 174 219  72 154 201 147
 236  80  14 107 218 177 147 209  17 127  82  14  78  10][ 69  52 145  65 129 111  50 136 123 242  35   8 214  53  65 191 145  84
 104 122  33 240 249   8  13 154  69  54 202 115  71  34][124  49  56  98 188 111  83 152  35 188 189   8 215  89  75  24 153 212
  93 122  24  98 249  28 219 217  37 125 224 171  70  35][ 49 133 123 111 214  11 230 109 116  64 249  10 115 104  62  48 122 170
   2 111 221 186 125  31 118 239  36  64 117 170 226 128][149 207 221 239 174  74 103 188  70  58  91  98 247 113 169  97  83  70
  44 106 105 176  77  63 228 171 231 132  60 251 208 161][ 37 229 209 103 244  11 238 184 125 224 123  68 211  97 153 112  63 204
  54 110 249 176  77  46 108 174  37 132 109 251 194 161][116 239 253 127 154 235  87 236 182 166 250 168 247 231  73  82 123 247
 111 242 106  67 235  63 253 231 175  61 240 123 167  98][109  89 216 238 116  44 103 152  99 200 124  76 115 243 153 112  84 238
  52  78 137 178 216  43 116 172  37 168 170 243 114 169][ 37 203 105 111  52  14 111 184 100  72 123  76 247  69 152  80  22  76
   4 110 201 176 105  63 228 173  32 132 120 187  66 113][244 101  89  98 252  75  71 248  34 184 189  40  83 119  73  17 217 212
 125 122  40  34 233  28 251 137 101 124 241 187  86  34][ 85 123 189  37 172  62  70 152 234 250 138  76 215  48  81 250 145  68
 124 127 157  65 251  32 169 255 101  20 136 123 210  96][ 92 189 157 240 184 205  85 191 186  57 174  24 159 183  64  18 133 215
 125  24  90 107 211  55 251 223  53 124 224   0 131  35][198 118 175 191 232 135 126 248 183 238 194 197 201 239  17  81 221 253
 239 231 236 211 251 255 255 179 207 141  32 247  38 210][ 36 113 249 103  96  78 119 184  96 236 119   8 215  87 201  50  20  92
 116 106 201 240 249   8 103 169  37  20  96 179  70 227][224 160  22 125   9 143  96  39 174  51 163  88 247 211   8  91 129  20
 104   8 106  77 219  21 197 250  81  84  64   0 194  42][ 41 151  95  47 240  47 111  59  61 104 123 237 255 111 154 177 191 239
  86  46 245 186 109  13 174 255  39 128 109 226 194 241][220  48 189 113   8 104  81 138 226 247 167  24 215 253  75  59 161  85
 108  18  42 101 187   0 203 193 117 117 224 113  71  34][ 81 121  31  36  26 206  85  52 164 192 162   0 119  19   1 115  34 181
  92 106  73 137  17  45 243 235  96  16 104 146  34  58][ 60 114  81 103  48  14  66  16 121 168 251 104  91  19 133 180 150 252
  68 122 137 178  73  14 162 252  33 144  74 179  66  33][200 188 147  81 181 174  97  23 126 163  98  88 150 177  64 188  33 126
 106  24  51 248 145  98 141 191  87  68 202 200 195  40][ 17 199  67 165  22  10 110 253 116 224 202 198 115  98 152 112 122 204
  60 238 237 144  69  31 176 174 175 148  45 178 240  12][ 41 167  81  65 244 219 103 117 109  96 120 104 179  17 148 180  26 170
   6 120 211 186 101  63  46 156  33  96  67 138 194 172][231 182 169  65 240  63 239 184 123 235  55  92 219 125 221  60 149  68
 117 189 177 240 253  78 111  30  37 244 202 227 194 117][191  55 250 110 242  55 159  89  29 206 253 189 127 253 191  48  95 251
 215  47 173 167  44 238 114 127  45 186 255 247 171 245][ 86 183 204 165 178  18 126 190  52 174 222 231 237 111 139  80 127 199
 237 231 236 208 205 206 254 231 175 149  45 246  43  89][124 121 211 100 170  72  71  20 225 200 174  40  55 183 193  54  50 246
 124  74  73  67 176   0 241 237  37  56 226 242  70  41][167 125 239  71 108  27 239 252 123 234 119 238  81 108 223  55  62 236
 119 239 233 246 237 234  54  58 229 164 111 255 210 253][ 91 191 241 223 219 252  47 191  63 107  92 230 173 182 196 244  55 223
 255 157 147  88 255 243 189 102 190 234 187 214 167 253][201  84 125 101  36  78 103 184 125 174 246   8 211 113 129 115  22 244
 108 106 233 244 113  12 231 251 101  20  98 176  70  33][100  17 145  79 153  78  71  25  99 168 175  72 211 117  77 126  16 116
 108 122  25 225 249   8 161 188   5  20 194 243 198  48][165 180 249  71 244 111 103 190 115 234 126 108 243 117 145  52  29 222
 119  42 249 242 249  63 111 174  37 132 231 250  86 249][134 236 214  87 251 171 166 238 255 179  42  82 196 226  77 143 179 111
  98  26  50 253 139 255  60  30  87 102 201 123 203 132][120 176 188 240 169 253  81  27 171  61 181  56 159 159  72  27 133 147
 253  16  26 107 250 145 219 219 113 255 194   0 199  51][ 77 176 212 113 232  46 105 155 126 179  99  84 223 115 201 187  23  70
 126  24 177 220 223   0 140 171 119  68 138 225 139 161][ 18 255 230  95 242  19 239 252  55 140 254 230 105 231 156  84 127 254
 167 238 234 210 239 255  62 254 231 130 103 182 230 253][230 232 150 154  93 209 146 232 222  21 129  19 236 232 110  66 217 234
 234  83 118 103 218 243  25  54 207 127 144  63 125   6][ 33 140  72 111 116 191 206 187 117   8 254  64 243  96 146  52  89 238
  86 173 189 184 109  63 174 254 167 128 108 234  90 140][  3 163  76 169 234 161 104  23  38 117 219 231 137 135 218  64 111 142
 127 157 147 152 207 209 196  44 186 196 188 198 185 216][ 77  49 157 101 157  14 103  56 106 186 167  76 214 113  81  50 145  68
 108  46 185 224 217   8 207 251  69  20 200  99  67  34][120 160 158  62 137 237  84 207 170 181 161  25 231 242  74 154 129 247
 237  17  30  75 218  17 217 195  85 127 160  64 142   2][242 172 134 186 201 224  20 239 187  23 168  17 108 250 108 219 201 243
 235 145  62  79 218 243 187 247 222 123 144  84 174 142][ 13 148 148 119 176  63 102 191 118 123 102  92 223 115 136 180  23  78
 124  44 187 252  93  55 172 255 117  84 234 224 203  41][253  95 107 101 240   6 111 180 112 234 126 204  81  97 145  49 124 236
  20 238 233 150 229  46 118  47 165 128 109 243 242 249][ 35 175 234  26 196 189 254 231 123  79 120  93 174 232  94  28 189  43
 102  29 214  58 174 115  62  30  20 234 197  68 203 205][254 108  98 108  13  31 198 104 211 162 176   8  67 216 117 181 216 252
 221  99 108 103 220 158 179 217 133  63  71  63  94  38][226 188 237  51 204 233 188 231 155 115 176 155 160 188  84  11 201 223
 243  17 183 111 222 227  61  22 221 123 197  93 214 222][184 157 123 127 242 239 119 247  52  70 126  57 119 119   2  49  59 254
  71  32 120 184  57  63 255 239  36  65  97 232 230 251][193 188 151 247 105 141  96 214 191 187 226  88 182 243  72 123 161 115
 122   0  99  79 218 115 159 210  86  58   0  64 131  43][254 109  71  94 203 211  22 232 159 178 164 168  74 230  45 191 220 241
 234 226 105  71  74 253  51 114 197  63  18 183  46  52][ 92  89 191 100  10  76  83   0 224 192 166   8 119 247   1  50 160 245
 108  66   9   3 178  32 209 225  96  25  96  51  38 106][232 160  21 122   9 109  65  43 171  55 167  28 199 227  72 223 129   4
 104   8  59  71 219  21 129 243  81 125  74   0 206  32][ 97  40 158  87 137 188  97   7 127 151 103  24 163 161  66  63 129 174
 104  24  26 248 243  32 143 251  84  72 194  72 202   8][231 183 191 212 252   7 155 251 187 202 188 108 124 255 221  51 191 211
 223 177 179  67 170 223 122  95  47 254 207 228  99 251][ 81 199  73 175  52  10  78  60 116 160 219 194 243  32 144 112 122 196
  60 239 233 144  77  15 180 174 167 132  45 178 112  40][  5  71 193  79 244  11 238 184 119 226 123 198 219  97 157 244 127 206
  54 238 233 176  77 111  46 174 167 132 111 251 224 177][108 113 249 103 100  78 119 184  96 172 127   8 211  87 137  50  22  92
  85 106 200 240 249   8 103 173  37   4  96 179  70 227][248 160 188 112 139 233  17  15 170 183 166  25 143 191  66  27 131 151
 237  17  58 109 243  16 219 195  85 127 224  64 135  98][252 253 188 114 169 253  87 254 187 191 172  25 255 255  72  27 141 215
 253  18  58 111 250  51 251 223 117 127 210 211 198 123][120  32  16 234  13 141  80  76 139  25 168   9 166 217  73 154 200 146
 205  16  78  43 210 145 211 209  16  59  82  10  78  10][ 84 239 173 231 184  74  79 188 182 166 239 169 215 231   9  82  91 254
 109 226 104 208 235  46 237 231 175 149 160 243 134  98][248 188 150 122 137 173  80 207 179  55 160  25  46 251  72 155 201 243
 237  16 110 111 218  51 219 211  85 123 210  68 238  10][124 161  56  98 189  79  83 184  99 188 181   9 223  91  75  16 153 148
 205 122  24  98 217  20 219 221  37 125 242 171  78   3][ 37 102 249 103 116  15 239 184 116 170 123 108 211  97 153  48  30  76
 102 110 224 244 205  46 228 159  37   4 108 243  66 161][109 105 169  36 172  14  71 157  98 232  10  76 215  33  81 122 144 198
 124 111 157 112 249  40 253 253 101  52 136 251 210  96][125  71 217 111 190  10  71 184  68 168 191 230  83  97 137 112  86 196
  44 106 201 160 109  46 224 239  37 148  44 251  80  33][122 237  38  62  29 207   6 229 223 132 136   9 238 241  50 133 128 106
 203  67 108 105 154 189 177 114  13  59  82  62 147  78][229 101 217 101  84 110  71  24 113 162 238   8  83 113   9  52  56 220
  68 106  41 182 241  10 247 252   5  20  75 243  66 160][134 174 164 155 218 161 173 239 158  23   9 179 228 230 252  15  11  75
  99 149  50  76  79 119  44  22 223 238 148  84 181 228][ 88 185  61 248 184 205  85 183 170  57 168   8 159 151  64  18 133 247
 125  16  91 105 210  53 249 253  53 124  64 128 131  59][228 115  89 229 248  11  87 184  48 172 189 108 215 115 201  17  30 220
  76 106 104 114 201  30 252 193  37 181  96 187  70  35][101 112 173  87 244  14 235 153 123 233  55  76 211  61 221  63 157  76
 116 125 177 240 253  76 111  30 245 196 200 163  82 241][227 219 103  71 104  30 238 189 109 248 242 236 235 108 158 247 254 228
 254 110 229 241 237 237  54 120 103 134  79 182 227 213][ 53 141 126 111 148 203 199 233 100  32 251   0 211 105  24  48  88 238
  68 235  88 186 109  61 229 237 165  85 113 170 194 162][149 207  25 111  52 142  79 176 100 104 123  68 247   1 145 112  20 108
  84 110 233 184  73  63 229 172  33 132 120 179  66  49][216 160 150  48 139  13  16 207 170 177 160  25  15 242  72 219 161 215
 237  17  62  79 155  17 153 195  93 127 128   4 143  10][ 45 151 125  47 240  31 111  57  45 104 127 228 223 110 154 240 158  71
  86 110 213 176 109  77 238 255  39 196  78 166 195 241][ 64  88 125 101  32  78 109  54 105 170 118  72 215  53 129 115 150 244
 108 106 233 244 241  12 231 251  97  16  96 176  70  57][231 233 239  87 236  26 239 253 121 234 119 206 112 108 158  55  62 236
 119 239 225 242 237 236  54  58 229 132  69 179 210 245][ 61 119  18  99  48  31  91 144 105 168 127 108  95  75 141 180 158 221
  68 122 137 176 105 108 162 253  33 132  74 179  74 177][  6 106 199 223 249 135 174 248 191 162 226 193 200 239  52 212 253 253
 251 198 136 211 219 248  63 126 207 134 131 182  34 180][ 97 203  65  79 228  25 110 237  91  34 120 202  97 224 252 244 123 206
  34 206 209  62 238 115  62  46 181 108  85 186 218 172][ 77  33 157 101  13  14  67 184 106 184 166  76 215 113  65  50 144 100
 108 110 137 224 217   8 201 251 101  52  72  35  67  35][ 77 120 149  69  65 126  50 128 121 226  34   8 222  48  69 190 144  84
 104 122  37 244 249 104   7 218  69  50 202 115  75   6][100  37 181  78 141 111  71   9  67 243 173  24 210 245  76  62 153 212
 104  58  25  98 251   0   9 190  69 126 192 123 214  34][248 239  60 126  88 157 211 252 195  44 244   9  35 201  22  17 136 226
 196  78 110  47  74  63 123 217  36 121  83 155  78 203][ 55 247 111  77 250  19 239 248  63 142 250 231 241 239 157  64 127 207
 119 238 234 242 111 127  46  46 231 132 109 178  96 253][ 60 245 236 236 156  75  87 253  22 244 140 139  83 125  91   3  89 210
 249 115 106  99 251  63 251 199 133  61 117 250 214 242][237 209 149 103  44  15  70 152  71 248 163  76 215 113  89 187 144  68
 124 110 201 116 217  25 229 219 101  52  90 187  74  48][184 189 123 254 242 234 119 247  52  70 238  25 119 255   2  81  63 255
  85 160  56 223  56  63 251 239 101  65  97 192 230 250][ 35 174 133  27 252 173 224 202 255 178 240  93 162 232  85 206 201 110
 106  28  55 111 223 251  30  90  87  58 217  72  91 140][  2 175  18  27 209 169 162 239  94   1 120  81 164 232 100 132 217  43
   2  17  54 184  74 119  12  22  26 107 216  72 185 142][ 87  23  76 165 178  14 110 185  60 234 218 231 215 110 151  81 246 197
 125 231 237 208 221  46 236 239 239 148  44 246  57  89][223  84 246 118 162  50 127 191 249 218 158 177 253 255 219 111  55 119
 253 175 248 197 175 234 234 255 127 128 166 247 161 121][ 93  71 217 103 182  10  79 184 116 162 255 230  83  97 153 112 118 196
  44 110 233 176 109  46 250 237  37 148 111 251  64  33][ 88 185  31 242  57 205  85  55 170  57 170   8 191 151  64 114 132 183
 125   8  91  75 146  53 249 253  52 120   0   0 135  42][229 103 209 103 116  10 239 184 112 162 115 200 211  97 153  16  90 204
  98 110  96 240 205  46 100 174  37   4 101 251  66 160][237 227   4 103 172  15  71 184  99 184 183  76 211  65 219 183 156 196
 108 110 201 112 205  24 238 217 101  52  74 187  90   1][ 85  71  13 103  52  14 111  48  96 168 123  68 247  97 153 113  22 100
  28 110 201 144 205  12 228 174  98 128  44 179  67  33][252  73 191 100   8  76  83  16 224 212 164   8  55 215   1  51  32 244
 108  74 105  71 178  40 241 225  96  56  96 177  38 106][ 37  36  89  69  84 111 103  56 112 226 238   8 211  49   5  48  88 220
  70  42 105 182 113  14 103 239  37  20  97 251  70 160][ 90 160 149  54  11 105  16 206 171 177 130  25 238 178  72 159 161 215
 232  17  30  75 219  49 153 242  93 127 160   4 171  14][124 160  24 106  41  13  82 217   3  57 161   9 135  89  72  16 153 144
  76  34  78  35 218  17 211 213   1 127  80  10  74   2][236 180 153 115 217 109  81  11  58  63 173  24 210  87  72  58 153  26
 104  24  59 102 251  18 205 153  17 126 192  65 198 162][101 113 189  71 100  14 235  24 107 232 115  76 211  93 221  50 148  76
 116 127 193 240 249  72  13  24  39 196  72 163  83 241][216 246 157 191 186 253  29 191  54 255 182 253 191  55 194  91  39 215
 237 144  59 204 227 127 238 243 126 209 170 208 143 123][244 125 121 102 152  79  87 252  50 164 172   8  87 215  65  49 176 252
  77 106 104  99 249  62 251 201  37  61  96 243  70  42][ 64  88 191 117  32  46 101  22 105 170 122  76 183  55   1 122 132 116
 108   8 193 248 209  72 197 186 112   0  72 240  67  59][252 180 188 114 169 237  87 189 179 191 173  25 223 255  72  27 149 215
 253  18  58 103 219  51 251 223  85 127 194 210 198 114][ 97 176 157 124 201 125  65  31 227 119 165  28 146 180  74  58 137 134
 104   8  31 111 243  17 199 243  81 124 200  64 198 122][180 143  31 111 188 203  71 249 228  44 187 104 243 113 152  17  88 228
  76 106 120 169  73  61 225 162  33  80 113 171 214  35][212 112 189 116  10 104  81   8 160 182 167  56 215  23  73 123 161 149
 109  34  40  69 243   0 209 227 113  29  96 112   6  34][216 160 156 176 139 169  16   7 187  55 166  25 175 175  66  26 131 151
 233  16  62  79 195  19 219 211  93 127 224  72 143  10][109  35 193  69 244  10  79  29  99 232 126 236  83  33 213 182  24 206
 116 110 217 210 237   8  62  60 165 180 238 254 210 188][ 33  34 242   9  91 187 162  74 123 165 252  44   2 200 230 180 121 140
 194  20 134 254 254  83  30  12  17 107 201  14 106 132][100 121 121 101 112  78 103 184  96 172 126   8 211  87 129  48  18 124
  84 106  64 176 249  44 101 173  37   4  96 179  70 225][241  79  76  69  20  26 102  53 113 162 238 206 243  32 151 245 120 228
 108 238 237 186 197  14  38 239 165  16 111 250  90  12][  5 199  83  79 244  11 238 184 116 226 123  70 211  97 153 244 123 204
  54 238 233 176  77 110  44 174  39 132 109 251 104 176][ 45  45 149 101 149 111  99  56 117 224 239   0 211 113  25  55  88 196
 120 106  57 240 121  12 231 255  65  20 194 235  82  32][173  87  19  97 112  31 250  56 121 232 126 108 222  78 159 180 158  13
  68 110 197 176 113  78 230 253  33 132  74 179  75  53][ 66 169 156 184 169 233  20 143 171  29 168  25 174 251  66 218 129 115
 233  16  22  75 202 241 219 215  95 127 208  84 143  10][ 77  49  24 101  21  12  67  24 104 168 166  12 215 113  67  50 144 196
 108 110 136  96 249   8 195 249  33  48  72  35  74  34][168 241 125  90 121 201 199 189 119  53 164  24 179 197  28  53  25 154
  66 120 106 111 122  63 111 155  21 125  82 152 214 250][  7 251 237  79 116  15 239 188  62 170 114 231 241 107 156  64 126 205
  55 238 225 244  77 127 108  46 175 132  77 179 241 177][216 224 158 122 137 236  84 196 187  23 165  25  62 251  74  27 129 211
 233  66  62 111 154  49 211 243  84 123 192  83 175  10][ 10 188 178 153 255 243 184  71 159  79  92 179 172 188  38  68 239  59
 159 145  54 157  50 223 207  87 158 203 150  76 189 223][100 188 173 117 157 111 135 191  18 246 140  24 211 117  65  42 157 254
 121  56 187 106 251  30 233 143 149 124 208 104 150 114][ 39 104 199 223 106 139 170 236 191 160 242 194 192 194 181  84 254 125
 123 206   1 211 203 252  28  62 207 130  13  51  99 132][ 65  95   9 165  48  14 110 178  60 234 218 197 215  39 147 112 150 229
 125 239 237 216 213  14 228 175 239 128  12 242  27  89][ 48 156 123 254 210 238 127 247  52   7 111  19 119 247  34  80  63 255
  23 160  56 155  57  63 251 175  53  65 225 226 230 250][  3 255 159  30 186 172 167 166 190  91  75 116 244 246  40  64 133 115
 106  83  51 201 154 119  45  54  62  74 152  83 161 185][ 88 177  31 254  57 205  81  53 171  17 171   8 255 211  72 114 162 183
 124   0  91  11 154  61 217 229  16 122  32   2 131  42][ 32 109 113  69 116  78 103 190 112 164 126   8 243  53 129  52  50 252
  68 106  73 184 225  14 101 172  37   0  99 178  70 168][252 188 188 114 169 253  87 155 187 187 173  24 223 255  72  59 141 215
 253  26  58 103 250  51 251 219  85 127 226 115 198  50][ 97 176 185 120 201 109  69 159 235 123 160  92 146 181  72  58 137 134
 104  24 155 107 251  17 207 184  84 126 216  88 198 114][112 188 156  58 169 237  84 207 187 183 160  25 167 243  66  27 129 243
 236  16  62  79 218  51 217 211  85 123 240  80 143  26][ 38 162 234  26  95 217 179 200 218 197 225  13  32 200 126  24 217  41
 194  85 134 103 174  83  25  20  17 127  85  12 127 198][ 44 101 193  71 212  11 231 184 116 162 111 202 211  97 153 148 120 204
  66 106 105 240 221  14  36 175 133   4 103 251 218 160][244 125  29 102 138  79  87 236  50 178 162  25 215 215  65  27 176 253
 109  98 104  71 217  62 241 131 101  52  96  49   6  34][129 254 159  31 250 164 175 182 190  27  75 244 244 246 136  99   7 123
 122   5 179 216 138 119 108  38 126 192 136  83 163 185][ 61 101 192  71 145  91  70 232 115 162 239 138  67  97  91 180  25 204
 192 250 105 242 253  46 186 199 133  53 231 255  94 180][ 66 171 132 153 139 169 180 135 190  23 136 185 172 174  70 143 131  99
 235 149  22  73 195 241 140  22  94 251 128  84 137  14][114 224 144  32  11  89  80 206 163 177 160  25  14 146  72 154 161 151
 236  16  14  75 219  17 155 229  21 127 168   4  42  14][101  13 149 101 157 111  70  41 101 160 171   8 210 113  21 182 216 196
 120 106  25 226 121  14 175 254  69  20  66 107  82  32][124 163  80  98 105  15  82 248  35 188 161   9 199  67  72  16 152 156
  68 114  74  34 201  21 219 221  33 125 114 171  66   2][ 21  71  65  79 244  11 238 184 116 226 123 198 211  96 157 244 123 204
  54 238 237 176  77 110  44 174 167 132 109 251 120 148][249  15  78  37  84  30 102  55 112 162 234 205 227  32 150 209  88 230
  96 110 236 250 197  14 102 175 197   0 109 250  90  12][228  36 157  99 141 111  71 138 114  51 173  24 210 117  73  59 153 214
 104  58  59 102 249  50 205 159  85 116 192  91 198  34][208 115 146  52  97 143 102  97 233 168 178  76 110 240  97  19 176 101
 108  98  72 227 128  72 177 144  69  58  72 122   3  15][192  49 151 119 161 236 117  20 184 139  99  80 254 247   9 122 164 127
 120  72   1 253 144 104 197 186  82   2 200  83   3  59][ 10 148  50 185 247 241 184 103 159  79  90 179 172 190  38  64 239  59
 159 145  54 152  34 223 175 119 154 203 150  76 181 223][ 65 113 184 101  48  78  83  24 106 236  46  12 215  49  67  50 144  68
 108 110 136 112 249   8 231 233  37  52  96 178  70  99][  1 132 220  87  52 174 232  55 126 171 123  80 179  51 148 112  15  62
 126   8 177 248 193  95  12 190  50  64 200 136 193 169][237 112 253  99  44  62  75 152 115 250 183  92 211  81 217  58 157 196
 124 126 137 118 253   2 207 219 101 180 202 243  82  49][ 73  93   9 167  52  14 111  55 104 232  90  68 247  51 145 112 148 102
 124 111 201 152 209  14 228 255 174 128   8 242  19  57][ 48 148 127 254 210 230  91 253  54   7 239  19 119 247  40  80 121 255
  55 160  56 155  57  63 251 175  53  65 161 227 166 226][ 78 178 150 178 169 172  60 135 171  31 139 253 142 234  74 218 133   7
 237  21  22  73 138 224 138 247  94 251 138  68 139  23][  5 121  49  69 116  15 239  48 109 232 122  76 147  88 213  48 148 108
  94 111 193 176 241  76  37 152  33  36  72 179  83 181][160 181 117  83 217 207 197 189 191  61 165  24 146  85  76  53  13 154
  79 120 122 108 122  55 111 152   5 118  67   0 198 227][105 180 189 113 157 111  69 159  82 243 160  24 246 117  88  59 153  94
 120  24  59 106 251  26 205 223  85 124 192 104 198  56][  2 186 190 240 251 237 176 198 191 157 184  49 172 191 100  27 167  59
 255  17  18  75 130 241 223 208  30 235 128  64  39 155]