[ 35 169  98  77 116 155 234 127  87  65 124  10  42 136 182  52 122 170
  22 200 222 186 116 223  54  28 128  96 119 142 242 236][ 16 205   7 158 148 128  46 231 180   1 218  66  49 226  32 196 104 107
  46 192  91 153   2 255 160 230 190  64  28  24 177 168][  0 205  15 158 148 131  47 247 148   0  90  66 112 227  32  64 120 107
   2 202 115 152  10 255  96  38 190  64  20  26 177 168][  8 205  11 186 148 131 167 247  20   0  88   2 113 227  32  64  89 106
   2 202 115 168   8 191 104 135 174  72  21  26 176 168][ 94 122  84 190  42 152  30 176 171 218 178 237 239 238 131 211 166 231
 237  71 199  73 207 237 182 243 106 155  44 183  11  29][130 184 146 153 247 229 184 195  30  11  80  51 172 222  96  72 255  59
 147 145  50 156   2 243  28  20  26 227 149  77 165 147][ 52  37  23 136 152 103 131 200  14 173 185  10 214 243  41   1 216 155
  78 114  58 163  73  92 249 148   7 124 208  11  36 226][252 248 145  82  73 221 146 200 251 176 161  88 122 214  77 183 145 241
 192 114  99 103 250 114  27 217   5 127  67  35  71 164][ 47 112 235  96 121 125 185  88 163 249 180 169 159 157 211  62 174 157
 253  29 135  99 230 128 223  89  37 191 198 164   7 247][ 92   9 130 166 143 122  70 136  97 162 139  11 195  98  73 222 112 228
 232 242  28  67 205  40 152 228 197  23 160 119  56   6][112  72  47  94  93 198  71  32 224  12 239   8 114 117  48 114 200 244
 124 106  72 171 106  45 115 175 224  25  81  43 118 106][  5 189 121 101 176  79 103 184 124 232 122 104 215 119 129  48 183 222
  68 106 201 176 121  31 237 174  37   4 104 226  67 177][  2  28  18 159  50 160 184 103 188   1  90  50 172 186  32  64 246  59
   2 128  18 152   0 207  36  54  26 130  20  64  33 137][108 176 179  64 153 105  19  75  99 165 175  40   6 213  72 180 145 158
 232  16  26  51 251  17 217  52  21 127 194  70 198 102][  8  12 130 189  52 139 104   7  60   3  82  18 175 162  32  64 106  42
  38   0  34 188   1 207 132 247 186   0  20   8  49 136][  2  28 178 157 118 224 184  71  60  11  90  50 172 190  32  64 246  59
 147 145 146 157   0 207 132  54  26 138 148  64  37 155][153  76 195 189  20   2 110 150  54  66  66 215 243  99  49 200 120 238
  32 140  45 156  69  47 132 231 254   0  61 248 120   8][ 48 101  98 225  84  11 234 112 109  32 250  10  11   9  21  16 122 137
  23 226 200 178  65 206  54 220 130   0 103 139 114 128][ 16 205  26 190 150 128 110 247 180   0  90  66  53 227  32  64  98 235
  63 192  66 153 130 255 244 229 174 128  44 144 169 136][ 32 237  10 154 212 131 142 237  22   0  88   2  48 200  48   0  89 106
  19 227 114 170   8 191 120   5 175 104  85  26 240 136][110  34 224   0 109 123  70   8 107 230 188 137  75  44 215 158  26 196
 204 110  12  98 228 152  30  89  69  55 231 255  94  86][114 234 128 178 137  73  84 174 187 183 160  25 166 171  64  27 129 215
 237  81  62  79 202  51 185 214  84 123 192  81 134  10][ 70 160 215 254 100 138 234 136 191  16 243 194 239 235  28  89 186 237
 127 203   2 225 139 237 148 186  75   0  69 163  99   0][ 20 164 213 145 214  43 226 233  62  51 163  26 198  98  72  11  59 207
 106  51  50 113  73 215 156 150  95 116 193  73 193 128][ 49  79  75 140  78 131 239 228 156 160 210 198 117 194 177  64 122 229
  42 239 105 183   4 255 176  38 239  16  61  58 113 168][ 88 144 237  37  23  98  81  55 119 229 238 135  51  47  18  80  34 166
 173 128 140 184  53  14 219 231 177  81  37 128 100  90][ 72 116  90 126  34 204 113  21 168  15 103   9 191 215   3  16 166  57
 109   8   2 141 146  75 231 253  48   9 104 146  79  27][ 39 183  64 129 246 191 234 214  75 233  57 238 142  72 212 164  63 138
 150 125 151 184  76 214  44  28 173 230 207 143 219 149][123  91 192 199  85  22 110 180  41 196 182 199 104   7 159 212 124 228
 159 238 205 146 116 232  54 120 142 131  47 191 122  92][ 35   2  70  13  84  22 232 122  61 193  82 215  25  10 150 196 124 140
  51 141 165 152  85 220   4  46 186 192  47 132 112 220][ 94 165 229 161 215 210 174 199  11 245 138 147   9 110  86 198 121 223
 153 149  30 216 189 226  63  84 159 103 167  92 180  86][220  48 182 124 139  42  17   8 178 182 135 185 206 231  65  91  39 117
 233  18  16  69 187   0 219 226  69 127 226 101   7 114][121 209  66 238  77  68  76  61  33  64 235   6 123 243  44 116 240 134
  61 236  89  26 211 205 179 248 198  10  59 130 240  30][ 72  52  81  67 112 234  43  18  56  99 103 136 159  23 128  60  22  61
  68  24   3 148 177  78  71 255  48  64 194 130   7 177][163 106 225  21 103  25 164 198  91 242 112 255  40 172 215 175 175 111
 242   5 215 126 230 226  30  28  93 234  79  60  91 221][ 15 115 242 133 107  18 190  64 169 236 249 167  12 158 215 166 174  93
 211 247 196 243 165 194  54  28 139 171  79  55  43 215][ 34 219  27 154  56 193 130 104 142  24 153 233 228 214 104  64 192  49
 234  67  67   3  74  93 176  20  43 186  16  10  37   5][ 68 204 215 159 212 138 238 232 190  19 227  66 228 226  56  81 123 231
 106 203  50 251 207 127 188 166 223  64 149  59 225 128][229 104 189 117 108 109 161  82 242 186 113 120 149 181 209  59  13 124
 114  10 225 118 234   0  69 170 113 172 192 249  83 161][ 85  94  75 222  50 162 111 112 116 194 255 230 113 103 181 112 118 164
  62 174 233 149  45 110 114 175 162 128  61 243  96 113][ 76 177 185  96 184  76  85 153  35 185  47 104 215 247 201  62  23 222
 108  56  91  64 249   0 239 189  37  60 194 242 134 115][111  91  96 134 117 152 110 176 169 196 183 231 201  70 151 246 118 228
 223 238 197   0 236 236 182 125 166 140  47 183  88  85][ 18 205  90 190 114 128  63 246 188   0 122 130  61 231  32  64 102 251
  23 201  64 153   2 255 244 174 190 128  53 146  33 169][120 189 154 126  89 237  22 239 179 132 172   9 102 243  98  16 145 122
 232   0  10 107 218  63 251 215   5  59  80  98 142  10][  2 141  74 141  84 128 175 103   4   1  90   2  48 170  52  64 120  43
  19 129  82 154   0 253  52  44 138 192  21  10 241 136][133 117 125 231 116  15 239  56 124 162 119  72 215 115 145 113  94 124
 126 106 225 176 249  14 229 175  99   0  72 187  67 160][124 253 152 178 170 205  86 255 178 181 172  25  95 247  74  18 183 215
 237  16  94  75 218  51 251 199 117 125 160  98 142  10][ 10 235 224  19  19 217  58 204  59 245   4 141 141 142 222 148  55  73
 209 213  70  88 238 247 238  69 157 245  39 134 159 220][ 58 165 208  40  91 169  82  75  35  37 232 137  47 130  66 144 184 171
 196  16  30  27 192  19 154 212   1 123 170   6  10 142][225  21  21  69 245 126  70  63 105 234  42  76 210  49 132 183 144  70
  80  42 241 170 113  14  39 190  69  16  74 242 194 184][ 93  91 159  45 168  10   7 189 164 200 158 228 247 115 129  86  22 102
 108 110 201 193 139  44 234 227 101 144  46 242 129  57][ 75 178 160  85 112 157  48  88 107 232  68 236 248 214 215 180 150  61
 220   5 135  22 174  95 158 124  33 174  10 166  43  29][105  92 227  68  21  94  70 182 113 226 106  76 114  56  21 180  16 228
 120 111 173 240 181  47  51  62  65  16 106 243  90  28][176 235 119  71 226  74 111 253 113 168 242 232 115 103 141 183  62 220
  68 234 233 243 173 109  49 168 101 132  99 178 230 169][ 99  66 164 140  77  21 216  40 203 216 216  79 232 232 119 214 220 237
 179 229 196  35 218 217  23  56 203  63  31  46 120 212][  7  26 215 215 226 178  46  82 172 138  91 230  93 226 161 232 118 109
  54 138 133 144 166 200  22 174 235 128 174 243  41 133][102 122 130 148  75 232 182  66 168 142 202 169 164 164  99 156 204 125
 234  67   4 255 198  42 149  54  90  11 192 125  47 143][ 74 185 156 242 187 221  24 142 171  49 168 189 172 190  68 250 135  83
 253  16  23  73 218 241 155 209  31 123 152   0 143  31][ 37 123 198   5  48  30  98  16 113 236 103 197  67   0 151 212  20 108
 100 126 173 240 213  12  14  58  37  64 202 167  90  85][ 63 123 114   2 115  27 190 224 121 236 181 175  14  28 159 180 190 213
 215 231 204 179 165 236  50  92  14 183 111  55  47 215][111  81  34 170 173  31  78 117  69 104 223  14 202  25  58 228 216 132
 223 111 205 163 117 140 179 125 128  18  30 158 248 118][ 86 229  82 175 147  78 126 232  61   0 251   3 111 118  41 212 255 223
 255 242 108 147  25 239 185 246 143 199  33  55 175   6][ 68  52 157 116 169 108  81 154 234 251 171  24 215 247  73 122 129 215
 124  24  27  67 251  32 217 255  85 126 200  97 131  51][208  80 159 223  78  64 165 254 228  22 102  50 241 243 169 107 104 100
  42 202  65  55 163  97  85 162 246   8  48 248 101 169][ 68 172 215 151  84 139 230 224 126 163 227  74 230  98   9  26 123 231
 106 139  32 255 205 110 188 134 223  48 193 106  67 136][ 72  60 190 117 164  46 121  23 249 139  62  16 159  51 129 122 135 118
 108   8 176 252 161  66 199 255 118 128 194 224 195  41][114 112  34  14  11  85  18  72 163 140 161   9 106 220 111 148 156 221
 233 227  14  67 154 217  19 116   9  59  67  39  46  94][ 96 176 185  96 104  77 113  27 106 253  52  24 151  29  64  59 131  21
  93  24  19 110 243  16 207 217 113 124 192 128  71 243][147  67 127 172 118   3 236 119 125   0 210 230  55   8 180  96 126 181
  23 229 233 187   5 207 176  46 170 130 125 168 113 141][ 86 197 150 158 157 230 182 232 190   3 203   3 204 246  44 196 241 119
 251 227  48 131  27 255 185  54 143  95 148 127 189   6][173 160  53  83 137 221 144 200 254 179 161  24 238 220  76 175 153  18
 202  16 183 101 234  51  11 217  85 127 210   9 199 166][ 26 177  48 168 187 197 152 201 143  93 153  35 140 222 110  64 207  27
 219 145  22  11  82 209 155 213 154 255 146   6 167 215][ 90 143 107  29  50 210  91  55  49  69 206 161 121 111 182 112  86 183
 149 141 250 152  37 223 235  47 190 129  39 132  52 122][ 93  50 251 100  50  92  59  16  41 237 183 236  95 119 198 182 182 245
 236 128 153 203 177  64 219 255 101 130 202 166  15 113][101  89 123 101  36  14 127  48 105 200 114 108 215  25 145  48 182 236
  84 110 201 176 225  40 230 249  32 128 108 179  66  49][ 48  69  64 233  92  11 206 104  13 160 249  10  67   8  53  64 120 140
  23 227  72 179  65 222 182 204 130  16 117 139 112 128][ 80 249 157 255   8  76  87 188  34 154 170  72 247  87  73 114 176 247
 124  74  75  77 251  43 249 229  39  24   8  50   3  59][  3 134 106   7  86 155 242  97 125  69 127 151 104 168 190 100 186 174
 130   5 180 185  53 207  62  62  18 195 111 142 248 220][ 57 203   2 190  92 145 206 230  86   0  88 195  33 200 179 196  72 234
   2 199  78 170  14 191 176 101 170   9  60  31  56 140][ 45 245  25  99 176  15 103 184  54 168 107  72 247 119   9  48  21  94
  92 106 105 176 121  63 237 143  37 116  72 179 194 177][173  52 189 227 173 111  83 152  75 251 181  24 223  89  89  59 153 196
 125 122 171 102 249 144 207 219   5 126 203 123  82  34][  3 141  35 137 148 163 171 103  92  65  90  66  48 234 176 100 120  42
  18 141 179 152  37 255  44  38 138 192 148  10 177 236][200  28 190 253  32 236  61  23 189  27 118  48 188  55  32 123 167  55
 127   8 177 205  51 224 199 251 114 130 128 208 165  59][105 117  57 103  61  79  71  60 118 232 173   8 210  21   9  48 152  92
 108 106 105 240 249  63 231 223  37  52  64  59  70  42][107 174  84  72 125 191 218  59 237  45 190  76 106 104 150 180 151 166
 206  44 180 169 109 255  62 126   1 211  79 134 218  13][246  76 214 190  79  42 108 204  57 146 226   3  98 234  13  91 249 229
 104 227 104 247 203 232 149 178 207   3 161 121 114  14][224 228 188 113  41 105  69 175 254  63 167  56 214  49  76  63 137  20
 108  40  42 100 235  19 205 219  85 119 192  88 198  35][ 45 117  46  90 116 247 131  90  86 201 221 162 210 220 183  37  92  56
 146 125 167 179 124 189 107  15  37  64 215 207 116 245][124 189 253 113 179 127  84 191  59 241 174  24 223  61   0  24 151 215
 253  16 187 248 249  31 235 255  85  87 226 240 206 115][ 37  49  29 101  53  15 103  51 104 232  42  76 150  17  16  49 144   4
  88 108 217 176 241  12 229 217   1 116  72  40 210  48][ 65  48  27 101  65  14 113  55 121  72  98  76 190  19   0 112 182  60
  92  40 193 184 177  77 199 253  48   0  72   0  99 169][154 184 147 250  27 225  16  71 191   5 225 177  46 223  32 220 227 187
 143 144  58 143  18 243 211 215  26 107 210   4 167 186][246 123 114  66 123  18 186 224 105 100 181 175   8  14 151 146 238 213
 223 247 196 163 229 236  50 121  10 147  71  55  47 215][244 125 189 101 168  78  71  53  96 170 166   8 115  55  65  51 144 244
 108 106 105 241 249   8 251 203 101  48  96 242  70  42][ 69 169 149 179 224 136 110 172  58 179  10  64 247 115  72  90   3  79
 104  90  83  88 219  33 172 134 127 100 160 211 131  40][ 15 141 108 219 188 179 139 250 222  64  93   2 240 248 182  97  91  42
  27 255 178 168 110 255 111  47 171 217 151 139  81  40][111 120 144 179 237 189  80 148 139 249  32  77 158 152  71 158 129 108
 125  94 135 116 218 176 143 216  21 126 202  95  91  95][ 66 185 148  58 171 205  16 134 235  25 160  45 190 218  68  19 135 115
 236  80   7  75 218 113 155 209  31 123  88   0 143  27][ 75 209 255 127 179 222 249 183 191 253 118 149 253 255  22 118 183 127
 253 157 243 248 179  79 111 255  87 194 111 164 167 123][ 32 222 120  95 116 207 127 254 126  15 126  32 115 119 170  48  31  90
   7  72 226 184 105  63 103 159  52 128  81 210  70 171][255  52 228  69 169  63 198  56 121 234 183 108  90  56 215 191 157 196
 124 110 189 246 249  10  30 123 101 182 203 231  74  21][248  35 216 228 109  89  80  75 131 188 176  41  15 137  65 155 136 152
 196  16  76  99 194   0 219 209  97  63  99  40  78 130][ 51 176 253 117  40  15 121  91 127 249 112 105  18 157 212  57 175 157
 117  21 138 252 227  29  79 218 113 230 229 128  66 251][220 177 156 177 188  44  93  31 174 189 151  57 223 247  74  90 135 215
 125  24  26  73 219   2 235 243 127 253 128 192 143  51][193 153  63 101  48  78 103  53 108 232 102   8 247  55   0  48  48 116
 108 106  81 184 177  12 231 233 100   0  64 162 199  42][152  74 202 253  18   2 108  22  54 130  70 215 113  99  33  72 114 238
  34 140  40 220  21  42 196 231 246   0 175 241  40 136][130 184 176 153 236 173 184  79 158  91  80  51 172 158 118   9 207  59
 147  21 242 122  66 209  13  26  94 234 148  76 131 219][133  93 222  71 182  26 166  50 252 194 126 100 252 112 133 231  54 102
 126 106 229 184 157 110  36  62 103 130  76 242  73 157][ 24 185 253 113 177 223  85 151 119 245 110  53 151  55  66 112 135 126
 236  16 154 248 123  55 239 223  21 119 226 208 134 123][110  40 147  80 203 253  18  66 187 162 108   8  14 212  69 188 183 252
 240  18   2  19 170  18 155 212   5 127 194 101  14 166][  8 205   7 190 156 131 143 253 150   0 220  66 113 195 184  64  88 106
   2 203  99 169  10 255 104 167 174 200  53 154 176 168][200 156 158 252 139 228  61 151 189  27  78  16 188 183  32  90 231  51
 191 144  50 205 146 227 203 255  90  75 130  80 165  27][182 107  42 162  24  22 158 228  32 108 240 143  25  14  23   1 254 213
 223 231 236 183 213 236 243 249 174 145  69  51  47 210][ 41 203  74 190  92 145 206 230 214   4  88 163  33 200 179 192  72 234
 130 199  78 170   6 191  48   5 138   9  53 159 120 204][ 72 116 154  62 112 236 113  21 168  15 101  25 255 215  10  24 162 185
 109   0   2   5 154  67 199 253  48   9  64 210 239  10][117  97 121 101  32  79  75  24  97 224 170  72  19  23 213  54  58 148
  84 106 201 178 241   8 211 200  33  52 105 162  66  48][  3 141  42 201 148 167 171 103  76   1  74   2  48 162  48 100 122  42
  19 141 146 184  53 255 109  44 138  64  21 138 241 168][ 88 249  60 250  41 157  94 154 187  56 181   9 191 223  67  18 133 243
 221  74  14  73 250  49 251 217  53 185  90 147  79  27][153 205  27 190  22 128 110 244 180   0 218  66 125 235  48 192 118 235
  31 195 107 137  10 255 240 229 174 136  60 146  41   8][ 71  50 143 133  42  10  43  56 172 202 211 229 212 230 143 118 182 101
 124  47 133 193 167  72 132  50 107 146  12 166   3 117][ 40 173  10 170 212 131 135 253  22   8  88   2 113 201  56   0  88  42
  19 225  82 186  10 191 104 199 175 232  85  10 240 168][212 106 222 116  34 170  49   2 184 142 166 185  47 163   1  91  38 245
 237  82  40 197 130 104 208 227  96   3 224 241  39  43][  1  16  25 109  96  14  97  61 108   9 103  68 254  19   8 112 180  12
  86  44 145 176  17  77 197 189  48   4  72   2  99 169][ 86 197 146 142 157  70  54 232 191 132 202   3 206 246  45 212 241 213
 239 243 104 131 155 254 185 182 143  95 144 115  61   6][ 66 248 145 186  43 205  48 140 175  89 160  45 188 222  64 242 135 115
 249  81   7  75 218 113 137 144  31 122  88   3   3  27][253 112 253  99  13  15  71 152  67 250 181  12 211  89  89  58 216 196
  92 126 201 118 249 162 199 219 229  52 234 187  82  34][ 69 123  59 231  36  14 111 144 104 232 123 108 215  83 129  48 182 117
  92 110 193 176 169  40 229 184  35 128  72 179  67  49][173  89  46 202  62 159 179  88 214 193  93   2 240 220 191  96  94  56
  19 125 131 179  62 157 107  13 171 192 213 143  61 229][  0 137  74 141  84 131 175 119   4   1  88   2  48 138  48  64 120  43
  19 193  82 186   0 221 100  44 170 192  21   8 241 136][ 25 205   3 190  20 129 143 245 148   0 218  66 121 227 176 196 122 107
  62 203 107 137  10 255 176 230 174 136  28  26 177  40][124 117  57 101  29  79  71 184 119 224 236   8 242  21   9  48 152  92
 104 106  73 240 121  30 231 223   5  52  64  59  70  42][ 96 148 149  89 153 253   0 175  31  51  42  88 246  55  72 252 145  18
 232  16  51  88  91  23 143 150  85 118 154  72 137  58][ 18  29  94 190  18 130 191 113 188   0 222 227 125 247  32  65 118 185
  31 231  96 139   2 237 240 161 170 136  61 162  33 185][244 129  31 200 168   7   3 233  12  52 163  90  86 115  40  65  88 148
 106 106 120  39 123  93 185 130  99  92  16  43 165  32][120 189 154 124  89 237  18 111 178 141 236   9 102 243  34  16 153  59
 192   0  26 107 218  63 251 231   5  59  80  74 206 138][240 121 255 101  34  75 119 117 240 174 230  40 119 183 193  51  34 244
 108 106 105 253 177   8 243 203 101  16  96 178  70  43][  3  50  69  13 116 150 232  80  84 105  83 198 200   8 148 236 124  44
  55 141 133 184  85 221   4  58 186 192  15 132 112 157][203  50 250 102 115 124  59  24 169 204 183 188 222 215 206 182 182 213
 253 158 133  71 232 194 223 249  33 194  66 167  15 117][ 69 189  89 101 176  78 111 184 100 232 122 104 215 119 128  48  54 220
  92 106  73 176 121  14 237 173  37   4 104 242  67  49][161  57  29 101  37  79 101  55 108 224  38   8 150  17   0  49 160  36
  88 104 209 184  49  12 229 249   1  50  72  40  67  50][ 34 165 106 201  84 159 234 107  87 105 120   2  48 136  52  32 120 170
  19 161 210 186 116 223  55  12 162  96 117 138 114 204][ 77 177 145  99 233 109  81 155 123 249  43  24 222 247  72  62 145  94
 104  24  27 106 251   3 205 220  21 126 202  98 131  50][234  97 226 100 107  88 216  73 235 224 188 169 159 159 213  54  14 157
 253 185 204  71 228 192 210 249   8 191 103 166 103 246][ 85   7 203 236 182  34 111 113  52 193 255 198  81 231 189 112 118 172
  30 172 153 147  37 206 114 175 162 128 189 243 224 113][ 21  19 219 207 178 162 111  81 116 192  91 230  81 226 181 116 118 237
  54 220 145 144  45 202  48 172 171 128 173 227 160 181][ 94  35 194  37 210 106  58  11  35 161 107 233  77 167  64 212  55 205
 233 149  16 209 137  64  92  38  29 199 235 230  42  18][241   6  79  61  52 106  97  51 116  67  99 240 243  32 144 121  82 164
  44  44 185 188 101  15 228 174 240  64  44 168  80 104][ 54  69  66 236  20  11 206 112   5  32 250  10  75  40  53  64 120 140
  23 227  72 179  65 142 178 236 130 148 117 187  80 128][ 65  89 147  69  21  94  70  52 121 192  98  76 114  56  20 244 144 228
 120 109 237 248 181  47  35  62  64   0  74 178  74  28][252  48 157 242  41 109  81 200 170 183 161  25 159 223  73  27 133 213
 125  82  26  71 218  48 219 217  65 127 192 113   7   2][ 86 245  82 174 147  78 126 232  61 128 250   3  79 242  41 212 251 221
 255 226 108 147  25 239 185 246 143   7  97 115  39   6][225 149  21  69 229  94 102  63 105 234  42  88 242  49 132 183 144  86
  80 106 113 168 113  14  47 190  69  18  74  98 203 185][250 174 108  48  60 251 218 143 115 229 182 185  99  76 150  16 153 166
 205 149 190 239 237  63 218  95 145  81 229 140 222  94][101  52 198   5  85  30 226  48 121 224  99  76  82 112  22 183 144 100
 112 110 229 240  93  14  47  62  65  68  75  39  90  20][ 16  76  31 255  12 226  39  98 148   2 194   2 245 211  33 105  96 113
  58 234  97 133  26  61 193 162  74  24  16 121  37 170][154 176 146 250  27 225  16  77 191  21 225 177  44 223  40 220 235 187
 175 144  26  15  10 243 155 215  26 123 210   4 167  74][ 55 197 106 199  85  22  94 245   1  76 255 135  75  14  62 244 220 204
 149 238 204 146 113 172 179 253 134 151  47 190 248  84][ 58 180  82  40  91 251  82  75  51 165 232 141  47 135  66 144 185 171
 199  16  14  11 208  31 187 213   1 123 243   6  46 218][220  34 214 112 170  43  49  65 232 191 167  56  79 179  64  27  35  52
 236  50 112 229 139   2 216 195 117 119 226 224 135  35][ 70  57 186 236 248 164  27  19 138 141 221  33 188 255  99  66 196 127
  61 157 146  10 226 224 201 189 174 171 128 115 167 243][ 52 164 148 145 222  43 162 200  62 179 163  26 198 226  72  27 121 205
 106 177  58 243 201  80 157   2 207 117 193 105 211 130][ 32 207 120  77 116 143 111 190 126  13 126   0 243 117 146  48  31  90
   6 104 226 184 105  63 103 191  52 132  81 154  70 169][ 65 253  25 109  40  78  71 188  51 122 168  72 247 115  72 114 149 220
 124 106  75  74 251  55 229 253  37 124  24 178   2  57][ 70  32 215 188  76 138 232  72 191 144 226  66 197 202  61  88 122 173
 106 169   2 243 135  89 148 178 203  12  69  32  99 128][ 18  20  18 157  54 162 184 103 189   1  90  50 172 186  32  64 246  59
  31 145  50 152   0 207 128 246  26 194 132  64  33   9][ 62 177  48 234 243 245  90 216  15  73 125  11  14 223 104  20 254 155
 151 144  26  26  56 213 219 221   2 111 243 143  38 211][137  79  67 253  54 138 233  54  52 200  94 230 189  39 177 228 110  63
  22 205 225 184  36 238 228 239 250 128  47 176  33 185][  2 159  50 155  50 224 184 103  28   1  88 179 172 174  32  64 230  59
 147 145 178 153   0 255  44  54 154 195 149  68 165 219][ 39 187  59  66 242 196 155  81 163 237 189 232  28 223 204  48 190 187
 213 212 147  11 168  76 121  28  47 238 193   2 167 243][ 56  77  98 225  84  11 234 114 125  32 250   2  11   9  21  16 122 137
  23 224 232 186  65 206 182 221 130 128 103 186 114 136][182 123  98 132 115  19 190 224  41 236 150 175  12  12 151 132 254 213
 223 231 204 179 165 236 178  89 142 151  71  55  47 215][ 15 137  46 218  60 147 139 248 222  69  93   2 240 248 182  96  94  42
  59 249 144 184 126 255 110  47 235 216 148 139 113 160][153  78  78 165  22   2 109 118 116 162 222 198  49  35 179 225 110 236
  42 236 225 153  37 142 244 175 234   0  45 184  41 168][246  76 134 190 205  42 228 206 185 146 234   3  98 226  13  91 249 231
 104 227 104 247 203 232 149 162 223  19 161 123 114  14][ 52  99 204  37  18  11  38 168  54 164 202 237 199  32 139  16  31 205
 108 231 108 208 205  30 172  38  45  53  97  51   7 146][165 208 153 123  93 237 194 200  86  27 225  24 210 217 104  40 217  24
   2  24  59  38  90  51   9 158 145 126 216   9  80 162][ 39 123  16  10  91 141 146 104 139   4 169  77 230 204 101 144 156  41
  66  71 198  35 218  61 177  20   9  58  88  47   3 150][  3 221  38 154 182 148 190 239 190  93  90 167 108 238 126  64 247 123
 179 215 246  89  46 255  60  54 159 202  29  22 181 223][ 72 191  30 126 251 201  55 224 187  31  45  40 238 247  40  16 167 123
 224  66  34 107 138 127 249 151   5  59  82 114   7 171][221  48 156 181 173  62  20  11 234 243 131  25 223  56  74 235 129  71
 252  17  61  69 219   0 202 243  93  55 136 100 153   2][124 165 212  98 201 105  84  45  35 183 173  57  75 243  72 158 153 150
 237  48  90 107 203 147 251 209  85 127 226  70 206   2][ 66 249  57  83 249 205  63 172  43  29  44   8 254  87  76  48 135  91
 209 194  66  72 250 117 111 157  29 123  80  19   7 106][122 112 224  68  75  95  83  88  99 236 188 175  74  60  71 180 252 212
 237  99 141  99 253 136 211  93   5 191  99 126  94  95][198 136 158 190 139 173 144 168 158  23 129 157 228 226 107 203 133 115
 235  19   6  77 154 113 205  19  95 123 152  73  13  26][  5  77 223  69 130  94 174  49 124 194 106 194 249 118 149 227  54 117
 122 234 229 240  53  78  39 171  71   0 109 242  33 188][  5  48  81  65 112 238 107  18  57  65 107  72 151  23 128  52  22  29
  84  24  19 144  49  78  71 254  48  64 232 131   7 177][133  12  63 229 116 142 107  48 124 162 103  64 213 115  17  97 116 124
 114 106 225 180 113  14 229 175  99   4  72 171  67 160][ 72 177 185  97 240 206 117  59  59 165  38   8 158  23  64  54 148  28
 104  56  83  88 240   4 239 253   5 116  66 128 134 113][ 22  58 247  80 242 210 185  64 169 172 114 226  13 166 229 174  38 125
 199 144 144 249  36 200  26   6  39 131 231 165  39 229][ 92 180 218 122 139  64  83 105 179  23 165  57  95 255 106  19 179 147
 237  34 122  71 154  19 211 227  80 127  99  64 175  82][200  61 186 115 176 188 117  23 251 155  62  16 158 187  64  58 167 119
 108  24 178 249 178  98 207 255  54  64 194 192 195  43][ 12 141 116 251 221 211 254 232  86   0  93   2 121 105  52  64 121  34
 147 235 242 168  47 191 111 207 165  81 119 139  88 138][184 115 144 176  41   9  84  71 139 191 160 121 143 139  66 155 136 153
 196  80  78 111 194 160 146 209  84  63  66  29 142 139][108  48  48 126  45 141  86  56 251  42 177  73 239 249  92 144 157 249
 237  66 142  98 218 191 219 223   1  59  90 175  74   3][ 62 253 224 206 213  83 214 255  83 229 252 175  99 253 255  36  89 222
 151 248 254 250 125 191 127  79 133 255 247 254 244 222][ 37 135 106  74 124 167  75 248  85  13 253 202  82  99 190 116  92 138
   6 252 154 186 108 127 126  60 161 204 209 139 112 165][130 152 146 153 246 227 184 199  30   3  82 179 140 222  96  72 255  59
 147 145  50 220   0 243  12   6 158 194 149  76 165 155][127 209 114 202 181  95  86 225  77  64 223  10  78  56  62 228 250 144
 223  99 221 163 113 204 179 124   4  87 126  63 248 103][120 173 189 115 177 206  84 167  59 185 174  24 159  63  64  48 129 247
 253  16  56 248 209  46 251 255  93  83 194  80 207  42][109  60 145  81 249 237 112 154 123 249  44  92 158 179  65 254 145  94
 106  24  19 122 250  98 143 220  21 110 202  65  67  33][  1  16  25 109  20  14  97  23 108  73  98  92 150  19   8  48 144  14
  68  44 145 184 113  77 197 189  48   0  72   0  67 169][190 176 150 250  75 241  16  73 191  21 229  49 110 223 108 221 251 187
 207 146  30  71  26 241 155 209  26 123 210   5 174  18][193  57  31 117   5 207 113  39 249 224 102  24 190  17   0  49 160  52
  88   8  97 188 176  12 197 249  80  18  72   8  67  42][  0 201  10 173  20 130 169 117   4   0  86   2  49   3  48  64 106  41
  19 201  64 152   0  29 100 161 170 128  53 136  49 168][ 76 116 154 126  16 236 113  24 178  23 109  25 247 211  10  24 144 152
  73   8  42 101 154  83 195 253   0   9 192 210  78   2][220 112 149 242  41 109  81 200 170 178 161  24 159 215  73  27 129 213
 125  82  11  71 218  16 217 241  83 126 128 113   7  34][124 165 216  34 216 205  86 248  51 173 173   9  95 243  74  16 145 223
 197 114 106  18 216  63 251 197  37 125  98 130  14 130][ 61   5 235 236 214 150 111 117 100 193 255 198  81 103 186 112 126 228
  30 236 185 147  53  14 114 173 162 128 181 170 240 112][ 28   9 158 255   8 226 101  32 164 134 207   0 247 243  33  75 112 180
  42 170   8 129  11  12 193 167 226   1 176 243  36  34][  3 141  43 201 150 163 171 103  76   1  90   2  48  34 180  96 122  42
  19 173  18 152  21 255 109  44 138  64  21  10 177 168][229  96 189 227 108  15  71 152  67 178 181   8 211  89  89  59 217 196
 124 126  72 118 249  40 199 219 101  52 192 187  82  34][ 67 184 153 186  42 205  25 136 170  88 169 104 188 214  65 114 135 115
 124  81   3  65 218 113 153 148  47 186  24   2   3  55][114   8 134 190  13  42  70 232 171 146 234  11 102 226  45 223 233 229
 104 163  72 227 155 232 145 182 207  31 161 123 114   6][ 79  32 114  96 113  28 122  88 105 233 180 169 207  95 158  62 182 213
 253 110 148  99 224 196 215 249   1 243  70 133  71 247][216 126 254 100  34  74 119 116 160 174 166 169 127 183 195  19  54 245
 237  98 104 245 160  42 243 227 101 145  96 242   7  43][134 111 113  99 232  40 254 198  41 163 185 249 133  15 213  58 174  95
  93 211 210  86 193 226 182 216  12 162  68 211 135 137][225 149 149  89 217 253  48 175  94 115  40  88 182  48  12 241 129  26
  98  16  55 120 211  23  45 190  84 122 216  72 202 158][106 248 242  86  73 217 117 103 235  95  36  25  40 146  70  54 161 170
 194   0  70  79 178 113  87  89  84  43  66   4 206 207][ 97 149  21  69 241  62 102  63 121 234 106  76 214  48  12 181 144  70
  80  42 181 248 113  14  47 190  69   4 202  96 203  53][219  77   7 252  28 146  79 125 149 130 214  66 125 226 177 225 114 229
  60 234 233 135  39 255 176 227 234 144  62 178  49  40][116 161 148 145 206  11 224 200  62 177 163  26 198 226  73  26 121 205
 106 145  26 115 203  80 157   2 207 117 193 122 242 130][197 103  45  53  52  30 108  56 116 248  82  84 211  32 145 115  20  68
 124 111 225 240 237  12 172 235 101 132  72 177  90  33][ 32 203  74 158  92 193 199 230 214   4  92 131  32 200  51  64  72 170
 130 199  70 171   6 189 112   4 154  41  53  28 124 206][184 141  11 169  60 131 139 253  22   0 220   2 241 201 176  64  88  42
  19 233 123 171  10 159 232 133 171  92  85 138 112 168][ 31 179 129 161 163  51  60 143  59 243   8 239 205 110  74 152 183 207
 245 181  23  80 141 209 136 198 223 247 172  70 139  85][ 32 161 106 203  92 135 227 104  86 105 249  10  48 216  52  32 248 168
  19 241 146 186 116 223 119  13 130 104  85  10 112 202][ 67 187 149  51 171 153  52 135 171 113  42 236 174  38 192 222 167  71
 236  20  23  72 139 113 140 246  94 242 138  86 139  29][ 89  68  95 236   2   2 126 113 164 130 214 194 125 231 177 113 118 245
  61 234 105 149   1  76 242 235 234 128  45 178  41  25][244 126 188 118  40 253  16 216 250 186 181 120 254 222  75  59 135 245
 236  82 174 103 202  99 219 211 101 187  64  99  15 131][104 188  26 124  25 237  18 111 178  13 172   9  38 247  34  16 145  59
 193   0  26 107 154  63 251 215   1 123  82   2  14 155][ 73 245  25 103  56  79  71 188 123 120 236  72 247  51   9 112 149  92
 124 106  73 112 249  31 229 253  37  52  24 178  66  57][180  96  46 179  12   6 223 240  52 166 150  31 247  15  27  11 220 213
  95 231 232 231  81 174 241 195 234  17  65  49  46 210][ 73  50 239  69  34 126 185  24 124 236  86 228 221 183 146  99  54  85
 255 173 129 208 165  72  70  43 107 132 142 228   3 113][243 113  58 173  45  95 150  77 206 228 129  15 150 152  63  66 216 109
 123 103  68  35 210 152 241 249 139  59  24  59 219 210][122  88 226  30  95 212 222 196 249  68 180 143  42 220  55 252 248 229
 245 213 174  39 182 233  50 127 144 155 239 149 126  94][ 86  77  82 172 147  78 126 236  53 166 250   3  79 122  41  84 250 221
 255 226 108 147  25 222 179 247 143 135  33 114  38   6][ 81  93  89 101  48  78  79  57 100 232 126  72 215  55 128  48  22 244
  92 106 201 176 121  12 229 173  37 132  96 178  70  49][ 46 174 168  26 219 249 177 194 155  23  13 185 172 206  78  28 139  59
 195 145  22  78 234 243  79  85  31 107 210  69 143 214][ 45 117  57 101  29  79  71 184 118 224 175   8 211  17   9  48 152 220
  88 106  73 242 249  30 231 223   1  52  64  59  66  32][246 109  18 172 157  71  86 237 191 166 202   3  78 246  37  84 248 253
 239 227 108 131 153 222 185 246 143  31  16 114 191   6][ 12 237 106 218  31 155 146 216 214 128  93   2 249 216 181  32  94  56
 147 121 130 176 110 191 111  77  33  89 119 139 121 130][165 227  24 217 236 141 196 200 206  56  56  72 150 208 121  43 137  74
 106  90  66  98 202  49 108 152 101 124 216 121 208 131][ 35 104 166 157  77 212 190  70 157 192 112   6 168 152  55 230 200 109
 179 197  69 254 242 224  39  56 154   3  15  61 121 206][ 90 156 150 250 155 228  56 199 191  23 138  19 172 255  96  90 231 115
 187 144  50  75 146 227 251 247  94  75 146  84 165  90][146  83 111 236   2 194 191 116  52  70 215 247  93 159 160  65 126 181
  63 231 233 151   5 206 240 163 234 128  37 131  37 113][ 34 128  98 142  84 129 168  97   4   0  81 130  40 204  52  64 120  41
  19 129 194 186   0 221   0  44 138 136  21  14 113 200][ 72 189 154 242 155 236  52 215 187  27  46  16 190 255  96  90 167 115
 249  16  50  73 146 227 251 255  30  75 130  64 167  27][  5 103  12  37  48  11 110  48 108 168 122 229 215   2 147  82  22  68
 108 110 228 144  77  78 228  54  39 148  72 178  11  17][ 93  15 206 101  38 186 110  50 101 162 126 230  11  35 151 246 102 228
  60 206 204 152  37 238 166 239 226 128  47 229 104   4][ 77 121  59 229  32  78 103 144 104 200 122  68 223  87   1 112 182 125
  92 106 193 144 185  40 229 169  39   4  72 179   3  49][208 196 204 255   8  40 101 156 150  59 103  50 211  51 136  75  97  92
 110 170 104  84 203  17 196 227 243   4  48 248   4 168][222  87 119 228  98  70  63 116 189 202  87 246  92  55 169 101  54 181
  63 226 225 149  33 204 241 170 106 130  47 179  37 123][ 65  89  22  13  21  30 102  52 125  72  98  68 242  16  22 244 144 108
 120  76 197 240 209 109  39  58   0   0  74  50  90  28][ 66 248 157 187  42 201  57 128 174  89 128 232 188 214  64 118 167 115
 253 211  67  73 250 241 141 144 127 250 144   2   7 127][ 32 203 120  73 116 143 239 190 118  45 126   0 243 117 150  48  30  90
   6 104 195 184 105  63 111 191  36 196  82 154 198 233][ 64 191 153  90 251 233  23 228 187  31  45 169 172 231  96  20 167 123
 225 194   2  75 170 119 251 215  21 123  82  83 135 251][240 168 104  50  60 203 211 143  50 103 182 189 243  76  18  16 153 182
 253  17  62 239 253  63 251 199 177  81 229 140 222  90][191 213 106 231 245  22  94 249  25  76 255   7  83  30  62 113 248 196
  21 231 236 179 121 173 243 249 167 149  45  62 250  82][151 122  42 149  70 151 190 224 172 228 214 135 141 142  55 128 238 237
 223 199 236 191 148 236 183  89 142 147  77  61  59 215][149  77 255 101 210  78 239  37 116 162 106   2  83 103  17 115  50 245
  50 234  97 240  53  78  37 170  71   0  97 242 101 168][ 33 117  59  96  85 207 195 112 113 104 172   8  50  21  21  48 152 184
  80 120 107 163 112  14 119 156   0  48  65   3  70 250][ 48  69  66 172  84  11 198 106  21  32 248  10  67 168  49  80 120 140
   6 227  72 179  64 158 178 204 129  20 117 187 112 128][130 157  22 158 178 128 188  39 188   3  82 178 172  54  32  65 230  51
 187 129 112 141   3 239  52  50 218 194  20   0 165  25][ 45 120 248  23  69  29 238 208 123 218  53  92 186 216 223 186 153 104
 112  95 199 118 222  34   6  93  85  42 207 127  90 132][ 39 107  97 201 236  25 206 221  71 240 252 234   3 192 245 166  90 200
  22 238 207  50 239 240  54  88 133 188 119 250 240 236][ 58  54  82  40  91 255  82  91  55 237 248 237  15  31   2 144 191 187
 199  48  62 155  64 159 186 213  33 251 251  70  46 211][ 64  32 131 141  78 138 224  72 254 128 226   2 132 194  33  88 120 172
 106 168   2 243 199  93 148  32 203  12  97  40  99 128][ 66 161 249 207 118 104 203 158  10  37  28   8 189 183 216 112  82  95
  53  24   2  26 225 241  69 188 190 172 180 210  23 232][167  73 225  73 252 211 206 204  94  64 240 226  81 200 253 248  90 136
   2 222 207  54 111 241  54  12 165  44  85 155 116 228][ 82 176 156  53 143 120  20 143 235 243 138  56 142 184  78 255 129  87
 232  17  23 105 227 128 139 215  93 119 128 116 143  15][225 139 117  87 104  14 109 184  97 186 243 196 243  99 141 119 126 198
 124 238 233 208 255 105   4 186 227 148 107 243  98 185][ 81 225  27 225  50  68 107 188  46 161 142  66 149  23 200 118  54 213
 124 248  67  25 185  96 189 172  46 100  32 146 161  40][ 19  46  11 176  50 162 123  71  52 197  74 229  53 142  34  80 182 175
  21 149 143 154 132  79 152 229 186 192 164   0  39 217][ 24 170  14 243  10 161  32 199 166  53 198   3 165 131  64  90 105 174
 234 152  26 217 203 113 220 161 218  65 160   0 175 138][185 141   7 250  29 135 195 121 151   0 213   2 243 193  48 229  88  42
  10 232 107 171 123 191 225 219 139  88  87 138 112  40][ 84   9 154 206 136 192  71   1 164 132 239   0 243 243  33  86  80 244
 106  72  24 131  50   8 241 165 131  25 176 163 164  34][ 34 128  34 138  85 133 170  96   4   1  65   2  40 138  52  64  72  41
  19 193  82 170  16 253   1  40 138  72  21  11 112 138][  1  48  25 109  48  14  97  23 108  73  98  92 183  17   8  49 128   6
  88  40 145 184 113   5 197 249  48   0  72   0 195  43][195 187 193  33 219  28  46 133  43  97  42 205  47 166 196 246 166 199
 124 213 151  24 191 115 188 116  12 226 172  22 131  93][134 175  81 227 224 168 238 199  57   2 168 216 165  43  93  19 175 219
  73 147 114 118 200  98 164 156  14  32 197 209 195 128][237 117 189 101 133  30 199  48 120 234 167  92 210  49  21 179 152  68
 120 110 233 229 249  14 171 251  69  20  72 121  82  36][213  84  29  55   0  30 100  48 116 242  99  84 215  50   9 121 145  68
 120  46 225 244 115  14 133 235  81   0 104  49   1  48][  1 143  75 205 148 130 239  55 100   0  90 102 113  35 176  64 120  34
   2 232  81 152   5 125 100  44 162  64  61 138 240  40][134 197   6 155 180 128 190 237 156  91  83 147 236 238  56  65 255  27
  59 167 114 132  11 255  36  50 222 192  20  15 177 209][ 34 201  66 156  95 193 151 230 134  68 200 131  32 140  38  68  72 186
 131 193  66  43  54 189  49   4 154  59  87  28 244 254][ 93 121  19 229   2  78 119 152  44 224 110  64 223  87   1 112  54  92
  88 106  65 144 177 104 229 237   3   4  42 179   3  49][ 67  49  27 216  42 205  25  24 174 216 133  40 252 214 200  50 135 113
 126  64   3  67 250  81 137 149  43 186  24   3   7  49][ 90  84  75 175   2  38 127 112  36  66 223 231  93  39 185  64 126 245
  63 239 201 144   5 237 246 231 170 128  45 243  53 113][229 105 253 101 108  79  71 152  67 162 180   8 211  25  89  59  88 196
 124 106  72 118 249   8 231 217 101  52  64 187  82  34][ 90 189 150 250 155 228  54 231 175  17 168  16  44 255 100  82 163 115
 249 144  18  75 154 245 251 247  30  75 130  64 167  26][ 71 237 109 131 186 155 175 188  78 245  12 140 213 102 218  35  39  70
 123 255 243  72 255 125 108  11 239 252 156 147 145 121][154 179 192  33 147   9  62 221  59 225  32 253  15 175  74 144 182  79
 229  85  22  92 205  51 238 197  45 245 238 132 139 217][212  48 145 242 170 109  81 200 171 179 161  24 151 215  73  26 131 153
 109  16  27  71 218  18 217 212  83 126 144  65   7  34][ 32 141  29  91 248 201  23 167 158  31 104  24 166 247   0  81 129 122
  34   0 114   8 106  63  45 182  84 123  80  72 135 170][168 201  35 234 125 135 139  88  86  65 249  10 179 217  52   0 216  40
  19  89 171 186  88 191 113 221 131 120  85  11 112 160][182 184  22 248 203 245  16 202 191  21 164  57  44 222 110 221 227 187
 251  82  22  79  26 241 155 208  18 123 146   5 175 150][172 188 218 114 248 207  83 250  50 165 108  57 119 247  74  16  21 254
  69 122  58  94 202  63 127 135  37 109 226 129  78 139][112  77 125  78 154  74  71 173  33 166 174 136  99 103   5  83 120 246
 108 106 104 171  73  46 243 166   4  17  97 242 198  42][ 61  68 111 236  22 198 107 124  68 192 223 194  81  71 186  96 126 236
  22 254 233 147  53  14 249 173 167 196  53 170 112 112][108 250  48 115 109 157 126 152 123 184 117  77 191 219  73 144 141 234
 229  78 206 122 202 177 239 219  53 169 106 147  74 139][113  89 121 101  48  78  71  57 100 168 126  72 215  55 129  49  22 244
  76 106 201 176 113  12 225 169  37  20  96 178 198  33][ 82 157 150 186 155 224  28 231 159  21 136 179  44 254  98  66 227 243
 187 145  18  75 138 241 185 246 158 219 148  68 165  90][ 33 113  57  65  84  79  67  48 121  72 120  76 210  17  28  52 152   8
  20 106 201 176 113  12  39 152  32   0  72 170  82 180][101  21 148  69 245  62 102  49 121 169 107  76 222  48  28 181 144  68
 116  44 181 240  81  76  45 190  97  68 202  98  75   5][ 37 113  57 103  29  79  71  56 122 232 175  72 210  81  25  48 152 108
  88 106 201 240 249  28 231 221   5  52  72  59  66  50][101 125  25 103 121  79  71 184 106 232 111  76 246  17   1  48 144  76
  88 106 193 112 249  47 229 221   5  52  72  51  66  48][ 92  62 222  38  34  42 122  80 161 166 239 173 111 231   3  26  54 245
 237 226  12 211 129 104 210 227  97   1 104 227  47  19][122  32 114  96  99  26 120  64 105 128 178 137  15  11  21  60 182 149
  93 252  12 131 196 200 211 249   3  23 103 166  99   6][114  72 134 188  13   8  70 236 171 128 226  11 102 226  37 214 232 229
 104 195   8  99 139 224 145 182 207  27 129  59 114   6][164 167 152 160 236   9 228 107 202 190  56  72 134 232 209   3 137   2
  74  45 114  43 194  26  44 156 101  60 208 104  83 137][ 89  64 199 228   2  50 122 112  37 136 223 194 123  39 177 240 118 245
  61 234 201 147 165 206 210 239 234 128  47 243  40  57][160 223 122  73 116 207 239 188 126  45 118  68 243  21 180  52  62 122
   6 104 227 184 121  63 103 191  36 128 115 152 198 249][ 56 189  26 124  25 175  18 111 151  13 236   9  38 243  34  16 144  59
 201   0  26  43 146  63 251 199   1 123  80   8 142  27][130 104 183 157 101 216 178 198 253  64  82  34 172 220  55 228 232 121
 179  67  70 188  34 233   7  48 154 131  70  29 125 207][124 176 216 232 171  97  82 203  35  53 189 169  31 191  74  18 235 149
 237 146  26  99 201  17 219 199  33 127 227 163 174  83][186 151 106 108 185  84  95 127 229  78 125 189  41 236  62 247 196 130
 213 167 254  11  38 143 123 125 132 171 119 230 254 223][189 109  91  98 213 150 110 113 112 128  99  86  83 211  96 241 120 172
   2 254 125 182 152  14 251 233 133  72  41 162 234 128][144  69 255 101  16  66 111 101 116 134 107   2 115 115  33 115 120 252
  32 234 104 241  49  14 241 174 199   0  97 114 228  40][244 113  58 175  46  75 182 236 220 106 145  59 215 152  43  67 250  85
  95  99 100 229 137 138 240 225 107 179  53  59 159 195][ 50  12  16 189  61 231  82 111 159 174 250  11 239 190  34  84 216 255
 239  33 124 171  80 159 185 246 143  59  16 108  28  14][118 125  82 172 153  70  94 239  53 162 250  11  79 178  33  84 248 221
 239 226 104 147  25 206 177 246 135  23  97 114 102  14][ 67 251  32  13  53  30 238  53 109  72 106  68 250   0  22 212 148  44
 120 111 197 184 209  77  36  56   0   0  74 150 219  13][180 118 121 100 114 106  67 120  49 164 253 168  83  71 137  48  62 220
  68 234  72 146 169  14 115 236  33 148  97 179 102 241][ 39 204  43 154  93 193 171 224 158  68  77   2 228 214  55 100 217  43
  19 143  67 138 126 255  53  22 139 168  20  15  53 238][212 100  60 179  44 104 240 136 172 218 147  49 215  94  75  75 235  65
 253  99  44 197 203 170 215 195 250 149  36 121  61  67][110 176 113  64 121 221  80  65 235 125 165  28  10 156  78 190 137 144
 196  20 159  43 182 213  27  93  16 127 195   5 206  87][ 92  14 217 255 178  42  90  27  62 139 123 244 255  99 129 216 119  39
  44  28  51 216 201   6 206 247  54 192 168 224 129   1][ 55 209 104 170 206 199 174 204  86  80 220   7 113 216  63  64 120 137
  19 247 195  35  95 177  52   9 175 172 125 127 249 144][ 39 237 105  77 204  83 198 237  78 224 248 203  17 200 253 161  88 202
  18 231 205  50 126 217  62   8 133  60  93 122 250 204][ 97  48 244 100  53  63 208  26 123 169  50 104  30  25 132  60 146  20
 100   8 136 233 193  29 139 218  81 118  66 136  66  15][ 77  50 233 229 162  42 107  16 112 230  79 228 209 103 219 122 118 252
  52 254 129 208 189  74 196 237 163   4 164 243  39 112][203  50 239  69  34  30 249  19 124 236  86 244 221  63 146 234  54  92
 255 173 161 220 165 202  70 107 251 128  46 164  23 245][ 77 122 174  30  40  23  17 216 134 255 196 229 241 247 235 122  84 124
 250 206 197  67 239  24  66  39 117 188 154 246  42 113][ 94 187 254 119 170 105  49 203 171 181 182 187  77 183 194  27  39  87
 237  16  18  73 171  96 222 227  55 255 231 192 135  99][225  32 217 225 100 108 104   7 105 242 178  88 157  27  84 123  99 133
 126 156  69 222 212 192 215 184 242  32  12 128 106 136][  1  52  83  65  48 142  98  48 120   8 122  96 211  19 129 180  52 156
  20  56 169 144   1  78 165 172  32 192 232 131  66 161][250 143 104 234 253 240 219 167 139  29 253 187  43 141 126   6 207 223
 181 147  90  58 234 247 123 249 144 251 103 207 220 107][101 117  25 103  52  15 103 188 122 232 107  76 247 113  25  48 144  76
  76 110 193 240 249  30 229 173  37  52  72 179  66 168][252 105 241 101  12  79 199  56  65 160 164   8 211  17  85  50  88 196
 124 106  72 118 249   8 231 217  69  52  99 187  86  32][197  55 186  82 233  52 112  83 251 155 175 116 158 242  79 122 167  31
 236  16 182 103 154  66  31 255  87  79 202  99 235   7][ 65 177 149  81 153 237 176 143 126  57  35  88 214  50  76 189 129  23
 104  16  55 120 219  85 141 158  85 118 216   0 139   6][172 117  49 235  61 207 211 200  94   8 249  10 179 216  61  33 216  40
  87 123 235 162 122 191 229 217  35 120  85  27  83 163][192 249  25 217 200 205 181 166 190  55   0  25 180 151  64   9 133 123
 106  64 115  92 210 115  77 146  94 120  16  16 135 250][ 41 171  84 115 109 157 126 190 123 184 116 109 191  75  75 146 143 206
 228  78  78 248 203  53 239 219  53 181 106 145  74 139][ 37 113  61  67 116  15 226  56 109 104 123  68 210  88 156  48 152  12
  82 110 201 176 121  12  39 156   1   4  72 171  82 164][ 57  68   7 238  13 151  79 120   5   8 223   2 243 203  56 224 216 160
  63 235  73 135 115 159 179 255 202  88  18  43 112  32][114 115 147 140  73  68   0 200 139 156 160 109 102 242 101 210 232 229
 106  65  77  99 218  73 145  48  75  63   8  42  38  14][ 92  49 210 166 131  54 126  65 161 192 235 205  79 238   3 218 182 165
 253 182  28 131 144  72 146 229  41   1 171 103 171  18][ 34 209  17 152 223 213 148 231 142  89 200  15  44 156  36 224 204  27
 147   1  87  43  50 213  57  20  30 123  16  12 173 255][  1 143  11 205 150 130 175  55  68   9  90 102 240  35 176  64 114  34
  18 232  81 152   5 125 100  44 170 192  28 130 241  40][147 236   1 163  18 143  75 230  63 224 130 205 175   6  82  53 183 205
  92 215 239 220 189 127 184  80  13 242 108   4   3 124][212  48 145 240 138 233   1 136 174 179 161  56 150 151  73 126 163 221
 109  16  26  71 203  82 217 148  19 126 128   1   7  35][228 131  89  91 236 185 192 169  95  63 117 248  66  96 236 244  89 138
 162  24 151  62 239  23  14 191  49 127 209 139 220 132][229 163  85  67 253  61  96 153  95  61  49  92 198  97 204 157  25 130
  38  60  50 112  91 150  14 222  65 126 218 203 192  37][166 236 215  82 219 233 165 220 187 183 100  24 104 247 204  29  25 122
  66  24  34  82 250 113  61 154  21 110 195 208 198 172][ 93   4 189 117  19 122  87  34 113 227 175   8 223  53   9 250 145 214
 120  42  41 225 177  14 195 239  81  23 226 115  70  34][252 107 193  54 105   8  71 176  49 190 161 205 207  67 201 159  24 236
 100 110 104  86 202  40 244 241 101  56  98 247  70 233][218 189 150 186 155 192  54 231 191 145 168  49  44 255  96  82 227 243
 249 208 114  75 154 247 187 247  30  75  18   0 167  26][ 22 184 146 184  75 241 144 194 191  21 160  57  44 222 103 157 235 187
 235 144  22 111  18 241 155 208  27 123 208   5  47 158][ 77   7 150   5 116  62 226  48 105 169 123  76 194  40 151 182 148  68
 100  60 148 176 197  76  44  62  97  68 202 231  90   5][208 152  29 121  34 232  17   7 104  81  98  48 183  23   0  59 162  19
 108   0  51 108 179   5 209 235 112  67 104   0 135  58][ 60  69 190 103 149  66  71 109 112 134 239   2 115  99  33  81 120 228
  32 234 104 243  17  14 241 231 197   1  97 114 230  42][114  33  82 224  93  75  72  72  97 160 177  11  11 139  85  16 120 133
  77 240  12  35 208 200 147 216 129  63 103  34 106   2][134 141  38 154 190 131 190 232 158  18  81 147 204 238  57  73 127  67
  59 231 242   5  10 247  60  18 207 206 149  47 177 193][237 248 177  83  73  93  67 144 115  50 229   8 243  85  13 190 153 216
  64  74  75  54 249  51  71 186  64  16  66  51  70 160][ 43 230 193  79  89  29 206  63  10  45 109 205  35  36 220 148  29 138
 194  12 210  58 236  17  38  45  52 188  83 206 218 252][ 93 105  19  69  83  78 111 246 109 160 110   0  31  23   1 244  50 252
  88 106  65 144 177 108 247 236   5   0 106 177   3  40][ 94  86 227 197 114  66  47  56  57 198  83 231  93 103 189 230 118 221
 183 174 161 212 173 202  52 118 235 132 167 246  37 241][ 93  48 158  48 168  63  24  91 186 251 189 189 223 254  75  26 151  29
 236  52 148  67 211   0 218 215 121 255 200  96 139 147][129 220 127  93 116 207 235 246 124  74 126 100 115  21 176 112  62 122
   6 110 225 188  57 127 103 175  32 128 121 145  69 185][242 232  26  88  25 197  16 206 190  29 162  25  38 195 100  84 233 158
 234  80  98  79 194 115 153  48  19 123  80   0  47  14][210 175 166 190 219 192  30 239 159 149 136 163 108 238  98  66 231 243
 251 209 114  75 138 247 185 118 159 251 148   6 165  90][ 81  87 125 101  48  78  79  49  96 168 254  72 215  55 128 113  20 244
  76 106 201 176 113  12 225 169  37  16  96 178 198  41][124  57 216 104 168 226  91 200 163 172 188  41  27 151  67  16  94 245
 253 208  26  11 250  48 219 197  33 253 226 131  46 115][117  37 101   5  28  11 163  40 116 224 203 142 195  64  29 102 120 196
 106 239 137 240 253  14  20  38 129  20 109  43  82  36][ 82 186 222 179 202 136  57 211 175 181 230 183 109 199  74  90  39 223
 239 148  18 221 139  97 222 163  31 193 161 128 175 147][120 189  26  56  27 191  18 103 163  41 168   9  46 147  34 144 132  51
 201   0  30  11 210  63 251 199   1 123 122   4 138  27][ 28 141 223 219 149 235 103 159  54  39 110  18 243 103  41 100 121 254
  42  26  59 184 123  55 239 231  39  69 178 219 196 160][134 143   6 155 148 131 174 224 156  23  83  82 108 106  40 193 123 106
   3  98 114 156  11 255  44  34 203 197  20  11 177   0][ 82 170  22  26  11 169  16 198 171  31 160  93  46 226  36 159 161 163
 234   0   6  79 130 113 144  18  82  59 152  68  43  14][189 133 110 237  22  50 111 250 116 196 255   2  83  51 187  97 122 196
  31 234 232 179  37 140 243 235 226 132  39 235 116  96][130 152 146 155 101 229 184  71  30  17  64  18 172 158 112  72 239  59
 179 145  18 156  18 241  13  20 154 107 144  12 161 138][131 253  23  30 255 157 166 254 253  90 112 116 108  88 181 181 167  98
  66 111 231 111  30 255  44  26  71  10  90  21  99 141][ 67 167  32   5 180  30 110  57 109  44  90 205 195   8 158 212 148  12
  76 111 220 184 197 159 166 124 160 192  68 134 218  69][ 34 140  35 158  85 193 163 224  31   8  89   2 228 216  53 100  88  59
  19 195   2 158 110 255  53  20 138 171  20  15  53 238][ 92 177 152  98 184 233  81  31 162 189 175  61 151 183  74  26 129 151
 109  20  26  75 218  16 219 197  53 253 168  66 142  19][170 150 106 124 253 244 217 123 209  95 220 177  73 253 190 241 223  51
 151 165 188  79  46 159 107 127 240 223 119 228 254 247][233  75 102  79  36  30 110  48 101  76 118  76 227 104 151 181  18 100
 108 110 204 184  37  45  98 249  96   0  74 190  88  76][ 65  32 209 241 108 236 105   7 233  19  32  80 188 154  64 251 163  19
 122   8   3  76 178 193 149 184  90 104 132 192   3 168][ 68  42 159 241 184 168  41 146 174 189 142 248 149 135  65  90  39  29
 109  24  18  77 131  80 205 133  55 252 128 193   7  35][ 18  56 150 184  11 225 144  70 191  21 224  57 172 222 103  28 235  59
 235 145   6  79  18 241 153 210  26 123 208   4  47 223][ 45  20  43 173 101  71 237 121  85 202 223   7 217 125  59  96 120 136
  23 173 233 182 113 206 213 127 235 132  63 174 112 115][130 160  20 155  77 229 184  71 142  17  64  18 172 158 120  73 232  27
  19 145  18  92  18 209   5  16 154 107 144   8 161 138][241  88 214 237 110  14 238  92 233 170 242  98 127 186 149 251 238 229
 124 239 205 215 199 232 148 250 239 146  41 113 107 141][ 65 189  27 101 244 174 101  55 120 168 122  76 183  51 128 112 132  46
  68  12 241 184 209  14 237 188  32   0  72 224  67 169][181 121 248  70 206  13  87 200  67 182 181  14  66 216  79  43 216 236
 106 114  76  99 254  32 115   8  69  63  97 123  86 198][ 35 149  50 184 189 133 148 103 143  29  88  21 172 158  38  64 204  59
 155   1 214  43  82 213 169 244  26  90  24  12 161 219][102  96 226   7  20  90 226   0 117 164 227 137 195   8 159 148  24 228
 232 103  12 244 197  10   6 119 128  17 101 191  94  68][105 173  16  92 221 156  68  39 225 136 236   8 162 176   4 180 200 170
  72   8  95 170 242  47 163 252  20   9  74   8 234  14][210 253  22 190  27 192  30 237 191 150 136 163 108 254 100  81 227 243
 235 194 122  79 138 255 185 246 223 251  16  22 167  74][161 233 121  74 116 195 199 244  84  64 116 106  51  85 180  52  88 184
  22 106 235 186 100  63 101  12 160  40 119 154  86 232][ 34  28  35 158  85 241 163 194  31  14  88  34  44 216  37 228 217  59
 147 195  38 150 106 255  21  22 154 171  21  15  53 239][ 81  88  91 236   4   6  79 180  68  76 246  70 115   3 179 112 114 228
  28 238 205 144  53  45 243 233 162   0  61 178  96  88][ 64 244  18  24  27 193 144 206 174 159 160  41 164 210  68  82 129 127
 232  16  86  79 203  49 153 176  27 123  80   0  47 138][ 89  49 158  33 171 123  28  95 175 249 186 249 159 190  74 186 135  23
 253  17  29 201 195  64 218 215  63 215 200  68 139  19][120 161  88  98 242 201  87 221  34  45  60 169  23 151  74  16  50 155
  69  88  90  26 200  23 254 197  37 253 224 130 206  91][ 40 171  92 113 109 157 126 186 127  60  60   9 191  91 195 146 143  79
 238  78 206 252 203 187 239 219  53 181  66 145  74 139][197 181 186 114 234 172 181  91 122 215  41  29 222 250  78  26 183  31
  98  17 182 126 154  66  95 159  87 110 200  66 235 147][221  22 211  37 178  58  98  49 125 202 115 244 223  48 139 240  54 100
 108  62 181 176   5  14 166 239  33 132 238 227  73  21][164  94 255  79 242  98 111 216 116 162 123 240  81 119 141  59 127 126
  66 234 161 244 125  46 103 170 101   4 225 243 102 176][ 69  80 155 117   1 110 117  26 119 235 111   4 214 177  73 120 145  68
 120  10 129 176 187   0  69 175  81   4 232 115  66  50][ 15   0 227 197 116   6 233  57  21 202 214 198  89  39 189 228 124 156
  55 173 169 150 117 202  85  62 203 132  63 172 112 240][178 201  33 152  93 209 149 231 135  85 192 139  32 156  54 133  72 186
 131 193  78  43  50 189  49   0 154  59  85  28 244 254][ 82 162  78 241  72 133  57 218 175 181 167 151  45 199  70  90  47 191
 239 148  26  79 155  81 223 161 155 233 169 128  47 146][124  57 120 104 120 205  91 220  51 164 164  41  31 151  67  80 216 253
 221 208   8  11 248  30 251 197  33 121 224 147  70 122][214 143  38 158 155 192 158 237 159  21 152 179 236 238 106  67 239 251
 171 213 114  75 138 247 185  54 143 251  20  14 181 203][252 121  29 100  40  14  69  52 225 186 166  76 247  19   1  51   4 244
 108 106 105 229 241   8 241 233 101  16 106 177  66  59][ 29 101  81 101 150  90 111  52 117 224 110   0 243  49 145 244  50 108
 124 110  73 176 125  14 164 238   5   4 102 178  65  44][  6 122 136 154 123 185 154 202 138  76  28 237 172 198 199 132 134 107
 203 198   6  11 202 251  22  20   9 187  28  55  11 221][112 123  19 174  57 197  82 104 129 140 161 109 103 217  41 208 216 176
 204  98  76  35 218 157 178 244   1  59 120  43 110  19][105 212  96 238 109 159  87  56  85  72 253  10 115 209 186 116 216 160
  62 106 237  38 123 191 247 255 160  24  50 155  80  35][ 53 105  32   5  85  31 198 232  97 160 234   8 195   8  21 164  24 204
  66 111 204 177 213  60  55  28   1  52  73  57  90 132][ 72 206  21  95  57 205  19 174 158  31  40  56 246 247  32 208 129 114
 234   0  50  44 106  63 109 183  49 123  80   9 133  43][ 18 159 175 163 178 196 187 182  42 125  94 165 181  46  90   2 167  87
 125 213 150 216 177 101 237 167 190 193 132   0 167 219][125  33 202 166 145 214  94  65 161 192 235 141  79 255  34 208 184 165
 221 244  28 131 144  10 243 229 136  73 170  39 170  82][120  69 150 110 145  66  71 105 116 134 239   0  99 243  33  84  88 244
 168  98 104 243  17  15 241 231  69  17  99 114 228  34][ 38 186 181  83 201 157 165 204 187 191 177 124 104 246 196 191 173 123
 226  26 243 107 250 245  13  90  87 126 195  84 199 189][125 109  89 100 124  75  71 120  64 168 188  72  83 113 145  48  24 228
  68 106 105 186 233  62 123 205  37  52  99 187  82  32][ 66  58 150  24 203 169 160  71 238  17 224 116 172 226 100 222  35  35
 234 144  23  75 130 113  28  34  90 122 152  68 171 140][237 213  52  71 252  31  70 189  69 248 190  76 211  48 156 183  88 198
  92 110 253 186 125  44  46 217 101  20  90 251 218  28][ 25 220 127 125 112 239 127 242 116  74 126  68 127 119 161 113  55 126
  23 110 225 184  56 127 119 239  32   0 105 241  98 251][125  37  65   5  21 123  99   8 116 224 203 138 195  64  25 228 120 204
 232 107   9 176 221  14 133 100 129  20 111  47  82  36][ 98 167 104  37  52  11  74  41  52  36 219 169 195   8 154  16  88 140
 205 229 124 144  69  31 230 117 169 213  37 174  94  64][ 40 238 124 117  45 157 124 190 127 254 190   9 191  59  67 144 143 102
 239  76 234 104 227 187 239 223  49 177  66 208  78 203][252 120 158 116  41 108  81  16 185 186 166  24 159 147  65  27 128 244
 108  90  41 103 146   0 211 251  81  56 234 241  66  51][145 170 198  25 130 184  41  71 230  81  70 214  49 130 182 110  97  46
 106 156  23 220  39  81  12  34 114  64 169   0 169 188][173  93 118 205 125 159 127 115  93  66 127  42  74 249 167 117  90 168
  55  42 224 178 113 223 119 254 192  10  54 248  80 167][ 40 182  81  89 248 137  97  63 126  59 100 120 178 145 140 180  19  30
  98   8 179 124 231  23  12 190  48 108  90 128 194 173][104 112 121  98 121 207  83  92  35 228 229   8  51 151  65  49  88 188
 213 122  11  82 248  28 247 217   5  57 114 147  70 122][105 110  10  44   9   7  22 236 146 174 192   9 230 208  35 144 152 237
 232 103  76 199 194  61 241 199  45  57  18  63  26  10][ 66  56  18 154  59 225 145  70 191  85 192  49 172 222 103  76 239  59
 203 145   6  79  18 243 153 150  26 123 144   4  39 223][212   0 191 228  12  70  89  64 160 140 199   2  81 215 105 123 228 245
 125 226   8 195 178 192 209 233 235 136  32  35  52  98][210 237  22 190  27 192  30 239 191 150 136 163 108 246 104  83 247 251
 239 194 106  79 138 255 185 246 207 251  17   4 167 219][ 72 172 157 127  57 248  23 166 214  82 108   8 246 245   0 246 129 114
 232   2  35 104 250  63 103 247   5  59  82 115  15 110][124  59  74 174 240 134  90  81  49 200 117 109 115 215  35  16 124 233
 149 222 154 146 136  46 243 237 160 137 105 163 106 211][  3 122   8 158  90 181 154 202 138 236 156 173 164 198 167   0 142 105
 211 199   7  11 214 123 144   5  41 187  28  23  11 223][106 180 161  78  89  73 145  45  19 127 173  25 226 125  78  20 153 154
 209  33  58  98 251  23 111  22  21 127  83  14 214 234][141 181 184  51 147 172 181 111 122 247  41  17 223 251  74  56 183  31
 112  53 114 240 154  66 237 207  23 102 200  66 163 194][ 25  29 127 125 112 238 119 242 244  72 126  68 127 247  33 112 126 250
  54 234 161 185  57 127 115 239  96   0 107 243  98 187][114 160 142 176   9 132 104  74 166 157 174 141 153 199  66  90 233 141
 127 156  10  67 203  65 222 189 187 237 137   2  42 146][ 88 153  17 185 146 206  17 183  63  97  74 245 191 183   0  80  55 191
  45  16  91 156 145  55 232 231  62  70 168 128 129  91][  2 149  56 184 189 173 152  39 143  29  40  21 174 159  38  64 205  27
 147  21  18  40  82 213 171 221  26 122  16   8 129 210][126 103 108  12  91  23  87 105   3 164 173 141  74  98  14 150 248 133
 200 230  76   3 233 158 115  69 133  63 115  54 174  70][ 41 128  40  77 125  93  65  47  87  13 228  24 162  32  30  48 200 138
  66  12  30  42  99  23  79 191  16  89 210   8  94 206][ 35 230 136  27  60 153 196 175  94 243  16  78 162 200 222 160 217  74
  34  21 207 124 239  55  46  31 149 255  93  12 216 156][ 72 202  21  90  25 205  19 142 158  29  32  40 166 215  33 216 193  58
 234  82  98  40 106  63 205 134  21 123  80  25   5  43][  6 186 182  90 169 157 164 200 238 159 177 108 232 248 204 175 141 115
 234  16 131 105 250 117  25 218  95 122 217  68 195 181][241  72 214 237 110  12 236 100 233  34 242  66 126 186 149 123 238 229
 124 234 204 215 199 233 180 186 202  16  13 184 107 140][114 125  42  44  89 203  23  98   0 228 204   9   2 157   3  16 200 252
 201  97  76  11 209  44 243  33   1  59  65  61  54  82][156 103  58  35 132  44 247 148 108   0 235   1 159  25  89   2 162  79
 104  67 194 244 153  35 229 225  34   1  97  83 131 130][208  93  27 246   3 206  55  97 184 194  99  16 254 247  32 113 162 127
  88  66  97 221 184  47 241 163  70   2   8  49 167 187][237 144  21  95 205  13  69  57  87 122 101  92 210 113  28 191  89 128
 114  46 249 118 123  19   5 250  81 124  90 136  82  36][109 143 100  69 188  31  78 191  69 232 190  76 195  40 150 182  25 198
  76  60 252 184 101  46  46 223  37  84 239 254 218  68][172   4 253  87 192 122 111 185 116 166 103 144  83 103 153  59  31 214
  98 234 249 244 125  42 103 171 229   4 225 241  70 176][190   0  98 226 165  39 202  88  65 138 241  10  75  75  61  25 216 137
  23 242 184 166  89 138 147 217 128 156 247 235 112 130][178  30 172  21  11 114 156  98 149 254 158 183 104  62  23  11 239 247
 251 135 164 215 231 202  22  34 218 147 133 101  63 223][ 25  31  30 124 115 159 116 115 189  10 117  69  63 123  32 145 166 187
 198  36 244 175  16 221 243 251  96   2 122 128  43 139][242 239  38 156  95 193 156 239 159  20 152 163 236 238 106  65 255 251
 239 165 122  79 138 255 184  22 143 251  20  44  53  90][120 243  88  32 242 137  94 253  34  37  44 237  31 135  74  16  54 157
 197 112  94  26 152  23 254 197  37 237  40 130 142 219][  8  36 184 241 117 237 233  26  94  63  60  26 155  13  80  40 137  26
  19  25  18  60 113 147  79 223 144 101 210 136  69 162][ 82  32 158 177 131 112  56   2  59  51 134  19 140  46  70  75 227  23
 185 145  54 220 131 192 143 119 218 195 132  64  45 134][  1 170 113  89 240 185 164 247 126  33 120 120 170 128 132 180  19  62
 130   8 211 184 229  23  46  62  48 102  90 136 195 173][ 73 177 181  81 179 221 181 191 126 121  38  60 220  52 202 188 149  31
 120  24 247 120 251  87 111  31  85 102 202   4 131 127][ 44 201  17 218  75 201  23 136 222  28 104  40 166 212  97 224 128 122
 170  66  67  42 106  57 165 144   5  59  80  27  13  43][168 172  60 117  45 253 124  55 127 254 190   9 191  63  67 145 143  55
 239  12 174 104 227 187 239 219 117  49  66 196  78 203][ 89 157  91  44  18 234  91 182  35  97 106 140  63  55   0 208  54 255
 204  64  75 153  25  63 249 229   0  64  58 195 131 121][253 235 232  66 176  29  79 156 123 252 180  76 139 137 215 180  29 204
  85  95 206 118 236  50 251 217 165 252 107 183 218 109][210 108  22 188  91 226  28 111 191   6 184 163 108 238  37  83 255 243
 239 160 104  79 130 255 177 246 219 187  17 116  39  27][ 41 247 245  69 126  59 134 175  78 229  56 238  99 104 156 164  27  70
 194  44 195 184 109  63  44  78  37  54  93 206 210 253][ 15 187 182  58 169 157 144 205 238 189 176  76 238 248  68 174 141  99
 238  21 134  99 250 113 153 219  79 254 216   4 139   5][122  35  10 169  88 197  74  88 166 141 191   1 145 199  66  82 232 173
 127 220  10   3 203  65 255 189 171 249 128   2  42 195][194 120  51 186  59 225 145  70 191  69 192  49 172 222  98  92 227  59
 251 145  34  15  50 243 153 214  26 123 144   4  39 126][173 239  97  67 242  91 239 253 115 244  60 238  91  37 223 181  63 206
  82 254 241 122 236 124 110   8  37 244 239 254 202 252][ 40 113 121 107  89 207  83  88  99 232 173   8 115  87   9  48  24 188
  86 122  73  50 248  28 103 221  33  48 122 147  70 186][183  38 102  91 143 219 152  65 221 118 215 151  72 204 190 175 204  56
 219  63 252 245 109 158  11  91  89 215   7  12 220 212][212 102  95 244  42  98  23 108 180 142 167 176 119 247 169  91  54 245
 237 226 104 197 171  78 241 227 111 129  32 243  39  99][ 32  59 122  95 112 129 235 216  51  12 124 236 113 199 175  20  94 106
   7 206 194 186 104 125 102  56 160 136 119 147 102 249][113  72 214 157  76   8 238  68 233  34 226   2 247 162  21  94 106 229
 110 206  76 247 199 233 180 186 218  56  65 112 107 140][ 17 170 238  89   2 186 104  23 118  83 110 198 177 130 150 124  51 174
  42 156 159 216  39  85  14  43 114  64 233 128 232  92][ 61  29 126 124 241 214 119 242 245  72 254   0 127 255  33 112 236 242
 246 202 169 171  48 111 115 239  32   0 123 243 106 187][229  68  12  73 204  63 192 152  78 250 165  92 211  88  95 187 201  68
 122 126 173 100 123  20  15 219  97 116 216 121  90 132][ 17  25  31 188  75 143 116 115 173  74 233  69 126 250  36 211 164 179
  94   4 213 139  18  93 179 251  82  10  88   2 163 147][103  42  80 129 252  43 234 192  47 176 179 154 205  10 213 152 123 141
 106 255  20 115 205 240 156  28 139 116 197 235  91 128][156  44 191 114 153 108 103  75 242 147 173  16 215 243  89  27 177 110
 104  26  58 245 154  34 217 207  87 109 192  97 167 226][184 175  20  59  57 155 146 236 206  48 160 104 238  88  12 145 128  51
 200  99 102 105  74  61 168 209   9 123  80   4  15 143][127 253 177  90  59 221  19 184 187  88  60 109 122 255  79  52 133 251
 245  82 143  64 250 253 107 221   5 251  91  55  70 127][104 255  25  62 121 205   7  49 170 124  13  13 254 199   2  16 128  35
 205  66  83   8 218  61 237 145  33 121  24   2 135 115][252 230 253 119 170 104  85 156 250  63  55  56 215 119 201  59  35  86
 108  50  58 101 235  32 219 227 117 127 224 241 134  99][ 45  84   3  14  85 214  99 104 244 200 239   0  82 240  42 244 216 108
  34 106  45 179  56  15 187 119 131  75 202  39 122 198][ 20  21 191 165 180 110  91  16  32 140 251   3 215  63  33  74 126 213
  29 243  24 177 145   8 209 165 170   4 165  99  53 115]