[113  73 122 126  76 129 214 232 201   0 249  10 112 248  55 112 234 227
  54 195  76  35  14 253  50 185 198  27  93  59 106 142][104 188 185 101 145 109  85 151 123 226  46  24 158  55  64  50 129  94
 120   8  41 120 241   2 239 253  21  52 194  96 199 122][109 225  88 103  60  31  66  56 105  32 229  12 251  89  29 145 216 140
  92 106 200 178 216  29 199 217   1  60  74 170  90 128][ 88 124  27 180  50 200  55 114 188 204 202  32 191 183  33  80  38 127
 109  64  65 201 178  46 241 231  42 136  32  81  39 123][ 71 180 222  88  88 244  90  74 191  81 237 156 116 246 142  60 183 139
 122 190  23   3 186 119  31  62  16  94 200 129 170  20][183  92 246 223 110  62 252  86 253 218 242 243 106 252 181 107 239 253
 119 135 172 246 195 234  22 122 218 130 197 253 112 223][108 117  57 101  52  15 119  56 105 168 127  72 223  59 137  48 148  84
 108 106 201 176 249  14 231 253  33 132  66 187  66  35][243 173 141  12 153  77  71 175 255 113 170  24 114 180  28 178 161 195
 120 239  63  73  59 119 185  46  93  62 208  81 198 110][246 170 142 191 204  32 180 206 222 179 128  19 224 232  93  11 233 199
 107 145  36 111 203  96  30  35 223  63 133 120 123 138][109 237  17  76  77  79  71 168 235 236 170   8 242 241  69 244 208 228
 104 106  73  99 251  31 251 190  69  62  66  58  86  98][135 238 196 119 215 168 238 175 251 147 122  86 233 234  92 175  43  75
 114 145 247 248 159 243  44  94 215 196 237 240 251 140][152 141  31 253 160 102 109  55  52  26 234  80 247  55  32  99 117 119
  44 170 121 220  97  47 225 167 246   0  48 224 164  40][199 173 135  94 217 196 110 238 187 178 104  16 116 243  77 119  33 110
 122 138  99  75 154 127  61  46 215  44 136 112 227 168][163 244 126  83  66 158 240 114 225  30 247  60  96  90 142  59 175 160
  68 170 228 231 116 109  70  26 112 195  97 129 106 199][ 45  96 138  47  77 223 227 200 214 132 227   4 243 192  59 104  88 236
 106 107  13 247 251  25 213 167 131   5  88  59 120 128][ 78  52 186 114 232 117 153 211 171 223 189  57  28 255 206  26 135  19
 213  19 178  71 170 226  91  93 127 255 192 101 143 243][100 181 220  98 200 172 125 159 163 245 172  29 151 231  74  82   5 198
 105  28  26  75 218  17 255 233   5 125 168 194 138  82][ 61  97  97  65 213  95 202 232  71 228 237  14  75  76  93 164  88 204
 194 255 205 178 125 156  63  77 133 125 115 191  94 244][ 87 100 215 215 108  10 238 200 121 162 243 210 221 235 149 122 123 205
 127 171  96 247 205 202 148 190 207 132  37 243  99 160][240 253 189 103 172  79  87 188 112 174 182   8 247 117   1  51 144 246
 125 106 104 235 249  42 243 171 101  48  96 250 198 107][206 114 213 176 232  96  88  18  59 251 179 249 159  31 193 155 135 213
 253 145  63  70 195 130 202 243 125 255 166 133 134  83][109 233 120  98  53 143  82 248 105 160 229   8 251  81  24  48 156 156
  78 122 202 178  88  61 255 221   1 116  74 139  74  40][ 84  51 249  96 184  14  87 157  99 168 190 104 215  51  65  50 150 221
 108 120  72 114 201   8 251 217  37  52 224 178  70  43][ 89  38 248  79  50  42 107 156 115  47 126 236 107  33 159 124  55 206
 100 108 170 176 237  43  68 174  48 180 239 211  75  77][ 77  85  95 103  34  10  46 184  52 234 119 228  93 115 137 113  54  85
 100 238  65 144  29  92 100 175  99 132 104 179  11  17][ 40 235 170  62  77 157 182 230 254  22  68  13 174 200  98 128 137 106
 194  71  70 111 218  49 244  65  86  59  80  28 159 202][104  35 209 205 126  56 160 158  90  25 116  96 245 114 141 239  90  78
  38  24   3 112 199 201   4 249  50  44 252 192  75 169][ 77 100 141  55 168  46 111 152  56 242 130  76 223  99 217 251  23  69
 124 110  33 212 223  40 204 235 111  20 136 243  11  48][167  60 165  27 184 166 173  15  26 211  65 213 144 228 213  43 205 110
  50  29 177 252 255  34  12  30 255  64 200 113 179 244][197 221 157  94 232 249   5 167 222  83 110  56 246 244 169 251 129 114
 232   2  49 124 122  51 165 178  84   2 208 121 132 120][114  35 134 190   9 193  86 105 175 142 161  11 110 250  33  82 248 241
 239 227  72 195 138 217 177 246 203  59   0 103 126   2][105 173  28  24 219 185  20 239 234  53 172 189 142 178 102 211 131 131
 234  20  54  75 214 117  60  49  22 127 216  68 139  78][212  74 255 117  42 106  93   0 232 150 178 177 247  47   1  91  38 245
 108  98 108 229 135   8 192 235  96  17  97 241  71  72][ 68 187 189 209 232 233  53 159 126  61  20 112 148 151 200 126 167  26
 111  24 146  88 171  81  79 144  55 238 144 128 135  41][216 172 154 122 138 200  83 214 178  23 165  24  55 179  64  91  35 247
 236  18  42  79 154  51 219 227 116 121 224 129 166  42][172 250 152 115  32 141  80 156  62  55 102  29 191 195  67  24 151  24
 229  80  34 252 219  51 199 223  49  49 202 153  74 155][202 104 162 252   5 220 252  71 253 138 246   0 186 251  53 251 232 234
 123 200 104 239 146 235 243 255 214  11   2  84 255 138][109 100  57 103  85  78 103  40 113 174 239   8 211 113  25  48 152 204
 100 106  73 240 249  14 231 255  33   4  66 243  70 224][200 157  54 250 237 213 212 239 223  29 180  18 174 249  36 193 233  51
 191   0 114  43  26 245 243 251 218 123  18   8 237  10][ 60 109 232 119 167 123 127 168 117 230 119 169 203 109 219  25  59  76
 197 102 108 240 237 168 230 223 101 165 103 255 214 242][150 174 140 177 140  35 168 202 150 179 130  19 197 234  81  11 233  71
 123 145  54  77 203  32 220 131 255 117 133 104  49 138][129 169  25  26 232 205  37 239 142  89  48  88 180 214 204  56 131  11
  86  28  87   8 234 113  45  24  55 236  80  64 131 173][193 244 151  30  10 192  37 111 190  91 195 176 116 242 170 103  51 119
 106 129  99 207 175  75  48  34 127   8   8 112 163 101][ 12 180 144 251 185 237  48 207 191  63 169  61 142 223 106 152 143  27
 203  16  22  77  90 243 207 213  23 127 210  69 143 147][ 61  97  97  69  85  31 234 120  65 228 106  78 203   8  21 180 120 204
  66 126 201 178 117 142  61 205   5  36 107 191  82 228][245  36 204  71 172 126  79 152 113 242 175  28 211  96 223 255  17 196
 124  58 185 229 253  10 139 255 197  20 142 251  90  52][ 39 164 212 147 252  43 232  73  31 179 177 218 207  40 220   9 251 143
 127  61  50 122 205 214 140 158 159 244 212 201 211 128][248 220 215  86 169 104  69 182 177 218 166 120 127 119 128 255  39 244
 236  42 105  71 187  35 211 227 117  24  42 240 134  57][196  53 157 118 168 108  85  25 170 186  35  72 247 119  73  59 129  87
 124 114 113  97 219  40 253 136 101  56 192 114 135  43][  1 249  27  88 232 197 132 207 222  88 120  12 180 214 100  48 209  43
   2  92  71  42 122 113  37 156  54  42  88  88 227 189][ 11 183 233 249 246 173 237 191  31 123  92 214 189  43 190  96 127  11
  55  29 179 120 127 215 238  95 190 228 190 204 209 249][148 172  79 251 198 163 174 198  54  51 250 210 241 227  32  73 123 239
 106 154  50 244  11 119  60 162 191  64 237  89 161 128][144 104  95 113  42 217 176  66 238 146 178 240 191 222 196 187 162  61
 236   0  69 237 166  96 147 193 114   3  97   0  47 173][128 188 157 249  48 227  33 159  54  51  96 112 181  87 168 121  83  26
   2 184  51 220  89  63 237 134  51  68 176 192 161 168][126 191 242 254 178 164 158 247 155 143 218 167 108 239  54  80 215 123
 181 215 186 139 138 239 186 126 159 219 135 215 167  95][ 38 253 101  94 223 247 151 236 147 230 173 138  98 253  61  36  89 242
 211 227 249  35  58 255  59  30 141 127  87 127 214 246][190 191 138 190 211 211  47 252  22 205 204 151 105 230 171 212 121 238
 130 254 126 155  60 191 127 229 175 233 179 182 174 222][107 190 190  30 186 157 182 254 254 203 254 252 254 252 230 230 207 119
 238   1 245 107 255 255  58  55 119 187 216 124 171 221][165 175 150  95 152 174  38 239 246   2 233  80 227 226  13 217  81 110
 104 234 124 195 219  63 160 166  87  16 216 115 235 140][169  36 106  26 247  59 158  95  92 194  93 157 155 184 179 173  95  42
 147  61 180 167 116 142  98  79  53 185 222 253 155 197][ 61  55   3 175  83 211   3  88  22 228 237 198  81 194 168 196 120 236
 130 250  43 146 125  31 188 167 163  68 123  43  38 176][ 10 219 123 254  50 192 190 244 173   0  91 224 253 223 168 224 182 121
 151 227 193 129  46 255  33 117  46 139  84 178 165 185][169 231 108 101 100  11 103 188 100 236 126  76 211  33 154  49  26  68
  68 110 205 176 109  12 102 201 101 148 108 186 210 224][170 221  19 254 255 197 191 231 158  11  88  50 188 255  32 228 223  59
 147 129 115 190  26 255 109 246 158  75  18  24 165 171][116  97  86 236  15  74  74 104  41 164 227  10  79 195   9  17 120 213
 106 226  72 195 201 200 209 240 195  53  97  59 102   2][ 39 209  58  74 221 133 159 237 222  21 233   6 240 248  62  32 217  91
  19 239 210  43  58 119 121  12 143 124 217  27 161 226][221 143  31  55 140  15  94 188 116 226 194  80 243 104  25 105 253 215
 108 227 253 252  95  62 249 231 125  80 104  59 168   8][244 172 138 190 204 163 228 206  86  51 194  90 115 224 120  72 121 238
  42 131  59 255 207  51 188  34 255 104 185  89 240 136][241 248  19  66  27 221  82 228 235  96 160   8  62 144  68 180 176 248
  76  82  79  47 184  63 187 220   5 122  74  19  75  46][116 160 133 190 221 103  68 237  23 179 161  27  98 227   8 221 217 206
 104  34  62  67 219 189 155 230 213  63 179 124 246 134][208 158 156 191 168 238  88 159 190  59 130 245 247 183   0  75 197 119
 125 145  58 205 203  51 201 227 254 208 152  64 165  27][ 84 101 159 177 220  43 166 140 246 178 202  66 212 243  73  74 113  76
 106 243  51  81 203  31 188 134 239 108 128 115 177 128][236 164  61 105 249 111 115 186 127 127 182  25 223 115   9 219 145 197
 108 126  58 116 123  55 239 255  97 116 194 225  71  99][224 161 157 119 173 125  68 189 187 251 189  24 231 101  88 159 153 198
 252  14 105 103 219 179 143 219 117  57  66 250 218  40][111 225 181  87 237  61 222 159  91 191  37  24 202 121  93 191 133  86
 240  94 215  98 251 179  47 223  85 126 194 255 218 172][167 117 197  95 241  46 111 156  55 191 118 245  97  99 141  95 121 206
 119 254  42 208 121 239 110 250 229 132 235 245  82 249][212 251  29  50 168  76  21 180 162 126 130 120 183  23 192  59 134  87
 108  66 123  77 171  33 217 195 119 248  32 144 135 121][ 13 105  28  99 173 123 199 148 110 244 167   4 223  17 203 174   2  70
 104  94  67 244 125  48 230 201 101 117  74 147 203 160][215 190 183 180 173 124  85 135 234 251 154  88 223 188 208 123 129  71
 124  17 191  77 255 192 153 250 127 222 128 100 183 103][241 184 157 186 169 221  84 238 187 115 160  29 191 254  66  59 135 227
 124   5 127  79 250  49 155 211  85 122  24  84 139  95][207 174 229  83 205 180 108 191 251  59  37  80 233 251 220 255  65  78
 123 152 183  76 223 243  47  94 215 237 138 228 250 140][102 239 174 158 184 145 159 238 158 246 140 169 236 230 226  82 207 119
 251 215 122  75 234 255 248  55 207 191 148 119 175 117][133  93 127  94  86 156 231 252 248 204 110  68 114 241 191  49  52 106
  96 110 225 177 190 111 115  47  36   0 105 179  99 233][189  78  78 207 100  10 239 232 116 166 254 138 107  96 147 213 122 236
 110 106 105 182  77  46 180 175 231  17 103 187  90 136][252 172 148 118 169 169  80 234 251 178 160  56 199 241  72 155 129 246
 236   0  40 103 202  50 219 211  85 127 194  72  78   2][ 22 142 158 190  18 194  60 226 188 150 210 163 109 238  33  67 119 115
 175 193  96 201  11 237 248 231 255 131 180 112  37  11][ 53 252 250  54 226  82 182 239 248 194 248  56 103 248 191 184 187 249
 194  35 229 231  62 106  50 247  85  15 201 114 239 150][180  13  47 126 188 226  71  97 212 140 239   0 114 241  33 113 216 244
  30 106  56 163  98  46 225 175 224  25 209 123 244  98][148 140  31 191 142 171 102 238 126  51 195  82 213 227  40  73 115 110
 106  10  50 253  79 119 252 166 247   0 180 249 177 128][194 254  23 158  57 129 146 224 222 148 169 173 228 200  36 199 205 115
 234  67 102 107 218 255  44  50  11 123  88  15  45 158][131 222  31 159 168 207 165 255 158  94 210 117 244 230 162  79 205  99
 106   7 227 239 122 127 140  50 255 154  24  88 177 125][109 106  64  47  93 159 202 136  87 160 160   9 227  73  91 145 216 204
 106 110  78  98 217 157 134 249 129  61 115 191  90 136][112 245 145 186 185 205  22 236 155  29 169  57 230 243 104  20 217  91
 232  82  90  99 218  55 185 214  21 127 208  82 134   3][215  76  14 191  48  34 110  48 180 194 211 215 245 106 179  67 118 101
 125 231 237 197  77  46 160 227 239 128  44 113  57  16][224 239  28  30 152 160   6 175 242  23 233  28 226 224  26  19 145  78
 104   3 126  75 207  63  40 166  85 125  72  82 139 136][151 188  37 187  83 247  43 234  55 114  64  50  60  22  33 125 163 219
  19 151 167 220  61 255 149  66 218 226 181  85  39 254][ 82 187  11 184 186 197  29 103 190  93 128 183 180 158  98  64 231  59
 127 129 114  11 130 119 249 164 186 251  16   0 165 123][252  97 140 174 205  79  64 200 231 176 225  27  82 249  73 218 233 196
 106 115  44  99 219  48 219 195  69  61 241  59 122   2][ 78 155 255 245 166  22 255 182 172 221  86 231 253  63 178 107 103  87
 191 205 209 217  37 228 110 239 254 196 174 252 181 123][114 232 147  34  25 200  66 228 171  48 160   8  38 210  68 150 232 245
 104 211  75  47 218 113 185 176   7 123  73  18  98  14][ 84 145  61 236 168  70  95 184 160 124 163  40 215 119   8 123  68 213
 125 226  89  67 251  29 209 227 227  20  48 179  38  50][124 175 142  50 168 233  92 202 171  94 169 157 207 235  66 154 163 199
 237   6  30  67 138  49 210 247 113 253  74 245 202  83][ 78 175 244 223 155 240 190 175 190 147 136 177 237 243  72 203  67 115
 251 147 114  72 207 243 110  54 255 249 150 116 173  10][ 92  52 182 167 163  78 127 232  61 166 243   9 207 127  11  91 183 213
 253 227 104 209 153 236 241 243  79   7  34 247  39  67][ 94 101  18 238  27  83  86 232  49 132 236 169  79 255  11 144 254 221
 237 226  76 195 139 190 243 247   7  63  35  55  47  83][229 113  29  71  52  31  70  56 121 232 119  76 211  48 157 183 144  68
 108 110 237 240 253  12  38 249 101  20  72 179  74  37][248 172  30 112 157 249  80 199 243 183 164  25  35 201  66 155 137 246
 236  16  62 111 194  39 219 243  85 123  98  72 222  10][248 237 188 242 137 205  84 239 179 187 164  24 191 243  72  27 129 243
 109  16 122  79 218  51 251 195 117 127 224  80 134  10][207  52 249 215 228 108 233  27 123 255 127  82 157 255 221 122 111 223
 119 152 179 244 251 194  95 255 251 236 135 225 231 241][108 117 121 101  52  15 111  56 105 168 127  72 215  49 153  48 150 220
  76 106 201 176 233  14 231 221  33 148  72 187  66  33][108 117 121 101 116 111 103  56 113 238 127   8 211  53 137  52 152 220
  68 106  73 176 249  14 231 255  33  20  66 251  70 226][216 253 159 116 168  79  87 183 240 174 170   8 183  55   0  19 128 246
 109  98 120 235 219  47 249 235 101  52  96 240 135  43][132 172 189  83 139 225  61 175 190  23  14 144 252 231  72  95  35  83
 233  24  50  76  43 119 237  23  95  69 144  80 133 106][ 45 127  40  14 124 151 199 248  83 204 252 109  98 232 191  20 220 232
 214 111 205 162 126 191  98  93 165 184  91 190  90 213][ 96 207 122  62  93 129 215 230 203   4 248  11  34 233  54  80 232 235
   2  67  66  43  10 125 117  60   4  59  81  27 118 138][196 119 213  23 162  42  46 190  56 186  91 245 221 102 200  91  55  79
 108  38  33 212 205  98 164 162 111 128  44 243 131  17][ 72  48 185 101 145  78 117  23 123 235 102   8 158  55   0  50 129  22
 108   8  49 248 241   8 207 255  84  98 194   0 199  59][ 71 190 164  19 221 165 172 191 254 251 184  85 232 232  94 138 169  99
 123 157 183 105 223 243  46  30 223 254 221  84 219 142][ 45 105   3 158  77 207 231 200 214 168 203  12 210 209  43   4 216 104
 106 106  72 179 154  58 245  37 131  56  80  59 116 162][ 37 111   3 138  93 135 231 200 150 136 233  70  80 194  41 196  88 232
   2 238  73 179 122  62  53  36 139  44  17 123 116 160][ 77  85 140 167 172  30 103 188 100 250 135 100 215 112 153 123  81  68
 124 107 233 196 249  40 228 235 239  20  40 115 217  48][ 64 255 159 252 222 193   5 239 214 183 202  58 100 243  96  67  97 246
 106 128 122  75 235 127 189 166 215 123 176 120 164  42][101 248 107   8  88 173 235 218 250  93 112  93  16 202  95  56 173 201
 114 252 134 103 182 113  93  12  33 108 201  17  98 210][221  92 157 119 168  46  71 188 240 250 130  84 215 115   1 123   1  68
 124 106 105 197 251  42 225 235 101  20 168 241  64  32][  1 190  88 217 178 154  48  55  61 129 127 244 188  19 128  84 199  59
 142  16 147 152 193 206 206 191  62 194 142 128 137 185][195 165 180  30 185 181 156 239 254 251 152 221 236 232  94 174 143  99
 122 157 182 107 223 243 126  62  95 255 220  84 139 141][200 115  25 101 112  14 119  52  41 168  34  76 255  19  64  18 148 221
 108 114  73 216 209  12 237 185  37  32  72  50   3  59][ 98 181  40 184 217 237 149 255 138  61 172  29 134 247  74  18 137  19
 195  17  18 107 146  87 253  22  29 127 192  72 135 250][ 80 221  25 107  26 231  19 158  22  41 104  77  55  87   1  80 149 127
   9 208   3   8  89  63 233 165  45 112 184  19   4  58][ 92  29  63 116  50 198  95  50 180 140 206 161 247 247   3  80  38 247
 125 194  72 201 179  47 241 231  47 129  32 241  37 123][133 174 141 181 164  43 168  11  62 179  83 240 245 106 208  75 131 111
 127  17  51 220 201  42 140 130 255 196 140  97 145 128][221 223  21 103 164  46  71 189 116 186  34  84 211  35 153 115  21  70
 108 110 233 244  89  46 224 235 101  20  42 240 192  33][195 236 151  94 201 197 164 238 254 219 224  24  96 242 100  55 161 110
 106 136 119  75 154 127  61  58 215  42 136 112 227 142][189 104 120  99  85  31  67 104 101  36 229   8 243  73  27  48  88 136
  66 110  72 182 121  31 247 217   1  53 115 171  82 160][238 114 181 180  41  44  93 146 187 255   2 253 143 143  65  91 135  85
 253  23 238  68 243 130 199 242  92 190 130 245   7  81][109 181  24  79 121  29  70 184 123 248  45  76 242 112  78 180 149 206
 116 110 207 114 251  63  47 253   5  62  90  46  74  52][188 197 101 103 141  91  71 168  85 182 167  26  67 109  29  55  57 212
 237 107 104 229 127  62 243 203 197  53 119 123 214  98][195 156 149  83 203 253  37 135 255 123   2  88 252  54  76 255 161  23
 122  24  55  77  59 115  13  30  84  86 200  80 129  45][ 77 113 153  37 168  14 110 156  42 232  38  76 223  55  65 250 148  69
 124 126  25  80 217   8 237 255 101  52 138 243  11  49][197 182 214  23 170  42  36 152 186 186  19 252 196 226 201  27  39  71
 108  22 224 213 143  98 140   2 125 180 236 240   3  17][108 165  28  98 200 205 125 191 162 253 172  13 151 231  74  18   1 198
 125  28  90  74 218  49 255 233  37 124 200 194 202 250][126  99 150 174  29 194 210  96 173 132 227   9  78 218  44 146 248 245
 235 227  92 131 146 200 179 240 143  27  17  63 126   2][ 21 207 213 229 182  10 103 190 118 160  74 226 211  35 129  65 115  76
  44 232 105 216  69  14 236 166 231  68 172 176   1  40][160 174 207 191 204 171 229 255  86  51 240  86 241 226 120  73 121 238
  34 153 123 254 223 243  60  38 255  40 189  88 240 168][207 190 164  83 237 181 232 155 251 187 168  92 200 250  92 255 193  70
 120 152 183  79 219 243  15  26 215 126 138  64 219  30][ 22  83  75 174  18   6 159 120   4 200 217 199 117 215  41  64 126 245
  23 239 201 131  25  76 241  36 171 136  61 179  32 241][138 156  18 255 243 209 190 231  31  11  92  50 172 247  32 228 255  59
 147 128 114 158  10 255 175 247 158  75  18  12 173 175][ 16 102 174  85  18  34  61 254 118 171  78 226 113 103 155  96  53 222
  56 168 168 216 173  15 126 175 117 129 161 240  36  41][214  74 142 191  58  34  26 180 148 165 211 183 237 110  51  75 118 247
 189 199  40 197 201 239 208 231 250 145  36 179  53  81][ 37 229 109  71 116  75 231 188  96 224 126 136 211  33 144  51  26 196
  68 110  73 176 109  12 102 169 101  20 109 250 210 224][ 28 105 232 103 165  91 127 184  53 228 255 163 203 109 219  17  58 220
 229 106  72 240 237 168 238 233 101 133 103 255 214 242][108 173 148 174 157  15  79 185 199 185 169   8 215  97  24 183  89 214
 106 251  58  99 219  53 237 243 199 124 218 250 130   2][182 191 114 126 178 150  30 255 159 140  88 181 108 238  54  80 215 251
 149 215 250 207  42 255 170 254 143 203 150 215 166  95][218  14 142 174  10  34  62  56 180 134 155 183 237 102  35  67 103 245
 173 167  40 205 139 238 248 231 239 149  36 103  37  89][161  26 220  93 234 102 189 223 172  27 112 112  80  62 133  59 167  19
 102 128 181 206  35  65  71 171 122 135 217 113 235 151][108  95 126 126 252 194  87  51 196 134 236  32 114 241  33 113 200 240
 106  40 120 175 114  46 235 167  68  25  80 170 244  34][206 186 181 214 173 188  80 158 251 187 134  92 238 241  88 175 129  86
 253  25 187 109 219 227 153 186  87 126 138  92 219  46][ 78 190 186 242 232 229 155 211 171 223 189  57 156 255  98  26 167  83
 223  19 146  75 170 226 219 213  63 255 128 227 167 211][  9 151 233 251 246 175 237 191  31 123  92 246 157 175 248  96 127  11
  55  29 179 248 127 215 110 223 190 228 190 204 209 249][148 142 223 183 150 171 103 190 126  51 195 210 215  99   8  73 115 230
 106  10  51 244  13 127 236 162 119  68 168 249 161 160][225 229 141  50 153 205  64 173 242 113 163  25  82 252  72  49 145 135
 120  16 127  79 218  23 185 155  85 125  64  16 194  74][248 253 148 250 137 205  86 238 179  59 160  25 191 243  64  19 129 243
 237  82 106 111 218  51 249 211  85  59 242  81 135  10][216 141  29 255 152 110  71 183 180  14 174  16 247 119   0  81  81 246
  77  42 121 141 113  63 225 231 100  80  48 224 132 106][244  32  86 228  13  75 192  72  41 160 226  10  67   3  13 159 248 213
 106 226  72 243 193 200 145 240 195  55  97  59  70   2][108  60 211  86 235 120  85 150 187 211 230 152  74 247 197 191  39 254
 228   8  57  67 186  98  23 254  85  43 226 245 198  53][137 222 190 159 169 190 181 246 254 127 198 180 252 244 163 107 197 118
 250  14 229 221 251  59  71  59 127 144 146 125 141 121][212  64 214 223  76  10 238 200 121 162 243  18 205 234  29  94 123 237
 110 234  96 247 205 234 148 186 207   0  37 251  99 160][208 156 159 189 168 174  69 183 182 219 130  85 247 119   0  91 133 119
 125   1  57 205 211  47 233 167 127  80 136  96 129  59][237  99  28 101  36  15 103  56 112 234  51  92 211  40 223  59 148  68
 108 110 237 244 221  14 100 187 101  52  72 187  82   1][ 52 236 186  46  58  66 150 200  98 203 248 225 215 238  27  56 219 253
  68 163 205 227  78  41 248 231  63 141 201 114 111 155][109 165 172  67 237 127 207 157 123 255 175  28 219 104  94  62 145 198
 124  62 189 112 255   2 127 223 197 125 202 247 218  84][249 184 181 190 169 237  85 198 251 123 160  24 191 254  66  59 133 243
 124   1 239  79 250 179 217 218  87  58 146  68 135 126][216 184 183 118 173 236  21 151 251 187 130  28 190 186  84 127 133 119
 125  17 187 111 251 225 217 250  95 126 128  80 135  47][158 191  34  58 155 151  62 252  23 206  84 183 105 255 162 101 253 122
 151 246 254 223  46 191 251 119 175 235  51 148 164 223][221  84 167 181 164  46  45 186 252 250 131  84 221 118 153 239 231  69
 124 175 225 213  63 206 133 234 255 148  12 117 177 117][ 39 189 181  90 253 181 158 175  95 251 185  90 104 252  92 164 221 243
 247  23 191 106 122 255  43  30 221 254 217 127 216  95][252 236 252  97 172 127 116 154 127 186 182  24 159  55  65  59 161 212
 109  56  59 108 193  22 223 251 101 117 226 241  79  35][167   4 196  87 168  42 237 187 188 242  35 212 211 115  13  91  35  68
 123  62 113 197  73  78  12 186  87  68 201 225  66 160][198 239   6 158 248 129 158 239 158 150 200 217 236 231  96  86 199 127
 251  71  98  79 202 255 252  54 207 191  20 244 191 137][252 232 148 122 137 221  80 200 151 183 165  25 234 241 107 159 201 242
 233  82  62  99 218 179 219 211  69 127 210  61  94 130][244  96 189 244   8  76  93  24 178 182 133  25 215 215  73  91 193 213
 125  98 104  71 251   0 209 227 253  61  32  49   6  98][ 66 237  21 158  27 237 146 166 158  16 136 137 172 238 102 199 129 115
 234  71  70  75 218 253 173  54  95 123  80   5  13  78][242 164 134  94   9 119 192 202 199 177 171  27  98 232  44 223 233 198
 234 144  62 239 219 221  27  50 213  87 241 104 106  14][ 76  53 157 102 168 108 101 185  34 186  47  72 215 115  73 187  19  86
 108  58  81  80 219   0 205 193 101  60 192 114 131  35][ 82 143 130 158 210 160 190 231 188   7 218 179 172  38  32  80 111 243
 143 128  50 139  64 239 188  38 158 131 133  84 165 201][ 31 172 214  59 165 187 238 207 118 179  75 210 234 232  93 232 251 111
 106  31 191 244 207 115 172  15 221  69 237 255 248 132][ 37 109  14 154  88 183 162 200 214 128 233 130 112 194 171 244  88 104
 162 243  38 147  62 127  52  38 131   8  80  59  40 164][126 117  82 238  27  83  86 232 177 164 253 169  79 255  43 148 254 221
 237 226  76 195 138 222 243 215   5  63  99  55  46   3][ 92 188 149 250 185 237  16 202 175 113 169  25 142 223  72 154 135  19
 203  16  22  79  90 243 159 215  31 127 218  69 143  18][194 124 183 254  13 204 244  70 253 138 226  17 174 251  37  95 232 243
 239   0 106 237 146 235 179 250 214  27 202  88 119  10][ 21 173 140  63 152  15  70 169 118 134 234  12 227 224   9  17  25 102
 104  46 124 235  95  63 168 166  69  20 216 114 138   0][ 88 178 158  54 136 172  81 151 162  55 175  29 215 227  74  90 135 215
 237  16  26  79 219  33 219 227 117 125 160 192 143  50][189  78  76 175  85  90 103 248  84 230 255 142 227  96 155 229 120 236
 238 238 109 182 125 174 246 231 227  17 111 255 126 248][ 24  42 159 112  10 201 176  66 230  18 242  40 191 156  64  42  46 177
 110 129  15 111 167  97 209 129  50   9  97 128  47  11][212 182 159 147 136 236 161 215 190 255 190  84 220 226  74  91  33 103
 110 152  51 205 187  98 157 166 127  85 136  64 175 113][ 86  37 215 231 161  79 118 232  61 166 243   8 207 115  13  84 179 213
 237  98   8 243 153 204 191 254  71  23 224 115  71  34][148 174 143 187 142 163 237 230  54 187 250  82 241 227  32  73 121 238
 106 152  59 253  79 115 188 162 255  64 169  88 161 160][ 45 173 131  79 221 223 230 237  86 229 236  14 235 224 122 164  89 206
 234  94  95 122 255 187  63 223 135 125 211 126 248 236][239  34  96  30 105 157 145  72 218 182 113 157  40 200  95  27 159 105
 226  71 230 102 206  49  78  89  93 187  69  45  91 199][ 64 185 177 101  65  77 113  23 107 161 102   8 190  55  64  52 128  30
 112  24  17 248 241  64 207 254  20  98 194   0 199  42][192 141 189  95 202 233  53 175 254  23 108  24 244 247 100 123   3 115
  98  16  50  72 186 115 109  38  85 105 208 112 133 170][215  34 140  53  12  56  80  10 249 210 131  85 231  40  87  91 131  68
 108   5 172 197 199   0 130 242  80  19 172 113  88   6][ 98 181 169 176 217 237  49  79 170 113  41  29 148 183  64  24 161  27
  83  17  19  75 146  87 125   6  29 126 200  64 135 218][130 221 154 219 247 209 190 231 159   7  92  50 172 251  38 196 255 123
 147 128 118 190  42 255  47 119 158  75  16   8 173 143][252 199 108 103 143  91  71 168 113 182 167  58  67 105  29  31  57 212
 237  98 104 229 111  46 251 203  69  21 103 251 212  34][  7 207  80 254  91 133 206 248 151   0 217 194 233 203  57 228 126 249
  19 234 202   3  30 255  33 252 143 136  55 179  41 128][ 77 113 149 103 173  94  71 153  99 232 175  76 223 115 219 254  16 196
 124 122 141  80 249   8 239 255 101 148 170 243  66  97][ 43 254 105  15 124 223 207 248  31 100 253 205 227  76 159 164  93 202
 147 111 207  34 127 191  47  28 133 252  87 174  86 252][118  41  22 190  25 199  18  96 173 128 161   9  78 218  45 146 216 245
 234  98  76   3 154 236 145 240  75  59  16  47  47   6][108 165  56  98 233 205 117 255 163 189 172   9 147 247  74  19 137 206
 125  14  90  75 250  49 255 217 101 124 194 210 198 226][ 28 236 253  87 146  91 167 232 118 166 239   0 243 115 129  34  57 102
 104 234 104 241 109  62 237 167  39  21 225 115 101  98][190 254 102 127 187 183  28 255 151 222 212 183 105 255 190 109 221 123
 151 167 254 223  42 191 107 219 255 203  55 244 164 223][201 113  17 101 113  14 115  56  57 232 102  76 255  23  64  20 148  93
 108 106  65 208 209  12 237 249  37  32  74 162   3 187][101 197 109  71 212  75 199  61  97 224 239 136 211  33 152  52  24 198
  76 106 121 186 125  14 108 174  37  16 109 250 210  32][195 190 164  26 189 173 204 239 251 127 136  93 238 232  94 154 141 235
 123 157 183 111 218 243 189  22  95 122 216  68 139  30][ 73 104 185 119   5 206  69   6 114 226 230   8 179  51  17 122 129 246
 104   8  73 252 241  42 197 255  84  16  64  48  70  42][116 160 142 120   9 133  80  72 199 181 161   9  98 216 110  91 201 180
 232  16  14  99 219  17 155 211 209 127 208  10 110   6][212  64 214 157  76  10 239 204 121 166 243  18 207 234  29  90 123 205
 110 234 104 247 207 234 180 186 207   4  37 121  99 128][229 101  89 101  52  15 111  48 113 168 127  72 215 115 145  48 158 252
  68 106 233 176 201  14 231 253  33  20 104 179  66  33][ 66  52 186 176 217 236  17   2 186 243   8  29 148 183  65  26 133  31
 121  21  19  75 146  66 217  54  91 126 136  64   3 114][220 125 159 246  40 207  87 181 177 174 167   8 255 247   1  27 162 245
 108  66 104 213 186  42 241 243 101  48  96 114 135  43][213 205 205  87 154  10  79 184 178 178 130 200 215 114 137 119  51 246
 124 234 105 193 237  46 169 162 101  84 160 243   3  32][ 40  12  28 254 155 238  16  39 148   4 237  17 239 105  34 192 192  50
 171  16 112 169  82  47 227 231  16  89 114  74 204  10][ 45 117 113  71 116  95 103  48 113 232 127 104 210  53 133  52  24 220
  86 106 201 176 249  14 103 252  33   4  98 251  70 161][218 188 183 190 169 253  81 198 187  91 160  24 174 247  64 191 129 243
 253   1  43  79 186 179 153 243  93  59 146  68   7 127][194 238   7 158 248 225  47 254 190 142 200 253 236 230  97 211 199 127
 251   3 102  79 206 255 188  54 239 185  20 112 167  29][218 184 183 242 173 252  85 151 251 251 134  92 174 255  72 255 129 247
 253  17 187  79 218 179 153 243  95 122 138  84 139  63][216 189 151 244 168 110  69  55 176 251 138  24 183 183  64 115   1 118
 124   8 121  73 211  11 249 227 119  16 168 112 131  58][205 132 148 117 137  46 237  59 190 179 167  16 223 115   8 255 129  70
 120  44  57 229  91   6 201 251  87  20 202 228 203  32][252  96 152 240 137 109  84 207 179 179 164  25 159 151  75  27 129 159
 249  16  58  71 210   2 219 217  85 127 194  80 142   2][ 30 172 149 242 153 237  80 202 175  51 168  25 191 223  64 154 129 211
 251  16  30  79  90 179 219 223  23 127 210  77 143   2][228 247 140 155 188  47  70 157 207 185 189  76 215 113  73  82 217 230
 110  88  58 106 219  50 175 151  37 124 216 251 218  41][248 190 148 101 173  47  85 191 123 191 178  92 159  57  65  27 167 215
 108   0 184 124 217  50 207 255 117 116 234 241 194  11][184 224  57  99  93  79  71 252  68 172 228   8 115  81  25  49 216 216
  66 106  72 182 121  61 103 201   1  52 113 187  86 234][254 149  53 250 189 253  80 233 143  61 189  25 206 255 108 201 201 147
 239  17  62  43  90 213 219 211  83 127 146  10 141  19][ 77 119 149   5 176  30  47 184  57 236 126 108 222 103 139 244 150  69
 252 110 165 208 249  46 174 255  37 132 138 247   3 117][223  79 142 191 188 162  78 176 148 198 147 135 245 107  27  75 254 231
 125 231 172 197  77 175 240 231 239 144 172 251  56  80][207 239 172 151 232 176 189 191 150 255  94 147 241 230 218 111 101 103
 187 157 178  88 239 243 109  39 255 197 150 252 180 125][220  93  62 254  58 198  95  48 180 140 207 161 247 247  35  80  38 245
 125 194 104 201 147  46 243 231 173 137  32 179  36 115][216 223 158 190 170  74  84 183 180  30 142  49 255 119  34  83 231 247
 237  35 108  73   3  47 241 227 126 145  48 112 173  11][141  28 182 255 171 254  53 223 246 223  86  51 124 247 163 111 231 126
 255   0 181 221 171 163  95 107 119 131 146 253 165 255][253  92 157 118 168 110  69 154 240 242 162  24 215 119  73 123   1 212
 108 106  41 101 251  40 209 171 117  20 224 241  70  34][  3 157 127 207 242 206  61  55 173  65  78 130 189  23 164 116 102  55
  27  12 211 152  52 239 173 188  30 194  36 130 161 125][215  20 191 215 141 126 109 187 255 251 143  80 223  55 217 111  37  86
 125  42 185 197 187  66 201 250 223  22 138 241 161  37][175 188 180 115 237 189 222 159  95 251  29  93 237 248  94 170 135  75
 127  31 183 104 219 179  47 223  93 254 222 221 217 143][231 188 148 210 173 189  80 142 251 251 166  92 174 248  94 191 133  70
 236  28 191 111 219 243 155 218  87 126 138  92 219  31][244  92 189 116 168 110  69 158 243 250 162  24 215 119  65 123   1 244
 108 106  41  69 251  40 249 170 117  20 160 241 198  50][120 189 149 186 169 237  85 255 179 255 168  44 174 247  65 159 129 243
 236   2  75 107 218  49 185 210  85  59  90  80 134  59][189 205  44 187 140 147 206 236  86 114 219 215 243  72  27   1  89 202
  63 199 254 228  79 191 224  75 239 208  61  95 249 208][104  76  62  94 217 190  23  35 220 134 236   8 242 241  34  82  72 114
 234   0 120  43 114  46 107 167  68  25  82 232 196  42][194 156 189  83 202 224  53 135 190  55  14  16 180 247  72 123  33 115
 107 144  50  77  59 115  77   6  95  79 144  80 133  58][ 32 209 121  88 221 205 181 231 223  21 232  27  34 157 100  16 201 186
   3  16  82  43 114 119  63  20  20 123  81   8 212 250][237  52 255 241 228 108 233  91 123 255 125 118 157 191 223 106 111  95
  55 153 179 248 255 194  95 255 255 228 135 225 231 241][ 60 117 236 101 151  90 127 184  33 228 255 167 219  61  27  48 122 220
 245 226 200 240 253 140 239 237 133 133 103 191 214 242][151 204  12 191  28  19 142 236  86 227 147 215 241 104  58 225  89 194
  63 231 237 237  77 191 168  71 239 144  61  63 184 204][126 117 114 110  91  83  86 232 179 132 173  41  78 255  47 212 250 249
 237 226  78  67 218 221 179 213   5  63 115  55  46  22][123 170 254  92 233  60  92 183 235  95 182  92 106 168 214 254 167 230
 236  12 156 111 166 225  26 123  84 251 203 228 202  13][ 92 161 154 166 168 172  84 159 162  61 174  45 159 227  74  82 131 215
 237  20  26  75 138  33 218 229  37 253 168  82 139  27][130 143 130 159 216 160 174 231 188   7 218 151 232  98  42  66 109 195
 139 134 114  10  72 231  60  52 142 201 149  94 181 216][ 93 181 152 103 168  44 115  56  96 186  47   8 215 115  72  50  17  92
 108  58  25  80 251   0 207 201 101  44 234 227  67 160][ 86  33 210 230 147  79 118 232  61 160 251   8  79 251  13  80 250 221
 111 226  72 243 153 200 187 246   7  23  97  51 103  34][248 252  26 122  25 141  82 216 179  30 164  25  47 219  72  17 153 185
 197  82 106 103 218  51 251 193  37 123 106   8  78  11][ 93 190 155 147 153 252  33 223  62 239 238  20 158 246 202 252 245 239
 238 156 159  89 187 114 221 231 191 109 138  70 175 123][197 142 206 247 134  43 103 190 118 178 254 214 211  99 137  75 115 230
 110 142 113 252  79 111 236 167 119  64 168 241 225  32][237 103 101  37  36  31 111 176 113 236 114 204 195  33 145 159  16 196
 108 111 232 240 229  12  36 249 101 148  70 253  82  97][ 29 242 150  44  25   6 155 216 103 217 249  65 222 255  25 167 220 253
 214 225 141 227  74  77 249 144  79  28 251  54  43 145][201  79  21 101  48  14 111  54 116 162  42  68 215  35 129 115  22 100
 108 110 233 216 113  46 236 250 101  16  10 240  64  41][100 164 197 163 204 107 234 203  63 179 187 154 207 234  92  26 123 143
 110 187  58 119 221 210 156 158 203 116 245 107 211 128][225 120 185  57 216 207 229  87 126 248  96  73 145  27  81  56 201  45
  83  29 131 126  83  18 125 140  62  44 217  16 227 234][205 199 103  78 252  94 239 248 125  90 125  64 115 108 188 229  49  70
 126 111 227  33  47 127  56  58 101 140  94 255 243 245][100 240 153 110   9 109  20 138 234 179 169   8 150 208  76  58 145  92
 104   2  75 103 250  17 129 189  21  63 208 122  78 162][ 19 207 103  23 180 155 231 166 125 194 218 196 226  96 148 164  19 102
  76 110 253 184 109 111 168  62   5  16  78 253 211  44][206 191 187 242 248 101 187 216 171 221 181  56 156 255 111  27 135  83
  95  83 178  75 186 226 123 153 127 255 198 225 135 241][ 91 144 254 245  38 130 121  48 174 216  86 163 253 255 179  98 246 189
  61 205 136 208 163 205 206 169 235 128  37 160  33 113][196  60 152 119 160 173 119 151 123 171  63  92 255 179  73  26 167 247
 108  18 184 124 217  50 207 255 116 114 200  83 195  59][223 181 189 215 137 124 125 159 251 251 143  24 222 183  76 255 161 215
 252 152 187  77 251 226 219 251  95  94 138 112 141  54][254 207 206  62 155   2  95 238 179 166 172 169 107  99   3  83  87 247
 205 230 104 203  73  62 250 231  69 151 163 245 174  74][202 254 141 158 216 253  47 255 190 222 204 221 236 230  98 211 197 127
 235 135 246  79 238 127 189  55 223 189 144 112 167 249][ 37 117 115  69 118  95 231 112 113 232 127  72  82 181 141  52  62 252
  86 106 193 242 188  14  55  12  33  36  99 187  70 165][236 173 122 114 248 205  71 255 163  63 236  24 151 247  72  22 137 254
  69  24  58 123 250  55 255 221  37 124 194 208 198 226][ 73 113  17  69 113  30  99  56 105 232 118  76 222  19 202 180  16 204
  92 110 201 240 241  76 231 249  37 180  74 179  74 245][184 116  18 122  41 237  80  74 179  58 161  25  47 219  73 153 137 187
 196  18  46 103  90 147 211 211  81  63 250  81  78  19][215 188 181 118 173 188  80 143 251 243 162  24 174 248  94 255 129 231
 120  21 191 111 250 162 155 250  85 122 202  92 203  78][  0 237   9 187 210 201  55 231  54  65  72 137 181 149  72   0  57 123
  19  64  83  26  26  55 237 132  60 104 112  24 135 250][130 222  26 218 214 209 190 231  31  15  92 179 164 238  38  64 255 123
 147 145 118 190  10 255  63  22 158 235 149   8 189 223][ 37 225 113  79 124  79 199 252  68 232 229   8 211  85  28  52  88 216
  66 106 201 178 121  29 101 152   5 116  83 186 210 160][220  71 126 103 152  10 103 184 117 166 175 161 195  99 137  87 115 228
 236 226 104 241  77  14 234 227 229  21 103 243  68  34][213  77 142 190 188  34  78 184 132 194 146 199 215 107  27  75  91 231
 125 231 237 199 207  46 242 231 239 148 172 251 184  80][ 92  95  90 254  58 194  95  48 177 140 238 161 127 247   3  80 118 245
 253 226  72 131 131 110 243 231 171 137  32 179  46  83][105 224 181 103  77  76  69  61  97  99 103  24 242  17   8 114 192  30
 120   8  73 252 241   3 229 190  84  16  66  26 214  42][204  93 149 116 168 110  69 151 241 242 162  24 214  55  65 127   1 246
 108  56 105  77 243  10 253 186 117  20 162 240 134  42][120 185 157 250 169 205  21 254 171 125 172  40 174 247  64 182 135 243
 236  64  91  75 250 177 155 209  85  58  90  16   7 123][165 119  25 101  52  15 111  48 120 170 123  72 215  51 129  49 150  68
  76 106 233 176  65  14 229 191  33 148  72 179  66  33][ 76 124 155 118  34 204 119 240 171 142 111   8 254 247  41  80 179 253
 109  66  64  17 186 106 243 183  37   9  32 243   7  99][118  97 211 230  25  79 119 232  45 164 251   8  78 243  45  80 250 221
 110 226  72 179 153 204 177 244   7  23  97  51 103   2][126 241 114 110  91 213  86 232 171 132 173  41 111 255  47 144 250 249
 205 226  78  99 154 221 179 221   5  59 115  54 110  22][251 188 150 250  41 253  80 222 251  91 164  24 174 254  68 191 129 243
 253  16  63  79 250 179 155 219  85 123 154  68 139  31][255  80 124 239  95  86 218 216 201 250 181  10  91  93  31  51 254 213
 253 227 236 103 249 238 247 249 227 190 101 191 114  83][149 205  12 191 172  11  78 188  86 114 154 199 243 104  27  67  89 198
 127 231 239 229  79 191 240 227 239 148  61 251 152  16][  9 183 249 251 246 159 237 255  95 121  95 246 157 191 248  96 127  11
  55 157 243 248 125 215 238 223 191 228 191 200 209 249][124  71 252 103 143  11  71 168 113 182 183 169  67 105  29  31  59 212
 237 226 104 229 207  12 242 227  69  23 103 251  68   2][252  33 152 112 137 109  85  79 162 179 164  25 151 179  66  27 137 222
 105  16  90  79 210   0 219 217  85 125 192 112 206   2][198 172 172 147 157 241 173 175 158 247 142 153 228 230  94  99 193  87
 251 157  50  77 251 243 237  23 223 125 132  76 181 108][ 73 177 145  65  65  78  97  19 105  97 106  72 158  23  68 180 144  28
 114  24  19 184 241  64  15 188  16  66  74   2 195 166][109 116 149  38 168 110  71 152 162 250 175 108 215 117  73  58   5 212
 108  59   9  96 217   8 253 247 101 156 200 243  67  49][ 71 127  61  69 176  30 127 188  57 232 126  76 222 118 135 116 148  69
 124 110 229 144 249  78 175 255  37 134  74 183   3 117][ 90  95 150 190 171  20  30 166 185 142 138 231 239 234   3 219 230 247
 237 195 108  73 139 171 176 247 239 155  42 117  45  27][109  33 241  71 188  90  71  24  99 236 167  40 211 117 223 246  16 204
 124 110 204 208 237   8 238 253  37 148  34 247  86 101][114  73  18 190  25 193  18 224 143  12 168  11 174 218  33 212 200 241
 207  67  78  11  74 189 177 240  11  59  16  63  46  14][138 238 230 255 168 183  92 255 159  31  84 145 237 239  60  73 223 123
 191 135 250 204 107 255 139 251 223 203 150 212 164 221][221   4 156 119 141 126  64  11 230 243 167  24 215 115  75 251 129 198
 108   8  61 101 251   0 219 251  87  85 200  97  73   2][237 188 188  26 253 189 149 222 219 127 180  29 254 252  94 191 205 106
 251  31 183 103 250 177 127  91  85 122 218  93 218 247][175 228  97  65 252  91 203 232  83 241 181 139 209  76 220 165  25 204
 115 255 255 114 239 151  46  92 141 253  71 191 210 228][111 228  97  65 252  95 235 168 115 248 180 137  82  76 223 180 153 204
  87 126 239 114 237  28  62  88 165 244 199 191  82 228][252 149  21 250 185 237  82 232 159  49 161  25 206 255 104 217 201 147
 235  16  58 107  90 183 219 211  67 127 210  13 133   2][ 30 158 246 255 171 242  48 219 183 235 222 179 109 255 166 110 247 119
 255 144 148 217  43 226 223 247 119 195 167 207 165  87][130 220 187 219 214 193 191 231  30   7 120  51 180 254  38  64 255  59
   3 128 118 190  50 127 111  54 158  75 144   8 165 203][ 53 133 101  71 148  75  71  41 117 226 235 154  83 113 156  52  25 196
  76  42 121 178 125  14 189 174   5  84 109 234 210 100][129  88  61  89 114 167 187 214  30  75 116  86  52  23  33  72 239  51
  19 156 163 188  49 127  71 175  50   0  89 145  97 251][242 224 147 254 109 204  84  79 255  19 224  24 174 251  44  94 201 179
 234   0 106 111 210 243 147 254  86  27  80  88 230  10][220 179 154 182 169 140  82 157 179  57 164 125 159 211  74 210 166 207
 237  80  62  75 154  51 250 225  45 253 168 128 138   3][201  77  23 119  33  14 111  54 249 162  34  76 255  51   1 247 128 102
 104 110  97 221 145  46 165 250  68  16  10 240  64  40][197 223 101  77 188  31 239 254 127 122 252 116  83 104 157 165  59 198
 126 111 249 109 253  63  56 126  37 196  95 251 242 117][100 225  57 106 188  73  71 188  66  41 173   8 243  85  72  48  24 218
  76 122  91  42 233  53 249 141  37 124 112 154 198 106][ 60 245 108 101 151  95  95 184  37 232 255 170  91  61  31  50 124 220
 253 226 200 178 249 140 255 237 165 151 103 191 246 115][229 111  76   5 180  27 110  53 105 226 254 236 195  33 151 183  26 228
 108 110 233 240 229  12 166 123 101  17 111 254 218 108][208  79  94 181 162  74  61  39 188 158 146 179 247  39 163  67  39 119
 109 161  96 205   1  14 240 227 126 145  36 240 165  75][ 45  52 255 241 228 108 249  91 123 255 127  54 153 191 215 106 127 223
  55 152 179 248 255 194  95 239 247 228 167 233 231 241][ 89 189 178 225 179 254 114 223 127 237 222  37 158 247 202 116 245  62
 255  20 151 153 185 243 255 253  39 199 162  70 167 119][185 223 108 109  48  95  87 188 116 108 254 173 243  93 131  49 124 244
 254 110 237 186 117  63 247 239 101 145 113 186 214 251][212  72 214 159  76  10 238 232 125 166 242  18 206 170  13  91 123 197
 110 234 104 247 217 234 181 178 207  20   5 120  99 128][116  44 199 179 220 107 234 202 191 179 187  26 207 234  93  27 123 199
 110 179  58 115 207 242 156 146 203 116 229 105 115 128][108 164 152 110  25 109  83 202 106  33 173   8 151 241  72  50 145  92
  64   0  10  98 218  19 197 213   1  63 208 106  78 130][ 88  16 126 237  38 130 121  24  47 200  86 163 157 159 176  98 102 189
  63 141 128 216 163 193 198 249 186 128  38 128  33 123][  9 141   5 183  20 174 104  55  52  33  74  80 247   3  16 192  64  46
 104 140  27 152  81  37 197 231 146  64   0 128 129  40][ 19 207 131  31 180 154  70 166 125 202  90 228 227 224 181 228 243 238
  44 111 237 184  13 111 168 118  39 128 108 127 241  12][ 67 219 103 142   6 210 238 165 205  64 218 199 112 140  52  96 110 229
  55 199 197 137  53 253  33  42 202 128  61  30 245  92][ 92  67 246 101  32  10 110 186 101 174 190 165 203 105 151  86  50 196
 236 108  72 241 193  76 250 255 101  21  98 242  76   0][249 168 181  50 141 253  80 143 251 247 160  25 175 248  90 155 129 231
 124  21  62 111 250 161 155 251  85 123 194  76 198  74][248 165 184 112 137 109  85  79 227 183 173  24 150 179  64  27 137 222
 105  16  88 107 242   0 219 217  85 125 192  72 198 162][249 252  26 176  40 140  88 158 179 186 128  93  47 210  66 219 167 221
 205  22 111  79 154  35 154 225 125 127  40  16  10  27][252 136  54 250 157 221  80 200 199 177 165  25  95 223 105 155 201 177
 255  82  58 103  90 180 219 219  69 127 242   9  68   2][201 125  53 101  49  78 127 188 121 232 114  76 222  62  21 113 148  69
 125 110 229 212 249 110 103 122  37 148  72 183  67 121][221  79  70 181  52  26 110  32 253 202 250 229 111  96 147 211 242 229
 108 111 237 209   5  78 176  98 103 144  44 244 123   5][237 181  17  67 237  63  66  57  89 107 237  92 210  48  28 181 217  12
 114  46 189 114 249 134   7 254  65 126  74  79 218 164][  9 181 125 251 246 159 237 255  95 121  94 246 157 191 248  96 127  11
  55 157 243 248 125 215 238 223 191 228 191 200 241 249][ 87 127 147 174  43   4  94  32 171 200 202 237 239 230  65 214 246 245
 253 199  77 195 154 234 184 244 143 154  42 119  41  31][125 117 120 103 180  95  95 120  69 168 255  42  91 125 153  48 124 220
 221 234 216 178 233 142 251 237 165 148 103 187 118 115][ 85 180 155 119 176 172 119 219 186 107 111  92 247 243  72  26 181 255
 124  26  51 245 154  35 249 255  55  96 200  81 131  19][121 184 182 122 169 253  80 207 235  91 160  24 191 250  66 187 129 243
 252  16  15 111 250 177 219 219  85 123 202  68 138  14][237 248 188 114 237 157 252 158 251 255 164  29 172 249  94  27 141  75
 123  29 182 111 250 241  95  91  93 124 202  93 219 202][205 103  23 101 244  15 111  48 104 170 122  72 215  51   1 177 148 100
  76 110 225 176  65  14 229 251 101   4  72 243  67  33][254 111  78 182 202  26  78 168 177 182 135 237  99  98 139 159  95 229
 237 231 108 199 205  44 186  99 237 149  47 247  26   6][109  97 113  69 112  90  99  42 105 232 254  40 155  20 150 180 154 204
  84 108 205 242 229  76  38 249  37 180  66 164  74 229][109  51 149 101 233  78  71  27  43 248  46 108 222  55 201 190 151  84
 236 120 209 112 209   0 237 241 101 180 202 245 138  49][111  97 229  65 125  91 206 232  67 224 181 136 211  92 223 182  25 204
  83 127  76 114 237  28  63  89 133 245 103 191  90 230][109 106  82  71 101 155 226  16 121 168 247 108 202  72 151 180 152 172
 198 110 132 180 236 202   6 125   1 147  79 175  90 133][ 26 150 178 233 187 246  58  95 183 205 222 163 105 255 110 100 255 191
 255 145 158 155 163 210 219 255 159 195 163 206 165  95][252  32 189 118 141 124  80  15 227 251 167  25 215 253  74 251 129 198
 236  16  60 103 251   0 219 235  85 125 192  97 206  66][202 174 140 158 168 205  29 239 190 247 132  25 254 230  34 123 205 243
 251 133 126  79 250 255 249  55 223  57 144 116 143 120][245   5 141 173 172  42  78 187  84 242 154 205 215 105  17  99  83 198
 125 111 237  64 207  14 240 167 239 148  60 250  16  24][198 126 190  82 203 121  55 236 187 150 165 185  76 239 111  27 167 115
 235 210 114  71 170 114 123  83  95  63 130 117 135 227][ 37 237  17  67 220 223 199 168  70 232  57  72 210  88 157 180 152 108
  86 106 217 176 121  61  45 156  37 116  89  43  82 164][244 237 127 115 232 201 119 252 251 190 190  56  55 247 200  51  11 126
 108  74 122 127 234  35 255 153 101 123  96 211 198 227][ 14 142 246 255 169 165  92 159 159  31 221 145 237 239  60  74 223 123
 255 133 154 207  75 243 139 255 223 155 150 244 164  73][124 127  90 254 114 130 126 112  49 140 110 169 127 231   3  80 118 253
 245 226  72 146 128 111 243 231 161 137  34 179  46  19][ 50  52 145 184 169 237  84  79 187  59 168  25  14 246  73 153 131 187
 196   0  63  67 210  80 145 214  83  63 216  80 135  23][  0 156  59 191 242 193 191 231  30   7  88  51 181 255  32  64 255 123
   3 129 114 156  26 127 109 166 190  64  16  88 165 251][ 92 115 218 166  50  66  55  88  36 132 239 169  93 247 171  80  54 221
 237 226   0 147 136  76 242 229  47 141  36 179  47  67][165 125 115  87 118 223 231 242 249 200 126 104 120 212 181 180  58 124
  66  74 225 186 182 110  55  28   1   2  67 187 102 165][124  67 196 101 232  10 103 168 163 166 190 173  67 105 143 223  59 212
 236  98  72 243 205   8 126 231 101  21 103 251  78   2][ 12  52 251 243 228 108 249  91  63 255 127  54 157 191 219 106 127 223
  55 156 179 248 235 194  95 255 247 228 167 201 231 241][ 92 115 154 163 178  10  54 153  42 184  11 237 207 227  73  26 183  85
 237 119  84  81 137   0 252 197  45 246 168 115 139  19][ 62  49  50  46 251 221  86 233 171 164 169  41 111 223  43 144 218 249
 205 226  78  35 218 157 251 209   5  63  83  54 110 211][ 77  24 151  86  65  28  98  48 233 128 107  76 126 243   5 246 164 116
 104  74   1 241 178 104  23 254  65   2  74 167  67  36][201 238 253 117 160  42 109 191 126 246 118 244 183 227 211 121  51 110
 110  12 179 252 231  75 238 251 119   4 196 240 195 233][118  49  19 172  89  71  81 105 169 140 233   8  78 214  45 212 248 157
 238 224  73 163 250 204 147 240   3  31  64  34 102 102][ 44 248 145  67  77  93  83 216 123 190  45   8 142 209  64 148 145  92
 192  10  66 102 248  51 143 213  21  63  82  63  78 226][176  21  63 253 146 230  19 115 148  64 106  48 119 119  32 113 222 179
  23 160  57 154  48  31 225 239  98  64  48  96  36 242][ 11 112 115 193  98 156 121  80  45  72 118 224 157 151 148 244  38 157
 223 204 129 152 161 192 150 249 170 194  38 132  35 245][ 74  16 119 233  46 128 121  16  45  65 214 163 157 159 176  68 102 157
  63 141 130 152 195 208 214 249 186 128  54 132  33 121][109  99 111  37 164  30 237  53 120 230 118 205 211  40 151  59  26 100
 108 110 237 240 229   8 230 251 101  16  76 252 210 204][ 90 189 122  97 179 251  50 255 127 233 254  35 127 255 166 112 246 191
 255  49 158 153 161 223 251 253  39 199 166 198 165  95][121 223 108 111  36  15 119 188 116 104 254  45 251 125  19 112  92 252
 255 110 232 186 113  47 247 239 100 144 115 186  86 123][ 32 218 152  89  56 233  17 158 158  63 116  57 166 147 170  88 129  26
 175  16  34  44  67  51 207 151  48 251 208   9  13  11][162 180 148 186 205 229 176 207 159  23 128  25 172 191 106   9 201  27
 251  17  50  79 210 243  29  82  94 123 144  76 133 218][  1 203  19 185  52 137 105 247  94   1 122  64 183 131 176  64 114  42
   6  12  83 184   7 127 172 140  50  64  24 136 225 168][ 83 221  39 142  70 134 174 165 140  64 218  98 112 156 180  96 124 247
  51 199 201 139  22 253  48  32 142 136  61  26 177  56][ 87  83 239   7 162 106 175 152  46 246  15 231 221 102 219 106  55  85
 121 255 145 209 189  64 236  39 111 132 173 243 133 113][122 105 104  13  95 219 214 102  67 228 228 139  35  12  23  20 232 236
 193  71  76 187 245 188  51  89 128  51 103  28  94 222][188 254 126 115 162 203 119 252 191 190 247  56 119 247 203  27  55 254
 237  66 114 245 171  35 255 195 101 245  98 243 198 227][130 180 148 154 205 237 144 207 159  23 161  25 172 255 108  11 201  27
 251  17  50 111 218 211 157  18  94 127 208  76 133 138][ 92 115  90 174 210   2  63 248  32 132 239 167  93 199 171  80 118 221
 197 226  72 147 137  78 242 165 167 141  37 179  38  19][ 37 197 119  71  54  75 231 248 108 168 123 104  86 213 173  52 186 124
  70 106 193 177  40  28  53 136  37  20 112  59 198 161][123 127 131 190 113 148  94 242  51 200 232 237 111 231   1 212 246 239
 189 199 237  27 152 175 178 244 175 138  42 183  42  29][233 251  16  65 225  93 117 182 123 248  52  92 138  17 198 191 133  92
 228  72 229 124 241  16  47 217 101 118  74 156 202 253][ 60 117 121 101 180  15  95 120  85 168 255  74  83 125 153  48  94 220
  93 234 232 178 249  14 247 237 165 148 101 251  98  33][ 88  75 206  37  96  10 108  55  41 172 254 237  79 163 151 214  34 228
 108  44  76 249 129  72  54 255 101 133 107 164  74   9][ 65  52 153  16 169 237  21  79 186 251 136  56 158 246  73 120 135  59
 200  17  51  75 242  83 153 150  27 122 136  80 135 119][228  36 185 100 168 109  85  11  99 191 173  24 214 245  72  59 145  86
 104  56  58  98 250  18 203 221  85 125 192 106 198  34][ 94 126 186  50 203  33 182 206 187 158  40 185  76 239 111  27 167 123
 227 195  66  71 138 112 121  22  79 175 128 117 175 211][248 233 188 122  13 221  85 198 199 180 164   8  59 209  97  27 137 242
 201  82 106 111 218  49 251 217  85  57 114  25  78  42][126 105  97  69  93  91 198 234 107 164 188  42  67  24  87  54  24 204
 211  97  76 114 229 140 127  73 133  55 103  60  94 198][105 105  97  69 116  91  96  47 105 224 254 168  11  24 151 180  42 140
  86  44 204 250 229  76  54 121   1  21 103 164  94 236][255 127 210  38 243 156  94 214  51 200 248 237  47 238 199 144 183 239
 196 246 239 154 140 170 186 213  37 170 239 247  42 157][ 78 142 164 255 141 165  88 155 159  31 201  17 239 239  92  72 221 119
 255  21 154  77 219 243 143 255 223 123 146 108  84  66][ 81  79  71   5 102  26 108  54 121 234 218 228  79  34 145 247  54 229
 108 175 229 217   5  76 180 110 103 128  47 244  99  13][  9 181 125 243 246 159 237 255 127 121  94 246 157 191 252  96 127  11
  55 157 243 248 125 215 238 223 191 228 191 136 225 249][ 93  85  23 101 131  14 118 117 109 170 110  76  94  51   1 247 180  85
  72 106  97 177  17  76 181 251  69   6  74 114 139 161][229  98 236   1 108  59  78 136  83 246 181 141 195   8 223 158  25 196
 236 110 204 118 237 152  38  91 197  53  87 255  90  68][125 118 239  69 230  58 239 152 112 234 126 238  83  97 221 174  63 236
 118 110 225 244 237  10 118  47  37 132 239 251  88 177][ 16 143  59 175 182 226  47 119  20  64  90 226 245 247  32  64 126 123
   7 170 121 152   9  63 233 166 175 128  48 250 165 249][213 112 157 229  40  15 207 248  54 186 161  72 215  19  73  59  93 221
 110 106 105 118 217  26 245 138 103  60  88 187   3 161][237 251 176  65 233  30 117 147 123 252  52  76 142  21 194 183 133  92
 244 120 213 120 241   0 175 217 101 246 202 180 194 245][ 32 127 127  95 114 217 167 114 253 140 124  32  48 244 165  52  46 122
  70  74 193 250  38 109 103  62  34 128  65 179 103 173][124  53  58 172  57 221  86 105 179 196 185   9 111 223 107 144 222 185
 205  99 110  35 218 159 251 213   9  63 115  38  46 210][214  78 142 191  42  32  60 128 188 158 131 181 237 234  43  91 231 101
 237 231 108 197 139 106 194 227 254 147 172 113  45  83][ 12  54 251 245 228 236 249  91  63 223 127 182 157 255 219 104 127 223
  55 156 179 250 227 194  95 255 247 228 167 201 231 241][  9 134  19 253  52 135 105 119  94   9  90  70 181 147 160  96 118  43
   6  12 195 152   1  31 228 140  50 128  24 136  33 169][ 71 121 163 134 188  36 175 152 234 192 138 196 244 246 213 110 118 103
 120 223 129  65 190 104  61  60 143 152 140 243  49 125][121 221 122 237  52  79 127 181 116  72 254  41 127  31 147 112 126 252
 255 110 232 176 113  15 247 239 100 128 115 184  70 123][129 158 253 117 160 174 105  55 127 255 118 212 183  35 145 123  39  46
 108  12 177 252 119  79 206 251 118 128 200 192  71 121][131 121 123 193 102 184 250  86 237  64 254 242 157  30 149 112 230 153
  95 206 133 149 165 224 182 249 170 128 101 147 235 185][101  49 185  97 240 111 115 152  98 233 111   8  87 183  73  48  54 220
  84 122  25  50 184   0 221 141  37 100 224 227  70  51][116 113  27 174  57  95  82 104 171 200 173   9 206 223  47 176 216 157
 204  98  77  35 250 156 179 245   1  63  80  43 110  86][ 40 158  16 186 249 169  16 146 143  29 120 125 174 251  34 208 195  59
 143  16  22  10  90 183 206 247  48 251 218  13  13  19][ 74  65 115 201 111 132 105  85  45   0 238 130 157 143  52 244 110 157
  59 200 131 158 241 192 151 248 138   0  54 146 225 168][ 88 189 122 233 179 223 126 127 125 105 254  35  63  31   6 112 246 187
 223 241 254 155  33 223 255 205  38 195  35 132 165  91][222  94 174 188 170  34 157 186 184 158 150 181 109 111  35  91 231 245
 253 231 236 197 139 170 242 227 255 151 132 113  45  91][ 37  56 187  97  57 111  83 216 234 252  47  28 214 149  67  58 145  76
  88 126   9 113 184  32 205 157   5  52 200 123  70 242][ 84 120 187 118  32 204  87  16 160 138 167   8 247 247  73 122 148 245
 125 106  73 197 186  42 241 175 103   8  64 243  39  51][106 232 160 158  73 157  88 236 187  49 164  24 174 243  68 252 201 249
 251 216 122  79 218 241 217 214 223 125 146  20 135  42][210  50 150 184  43 169  80  75 171 179 160 125 143 194 104 219 167 181
 237  16  30  71 130 208 154 240  91 127 168   0  43   3][ 50 155  27 136 184 199   3 119 157  77 216 229 166 134 162  64 220  59
 142   1 223 139  32  95 184 180  42 218  24  10 165 125][102 176 180 250 205 237  80 203 143  55 161  25 142 255  76  27 201 147
 251  17  26 107 218 209 155 210  81 127 210  76 134  22][ 28  82  92 103  34  11  55  56  44 164 127 236  95  65 137  16  54 212
  70  98  64 176   9  12 246 225  97   4 111 179  71 177][144 205  15 175 146  66  79 189  52   4 218 199 247 103  33  65 118 244
  29 238 120 153   9  47 241 163 166 144  52 178 180 120][156 126 222 119 178  47 118 248  59 174 119 253  79  99  11  24 183 223
 237  98 224 244 137 126 254 231 101 135 234 243  11 147][ 68  53 152  48 185 237  23 207 186  99 136  24 158 246  72  56 183 123
 216  17  19  75 250 114 253 151  31 123 136  80 135  58][124 119  74  47  82   6  95 248  36 164 239 197  81  71  11  80 126 221
  77 238  72 146  89 108 246 161 167 132  41 179  34 144][ 57 127 194  54 242 158 126 246  49 200 120 237  47 235   3 145 191 235
 151 246 239 218 156  47 126 207  37 160 239 245 106 153][104  34  99  69 116  91 241 103 105 164 118 168  43   8 150  52  42 188
 198   1 204 251 165  76  86 121  16  17 103 140  86 238][248 237  60 114 141 201  85 231 194  55 164  24  51 179  66  19 137 210
 200  80 106 111 250  51 251 201  85  57 112  88 198  42][186 251  41 108  93  95 213 119  65 109 180  43  50  29  22  48 200 158
 213  65 252 171 241  63 115  73 180 187  99  28 246 219][  0 123 126  93 114 150 191 246 236 140 124 228  48 227 167  36 110 122
 166 200 192 185  38 125 102  45  38 129  67 178 111 185][109 117 187  67 240 110  99 144 113 232 111  72  83 247  73  52  16 252
  84 122 129 178 184  10 109 156  37  32 194 243  70 161][  9 177 125 249 246 141 233 255  95 121  94 246 189 159 252  96 127  11
  55 157 211 184 117 215 110 223 191 228  63 136 225 249][ 57 255 195 190 113 148  94 246  51  72 120 205  57 231   3 208 246 239
 149 198 239 218 152 175 246 255 180 168  42 181  42 217][ 67  27 210  21 114  24 104  55 121 232 114 229  45 162 148 214  38 175
 102 140 197 216 133  72  54 122 122 128 111 132 107 141][ 69 117  23  69 176  14 103  53 104 168 123  68 215  51 136 118  54  68
  76 106 241 176 209  14 172 188  37   4  74 242 195  33][244 100 206 149  76  47 232  74  63 179 243  90 222 234  65  91 235 205
 110 144  40 247 219 194 149 178 223  52 197 121 107 130][ 53 111 235  69 246  58 239 154 114 238  94 238  81  40 215  38 127 236
  54 239 197 240 229 138  52  46 173 132 237 255  80 229][195 253 163 206 188  68 207 158 107 192 138  76 186 246 213 246 212 239
 124 223 207  11 252 234 185  60 143 186 140 119 179 124][ 12  51 251 241 244 236 233  83  63 221 124 182 157 191 208 104 127 159
  55 157 147 218 227 194 207 255 255 228 165 200 231 241][241  69  75 201 221  20 110 103  45   2 233  18  19  27  52 112 104 143
  91 170 120 143 241 214 247 237 134  25  49 218 242 170][ 22 123 194 182 203  35 158 200 150 182 128 175  76 239  67 154  63 253
 227 215  44 195 142 234  56  71 207 191 173 119  47 210][124 189  57 172  25 237  83 121  19 228 237   9  63 255  98 145 152 185
 213  35  90  43 122 157 251 213   1  63 114  43   6  82][ 57 155  10 138 151 151 163 119   6  77 222 103 164 128 162 196 124  42
 138  21 215 187 113 127 248   5 170 208  24  14 173 249][ 53  61 121 101  52  15  78  49 117 168 250  74  83 121  17  48  94 252
  93 106 233 178  81  14 247 237  37 148 109 168  66  35][214  64 215 181 109  74 236 104  61 178 242  26 206 122  21  91 235 197
 127 131 105 247 217 194 149 186 219 146  37 120 103 130][232  98 181 103  36  14 101 148 122 174  54  72 243  21 209  62 145  84
 108 122  72 244 233  40 229 250 117  48  66 251  70  41][ 13 247  19  97 180  14 110  53 124 169 123 100 215  51 152 240 181  76
  92  44 241 176   9  14 236 255  39 196 200 178 195 161][ 67 150 245 129 162  50 189 151  56  91  90 247 141  38 206 238  39  87
 189 149 183 216 165 194  12  54 254 198 140 212 169 125][112 173  61 120 157 233  85 175 114  55 172  24 179  53  72  51 137 146
  72  24  58 107 250  55 235 143  20 125 240  72 198  42][173 124 179  96  53 111  99 208 122 254  38  24 214 149  65  58 145 108
  80 122  33 245 184  42 201 156   5  52 192 123  70 242][193 156 191 119 160 238  53  55 252 219  99  84 252 183   0 121 135  55
 125   8 177 220  51 111 205 187 118 128 128  64 129 123][ 60 117  90 108 113  95  87 120  17 192 252   9  91 221  35  48 216 248
 198  98 109  35 240 190 243 221   1  63 115 191 110 210][  9  24 123 237 118  94 121  18 108  76 119  38 189  31 178  96 102  60
  55   8 129 188 113 205 199 233  50 128 102 136 101 251][193 128 175  29   8 162 169 147 254 211  70 208 240 230 176 107  97 100
 122 140 177 213 175  65  76  43 255 192 132  96  33 112][226 189 120 104 248  15 157  63  19  33 184 185 151  29  20  48 142  31
  85  33 248 106 209  31 107 153  49 254  84 136 214 187][ 34  34  98  68 118 249 241 103 125  37 126 171  42 140 150  52  58 191
 135   1   4 186  36 205  22  52  16   3 103 140 119 238][ 61  81  67 165  48  70 111 248  37 232 250 197  81  71 137  80  92 204
  85 238  73 146  81  44 244 236 163 132  42 179  34 208][ 43 249  71 189 117 214 108 247  51  64 104  69  63 254  48 240 212 171
 151 132 207 154 114 189 167 255 150  34  58 148 186 220][ 43 217  67 189  85 215 124 119  55  73 104  71  61 255  32 212 204 187
 147 133 199 154  82 157  39 253 150 170  58 140 250 219][  9 148 109 249 118 159 233 255  95 121  94 246 189 159 188  96 119  10
  55 141 195 184 103 215 206 239 186 196  63 136 241 185][212  69 111 165   6  10  79  56  36 134 195 163 247 103   9  83 118 228
 125 238 104 213   1  12 241 227 231 144  36 242  36  98][ 45 125 147  71 213 222 231 144 104 200 109  72 250 209  21 180  20 124
  82 122 193 176 248 108  39 188   5   0 202 243  67 160][100  52 189  97 184 111  81  27 122 191  45  24 214 117  72  59 145  92
 100  56  49 116 249   2 201 158 117 116 192 107 198  35][  9 123 126  77 120 150 188 119 172 136 126 229 184 199 167  64 110  56
 195 204 192 185  19  77 102 173 166 129  91 144 107 155][197 121  85  71  32  78 103 176 104 250  50 104 214  51 137 115  54  84
 124 106 225 244 185  44 228 186 101   4  72 179  67  57][108 176 180 226 141 125  80 152  75 189 181  25 142  93  77  26 201 147
 253  16  30 102 251 176 219 217  21 127 210  75  70  66][248 233 188 122 137 201  85 175 210  55 164  24 179 177  66  27 137 210
 232  64 122 107 242  49 251 195 116  57 112  88 198  42][ 56 173  56 234  89 237  83 248  35 164 237   9  63 255  67  16 152 186
 213  72  10  10 122  61 251 205  33 125 114  11  78 234][ 73 213  21 101  48  14 102 188 109 168 122 100 215  51 136 240 182  70
  92 106 225 184  25  47 172 255  37  68  74 179  65  41][195 177  59  86 193 204 181 119 249 207  39  29 190 158  70  48 132  59
 113   5 247 253 178  99  79  59  84  42  64   0 199 255][ 11  50 250 241 246 172 249  83  63 221 126 246 157 191 210 104 127 191
  55 157 147 216 226 194 206 221 186 232 165 200 231 241][116  32 222 149  76  47 232  74 191 179 242  10 158 186  65  91 235 141
 110 144   8 243 211 192 149 178 219  56 205 104  99 130][225  21  95 229 100  15 101  55  40 170 114  72 151  51   0  51 198 180
 126  40 105 252  65  12 229 186  97   4  72 168  66  41][223 124 215 167 243  46 126 248  61 226 235 237  95 126  11 208 183 197
 253 230 165 212 153 110 190 247  45 134 234 247 171 211][ 55 111 194 165 242  19 174  79  54 226 218 239  73 238 211 128 127 237
 151 181  76 218 133 202 184   6 175 165 173 244  26 220][ 37 127 234  69 246  58 239 150  68 232 126 230 211  41 151  32  62 236
  22 252 205 248 101  14 110  45 165 132 239 250  80 253][ 88 156 191 252 147 236  55 231 188  71 234   0 254 247  32 112 167 119
 121 128  51 137  51 111 249 231  30  67 160  80 165 123][217 132 238 117 146  50 105  63 116 227  70 146  83  33 144 121 113 110
  53 140 184 252 165  14 206 239 245 128 167 224 240 104][124 121 183 102 169  92  87 152 227 252 166   8  95 247  65 190  32 244
 236  90   9  99 251  32 219 255  69  63 226 179  70  35][ 60 105 120 110  85 207  87 252  85   4 228   8 123  89  43  48 216 248
   7 106  72 178 120  61 243 205   1  57 115 187  70 226][216 149  63 252 177 239  81  55 125  68 238  16 255 119  32 113 178 183
  29  40  57 185  49  31 249 255   2  80 114   0 133 123][  9 157 127 253 100  78 109  55 117  75 110  84 255  55  32 240 116  54
  54  44 241 152  49 143 103 255 114   0  42 192 224 121][124 160 249 114 153 127  81   9 115 181 165  24  95 119  72 188  17 150
 236  56  58  99 187  22 219 207  85 125 226 194 198  98][236 106 241  67  21  45  99 156 123 162  46  88 246  81  73  30  49  84
 104 122  32 244 249  42 207 156   5  48 226 251  66  41][ 48  37  83 101  23  43 226  32  97 160 234   8  67  41  20  16  58 204
  64 104   8 240 197  12  54 252   1  16  97 170  66 128]