[ 48  65  64 172  28  11 206 105   5  32 249  10  67   8  60   0 120 136
  95 227  72 163  65 156 176 204 137  60 117 170  80 128][ 78 178  32 155  61 217 154 137 143  61 157 163 204 222  78 198 207  49
 255  83 150 101 203 209  15  80 143 255  22  15  29  87][209  78 156 109  40  46  70 190 124  42 190  80 247  35 145 122 145 100
 108  46 168 165  65  11 192 239  96  16  72 241  73   9][ 80 168 150 186 137 237  80 207 167 183 160  25  38 243  97  91 169 243
 105 145  26  79 154 113 153 210  95 123 192  80 167  10][  9 155 115 237  48 142 111  55 109   8 122  96 191  19 144 112 118  60
  30 108 193 184   1  77 228 253  38 128  72 130 225  41][222  62 111  38  50 242 187 112 188 206 215 229 125 222 135  49  38 245
 221 231 229 135 172 110 208  99  43 138 109  39  39 113][ 34 201   2 136  84 129 174 231   4   0  88   2  40 138  48  64 104  43
  19 193  66 170   2 253  48   4 154 200  21  24 177 136][216   4 106 101 144 114 111  55 112 166 238  18  27  59  19 121 113 222
  93 170 248 254 181  14 243 235 214   1 167 241 246  34][  0 141 106 188  84 128 175 119  68   1  90   2  49 170  48  64 104  43
  19 129 210 154   0 255  96  36 186 192  21   8 241 136][253 159 175 150 177 254  23 183  50 223 158 245 126 119 202 247 117 246
 172  28 191 218 249 111 250  39 255 198 138 109 172 113][ 86 190 157 191 157 206  99 158 191 223  70 103 110 227  74 211  49 239
 172 144  59 216 251 127 173 166 191 198 168   0 156 123][ 34  42  91 217 100 137 232  67  30  33 113  66 180 138  52   9 234  41
  19  17   2 254  64 209   4  24 154  32  84   8  81 136][110 114  96 128 173 217 146   8 207 236 149 171 206 220 223 172 147  49
 223 115 148 101 234 210  10  92  13 255 214  47  95 215][195 120 253 242 108 189 248  16 171  89 183 121 190 158 220  59 134  49
 127  87 150 109 234 240 199 217 122 250 198 135  71  87][124  41 123 101 186  74  71  48  33 172 238  40  87  55  65 112  54 252
 109 106  88 211 225  12 249 229  37  52 162 227   6  99][199  26 159  29 170 106 189   7 190 223 194 245 204 230 199  15 167 119
 238   5  49  77 195  64 136  50  95 198 200 112 167 117][124 224 156 122 137 237  84 200 163 180 169   9 111 243  72 154 137 215
 236  82  10  99 218  49 219 241  69 127 114 243 142   2][245 121 157 101  40  78  71 144 224 184 162  72 215  19  65  59   0 244
 124 106 105 116 217  40 197 136 101  52 104 179  66  40][  2 177 146 155 237 165 184  71 142  25  81  50 172 158 104  72 239  27
 179 145  18  24 130 241  13  16 154 234 144   8 161 155][ 84 121 251  97 178 222  55 245 169 236  62  44  31 151 193  50 182 117
 205 114 193 241 176  40 251 205  37 166 104 179 135 115][  2  34 115 202 110 173 248  69 175  17 241 122 188 154 124   8 238  25
  87   3 130  55 130 209  20  24  26 170  85 138  99 137][232 172 156 184 169 233  16 143 171  31 160  57 174 179  64  91 129  19
 237  16  58  79 194  49 201 243  84 123 144  64 143  11][197 143  29 101 180  14 102 185 116 170  98  88 243  97 153 113  80 236
 108 106 105 244  73  47 236 174 101   4  72 240 192  32][104 243  28  32 184  29  93 188  43 189 188 237 207   1 202 150 132 199
 204 124 218 106 233  21 234 209  37 253  74 150 142 121][223  93 114 228 166  58 222 115 121 226 190 187 223  93 151  49 190 245
 221 111 236  39 164 202 242 249  39 188 103 254  83 245][  2 176 178 154 123 245 184 202 142  93 249  35 140 222 110   8 239  27
 147 145  22  11  58 241  31  20  26 239 208   7  39 215][ 84  36 189 118 170 104  81  10 179 191 175  57  87 247  73  26  35 215
 109  18  24  71 170  34 219 167 113  63 160 225   6  99][ 78 115 106 192 127 217 186  72 143 172  21 171 140 204 119   2 190  57
 223 115 198 101 134 216 126  25 143 187  23  47  29 215][153  74  85 167  52 139 111  52 116 162  99  80 247   3 144 200 114  44
  44  14 105 188  77  46 132 175 114   0  40 139   0  40][124 191  93  31 147 222 103 189 186  95 118 108 250 226  14 145  49 239
 228 130 123 216 187 127 169 167 247 193 105  64 206 123][ 28 105 102 109  25 155  70  48 229 196 254 135 235  73 179 132  56 228
 238 238 204 161  85  44 178 233   1  17 103 191 108  72][ 64 128  54 108 120 139  48 121 199  16 224   0 175 219 160 116 214  52
 106  72   2 171  67 157  94 248  67  74  82 168  33 133][ 90 145  18 170  53 205  90  55  47   9  90  42 175 159  32  64 246 187
 159  17  26 154  80 149 159 245 186 202  18  10 161  27][ 33   5 122  77 116 139 235 115 100   0 124   0  49 131 180  52 122 168
   6 232 193 186  36  93 102 173  34  64 119 138  98 169][ 18  73   3 158  28 129 142 224 150   0 216  70  98 200  49 192  88 234
  14 195  75 171  10 255 176 164 139 136  29  27  56   8][244  81  29 124  40  78  69  56 224 152 166   8 119 119   1  51   0 212
 108 106 105  99 243  12 241 235 101  28  96 177  70  34][ 14  58 228 147 227 187 186 192  31 255  51 239 204  46 207 143  47  95
 183 215 150 248 109 240  14  82 127 231 167  95  13 221][114  58  99  64 106 153 184  64  41  32 180 232 142  14 148 180 174 145
 223 207 137  35 164 192 150  24  10 186  71 133 111 245][252 112 157 118   9 108  81  24 225 250 167  24  95  55  73  59   1 212
 108  42   9 103 251   2 211 251 113  60 226 243  70  51][ 86 248  48 202 191 196 187 200  47  61 149  35 140 158  96  64 231 155
 255 211  82   5 249 245 217 176 139 255  16   3  37 115][ 41 157  18 111  85 223 118 119 125  65 108  12 190 120  36 244 152  58
  18  40 215 184  81  63 111 221   0  82  91  10 202 142][111 178 244 116 173  93 220 185 235 254  53 173  94 125 223  63 135  85
 253  53 164  97 170 200  75  91 117 191 198 228  87 119][ 74 176  32 136 125 245 152 200 143  29 157  59 140 222 126 198 221  17
 219 177   6   3 218 213 135 113 139 255  22   6 191 215][ 60   5 114 225 118  11 250 112  77  32 255  10  75   9  20   0 122 140
  87 107 216 178  69 140 182 221   0 212 103 138  82 128][ 48 113 121  71 112  79  71 188  97 172 254  40 211  21 141  48  24 220
  68 106  73 176 249  60 103 141  37  52  99 187  70 233][ 88  91 159 180 168  76  93  55 160 254 142 253 223 183 194  91 134 247
 253  14  89  73 163  32 243 227 117 152  10 240 132 123][107 188 211  68 121 156  98 182  43  33 238  76  42 163 196 180  37 238
 232   8  79  94 179 127  62 252  16 123 106 132  74  60][118 104 214 229  76  11 234  64 175 176 163  10 227 202  85  26 106 237
 107 211  72 243 203 224 148 152 143  49  37  59  99 130][220 236 158 186 137 237  86 140 162 183 173  25 127 243  75  26 129 247
 237  82  62  79 218  51 251 227 117 125 160  81 142   2][148  82  21 225  34  42  40  88  44  50  83 224 221  55   9 139  54  21
 125 227   1  20 137  80 149 160 106 132  44 163   3 177][  9  91  83 205 116  14 111  53 109 200 126 100 255  17 177 244 118 172
  22 110 193 184  37 205 102 252  34 128 110 186  64  41][197   2 144 205  96  61  96  24 127  41  99  88 158  18 201 191  22  12
  46  24   3 212 193   0 132 184 112  48 154 137  11 133][233 157  17  78  89 157  70 185 113   8 109  76 126  83   8 245  16 234
  80 106 227  42 123 127  55 252   0  26 122 130  74  45][246  76 240 247 228  58 254 164  57   2 178 147  75  47 157 123 255 215
  53 239 232 180 197 234 182 254 206 131 231 245 226   4][173  95 172  23 223 127  55 254 210 254 188  47 250 117 195 167  61 242
 206 102 229 102 126 191 127  71 101 191 250 127 222 255][221 236 248 115 178  58 127 182 121  98 127 153 223 125 155  57  55 214
 213 111 248 244 109  46 239 239 116 145 230 247 199  97][123 171 236  84 203 216  80 159 243 245 166 157  42 234 198 190 167 230
 236  28 158  75 238 225  26 127  85 123 227 196 206  78][ 55  95  66 206  90 130  78 248 181  64 216 231 113 195 191 212 126 232
  23 238 201 131  14 255  48  44 175 140  63 183 104 149][ 25  48  23 105  13 207  97  24 102  49 226  72 215  17   0 248 104 140
 110  24   9 240 211  20 213 227  81  64 104   8  82  34][ 33 241   9 105 124  15  71 188  66 248 168  76 211  17  88  48 217 204
  82 126 201  98 249  28 237 221   5 124  88 186  82 184][ 91  86 107 241 244 122 239 119 125  79 215 246 153  47 182 105 127 207
 159 175 249 185 101 238 246 239 254 132 175 221 241 249][ 47 249  48 219 237 253 191 212  77  93  92  15 236 220 127 173 254 251
 151 215 215  50 122 241 119  89 142 235  31  95 221 215][125 180 175 125 153  94 103 186 246 254 230  20  83 245 138 245  49 230
 236  46 253 213 253  63 255 239 101  85 170 244 206 118][197  45 159 245 162  42 102   0 248 178  67  64 213 243 193 123  34 101
 104 122  49 209 137 104 140 162 103   4 128 243  35 160][ 14  27 230 179 231 217 186 192 142 189  83 167 236 206 111  74 239 123
 179 209   6 208  11 240  12  81 143 227 151  47  45 215][175 255  32 138 205 181 190 204 143 254 189 143 104 232 127 134 233 203
 219 247 214  35  94 243 126  89 143 191  31 127 251 214][ 30  98 230  20  67  18 188  76 187 134 250 231 108 206 183 142  62 237
 230 183 196 247 134 200  18 100  79 139 239 118  43 221][ 88 217  17 111  27  72   7 189 227 113 170  40 254  87   8 244  18  87
 252 106  75   9 251 117 233 252   4  30 122   2 135  59][ 74 145 180 159 109 212 184 141 175  29  87  53 236 254 110 198 195  91
 171 145  22  72 219 225  15 112 222 203  18   6 173 223][125 167 206 101 144  91 103  59 119 230 238 140 243  97 138 180  57 238
 236  46  45 186 253  15 254 239  37  17 235 238  94  80][184  70 232 237  76   3 205 122  23 166 252 182  83 175 247  64  95 204
  55 174 232  62 111 154  86 207 247 172  55 248 116 249][187 217 102 237  54 159 252 119  85  72 214 227  43  28 182 101 238 190
 151 237 236 187  37 157 114 123 146 130 119 140 240 223][216  92  29 118 139  76  69 189 176 210 166  88 246 119   9 123   0 212
 120 106 105  69 187  42 241 163  69  24  34 113 134  58][192 224 158  60  72 137  96  72 230 176 233   8 247 195  72  90  80 236
 106  88  10 103 203  17 221 160  65 125  64  34  42 130][235 203  96  27 117 155  94 134 223  37 246 175  42   8 182 212  74 226
 206  92 238 188 101 255  38  95 144 147 119 157  88  76][182 121 230 212 111  83 158  64 141 138 149 170  72 221 117  47 238 253
 151 243 192 231 186 200  19  88 207 187   7 189 116 215][204  83 192 165 100   8 110 176 169  68  22 231 141  39 211 215 102 196
 239 230  64   0 197 192 230 225 226 129  46 182  60  81][241   0 111 229   4   2 107  48 116  98 246  70  83   3 145  97 122 132
  62 238 233 180 101 140 214 235 226 128 109 162 112  32][ 17 143  71  47  48 170  98  55 116  65 203 196 243  99 168 240 114 102
  40  44 185 152  21  63 160 166  34  64  40 130 160  40][185 196 106 171  84  18 235 220  84  67 214  87  25 138 190  96 120 140
  22 253 239 183  37 198 114  77 186 196  61 140 248 200][213 240 157 227 170  15  46 184  42 187  35  88 215 115  72  59 183  85
 125 122 113  69 153  68 205 202 111 116 200  35 131  33][ 88 156 210 108  75 124  48  35 233   3 235  56 255  58   4  50  39 183
 238 128  60  63 210  67 215 231  82  11  97  96  47   7][187  84 111 196  60  87 201 121  85 236 150 226 113  61 180  39  92 244
 127 239 233 239 117 156 123  75 235 148 103 172 116 121][  2 249  18 155 118 137 188 231  30  49  82 178 172 222 104  64  55  59
 147 131 114 152  10 247  60  22  30 230  20  14 161 153][160   4   0 154 109   5 136  72 140  10 145  18 160  72  41  75 200  32
  14  48  40  39  66 202 149  16 154  56  16   8  48 136][134 204 134 151 148 160 174 167  60  19  90  18 236 106 120  75  99 111
  51 147  50 220   9 227  44  38 222 192 132 113 177   8][ 90 106 170  52  10 112  93  22 160 198 198 133  53 175  83  90 166 231
 253 133 140 203 166  40 211 103 254 137 164 244  54  90][  2  41  82 137  38 139 168  71  44   1 242   2 172 136  52   0 106  41
  95 129  66 185  65 192 132 152  26 192  69   8  97 136][130 142   2 153  18 163 186  71  30   3  82 247 172 138  34 192 127  43
 131 149  54 156   1 223  12  38 154 193 156  12 185 153][ 36 166 132  21 205  47 196 175  82 179 168  88 194  96  89 159  89 206
 106  56  58 114 219  50  45   6 213 125 200 120 218 128][124  48  90 168 168 111  81  81  33  45 165  41  31 151  42  24 246 157
 207  48  24 131  80  68 211 229  32  93 224   3 174  19][249  82 108 245 108 143 233 116  85  98 246 222 115  13 150  43 110 164
 127 173 233 254 117 174  86 107 240 208 111 136  80 249][ 50 233 102  63  25 146  70 252 229 128 234 129  99  73  19 149  88 230
 205 227  78 251  95 173 162 242 133  19 103 182 122 142][123  82 225 204 111  18 237  88  19 235 212 238 120  46 148 237 126 253
  55 205 137 210 229 200  22  58 250 168  39 189 114 253][231  34 148 146 141 189 128 202 223 179 129  88 134 224  77 143 129   2
 106  21  54 103 203 240 152  18  85 127 200  77  91   6][124  35   2 160 161   8  88  65 161  49 131 249  15 139  72 219 182 157
 253 177  28  67 130   0 210 225 233 253 168   2 170   2][214 237 214  86 178  42  94 174  59 179  43 152 103 243  77 127 183 247
 121 102 112  92 139 127 184 190  85  70 224 243 131  12][116  34 232  97  40   8  72   8 235 180 187 169 131  14 222 122 136 132
 125 245 140  99 199   0 202 249 163 253 197 163  86  82][ 43 237  96  77 118 211 254 246  95 192 124 138  41 204 183  36  62 235
  23 207 198  58  44 255 110  93 133 169 119 158 114 236][ 73 157  27 237 176 142 111  55 108   8 122 100 191  19 128 112 118  62
  92 108 211 152  65  93 228 237  34 192   8 128 163  41][124  52 184 112 185 237  81  19 179 191 165  24  23 189  66  58 129 155
 253  16  58 111 250   2 219 207 113 127 226 193 198  99][  9 135 119  91 176 191 163 167 126  15 123 112 251  52 172 244 183  18
   6  24 179 184  33  95  47 222  54  70 208  64 197 229][107  50 227 220 111 114 237  90  83 234 244 246  40 174 245 237 127 253
  55 169 161  87 174 202  22  62 219 174  63 252 113 253][ 10 159 178 187 245 141 189 247 159  93  92 183 172 239 114  68 239  59
 151 149 146 184  50 247 108  84 190 235 150 204 181 219][ 93  71  29 103 176  14  79 184 116 168 255  64 211  99 153 112  84 196
 108 110 201 176 105  46 232 239  37 148  42 179 224  33][ 43 223 106  12 114 147 191 246  92  68  92 238  56 204 183 164  30 106
 146  77 199 186  52 255  38  29  40 130  95 158  57 253][  0 193   0 136 148 129 140 229   4   0  80   2  32   8  48  64  72   2
  19 193  66  40   0 157  32  32 142  64  20  24 176   8][248 236 144 122 153 205  86 207 179  55 160  24 166 211  64 146 129 242
 232  80 122 111 218  51 185 208  21 123 208  16 134  10][ 48 109  27  47  90 235   2  79  22 160 233  40 115 209  32  16  88 190
  66   2  42 191  73  63 241 164   1  51 113  11 150 130][105  75  91  69 100  14 111  53 105 168 118  76 243   3 145  52  54 236
 108 110 193 184 229  13 230 249  32 128 106 178  66  41][ 41 149  48 107 213 159 242 127 125 105 110  76 190 121  38 180 152  42
  82  44 215 184  81  61  47 253   0  66  90  14 203 142][210 109 114 228 164  42 222 103 185 130 186 155 143  43  21  23 255 247
  95 175 104 167 196 202 178 252 143  26 103 240 227  12][ 36  97  81 139  76 169 234  72  46  17 233  90 132 202  92  24 122 137
  74 203  18  54 203  81 148 144 138 108  85  27 227 128][ 57 203   2 190  92 145 202 224  23   0 216  70  35 200 177 196  88 234
  22 199  78 187  10 191 176 229 170 136  60  27  56 140][105 186 172  84 123  95 177 185 243 254 180  47 250 125 139 167 189 244
 255  36 229  97 250 159  95  95 101 187 107 172  15 255][212 120 157 116  40  76  69  16 178 186 160  56 215  23  65  27 129 244
 108   2 105 103 195   0 209 163 117  60  96 176   6  35][107  67  97 196  76  23 233 116  21 228 246 206  81  45 148  45 124 140
  55 205 201 250 229 220  86  58 208 240 103 137 112 253][ 40 148  26 234 117 173 122  82  45   9 125  42 191 223  40  80 254 187
 151  16  26 154  16 183 255 213  42 235 178 138  37 155][  9  75  83 205 116  30 106  53 109   8 126  96 191  17 148 244 118  36
  22 108 193 184  37 205  38 248  34 128 110 170  96  41][ 50 201   2 136  84 129 174 231   4   0 216   2  32 136  48  64  72  42
  19 193  66 170   2 253 176   4 138 136  85  24 176 136][251 170 114  88 105 217  80 103 251  85 164 157  42 140 198  53 136 170
 228  20 254 111 230 213  26  88  16 123  67 132 206 222][ 16 205  10 172  84 129 174 103   4   0  88   2  49 138  48  64 104  43
  23 193  74 170   0 189 224 229 170 136  53  24 177 136][  0 205  11 172  20 128 239 119   4   0  90   2  49 163  48  64 104  42
  19 201  66 152   0 253  96 164 170 128  53 136 241 168][ 49   5 123  77  52 139 235 115 100  72 254   2 179   1 180  32 122 170
   6 168 217 184  37  95 100 173 162  64  85 138 113 169][  6 178 246 145 230 155 184 200 143 253  23 231 204 206 239 142  63 121
 247 213 150 240  47 208  14  82 111 231 135 175  13 213][233 206  28 117 180  10 100 187 116 162 102  88 211  97 128 249  17 108
 108 106 104 252 201  47 236 171 117   4  72 176 200  32][ 41 181  17 107 209 255  50 111 127  65 104   8 190 243  44 180 145  59
 130  16  23 184  80  87  47 221  16  99 218   2 203 158][244 105  86 165  76 137 230 192 173 160 170  10 162 130  69  82 104 229
 106 195  72 103 195 104 180 128 143  57  33  59  99 130][ 74 218 179 180  43  84  93 183 161 218 142 237 125 183 194 246 134 247
 253   7 221  75 163 161 243 241 124 155  42 244 132 123][ 48  69  66 140  92  11 206 104  13  32 249  10  74   8  32  80 120 132
  78 226  72 179  65 220 176 132 129  52 117  59  80 128][ 54  69  98 225 118  11 238 112  77  32 250  10  75   9  53   0 122 141
  23 227 200 178  65 206 178 252 128 208 103 171 112 128][125 154 173 149 115 222  49 184  50 221 214 229 254 247 202 245 245 252
 189 220 159 216 251 253 223 103 255 198 138 164  46 125][ 93  25 158  38 168  44  70  17 232 168 171  76 223 112  65 250 128 102
 108  30 157 225 211   0 201 251 101  16 200  99 203   1][ 82  72  82 136  36 137 104  71  45  32 218  10 174 138  48  64 106 165
 127 129  72 185  65 194 148 180 154 144  52   8 113   8][ 84 232 150 186 137 224   0 206 174 179 130  25  38 242  97  90 225 231
 104  16  58  79 154 113 153 178  95 123 128  80 175  10][ 98 185 225  84 217 220  81 143 235 245 164 157  42 252  86  62 129 239
 237  20 158 107 246 225  91 120  21 123 195   4 198  94][117 135  83 103 180  14  70  48  96 168 171  72 243 113 136  50  16 230
  76 106 249 176  73  46 160 172  37  16 104 243 194  33][  9 155  83 237 116 142 105  53 109   8 126 100 191  19 176 244 102  52
  30 108 193 184   1  77 230 253  34 128 122 130  97  41][ 88  72  26 190  91 192  83 150 162   4 142  13  47 199   3  82  96 231
 233  64  72  11 146  57 243 229  48  57  34 148  46  90][ 78 114 114 128 239  59 186  72 207 236  29 239 140 140 247 134 166  21
 255 119 132  97 134 208  30  80  47 255 206 143  29 215][183  77  71 140  92   2  79 120  17 192 210 198 113 198 181 245 124 236
  22 238 237 131 101 206  48  40 171 136  63 183 120 156][220 236  98 119 149  42 110 166 113   3 235  26  75  41  24 153  57 199
 221 234 120 252 217 174 243 239 214   1 231 247 234   2][252 228 216  34 137  77  86 216 163 166 168  25  79 243  75 146 145 213
 236  50  78  71 218  51 251 197  37  63  98 115 206   2][ 62  82 224 161 117  95  86 200  11 236 246  47  75  29 127 144 248 204
 149 103 140 179  97 152 179 221 165 183  87  63  92  87][116  38 156 118 138 104  83 152 178 183 175  57  87 247  73  90   7 247
 233  18  24  71 138  34 217 167  85  61 160 243  38  99][ 89 178 188  29  41 222  81  57 186 220 118  45 254 246 130 183  52 180
 228 160 133 232 179  93 207 231 115 209  75  36  79 127][ 44 113 113  69 112  75 103 188  97 172 254  40 211  21 141  52  26 220
  68 106  73 176 105  12 103 140  33  20  99 187  70 233][116 105 123 101 112  75 103  49  33 172 239   8  83  23 128  52  54 252
 108 106  72 178 233  12 247 236  37  52  99 179 198 225][194 186 150 190 137 229  20 199 174 159 128  57 166 242  96 219 193 115
 234  17  62  79 138 113 153 178  95 123 152  84 175  10][236  48 185  98 193 108 113  25 107 187  47  24  94 245  73  58 129 156
 232  16  17 114 249   0 207 217  81  63 194  99  70  51][ 85  71  93  71  48  14  79 184 101 232 191  68 211  67 153 117  54 196
  76 110 201 176 109  44 162 169  37  20 104 179  66  33][ 73 155 157 184 186 166  25  55 164  93 158 245 223  55 130  66 134  23
 253  29 155   9   3   5 200 243  62 208 140 192 133 123][130 185 146 153 236 165 184  71 142  25  80  50 140 154 104  72 239  27
  51 145  18  28   2 241  13  16  26 234 144   8 161 131][  6 176 178 170  61 229 186 202 143  77 152   7 140 222 110   0 239  27
 159 145  18  43  26 243 153  84  26 255 208  15  37 211][212 182 157 227 178 106  47 184  38 187   3 240 215 119 201  91  55  85
 125 186  33 212 137  12 236 162 111 196 168 243 129  49][ 37  39  73  97 252  15  75  56  67 168 187  76 211  65 217  48  28 204
  68 126 153 112 237  28 238 221  37 180  72 171  82 161][192 101  22  47 200 171 100  79 230 179 235  24 195 131  64  90   1  78
 106  90  58 245 203  51 164 160  81 117  96  83 202 128][166 120 242 212 111 193 190  66 157 138 240 171  12 222 101  10 238 121
 183 195 192 247 130 234  19  30 207 171   5  57  53 147][240   9 110 108  24 138  66  32 229 132 162 129 227 200  55  80 248 164
 108 230  76 163  71  12 178 232 129  19  96 170  96  78][ 19  98 198   5  82  50 168  78  37 197 218 231  41 138 183 142 126 173
 247 181 132 211 135 200  18  32 142 129 237 244  43 220][ 75  83  65 135 100  24 110  48  41  76  23 231 141   7 154 215 102 196
 191 238 233   0 196 236 246 113 230 136  46 183 120  81][107  83 229 205 103  18 233  80  89 225 246 238   8 174 180 238 126 220
 183 205 205 242 229 192  22  56 218 170  63 175 114 253][254 255 226 158 221  53 222 239 155 166 156 159 108 232 127   7 253 227
 223 231 252 103 218 254 127  87 143 255 159 127 254 215][175 157  59 251 237 253 255 247 141  94 220  63 204 252 255 164 255 251
 151 215 247  50 250 243 255  93 175 235 223 254 189 215][145  92 111 221  86 140 173 118 188  10 114  98 184 156  53 225 110 179
  23 193 225 188  20 239  53  46 186 128 125  24 113 169][102 168 149  50 137 237  20 142 139 247 128  25 198 224  71 158 129 119
 232  17  23  79 218  49 153  86  93 127 208 125 143  78][217   4 127 229  38  42 105  51 116  66 118  70 147  35 144 113 122 132
  62 172 169 180 101 206 196 235 226 128 109 168 112  32][ 42 143  98  24 245 217 244  39 223  68 254 171 170 200 182 212 200 170
 143   5 206 184 100 253  38  93 148  19  87 204 220  78][  3 142   2 153  22 179 170 103  30  65  90 215 172 138  50 192 127  43
 147 149 183 156   5 255  44  38 154 192 156  12 185 156][120  41 123 102 208 206  71  48  33 172 238   8 119 183   1  80  52 252
 109 234   8 155 225  44 241 228  36  16  34 179  38 106][ 15 222 251 243 246  94 255 246 125  95 214 246 221  63 191 109 127 223
 159 223 241 253  45 238 254 223 254 192 175 221 241 249][ 86 121 127 102  34 202  62 228 168 232 162 233  95 223  69  19 166 245
 125 226  65 209 136 108 249 193 111 167  33  51  39 123][ 43 239  98  79 119 211 254 247  79  68 124 130  57 204 182  36  30  43
  19 205 198 184  36 255 111  93 174 169 119 142 213 238][ 70 122 245 250 238 140 186 192 171  25 177 105 188 219 221  59 166 113
 127  83 130 101 138 225 148 152  90 250 212 147 131  35][ 12 137 150 186 201 252  52 143 191  31  45  17 206 255 106 219 129  83
 235  16  22 107 154 177 203 215  85  79 210  84 174 138][ 13 230 208  67 244 155  98 157 123 169 127  76 207  65 219 180  51  14
   6  28 150 184 173  22  46 221  53 100 202 131 202 133][ 43 205 106  12 118 211 191 103  92  68  92 134  56 204 182 228  94  43
 147 205 199 186  36 255  38  29  42 136  87 142 185 253][  2 191  59 155 252 157 189 247  31  93  92 247 172 207 246 196 239  59
 151 149 211  58  98 247 111  21 190 234 158 156 181 249][ 14  82  38 177  63 209 186  64 174 188 147 163 236 206 107  66 255  49
 251 213   6  21  10 208  31  85 143 195  23  47  37 215][ 71 176 245 244 108  12 216  57 171 184  49 233 206 125 213  63 135 213
 125  53 132  97 138 192 139 218  79 190 199 164  67  23][ 60  47  81  99 178  91  79 145  35 228  63 168  75   7 195 148  62 220
 196 122  88 184 237  46 238 197  37 245 231 167 198  97][134 205 150 151 150 162 174 174 190 147  91  18 108 234 121  73 115 107
  51 243 114 220  11 239  44  38 223 196 132 115 161   8][124 110 253 118 138 104  87 152 179 190 175 184  87 247  73  90   3 246
 109  82   8  71 234  34 209 231 117  61 160 243 134  99][253 180 238 101  25 127  67 250 119 238 238  45 115 245 146 176  61 220
 236  44 173 251 253  31 255 239  37 181 235 230  78  86][169  66 225 204  76  83 205 122  87 230 244 170  80 173 246 101 124 220
  54 174 233 127 238 218  86  14 211 172 119 168 116 253][ 95  22 111  61  42 242 185  80 181 198 215 167 221 255 147 107  62 181
 255 167 173 149 228  76 214 107 235 133  39 247  47 113][218  43 170 188  26 224  91  22 178 133 206 177  63 173  83  82  96 255
 253 197 170  75 162  43 211 101 186 137 164 244  54 122][ 78 177 180 155  47 208 184 136 143  93 153 179 204 222  78 198 199  29
 251 209  70  65 203 209  15 112 139 255  22   6 173 215][ 88 156 175 110  18 246  83 183  52  69 206 164 247  53   2 112  53 182
 253 129  25 152  53  63 251 231 184 209 160   2 164 123][196  97  81 137  76  41 234  72 174 176 163  74 196 194  89  90 122 205
 106 251   2  39 207  80 148 160 139 124  20  27  67 128][124  49  90  40  56  75  81  89  33  45 165  41  31 147   2  24 246 157
 207  48  24   3 192  68 211 225  32 125  32   2 174 131][  0  41  86 153  46 139 248  71 173   1 242   2 172 138  52  64 234  35
  78   1  66 185  67 193 132  28  26   0  69   8  97 137][ 81 133   7  47  24  14  74  61 100  65 203  64 243  98 152 240  80 230
 104 236 153 137  93  61 160 174   0  80  40 162 248   0][184 212 111 204 108   7 207 123  87 170 180  42 113 253 181 103  95 244
  55 170 233 103  47 158 123 207 231 188 119 184 116 105][123  80 101 196  44  86 205 112  85 234 215 234  81  61 148 109 126 180
 127 239 201 243 101 156 211 107 248 144  55 172 116 117][ 50  27  78 236  18 146 138 112  20 132 218 230  97 238 181 192 126 253
 135 228 204 147   5 205  50 165 170 128  61 162 104 149][126 184 176 114 251 253 146 209 171 253 181  61  14 223  78 152 133 185
 213  16 151  75 250 116 155 221   5 255 202   7 143  87][177 207  15 156  94 139 133 255 156 192 208  78 180 194 163  65 120 224
  10 237 105 175   6  95 240  34 239  56  57  56  49 168][212 240 157 227  34  75  59 184  58 186 131 248 213 119  73  59  55  85
 125 226  33 213 153 112 201 130 111 244   0  51   7  33][182 237  80 169 206  41 238 206  45  18 232  82 135 106 125   2 123 203
  74 251 122  39  73 242 180 148 143 124 245 123 227 128][ 48  69  66 236  92  11  78 104  13  32 250  10  75   8  53  80 120 196
   6 226  72 179  65 158 178 236 131  48 117 187 112 128][187  77  71  13   4  18 238 113  52 194 210 198  81   6 183 245 124 228
  60 238 237 151 101 142 176 107 238 128  47 182 120 124][ 16 201  10 172  20 128  79 117   4   0 214   2  49  11  48  64 106 171
  23 201  72 152   0 189 224 225 170 128  53 136  48 136][ 60  97 113  69  80  79 103 176  97 164 127   8 211  21 141  52  58 220
  68 106  73 176 105  12 101 237  33  20  99 187  70 224][120  97 115  71 208  79 103 112  97 168 238   8 115  87 129  48  24 252
  68 106  73 186 225  44 243 236  36  16  99 179 102 168][ 75 178 252 125  41 222  57 121 171 221 182 173 251 223 134  54 182 181
 253 164 133 203 231 221 223 123  99 211  78 164  47 119][107  50 188 117 121  95 177  57 251 237 182 173 190 221 134 166 190  53
 255  37 133 105 243 157  95 123 113 191  70 172  15 255][123  81 231 204 108  23 205 120  69 232 215 234  89 188 180 238 126 220
  55 235 201 243 231 192  18 122 234 128  63 174 112 117][ 80  54 159  52   8 108  81  18 178 191 162  25 151 183  65  27 133 245
 108  16  42  71 210   2 217 167 112  56 160 113   6 107][124 164 152  50 201  73  86 248  51 166 173   9  79 243  75 208 145 223
 236  50 126  71 202  59 251 199  37  61 224 242  14   2][ 92 205 212 119 151  42  94 160 113 146 107   0 107 107  25 145  59 230
 165 234 104 240  24 175 187 255 197   5 231 247 106   2][ 91 178 188 197  57 222  57  24 171 220 214 229 253 223 210 246 246 189
 253 220 143 218 243 221 223 121 171 214  14 134  47 125][221  31 156  38 184  44  86  19 232 170 171  92 247  50  65 114 128 103
 108  46 157  33 209  10 241 255 101  16 200 227  75   1][137   4 127 253  36 170 105  23 124  11 118  80 157  35 176 123 102 166
  62 136 177 156  37 194 198 251 242 128 100 192 225  41][  3 141   3 137  22 163 171 103  92  65  90 198  52  34 180 100 127  43
  18 189 151 152  53 223  44  46 154 192 156  14 177 252][ 40 209  90 235 116 175 123 208  12   9 125  34  61 223  40  80 254  24
 151  24  18 154  16 255 103 205  34 192 179 139  98 147][ 91 250 179 244  43  20  93 151 171 219 150 109 190 191 198 254 134 255
 253  65 205  75 162 225 210 249 124 186 142 244 171 127][126 190 226 190 221  31 222 234 155 190 148 143 110 236 127 135 253 227
 223 181 124  99 250 255 251  87 207 255 215 124 126 215][ 88 222 157 181 170 110  93 191 176 254   6 252 223  55 129  91   7  87
 253  46 105  68 235  14 224 227 125 180 166 240 135 121][  9 210  27 207 112 142 107  52 109   8 119  68 253  19 168 116 246  41
  22 106 193 184  32 109 103 249  34 128  26 130  97 169][148 160 158 179 138 171  32 203  54 183  67 146 197 227  72  88  49 238
 106 152  18 220 159  83 156 166  23  69 160   0  41   0][  9 148  18 107 241 191 114  91 111   9 125  76 190 251  46 180 153  27
 198  24 151 184  24  87 111 221  16  98 218  70 203 135][236 180 157 115 169 111  81 137 250 191  37  24 214 113  72  27 145  86
 104  58  50 100 249  18 205 219  69 119 194  67 198  34][244 168 149  54 137 237  16 136 187 255 161  25 230 252  76 158 129 247
 232  19  62 111 202  51 153 208  85 123 192  79 142  70][ 30 240 176 170 125 205  58 200  15  73  89  11 142 223 104   8 255 153
 151 145  10  18  26 211 157 213  26 111 146  15  37 211][130 184  22 155 231 229 184 199 158  27  81  50 140 158  96  73 239  59
 147 145  50  92  26 241  13  16 222 238 144  12 165 155][250  43   2 190  11 240  83   2 161  68 164 141  47 199  99 223 224 239
 237 198  14  79 178 169 211 241 136  59  34 181  46  90][193 206 156 117  48  42 103 183 116 174  98 120 243  33 128 121  17 100
 108  46 104 252  69  15 228 174 117  16 104 240 194   9][ 50  13  66 233  84  11 234 114  37   0 250   2  11  11  21  16 122 173
  70 224  72 187  65 206 182 252 130 128 103 136  98 136][ 95 114 114   1 107  20 190  80  41 236 183 239  12  14 223 166 238 149
 223 231 197 243 165 192  54 124  46 178  79 151  43 213][ 73 107  91  69 100  14 109  52 105 136 118  76 179   1 149  48  54 172
 100 108 193 184 229  13 102 253  32 128  74 178  66  41][228  48 189 115 169 110  17   8 170 187 165  24 214 119  73  59 129  21
 236  50  59 103 251   0 203 217  65  55 192  97   6  34][224  36   0  30 201 237 132 207 222 179 161  24 226 240 108 159 201  98
 234   3  50 103 218  51  57  22  21 127 208  88 222 134][ 25  78  79 181  36 130 109 118  84 194 198 198  53  35 179  97 106 100
  42 204  97 159  53 174 244 167 234   0  44 249  49 168][ 62  82  96 163 119  91 210  64   9 236 181  47  78  28 135 148 254 209
 149 119 140 178  73 200 146  81  41 183 103  63  94  87][ 14 242 118 145 239 153 184  72 175 244  31 167 204 206 254 198 183  61
 255 245 134  81 174 208  14  80 143 239  23 175  13 213][251 177 101  90 123 221  80  93 235  89 180 253  42 156 206 181 140 147
 221  20 159 107 246 213  27  89  16 251 107 132 206 223][ 90 218 163 190  11 212  85 183 163  93 142 173 238 255  98 210 196 247
 253 197 205  11 179 177 243 241 124 251  50  52 188  95][ 42 143  98  26 117 249 240  39 223  69 126 169 170 236  54 212 202 171
 131   5 118 169  38 255   6 119 154  11  87  76 220 222][194  13 211 246 244  40 238 103 185 130 186 216 174 171  52  83 235 247
  95 171 112 175 128 238 180 190  94  24  68 240 163   8][ 57 203  74 190  84 145  70 230  22   4  88 135  35 200  51 192  88 234
 130 198  78 170  14 191 114 229 170   9  61 155 120 136][124 116 213 118 202 104  71 156  51 187 169  56 119 247  73  62  23 214
 108 218  41  71 235  34 209 230 117  60 226 243   6  33][ 37 111  73 101 116  11  75 184  67 168 190 204 211   1 209  48  24 236
  68 126 137 240 237  28 236 205 165 180 109 187  82 161][ 11 157  82  88  91 149 180 103 223  65 108  38  40 218  38 244 234 187
 146 128  87  58  22 255  55 124  22  11  91   4 233 158][198  82  26 169  42  91 186  72 174  44 147 163 141 159  99  64 246  21
 255 227   2   5 137 210 247 241 171 191  20  19  37 211][ 65   0 159  37  36  14 161  48 228 160  98  64 215  33  17  91 160  36
 104  41   1 248 209   8 197 163 114   0  96  32  83 168][127 180 230 156 253  31 214 234 123 226 180  15 106 248  22 181 251 229
 254 165 172 107 220 223 190  95 197 127 207 108 122 158][248 244  30 240 139 173  85 183 178  55 166  25 127 243  72  91 161 151
 125   0 122  95 154  21 219 227  85 125  32  80 138  10][ 82  13  82 168 118 137 104  71  45   1 250  10 174 138  52  80 106 171
  31 129  74 187  64 239 180 188 154 128  52   8 241   8][254  98 144 176 173 185  80 202 155 183 160  29 143 136  75 159 137 201
 236  21  14 103 202 146 154 210  85  63 194  93  74   6][124 252 189 119 160 204  87 184 178 191  38  41 119 119  73  91   7 246
 109  90  58  80 251  51 233 167 101  84 160 243 134 115][ 45  45 202  65 212 250 231   3 114 231 111 128 131 192 215 152  57 110
  66  28  22 240 237  34 110 205   5  37 231 251 222 196][124 115  90 104  56  79  81  81  41  44 165  45  31  23   2  16 254 157
 207 112   8 131 192  64 211 241  32 253  40 130  46  19][212  20  56 168  42  99  27 232  60  78 181  56 159  31  41  81 214 145
  95 226  40   7  97  94 209 209  42 189  16  99  39  19][203  34  20 152 235 185  40  67 175  89 132 252 172 130 194 223 167 163
 202 156  55  79 134 209 156  80  26 251 154  68  11  29][  5 167 157 229 180  11 111  59 124 162 107  80 213  99 216  64  19  78
 106  62 112 240 205  14 236 135  39  68 128 226 195 160][162  56 242 220 102 129 190  66 156 130  80 163  44 158 101   8 238 121
 151 193 224 191 130 234  16  28 154 170   5 105  37 147][ 10 141  96  77  87 211 254 103  94  69  92   2  41 236 182  36 122  43
 147 137 214 184 100 255 111  77 138 129 119 142 245 238][175 186  56 112 249 157 154 208 171 248 180 125  30 159  71 184 143 185
 221  82 183 111 170 246 155 217  45 254 202   5  11  87][ 71 105 223 250 236 136 190 200 170  24  56 104 220 203 253  27 166 209
 127 211  67  99 138 240 180 152 111 172 156 243   3 161][ 58  16 121 232 105 111  81  79  41  67 244  24  31  31  44  56 250 153
 149  32  27  35 112 215 211 213  16 127 216  64 167  51][121  54 234 101  83 127 115 123 119 239 230  61  83 245 134  53  57 236
 236  32 173 251 189  31 251 239  37  69 107 164  94  95][ 85  79  89 101 180  14  79 184 100 168 126  68 243  97 145 112  20 100
  44 110 201 176 105  46 230 174  37 144 104 243  64  33][158  13  26 252  23 230 127 114 188 194  70   2  61 231  49 100  54 125
  19 206  97 157  16 238 241 231  10   0  43 241  41 176][159 158 255 247 247 246 255 242  61 223 214 246 253 255 191 237 127 251
 191 143 225 221  61 239 254 255 255 128 175 244 173 249][202 179 116 137 107 217 184 136 143 117  31 163 204 222 238 198 247  29
 255 241   6  16 235 209  14 112 139 255  22  15  13 215][134 204 134 158 148 162 174 238 150 147  90  18 104 234 105  75 123 107
  51 178 114 220  11 255  40  38 223 196 148 113 177   8][175 158 250 251 253 221 255 249 159 126 244 191 125 253 255 165 255 251
 151 183 255 123 122 255 127 223 239 239 223 252 253 247][ 79  83  97 135 100  92 110 176  41  72 151 231 205  15 158 245 118 196
 159 239 197   0 253 204 182 121 226 140  46 183 120 117][ 10 251  50 219 252 157 189 247  31  93  92 231 188 223 182 196 239  59
 151 149 211  56 114 245 110  93 190 234  30 156 165 249][ 43  83  99 204  77  87 233 124  79 228 252  74  72 172 244 164  92 140
 178 232 193 179 246 216  23  56 195  46  87 174 116 244][212  50 191 165  34 107  57  89  62 238 147 245 215   7  64  91  54  21
 125 165  32 197 129  72 197 162 107 148 160  32   7 115][212 228 157 112 130 110 117 135 186 179 162  24 159  55  64  59 167 213
 125  16  56  93 145  66 217 130 117 116 224 112 135  34][ 19  43 198 141 118  34 168  70  52 224 210 231  33  10 151 233 126 173
  51 157 141 216  69 200  20  42 186 128 173 133  56 156][ 88 181 158 176 171 232  84  39 166 255 143 185 159 183  66  91 163 151
 237  16  94  73 130   0 219 227 119 127 160  64 143  83][ 37 111  73 101 116  11 107  48  68 232 122 236 243   1 145  48  24 236
  68 110 201 240 101  14 100 140 161 176 109 187  82 168][ 73  66  91  79 100 142 107  48 105   8 119  68 251  65 156 112  50  44
  70 110 193 176 164 109  70 189  34 128  74 130  66 169][ 60 205 214 119 213 222  86 164 115 150 110   3 107 105  77 146  57 238
 229 218 110 240 155 171 255 239 197   5 227 247 110  10][ 50  77  82 161  86 138 238 103  61   0 250   2  47  42  52  80 122 173
   6 161  72 187   1 206 176 254 154 128 101 136 226 136][218  62 188 245 168  60  93 183 187 250 134 253 191  55 195  95 135 247
 253  12 185  76 227 226 195 251 125 186 138 244 135 123][123  68 227  12   4  18  79 112 117 226 222 198  81  42 183 228 124 228
  60 239 205 147 101 142 178 111 170 128  47 246 120  92][126 170 166 254 221 209 156 232 159 191 180 139 110 239 111  31 253 243
 255 177  46 107 106 253 155 215 223 191 151  44  63 223][200 156 190 252 163 228  61 151 189  27 118  16 188 183  32  91 167  51
  63   0 178 205  50 227 199 251 122 202 146  80 165  59][ 87  29 246 228 151 158 127 113 237 132 111  70  79 162  55 255  38 101
 188 234 241 145  53 204 179 251  70   2 170 242 161 100][ 69 253  29 103 164  78 103 189 104 170  42  72 215 113   8  51 144  86
 108 106 113 248 217  40 229 171 101   4  72 114 195  42][ 18   8   6 140  12 130 168  96 132 128 210   2  32 138  49  67 104  32
  63 225  72 129   3 204 144  32 202 128  20  40  48   8][239  58  59  82 123 157 153 210 171 248 180 125  60 222 199  59 167 177
 221  83 231  79 162 232 219 217  63 250 194   5  11 223][244 112 189  97 136 110  67 152 162 250 167  24 215 119  73  59 129  84
 108 122  41 101 249   0 201 139 101  52 192 115  71  50][193 206  29 117 176  46 103 183 120 170 122 116 247  34 128 115  21 102
 108  46 225 220 193  46 228 174 117 144 200 240 194   9][252 164 188 115 169 109  17 137 186 191 165  25 215 113  74  27 145  22
 108  50  58 101 235  17 203 211 117 119 194  66 198  99][169 132 127 235 116 143 235 112  84   0 119   2 251   9 184  97 122 168
   6 106 249 188 117 191 103 235  34  64 119 139  96 160][190  82 112 163 103  91 218  80  25 236 183 191  78  28 143 157 254 209
 151 103 236 182  73 202 146 209  11 183 103 191  95 215][129 134 204  53 176  42 104  15 118 179  67 208 199  35 136  89  51  14
 104 184  54 220  69  29 204 162 243  68 160 192 129   0][252 172 145  50 169 233  82 194 187 255 161  25 174 252  67 155 129 243
 236  83  62 111 202  51 155 211  69 123 192 125  14  87][ 13 182 240  89 113 191 242  90 127 105 125 116 142 217 174 180 159  10
 198  28 151 188  73 215  78 221  49 230 218 199  75 135][  3 141  35 137 150 167 171 119  76  65  90 198 176  38 180 100 126  43
  18 173 147 152  53 255  44  44 170 192 156  10 177 108][221 245 146 100 137  12  84 181 233 184 171  76 223 240  72 178 128  70
 108 120 221  97 211   0 185 249  69 126 200 114 195   2][218 217 163 190  11 212  89 150 171  92 134 125  46 223  70 215 228 255
 253 193 207  79 178 225 211 113 184 187  58  20  54 127][ 86 109 134 188 139  64  22 232 170 246 136 141  76 230 107  27 183 229
 233 231 100  67 154 120 185  34  79  63 128 119  47  86][196 104 208 147 204 169 236 198 250 179  33  26 133 130  65 139 107 235
 106 219 114 124 206  98 156   0 223 108 133 121 195 128][ 32 201  74 158  93 193 199 230 150   4 108 131  32 129  34  68  72 170
 131 198  70 170   6 189 112   4 146  41  55  28 124 202][ 95 114  98 131 123  16 190  80  45 232 151 239  12 142 223 166 238 149
 223 231 197 179 165 192  54 124 138 162  79 151  43 213][192 143 210 190 252 168 238 231 188   3 105 208 181 227  48  67  99  99
  74  11 112  45 142 111 164 182 222   8 132  82 227 136][207  83  97 135 101  94 110 176  41 200 183 231 201  14 159 244 126 197
 159 238 197   2 124 204  54 120 170 134  47 183 120  85][ 75  50 125 109 105 222 121  24 171 252 182 229 157 159 214 246 230 181
 253 156 135 131 247 213 214 249 171 214  46 132  47 117][107  50 126 236 109 223 249  83 139 109 244 173 158 157 150 190 142 157
 255  21 133  43 227 128 215 249  48 251  78 140  94 255][243 161 120 104 184 157  88  73 235  49 165 153  19 156  94  49 142 147
  93  85 190 107 222  21 219 217   1 127 101 128 202 134][190  52 246  80  11 249  80  64 185 214 165 185  10 207  78 159 171 177
 193  50  44 199 178  64  19 211  81 127 227  68 110  86][245  81  61 101  32  14  71 188  96 170 162  76 211  19 145 115  20 196
 108 110 233 244 249  12 225 169 101  20 104 179  66  33][124 188 216  34 249 237  86 249  51 174 169  45 111 247  75 144 145 223
 205  50  94  67 216  59 251 197  37 125 226 118 142  19][ 45 117 113  79  88  95  71  61  97 232 239  72 211  87 141 180  24 156
  68 106  73 178 249  12  39 252  33  20 107 178  66 176][172  65 122 235 116 207 251 208  86   1 117   2  25 211  61 112 126 152
  23 216 162 176  48 223 119 141 162  68 247 139  96 162][  3 141  35 217 181 247 169 167  94  73  92  18 164 248  52 100 209  42
  19  25 179 152 114 215  45  62 158 194 144  12 177 174][200 154 189 181 170 236  57  55 188 127   2 245 255  55   2  91 135  55
 253   5 177 204 195   3 204 227 122 208 140 196 133 123][216 160 158 188 171 232  84 199 187  55 162  57  47 179  74 219 163 255
 237   0  46  79 146  49 218 243  84  59 162  80 143  10][200  28 190 119 160 172 125  23 249  27 126  16 190 179  32 123 167 115
 125  24 176 252 178  96 199 251 114 194 194 208 227  43][ 58  77  98 236  84  11  78 122  85 160 250  10  75  41  53  64 120 204
  23 227 200 179   1 142 178 239 128 132 119 186 112 128][  2 129   2 138  20 129 136 109   4   0  81   2  96  72  56  64  88  32
  19 161  66 168   8 221  32  32 138 192  21  10 112 136][ 11 143 114  24 219 181 176 111 223  93 124  23  44 218  38 212 239  43
 130   5 150  43  50 215  31  94  18 107  83   4 235 207][ 42 143  98  73 119 147 254 103  77   4 124 131  41 136 182  64 122  43
 147 197 214 184  36 253 102 125 138 193 119 142 244 206][121  65 247 204 111  19 205 120  87 160 241  74  73 168 180 237 126 236
  54 232 201 243 167 217  22 122 211  44 119 172 112 164][ 17 142 157 181 180  43 100 191 118 171 106 116 247  99 192  72  83  78
  44  28  59 216  77   3 172 166 117  68 168 248 128   9][124 188 188  38  56  78  87 184 178 174 165  41  87 119   3  19  21 213
 109  34 104  71 153  30 251 231 101  61 160 243  14  83][ 94 238 158 112 171 168  20 194 187 159 164 189 142 231  66  27 167 119
 237  18  58  79 138  96 219 211  87 127 194 116 175  19][122 176 230 188  93  31 208 104  91 244 180  15 106 248  22 149 251 229
 247 181 140 107 214 221 218 127 219  63  95  44 126 222][  2  13  82 153 118 136 248 103 173   1 250   2 172 138  32  80 106 171
  31   0  66 184   0 239 180  52  26 128  21   8 225 137][  2 129   2 136  20 128 168 101   4   1  82   2  40   2  48  64 104  35
  19 193  82 136   0 221  40  32 138 192  20   8 176   8][188  20 121 232 233 111  81  93  19 107 252  24  95  63  40  56 216 153
 151  48  57  54 112 146 211 221   1 127 249 104 230 179][  5 107 155 169 236   9 174 201 174 144  48  64 157 195 233 106 179  73
 110 222  67  65 138 112 204 153 111 108 156 243 161 160][160 172 156 126  93 233 210 234 147 180 160  25  34 249  68  23 201 242
  99  18  58 111 218  63  31 146  21  59  81   9  70 138][120  50  90  32  96  79 113  81  41 108 181 173  31  23   2  16 254 157
 207  32  74 131 209  64 211 209  34 253 106 130  38 211][114 139   6 186 157 129 132 239 158  21 192 147 230 234  38  65 233 171
 235 133 126  11  74 245 184  50 222 127  17  12 189 142][ 73  75 155 101  36  14 101  21 108 168 114  68 247  51 129 122 132 100
 108  76 129 240 193   8 228 253  96 128  72 242  66  41][112  60 171  87 201 109 149 199 112 227 237   9  50 180  71  59 233 254
 224   2  45 251 248  32  89  39  84  59 193 121 214 250][ 55  72 226 222  76 177 202 216 215 192 253   2  99 232 191 100  88 232
  23 239 140 163  46 184  18  76 135 168 183 255 112 228][121 215 164  39 164  47  71 191 116 234 154 237 243  96 154  19  21 198
 108  47 233 224 205  47 224 126 101 148 108 254 210  89][ 70 114 102 128 111  25 184  72 175 180  87 167 140 206 247 198 167  29
 251 247 134  81 175 208  30  80 139 239  23  15  45 213][  3 141 107 205 150 194 175  55 108  64  94 194 240  54 176  96 114  34
  18 173 209 152  53  93  37  44 170 192  29 130 177 104][ 75  50 124 105 105 221 249  19 173 125 246 237 158 159 150 254 166 149
 255 149 135  47 243 208 215 249  58 251  78 132  79 127][254  60 238  16 203 249 145  66 185 215 165 189  10 254  71 159 175 177
 235 128  60 103  50 194  19  83  81  59 195 101  46  87][ 34 201  98 156  93 193 135 230 134  68 236   3  32 141  54  68  72  42
 131 193  66  43  50 189  49   4 154  11  23  28 116 254][210 250 183  48 139 220  20 134 187  63 130 185 174 166  64 223 167 215
 237  17 110  79 162  97 185 242  94 251 128  20 135 127][ 25  68 127 201  21 223 235 112  85   0 247   2 219  81 188 101 124 128
   6 234 233 180 117 191 103 235 130  64 119 139 112 160][244 161 124 114 232 141  92 204 235  49 161  25  23  25  92  27 138 147
  81 119 126  99 202  53 251 216  81 125  65 147 194 130][ 88 184  30 248  11 196  81  87 191  29 228  25 190 159  96  88 165  59
 255  16  18  75 146  81 219 241  26 107 146   0 175  59][ 86 157 150 190 139 224  28 207 159  87 200 179 108 254  33  75 231 243
 187 145  50  75 138 241 153 247 222 203 176 116 165  82][109 117  81  77 124  31  70 184 103 232 237  76 211 112 141 180  24 204
  84 106 221 178 125  30  38 253  33  52  75 179  74 164][  2 156  50 217 181 229 177  39  94   9  94  18 172 248  52 100 209  59
  19  17 178 184  98 223  45  22 154 194 144   8 245 175][214  76  22 158  29 198 190 224 159 134 203   3 236 246  45 196 240 123
 187 227 102 131  26 255 177  54 143  11  20 127  61   6][193 158  21 101 176  46 103  55 112 138 106  84 247  51 128 115  23 102
 124  46 225 156 209  47 228 174 100 128   8 242 195  41][218 158 191 190 171 252  21 183 187  95 134  61 174 191  66  95 167 119
 253   5 183  77 179 227 219 243 124 155 138  68 133  91][107  65 103 205 111  19 232  72  77 160 211 202  72 136 181 230 106 204
 178 235 197 179 231 192  22 120 202 142  55 191 120 132][ 86 107 197  37  10  10 142 136  34 226 138 233 193  98 217  82  50 196
 105 247 204 208 205  40 172  34 239 180 165 119  19  68][118  62 151  58 171 233  19 192 171 182 169  57 166 244  65  26 131 119
 236  19  30  79 234  51 153 246  77 123 192 103   7 103][ 48  77  66 141  84 170 238 103  45   0 250   2 174  42  52  80 106 171
   6 129  72 186  64 239 180 188 154   0 101   8 227 136][ 37 194  75  79 116 138  99  48 109   0 103 192 243  65 156 116  90 136
  70 110 201 180 109  61 102 188  32  64 109 131  82 160][130   4 150 145 182 162 184   3  60  19  82  18 140 170  48  73 103  35
  51 145  50 220   0 194  12  54 218 192 132  64 161   1][ 92 164 189 114 168 105  83 137 162 183 175  56 215 117  72  27 147  84
 236  50  24 101 235  16 219 195 101 117 224  99 199  98][ 33  98  75 103 116  11 107  48  96   8 123 236 243  65 152  48  24  44
  68 110 201 176 229  13  68 189  32 128  76 170  82 168][ 87  80 126 196  66  82 191 228 233 134 127 162  93 186 175 114  54 245
  62 234  68 145 165 204 126  47 102 135  45 179 169  15][236 161 184  97 189  93 208 139  67 181 165  24 139  25  94 187 137  86
 232  24  62 110 251 144 203 217  21 127 210   9 222  38][227  81 104 204 125  23 222 108 217 200 240  31 138 152  54 225 220 165
 223 103 253  35  82 204  51 121 138  59  93  62 250 214][202  58 191  82 107 245 185  82 171 254 180  61  60 222  71  59 167  51
 223  19 167  79 162 224  91  91 127 186  64  69   7 219][ 92 176 156 113 169 108  17 143 170  63 167  57 142  55  74  27 129  23
 237  16  18  69 203  17 203 211  84 127 128  64 143  35][ 44 171 218  98 248 143  87 216  51 173 109 169 115 247  74  16  23 254
 199  90  26  90 202  61 127 141  37 109 227 163 206 131][ 50 137   6 186 157 129 132 239 142  53 128 139 230 200  34  64 201 163
 107 133  94  11  74 117 184  34 155 127  17   8 177 138][221  53 152  38 185  44  70  59 225 170 171  92 223 177  64 210 145 198
 108  62 253 105 217  10 249 253  37  56 200  98 195   3][  2 200   2 136  20 129 138 100   4   9  80   2  32   2  32  64  72  32
  19 192  82 136   0 253  32  32 138 192  20   9  48   8][202  62 188 244 168  44  29 151 187 251 150 125 188 191 199  91 135 119
 253   5 241  77 227 226 206 251 127 186 142 244 131  91][252 253 214 119 213 220  86 244 179 158 234   1 107 249  73 146 233 246
 229  82 110 242 155  47 123 231  69  67 227 119 238 138][120 168 222  56 139 233  84 207 187  23 164  57  46 179   2 158 163 247
 236  16  30  75 130 113 218 247  84 123 226  68 142  10][255 112  98 131 111  16 190  64  41  96 213 167   8  14 159 166 254 197
 223 239 205 151 197 200  54 121 138 147  79 183  59 213][ 94 157 150 190 131 228  52 199 169  19 107  16 188 255  32  91 167 115
 249  16  18 201 146 225 219 247  94  75 130  81 167  27][ 17 143  25 109 176 174  67  59 118 169 106 100 243  35 128  80  81  46
  12  60 185 152  69  63 236 174  53 192  40 192 192  41][ 24 184  62 120  75 237 113  87 191  29 100  16 190 159  96  89 161  59
 251  16  18 111 178  81 219 249  16 107 210   0  39 187][116 233 150 158 201 201  52 206 179 183 160   9 102 242 105  27 233 246
 234  82  14 107 154 113 153  50  85 123 192 121 166 138][ 11 251  50 219 253 157 252 255  31  93  92 231 172 206 254 228 255  43
 151 157 215 152 118 247 174  93 190 235  30 140 169 221][110 190 188  82 233 237 157 255 187 255  52 125 156 255  71  59 143  83
 255  16 179 107 250 114  95 223 125 254 202 112 135 251][ 42 141  98 203 215 147 254 103  77   4 120 131  41 200  54  64 122  43
 147 133  86 184   4 253  38 125 138 193 119 142 245 142][ 94 187 150 178 171 185  52 199 175 187 170 237 140 234  66 154 167 103
 233 149  22  73 138 113 154 215  95 127 136 100 171  23][ 53 197   4 159 156   3 166 237  22  50 203 199 225  96  58  65 121 206
  42 239 110 211  79  63 188  38 207  20  57 122 184 128][ 33 167  76  79 212 138 102 175 117  33 107 128 227  97 156 117  25 206
  98  44 120 248  77  47  46 174   5  65 101 202 218 140][ 48  77  66 172  84  43 198 111  21 160 248  10   3 168  53  80 120 172
   6  32  72 187  64 206 178 236 128  16 117 248 114 136][130 152 146 155 183 231 184 199  30  11  82 178 172 222  40  72 255  59
 179 145  50 156  26 243  13  22 158 195 148  72 165 155][ 77 163 197  39 168  11  74 184  38 185  27 237 195 101 152 134  23  68
 108 111 153 240 205  29 140 103 101 212 238 167 154 113][184  20  56 232 201 111  81  79 117 107 252  24  31  31  40  56 217 157
 151  48  57 182 112  18 219 223  48 117 249 104 230 178][255  81  97 199 100  26 238 176 105 200 183 231  91  14 159 245 126 196
 159 239 205 176 109 204 182 120 170 134  47 191 120 117][ 39  77 234 222  92 145 206 216 215  64 252  10  96 233 255 100  88 234
  19 207 198  35  46 187  50  44 135 168 119 255 112 204][ 67  62 135 182 235 176  60  71 171 219 138 247 172 238  65 207 231 103
 255 149  23  75 130 224 156  82 223 251 138 100 161  95][169  20 119 233 117  87 237 121  84 202 124  66 217  93 189 165 120 144
  22 169 233 180 117 206 101 223 227   4  87 232 112 224][101 245  25 103 216  95 198 173 122 232 169  72 214  80  13  48 144  94
  72 106 213 114 249  30 165 189  37  52  72 114 203 160][  8 137 107 237 182 194 111  53 100  72  94   2 241  35 176  96 114  34
  23 232 208 152  37  61 103 169 170 192  53 130 244 104][116 105 185  97 157 111  65 142  66 181 172   8 146  61  83  58 137 212
 120  56  10  98 249  16 203 137   5 117 192 123  86  98][ 61  68  99 205 101  54 111 113  85  66  94  70  89 104 191 228 120 140
  54 175 205 176 117 206  54 110 162 132  63 254 120 244][  2 149  18 156 150 160 188 167  28   3  90 178  44  46  48  64 103  19
 147 145 112 136   0 215  40  38 158 192 148  64 161   9][ 11 255 112 219 253 157 254 255 159  93  92 247 172 222 254 164 239  43
 151  29 215  56 122 247  46  93 190 235  94 140 169 221][189  69 127  75  53 223 199 248  85  10 253   2 211  89 189 100  88 136
   6 106 233 182 113 159  99 219 160  80 115 155 112 160][203 190 255 245 232  40  61 151 187 255  22 188 188 175 195 123 167 119
 125  29 176  77 162 226 206 251 254 184 132 240 135 249][ 78 190 188 114 233 173 189 215 187 255  60 125 188 191 198  58 135 119
 255  16 147  75 234  98  79 223 127 250 202 100 135 251][ 77 117  27 103 112  14 103 180 121 136 126  68 254 211 137 112 182 108
  76 126 193 176 145 110 231 253  36   0  74 179  99  41][203  50 121 233 109 253 249  83 173 125 254 253 156  31 214 254 174 153
 223 149 135  63 241 208 215 249 186 251  79 132  79 119][  2 150  49 219  53 189 177  39  94  13  81  16 172 216  36 224 197  59
 147  17 178 188 114 215  13  22  26  74 144   8 149 175][152 184  62 248  69 253 113  87 255  29 100  24 190 159  32 121 161  59
 231  16  18 255  50 213 219 251  82  75 210   0 111 170][ 86  68  22 158  29 198  30 232 189 134 203   3 206 242  41 196 248 253
 191 227 108 135  26 238 177 246 143  27  16 119  61   6][ 34 217  18 156 125 132  29 247 141  76 220  39  44 155 162  68 204  43
 151 196  74 139   2 253 242 120 158 138  26  28 176 219][191  96  98 143 111  16 190  64  25  98 213 147 136  10 159 165 254 197
 223 231 236 183 197 202 182 121 138 147  15  63 123 196][ 88 179 156 163 171  45  16 143 171  61 168  41 142 179  74 154 135  19
 237  16  30  73 203 113 203 215  92 127 130  70 143  11][ 96 137   6 184 220 129 132 109 142  21 192  11 166 192  32  64 200 171
 106   5  94  11 202  53 188  32 155 120  16   8 177 138][ 38 169 243  74 219 249 167 204 235 165 109   8 104 247 204  52  58 250
  66  90  18  43 234 121  61 156   5 122 195 210 198 172][ 10 141  34 217 213 241 178 103  86   5  92  19  40 221  52 128 233  59
 131 145  50 184   0 255 111  71 154  67  87  12 253 138][238  60 254 112 203 245 177  67 187 223 181 189  12 254 103  27 175 179
 243 145 183  71 178 194  95  83  91 187 193 101  39 215][220 120 159 118 168  78  71 149 176 250 167  56 247 119   9  59  32 244
 108 106 105 197 187  40 241 163 101  16  96 243 135  59][228 224  24 176 108 141 140 232 250  50 160  88 150 219  73  25 153 137
  64  83 106 103 202  51 208 130 127 124  80  17   3 130][ 70  60 142  28  11 236 176 130 170 214 136 141 172 246  71  90 161 119
 233 149   6  79 146 123 217  54  95  59 136 117  11  90][255  65  98 198 103  18 206 224 121 224 247 207  75  12 191 245 126 197
 151 239 237 183 109 236 178 121 142 150  47 191 122  84][ 27  77  71 222  20 146 174  99 212   0 219  66  97 232 181 228 120  98
  26 239 229 169  12 239  32 110 170 128  29  62 112 140][  2 193   0 136 180 129 140 231   4   8  88   2 128 136  48   0  72  10
  19 209  82  42  64 213  32  16 142 224  20  88 176 136][122 176 222  88 219 249  17 207 187  85 172  57  46 255 110  30 171 179
 234  16  30 107 178 115  91 245  20 123 195  68 238  94][ 88 184 158 248  75 229  16  71 175  21 164  17 190 159  98  91 231 187
 251 144  18  79 146 209 219 209  90 123 146   0  47  91][ 58 217  49 248  95 213 148 231 134  69 200   7  36 156  36 192 200 187
 131 193  79  43  50 189 177 193 158 123  81  28 180 254][202 156 191 190 171 244  25 183 187  95 151 125 252 255  78 123 135 247
 253  17 183  79 186 225 219 115 126 219 138  69 167 127][ 48 205  66 141  84 170 238 103  45   1 250   2  44  42  52  64 106 171
   6 129   2 186   0 239 180  60 154   0 101  72 225 136][187  97 102 204  79  83 190  72 207  32 211   2  72 136  55 230 104 205
 250 227 197 183 199 208  54 121 139  63 119  63 121 132][ 85 107 198   5   0  10 110 160  36 160 202 129 211  32 209 210  50 228
 104 239  72 208 205  40 164  36 175  20  36 183  26   0][222 189 150 186 139 192  52 231 175 151 232  51 108 254 108  90 227 243
 249 144 114  79 154 227 187 247  94  75 176  84 165  26][ 77  99 192  39  56  27  74 184  34 160  31 236 195  99 219 214  22 196
 108 254 140 208 205  24 172 101 165 244 166 167  26   4][ 86 143 166 158 203 224 156 239 159 151 216 179  76 238  34  75 231 243
 191 145  50  75 138 241 185  54 223 203 181 116 165  83][ 45 127 112  77 124  31 198 184 119 168 254  76 211  56 151 180  28 204
  70 110 205 178 125  62  38 255  37  52  91 187  74 133][246 164 134  27 155 255 130 200 118  55 161  24  66 240  76 140 217  78
 232  18  62 231 219  55 153  22  21 119 209  79 255   6][130 128 146 155  53 165 184  71  30  17  80  18 172 158  32  72 231  59
  51 145  50 156  18 247   5  22  26 194 148   0 161 137][248 232  60 120  45 221  80 206 211  59 164  24  10 153  68 191 137  16
 236  16  46 111 250 145 219 219  81 127  82   8  94  46][217  93  23 109  32  78  71 181 224  72 234  76 247  51 129 115   0 246
 108 106 105 137 241  45 225 232 100  16  40 178  66  57][125 125  21 110   9  77  86  96 225 194 169   8 127 241   1  51 136 246
  76  98  73  35 218  44 251 217  69  58 106 123  66  34][ 24 203 123 237  38   6 111  53  68   0  86   2 241   7 176  96 118  52
  23 238 200 152  53  45 103 233 174 128  53 178 244  40][152 184 150 248  75 237  16  71 191  17 228  17 190 159  32 217 163  59
 251  16  18 111  18 241 211 251  82  75 210   4  47 155][ 24 201 122 236  36 135  94 181  69   0 210   3 127  27  48  64 222 177
  29 227  73 169  17 189 227 233 170  16  61 154 240  10][ 41 111 112   5 244  31 206  55 127 232 126  76 179  40 151 180  12 236
  70 108 204 248 101  30  38  95  37 176  75 188 218 205][ 63   1 227 141 101  22 232 121  85  74 215  70  73 232 191 228 120 140
  62 173 205 179 117 202  18 126 194 132  31 174 120 244][121 253  17 100 185  78  86 190 241 107 168 120  63  51   8  48 147 215
  76  96 105  43 208  47 251 247  52  62 106  80 130  11][ 82 171 167  53 130 146  44  35  54 183 195 145  69 166  82  91  33  45
 233 149  92 217 165   0 152  98  95 197 225  36 167  68][  2 141   0 140 150 160 190 167   6   3  88 131 172  46  48  64 111  83
 147 133 114   8   0 255  40  54 158 192 148  92 177  24][  8  16 115 197 101 123 241 127  93 107 126  50 156  61 180 164 122  24
 151  41 145 184  33 206  71 223 178 195 119 136 245 171][ 53  65  67  77  86  11 198 232 101  32 234 202  67  64 157 180 120 200
  66 110 201 178  77  29  48 168 129  20 121 187 114 164][ 97 237 187  90 209 249 182 206 123  41 232   8  42 248  68 176 185 251
 194  82 151  59 170 115  59 221  21 107 193  83 238 142][124 105  66  39  16  11  78 164  36 164 202 137 227  66 211 212  88 236
 232 238  72 208 221  40 180  36 141  21  36 183  26  12][ 58 209  57 184  93 197 148 231 135  89 200   2  60 156  32  96 204  27
 147  65  79  43  50 189 243  17 158 123  16  12 189 218][ 27   1 227 133 117  22 232 121  85 200 215 198  89 106 190 228 124 140
  55 173 157 146  53 200  22 125 203 132  63 172 120 212][205 248 215  86 107  76 103 188 241 242  34 104 122 247 205 183  50 244
 252 106  65 119 186 104  53 186  69  42 106 179  66  61][ 34 133   0 137 180 161 140 231  12   9  88   2 128  40  48  64 201  10
  19 145  82  40  64 247  44  20 142 224 148  88 176 136][ 77 111  27 103 116  14  99 176 121 136 126  76 247  81 153  48 182 108
 100 110 193 240 145  46 230 253  37   0  74 179  67 169][114  97 114 236 125 193  90  73 143 132 184 171  14 223  36  16 254 185
 207 225  14   3 194 221 179 212 139  59  19  14 110 130][122 180 250  88 219 253  49 207 187  85 172  61  46 255 110  26 171 155
 235 144  30 107 178 211  91 213  22 127 195  68 239 223][214  69  18 190 157 194  30 232 189 134 219   3 207 250  41 196 248 253
 191 227 108 131  26 254 177 246 143  31  20 127 189   6][ 11 223 122 219 253 149 252 255 159  93 124 231 172 206 190 196 239  43
 151 133 246  58 110 247 126  93 190 235  31 140 249 221][207 186 191 254 233 180  25 158 187  95 149  61 252 255 206 123 135  87
 253  17 179  79 170 243 219 123 126 250 138  69 171 123][120 253  17 110  25  76  86 240 225 202 173  40 127 115   1 178 144 242
  76  98 105  43 216  47 243 255  37  59 106 115  66  11][ 94  69  86 174 145 102 126 248  53 130 251   3  79 251  41 208 251 221
 239 226 108 147  25 238 179 255 135   7 227 119 238   2][ 50 207  34 142  85 210 206 224   4 196 219 135  96 238  55 196  88 236
 147 231 204 155  44 175  48  36 143 129  53  63 124 220][ 19  77  67 204  20 146 174 113 212 128 218  66 113 224 181 228  88 100
  62 235 237 161   4 207  48  46 130 128  61 186 120  36][101 181  25 103 184  79  87 185 122 232  41   8 215 114   8  48 144  94
  72 106 125 248 217  30 237 175  37  52  72 114 195  18][ 97 113  27  69  69  78  97   0  96  64  98  12 146  16  16  56 128  12
  96  76 129 176 240   0  69 184   0   0  72   2  66 176][102 240 158  58 137 253  22 200 138 159 129   9 230 216 107 155 145 123
 232  83  94  67 218  49 217 209  77 123 208 127 143   7][124  34 187  98 226 104  83 154  35 173  45  40  23 247  73  24  51 220
 100  18  24  82 170   0 219 133  37 109 224 227   6  99][214 143 166 158 223 128 190 237 159 151 219 183 108 238 122  66 255 239
 191 215 126 203  15 247 184  54 223 207 149 126 189 207][220  72 254 102  11   6  31  64 161 134 167 133 107 231  33  91  62 245
 237 226 104 199 154 104 211 227  67  25  99 243  38  48][248 232 116 112  47 185  80 198 235  51 160  56  47 153  68 155 129 177
 236  16  46 111 138 177 219 211  81 127 242  76  78  14][130 136 146 155  37 229 184  71  30  17  64  18 172 158  32  72 231  59
  51 145  50 156  18 243  13  22 154  66 144   0 161 139][ 68 184 150  26  57 205  18 200 142 185 128  41 230 210 104  66 129 121
 106  81   2  75 202  49 137  18  95 123 144   2   7  11][128 148  60 251  53 173 177   3  94  29  65  20 180 216  32  73 133  59
  19  17  50 188 123 215  77  87  26  98 152   8 129 186][ 32 189 186  58 244 237 183 199 250  71 120  25 182 248  86  16 153  43
  67  17  22  58 154  51 109  21  21 107 201  88 215 202][ 35 145  24 248 189 149 148 103 143  89 200  20 190 157  38 192 205  27
 147   5 210  43  18 149 171 217  26 122  24   8 129 138][ 52 205  66  10  89 147 198 232 196 160 233   8  98 200  61 148  88 232
  66  99  76 163  12  61  48  12   5  61 113  62 106 132][  2 133   0 137 180 161 172 167  14   3  88  18 128  42  48  64  73   2
  19 145  50  56  65 151  44  22 158 192 148  72 144 136][207 186 253 248 232 228  25 155 187  95 180  61 188 255 206  58 135 211
 253  20 179  79 250 243 219 255 127 254 144  68  39 243][107 239  66  68 245 156  78 183 233   9 190  76  42  40 150 180 164 230
 204 124 222 169 164 237  58 125  36 211 202 134 202  13][  3  17 231 197 117  86 232  87  77 105  87  86 136  30 182 236 234 141
  22 173 149 152  53 196   6 122 154 198  30 140 249 221][ 77 103  75 101 116  14 103 184 121 136 126  76 243  65 153  48  52 204
  68 110 193 240 197  46 230 253  37   4  74 187  66 169][138 150 122 197 118 218 185 119  93  13 126  50  44  63 164 100 110  27
 151   0 178 188  37 207 102  95 178 195  55 136 229 175][122 173   2  46 219  71  23 109  49 164 233   9  98 247  10 148 216 254
 192 226  72 203 216  63 177 132 133  59  35 118 174 202][ 50 204  34 142  93 210 130 232 212  68 216 131  96 236  55 196 216 232
 147 103 204 171 126 191  49  54 135  27  21  47 124 222][106 182 187  88 249 253 153 219 187  95 188  61  60 255  78  58 143  59
 247  16 147 111 178 211  91 223  61 254 210  68 167 243][ 89 139 102   5  18  26 234 182  96  37  78 133 233  40 150 208  50 198
 253 237 140 216 133 109 254 111 190 129 239 150  91  12][ 94  24  23 174  15  86  26  64 129 128 131   2  93 223  33 195 232 245
 253 227   9 131 146 200 145 225 202 155  37  39  61  50][ 10 184 150 248  75 253 112  71 191  21 228  24 174 159  98 221 163 187
 251  16  22  79  18 241 211 249  82 107 146   4 175 155][  9 125  50  85 117 159 228  55 253 232 110  76 190 184  23 180 128  46
  82  12 197 184  80  78  39 252  20   2  74  16 203 143][ 66 249  26 138  27 193  19 233 175 212 168   9 236 222 106  18 248 179
 235 209  70   3 250 245 185  20  11 123  16   6  39  82][121 253  81 100  50  74  87 190 121  43 168  40  63  51 128  48 151 215
  76  96 105  11 232  63 186 247  52 114  98 209 130  43][ 43 223 122 155 125 157 253 255 159  29 124 247 173 206 190 196 239 171
 151 133 246  58 110 247 126  95 190 235  23 140 253 223][ 58  37 114 232  31 195  90 111 141  36 184  11  14 223  38  16 250 185
 207 224  72  35  80 222 179 213 139  59 115  14 102  66][246  77  22 172 157 198  86 236 159 134 202   3  79 246  41 212 248 253
 239 227 108 131  26 255 177 246 143  31  48 127 172   6][124  69  86 172 145  70  94 252  53 130 250   3  79 251  41 208 249 221
 238 226 108 147  25 174 187 255 135   7  99 247 238   2][ 17  77  67 204  20 146 238 119  68   0 218  66 113 160 180 228 120 228
  62 234 233 185   5 207  48  46 162 128  63 186 248  44][214 143 166 158 219 128 190 237 158 151 219 179 236 238 122  67 239 251
 171 215 114  75 138 247 184  54 223 223 148 126 181 202][ 77 181  17 103 177  79 103 185 112 232  43   8 214 113   8  48 144  94
  88 106 121 248 217  14 237 190   5 116  72  34 194  50][108 253 152  58 233 205  23 168 171  31  45   9 238 245  75  26 129 115
 233  83  66  75 218  51 233 215  69  59 208 119  15  75][212  72 190 126   9  68  79 136 161 142 164   9 106 199   1  91 216 241
 108 234  72  71 250 105 211 250 193  25  66 115  38 122][ 68 176 156  65 233  60  48 143  59  63  38  29 140  55  76 223 133  87
 232  16  19  88 211  64 143 243  84 102 138  64 138  51][244 236 189 126 152 237  71 188 178 182 173  24 243 247  73  27 145 246
 109 106 106  71 250  59 249 239 101  60 224 243  70  98][121 235  98  73 181 155  66 167 115   5 110 169  43   8 150 148  18 170
 196  92 222 184 101 191 170 253   4  65 103 142 222  76][  9 189  61 251 252 205 253 247 223 249 124 108 188 255 240  96 135  59
  63  29 211 120 122 247 239 223  63 248  28 200 133 249]