[145 172 143 189 140 107 229 107 118 166 194  90 179 160  17 233 121 174
 106 137 121 254 231  31 157 167 247   4 225 104 244  40][ 90 125  91 244  19 192  63 103 173 132 238  34  44 215  33  80 182 253
 207 224  64 139 160 238 243 245  14  11  34  50  39  42][ 65 173  10  30 157 213 134 167 222 200 136   9 240 240 118  32 129  98
 106  87 118 107 218 127 109   6   5 121  64  14 185  78][195 188 150 178 185 172 116 199 255  27  40  92 174 242 100 223 129 107
 110  28  54  77 154 115 173 182  94 106 192  80 139  15][248 180 191 126   9 237  81 119 179  31 165  24 191 183  72  27 128 179
 237   0  58  79 242  49 211 243  80  57  96   0 134 106][ 85 176 148 155  75 233  56 200 254  19 163  56 220 210  72 122 103 153
 106 146  18  71 223 113 157  34  91 110 152  67  35 130][ 45 231 193  71 244  27 103 184 123 170 127 232  67  97 157 180  27 204
  38 110 225 242 237 126  46 190  37   4 227 251 194 164][131 174 132 145 212 186 184 103 126  97  83 247 168  40 150  72 111  47
 187 149 182 248  69 215  12  54 218 193 205  12 153 156][ 41 223  93 103 242  11 126 252  44 232 122 237 243 111 136  17  62 238
  71 102 245 184  77  45 102 233  37 128 109 250 202 153][ 70 255 181 186 219 197 183 172 186 221   8  77 236 254  79  83 165 123
 227 211  71  74 154 241  61  18  79 235  24  87 167 223][ 68 185 149 123 184 172  64 159 170  57 171  92 214 243  72  90 129  87
 104  24  27  72 219  49 141 182  85 124 200  64 131  40][ 69 181  31 227 176 207 119 179 126 249  43  84 215 119  72 112 183  87
 124  58 243 216  25  54 237 143  39  68 136   2 129  51][  1  28 119  95  44 175 231 178 236  74 126  68 242 113 149  60  13 114
 126  14 129 169 123 127  69 190 114 128  90 251  65 173][ 49 237   3  72 214 147 230 237 116  32 232   2 113 192  48 224 120 174
  10 250 121 155  93  63  57  44 135  80  49  10 250 172][ 78  49 149  51 169 108  48  27 187 249 163 185 222 247  72 155 135  23
 253  20  19  75 219  64 223 211  85 254 138  69 131 115][161 173 103  73 244 155 175 127  92  96 122  70 240  40 148 165 120  46
  50 253 245 248 101 223  44  26 135 192  95 142 241 172][169 183  81  79 116 159  99  50 117 168 127  68 251 115 156 181  28  46
   6  44 241 184  97  63  46 223  32 192  91 138  74 169][201  18 237 101  32  30 105  60 116 235  87 244 213  39 152 127  54  76
  60 172 161 212 229  12 198 235 114 196  46 161   1 113][ 99 180 148 113 249 173  52 191  63 123  42  60 158 181  72 179 133  31
 249  16 115  92 211  23 175 223  85 246 200  64 131 187][160 241 113  89 125 205 165 109  95  29 117  16  56 215  44  53 200  56
  19   8 115 254 114  93 111 158  20  74  83   8 198 234][164 109  55 174 207  71 150 232 204 156 185  11 206 253 105 135 216 117
 235  99  64  99 154 248  49  16  79  63  81 127  39 227][204   7 156 165 160  42 125 191  48 175 190 189 215  39 138  91  23 215
 109  44  56 208 193   2 238 231 125 148 164 240 135 113][232  46 221 126 104 224  25 158 160  31 228 161 189 247   1  27 204 251
 237 192  42  79 226  41 195 227 250 153  50 209  38  59][129 171 155 251 176 173 111 215  62 139 114 112 189 243 192 120 183 107
  62  28 179 220 131  99 204 255  62 192 136 192 163 169][108 161  60 114 153 221  23 169 234 176  45   8 214 216  72  49 145 114
  72 114  82 104 250  53 237 145   5 127 192   3 199  34][ 33 177 121 123 244 207 107  87 119  73 125 124 179 151 216  48  31 154
  22  24 179 186 112 119 109 157  48 224 237 136 198 249][180 207 110  63 148 211 158 237  86 196 255 163  99 236 182   0 120 235
 143 103 252 171 109  63 250  71 175  17 117  62 244 214][ 16 135  59 233 178  98  29 123  52  46 255 177 215  39  40  81 255 159
  13 160 120 139  97  31 243 231 250 213  48 192 164 115][ 43 251 123  68 240 159 255 245 105 232  60 236  61 221 148  52 150 127
  85 111 193 248 164 125 110  89  37 224  79 146 195 185][245  48 157 118  41 109  85  24 187 186 177  88 222 119  77  59 135 213
 125  42 161 103 250  66 211 218 113  62 200 113  67  51][209 213  61 239  56  77  87 188 126 121  43  76 247 119   8 112 149  87
 124 106  99  56 249  63 229 175 101  52  88  18 129  59][109  98 149  55 168  42 102 168 122 186 163 104 207  98 201 154 147  69
 108 114  60 240 201  42 188 247 101  52 192 243   3   1][193 140 223 253 164 170 109 150 126   3  98  80 245 227 176 104 115 110
  46  12  35 220 135 123 204 190 118   0 140 240 225  40][ 58 249  24 186 189 221 144 239 143  61 188  11  46 223 102 144 137 187
 207  17  94  43  90 245 251 213  21 123  82  12 143 138][252  96 157 100   8  76  67  24 160 182 161   8  87  87  73  27   0 212
 109 106   8  71 250   8 209 225  97  60  32 179  38  50][207  52 181  99 233 124  81  24 123 251  45  24 222 127  77 191 151  21
 253  50 179 100 251 194 143 222  81 118 202  67  67  55][247 236 192  18 215  27 230 204 123 179  33 223  67 104 223 188  59 206
 240 127 254 118 143 190  58  78 133 109 239 247 218 132][153   6 102 133  20  46 233  51 116 227  91 214 209  40 146 101 126 164
  30 173 189 188 117 206 196  46 186 192 175 140 112 196][ 77  29 179  79 188 172 199  49 111  72 255  72 255 241 181 100 212 118
 124  10 137  41 251 187 161 252  35  26 210 107  97  37][  2 189 148 153 249 225 188 239 191  59 184 185 172 254  64  27 207  91
 251 144  50  75 218 243 189  22 223 255 144  80 167 155][120 168  58 120  27 249  81  71 171  21 164  25  47 159  66 152 161 179
 205  16  30  75 162  49 219 213  16 123 226   4 142  74][129 206 219 115 244 139 107 151 127 163 122 212 215  65 176 112  51  46
   6  28 179 188  77  63 236 190  53  64 252 136 194 168][ 99 127  96  13 253 189 212 103  73 108 184 237 170   8  23  49 200 171
 223   5 204  58  84 253 178  88 144 187  95  92 218  95][108  48 148 114 233 124  80 154 187 191 161  24 130 211  73 154 137 196
 232  18  26 103 218   0 207 219  85 127 194 113  86 130][ 56 169 139 107 212 171  99 207 118 129 234   2  51 225 112  64 120 234
 106 152  26 184 193  51 253 165 132  65 241  74 240 170][ 50 164   2 152  29 163 128 107  31  33 200  91 166 168  36   0 217 175
 106 129  62 171  65  95 153  22 154 123  81  72 177 142][ 65  41  82  85 156 189 232   2 237 160 186  72 159 162  21 178 232 231
 110 200  29 251 213 104 180 188   3  48  72  96  75 140][ 90 125 255 220  27 210  31 111 190 196 140 163  44 255  35 240 118 245
 251 161  66  75 182 223 251 103  15 159  54  52  47 122][ 33 172 225  93 244 139  97 183 119  99 118  82 179  33 148  61 123 142
  22  24 187 254 229  31 110 174  52  68 239 136 210 168][109  73 215 183  49 202 110  32 189 128 107   1 239 227   1 210 130 237
 108  78  77 184 144 232 167 255  70   0  64 179  66   0][118  85  86  78 219  83 182 232 137 132 233 139  96 254  47  82 248 245
 202  98  76   3 186 254  51  36 133  59  81 123 110 150][ 62 235  34 170  91 193  26 232 135  12 212 171 107 223  43  80 248 185
 151 227  78   3  10 191 243 197 139 255  51  15  62 194][ 77  99 212 101  49  30 110  56  97 160 167  76 207  99 203 246  18 196
 236 110 204 208 253  12 230 249   5  21  34 183  74   4][253 125 121 102 164  74  71 184  97 232 191 104  83  85 153  51  26 196
 124 106 201  39 237  40 242 233 101 148 111 243  86 113][126  97 236  70 201  90  86 168  35 244 165 169  75 109  95 158  25 196
 237 114  78  99 239 160 187  81 197 127 231 247  94  86][ 83 253 229 159 155 242 191 174  62 117  72 198 253 230  86 242  39 127
 253 209 247  72 255 251 173 231 191 178 188 245 135 125][ 48 248  60 233  93 205 209 110 135 189 172   9  50 157  66  18 200 176
 107   8  10  47 243  21  91 153  17 123  83   8  70 250][ 87  65 239 197 135   6 239 213 172 193 207 134 221  47  88  98 118 197
 123 253  17 145 189 192 255  47 143  68 173 242 161 112][ 16 112  50   4  19 223 176  64 237 172 243  43  14 152 103  32 178  61
 234  97   4 181 144  76 145  32   3  23  65  35  47 135][ 86  14   6 158  74 226 190  74 189 134 217 163  44 238  35  89 110 247
 239 195  40  79 138 234 144  38 202 139 149 119  37 211][ 91 180  66 161 179 159 126  87 189 233 251 229  77 238  42 208 183 175
 221 181 109 145  16 222 186 215  31 135 170 134 171  27][ 67  50   7 145  34 142  41  19  44  97  66 229 189   6 130 124  38  45
 122 157 151 152 245  65 132  52  58 192  12 132   1 253][ 94 241 210 154 203 217  62 200 175  16 235 170 140 210  77 220 119 217
 255 210  70  67 142 241 157 240 143 127 163  23 171   7][108  53 189 126 184 207  87  61 251 174  61  40 247 247 201  51 149 124
 108 106 112  98 250  31 231 255 101  56  66 242 198  35][240 189 191 240 188 141  93 183 251 155 184  24 159 251  68  19 207 247
 125  24 250 111 210 198 251 219  21 122 192 192 194  11][180 200 207 159 150 195 167 232  86 182 211 146  67 105  57 141 123 206
  34 243 106 246  95 189 156   2 205  69 245 251  60 128][117 109  13 127  29 207  71 168  86 134 232   8 243 113  17  48  16 228
 104 106 104 160 121  63 225 174   5  16 112  59  86  42][123  48 129 164  49 222  88  19  51 233 227 221 143  15   2 216 244 173
 253 148  13 222 209 132 146 241 184 201  42 132  42  90][107 106 168  13  61 191 201  10  91 237 180  29 138   8 214  60 137 172
 236  29 158 110 239 213 198  95 145 125 215  13  90 196][163 237 103  75  93 159 230 238  95 123 250  86 168 136 180 165 233 202
 122 207 231 190 127 247  38  26 146  96  95 159 248 140][248 188 189 242 171 253  81 207 187  63 164  24 190 255  72  59 167 147
 253  16  58  79 250 243 219 219  85 127 194  64 135 123][108  36 149  99 185 109  81 138 123 187 173  56 214 113  73 190 145  84
 108  16  26 102 203  16 143 215  85 127 194  99  70  34][161 157  57 127 180 143  71  63  84  73 250  84 243  49  16 112 217  46
  62  44 251 190 113  63 237 191  52  80  88 136 208  40][126  99 104  78 109  91 210 200  67 228 189 169  74  72 223 180  24 204
 198 110 140  98 239 152  50  93   5  63 119 191  94 196][173 181 181  81 245 127 225 159 127 123 111  88 214  57  92 189 145  14
 122  28 179 252 249  18  15 158  85 100 202  72 211 164][205 112 149  87  97 127  99  24 121 234  55  88 222 113 205 255 177  68
 126  42 161 244 249  34 135 186  97  22 202 243  67 165][212 124  31 127  24  79  35 184  54 130 227  72 215 113   1  49  48 116
 104 106 105 246 217  63 229 162  97  20  96 115  35  40][109 113 177  39 237  28  71 152 107 232  43  76 214 240  89 178 144  76
 124 127 141 114 251   0 143 220   5  60 202 123  82 100][ 34 162 232  24 124 217 152 234 218 245 252 171 224 236 254   0 219 168
 227  21 150 107 206 147  94  21 157 255 213  12  94 206][  0 169 149  89 200 173  96 143 118 145  96  16 178 177  64  56 129  42
  98  24  19 120 211  49  13 170  84  72 208  64 194 136][ 89  49  20  73  43  92 116  31 237  49 102  72 190 147 129 255  34 158
 252   8  65  72 147 192 151 249  80  58  42 128 139  45][233 235 106  31 100 157 236 247 123  12 116  76 170 232 214 181 156 110
 102  77 230 126 238 253  46 121 116 233  79 172  90 205][182 225 141 169 206   9 166 237  14 178 136  11 226  40  89   3 121 195
 107 227  74  99 203  81 189   0 207  60 117 122 243 136][ 89 145 150 109  25 158  82  50 167 137 238  68 222 243  32 246  32 100
 236  88  25 201 147  96 139 251  82  82 106 161  41  45][151 205 143 191 156  34 238 252  54 194 219 199 245 238 185 225 127 239
 127 239 229 209 143 254 188  47 239 132 173 119 187 208][ 73  48 149 252   9 205  64  24 167 184 132  72 254 211  64 254 128  48
 120   8  11  67 219  25 137 240  67  56  26  32  11  34][208  90  47 190  10 198  31 116 164  92 197 133 183 223  35  67 196 177
 221 227 232 135  50  45 241 225 234 153  48  50  37 123][167  98 228 145  76  57 168 200 206 115 179 247 200 200 223 171 109  73
 250 215 135 244  79 240  28  24 139 245 221  13  89 148][207 126 206 183 160  46 125  17 185 222  87 181 221  99 195  91  39 101
 125  62 176 213 153  66 206 251 239 196 174 247 179  83][ 86 181  51 186 219 212  30 232 175 196 137 163 236 254  47 212 246 243
 255 227  86   3 154 253 185 244  15 251  18  39  47  87][  9 189 233  83 210 253  43 151 126  97  76  20 185  53 210  52  55  74
  81 156 147 152 125 119 109  15  61 224 234 212 135 249][130 162 134 155 235 160 184  71 174  31  81 179 172 142 106  75 231  27
 239 149  18  76 130 209   4  50 218 203 148  68 165 219][208 203 189 255  56 198  93 180 172  29 182 177 247 111  34  67 198 115
 109 192 104 201  99  45 235 227 254 145  16 176  37 107][ 45  49 241  67 245 127 171  89  74 233 121  76 152  20 220 180 156  30
  82 124 147 178 248   0  13 156  33 126 203  10  66 245][110 122 236  20 237  89 149 157 219 254 180 173  74 237  87  27 141 228
 237  87 188  99 254 136 127  95 197 191 199 253 222 214][ 40 185  17  74 121 205  99 216 171  73 104   8 190 215  68 180 144  56
  66  88  19  26 250 117  31 220   1 106 210   2  70 170][114  77  22 172 155   2  86 111  61 128 234  11 110 171  37  84 248 229
  78 225 108 171   1 206 177 246 135  27  97 120  34  14][191  22 250  46 234  63 159  89  31 206 253 253  95 252 175 180 223  89
 215  39 173 167 237  26 242 255  33 190 223 255  42 245][112  36  17 223  13 236  96  39 235  43 235  72 230 178   4 246 224 246
 108   8  11  79 211 239 181 180 146  58   0   2 234  44][147 205  79 205 150 147 174 101 204  64 218 102  97  24 180 225 234  35
 146 237 245 169  37 253  34 105 170 194  29   8 249 141][161 252  53  83 213 223 229 255  94 234 112  24 178  88 180 165 217  58
  18   8 227 188 123  63  47 158  21  96  81  24 208 172][ 26 232  22 250  77 253 112 198 175  29 108   1  46 216 102 208 160  59
 227  80   6  47 154 241 147 241  18 107  82  23 111 142][173  98  99  69  92  27 234  88 117 224 247 222  83   8 157 180 124 140
  86 255 237 182 229 202  22  60 129 132 111 173 122 164][237  55 116 102 253  63  94  59 251 250 189  92 203 120 222 183 157 198
 124  62 189  99 249 142 191 217  37 254 202 239 202  23][109 112 153  99 156  47  66 152  98 249 169  76 211 113  89 184 157 204
  92 122 139  98 217   0 235 221   5 124 202 243  66  48][ 65  39  11 101 180 171 103  55 237  42 122 232 215 193 152  48 147  44
  78  46 193 180   0  78 228 188  32  16  64 250 195 161][184 205 122 254 213 194 214 101 148   4 230   3  99 233  50  65 120 254
 163 226 104 191   0 191 115 231 198   1 113 184 252 170][128 134 206 117 132  43 100 135 118 179  98  18 211  33   0  75 105 206
 106  24  58 252  67  34  76 162 119  64 225 216 192 128][  4 224 223 251  32 170  40 136  54  17  67 192 213 195 201  72 115  92
  42 218  19 208 207  81 140 162 235  68 160 179  33 160][ 90 111  90 236  27 192  63 103 173 132 250 163  45 199 161  80 102 253
 239 224  64 139 130 236 242 225 174 139  37  18  39 171][137 215  79 167 240  11 111 189  53 232 127 229 255 103 154 177  54 239
  86 239 229 248 109  77 228 233 103 132 111 182 195 249][121  49 122  96 233 157 116  87 233  61 164  12  46 154  22 191 160 175
  76   8 220  43 178 192 151 249  80  59  74   4 203  79][197  52 157 116 233 109 113  27 251 251 177  88 222 183  73  59 135  85
 126  24 177 103 250  66 213 218 117  62 200 113   3 177][197 240 149  95 152 141  71 188 186 185  33  92 246 211  72  51 145  70
 104  90 115  72 219  53 173 186  21 124  72   2 131  40][ 37 239 197  71 240  59 238 188 123 162 126 236 195  96 157 180  27 206
 226 110 225 242 237 110  46  62 101   4 199 255  74 164][125 111  98 100  17 219  71 176 225 228 175   8  75 227 131 150  16 228
 236 110  76 211 236 172 242 253   5  53  98 183  78 100][150 113  23 142 139  71 150 232 140 220 155  15 198 253  41 131 216 117
 235  99  65  99 154 248 177  16  79  63  89 127 165 147][ 66 189 148 153 249 237 188 231 190  59 184 185 172 190  64   2 205 123
 255 144  50  75 202 243 173  22 223 255 144  80 135 155][ 69  25 179  79 188 175 167  49 239 200 255  68 250 241 181 100 148 102
 126  14 145 169 123 248 225 188  34  18 218 235  65  37][ 86  97  82 139 139   1  46 200  47 160 203 130 140 194 109 212 127 221
 239 242  78   3 158 208 188 180 143  63  57 119  43   6][ 65 142 219 253 180 174 111 151 126   3 106  64 247  99 144 112 115 110
  40  28 179 156 133 111 236 190  54   0 136 194 225  40][ 79 255 189 146 219 213 183 190 154 253  92  45 252 254  78  99 197 123
 179 215 211  90 186 241 109  19 111 234 152  87 175 251][100 243 191 126 184 207  87 188 254 140  55 104 215 247 136  50 148 124
 108 106 224 226 250  62 235 255 101 188  64 179  71 115][208 213  61 237  58  79  87 184 164 106 168  40 247 119  41 114 150  85
 124  98 105  33 123  31 225 231  33  48 120 114   4  51][ 53 111 104  11  86 155 238 232  86 164 248 138  35 200 151 160 120 172
   2 239 204 178  77  62  54  12 165  32 125 155  90 140][126 113  96  70  95  91 214 232  67 228 189 139  74  92  95  52  25 220
 215  98 204  35 253 156 123  93   5  63 119  63  94 214][ 85 221  31 227 178 206 119 180 166 121 175   8 215 119  72 112 183  87
 124 106  89 193 185  55 233 239 101  84  40  50 135  51][ 84 112 150  27 137  37 160 200 238  59 161  80 204 210  73  90 233 221
 106 210  26  71 219 112 157   2 219 126 136  83  35 130][109 227 144  39 176  11  70 136 115 160 107 232 207  96 201 150  19  76
 236 122  12 240 205  42 172 214  37  52 226 243  11   5][ 50 133   3 140  29 171 128  99  29  33 203  90  38  34  32  80 248 175
  74 129  60 155  65 223 153 182 154  83  16  72 176 142][114 243  18 186 123 201 144 237 175  53 160  41 174 218 110 144 170 187
 207  81  86  11  10 245 187 208  31 123  82  12 143 143][ 50 166   2 153  28 171 160  67  30  33 201  90 166 160  32   0 217 171
  74  17  58 191  65  87 152  22 154  82 208   8  49 130][244  32 157 224   8 108  81  24 160 182 165  24 151 151  73  27   0 148
 109  58   8  71 242   0 209 193  97  60 160 163   6  98][205  18 237  71  32  62 105  24 116 123  87 244 223  55 152 121  55  92
  61 174 161 212 237   4 198 235 240 196 174 163   0 113][205  88 151  95  41  30 102 184 249 186 247 120 223 114 141 255 146 116
 124 106 225 229 235 106 150 250  99  20  74 177  67  37][ 98 168 168  26  93 217 145  72 139 244 164 139  34 204  94  16 152 169
 235 149  14  99 254 209  91  20 137 127  85  14  86 214][ 36 105 207 159 205  75 167 232 198 182 207 130  99 232 123  15 121 236
 234 243  72 243 127 184  61   2 197  21  85 123 124 224][ 69 103 196   7 184  58 110 152 107 174  59 237 195  96 223 158  19 198
 108 126 148 240 205  42  44  30 101 148 206 247 218   5][104 189 149 241 189 237 117 167 171 145 168   8 190 187  64  26 129 247
 127  16  91 107 211  68 253 223  87 120 200  64 195  42][208 215  28 189 168  14  93  55 180  63 134 149 247  39  10  91 196 151
 109 164 120  73  65  53 227 227 254 145  48 208 132 123][120 176 189 122  41 237  81 214 163  31 165  24  63 215  72  27 129 178
 237   0  58 111 250  49 211 227 112 121 242   1 198  98][  9 238 211 115 244 171 111 183 127 131 122 240 191 227 176 112  51  42
   6  28 243 188   5 127 236 158  53  64 238 200 193 168][179 173   2  26 217 199  70 237 215   0 232   8  98 208  38  20 216 170
   2 113 126 171  82  63 185  22  14  91  80  10 186 142][124   9 175 206 173 226 199  65 228 140 223  34 210 255 177  98 216 246
  63 202  24 163  42 234 243 191 166 155 144 123 244  99][122 107  40  41 109 221 201  79 107 236 180  13 139 140  87  28 136 172
 237  85 142  58 230 144 215  89  17 121 215  28  94 206][ 65 174 147 127 176 170 107 151 126 131 106  80 191 227 144 112  55 110
  14 156 179 156 133 127 236 190  54  64 168 192 227  40][ 73 128 175  85  48 222  41  23 172  89  71 128 189  23 146 120  38  60
 125 156 147 152 181  69 199  59  58 192 134 132   1 121][237  36 181  83 173  63 224  24 123 251 183  88 222 120 221 191 145  76
 126  62 177 244 233 194 142  94  65 118 202 239  90 165][ 17 136 237 253  52 155 232 182  86  97 242 198 243  40 144 224 122 238
  62 141 173 248 101 191 132 239 242 192 237 136  88 188][160 185 119  89 207 201 181 103 222  21 116  16  56 151  36  37 170  56
  66  80  83 252  50 117 109 154  86 107  83   8 199 226][163 236  38  27  77  31 230 238  95 115 254  78 168 152 158 165 201  74
  82  79 231 191  93 247  54  26 215 126  89  29  90 140][ 86  47 134 158 202 224 190  72 183 134 217 163 108 238  35  91 110 255
 239 195  40 203 139 232 180  38 222 155 149 119  37 202][250 184 189 250 235 253  85 207 187 119 164  24  46 255  76  59 175 179
 253  16  59  79 186 243 219 219  85 127 210  64 135  59][252  96 152 114  41  13  80 136 235 178 165  24 147 145  73  27 137 212
 236  90   8 103 218  32 219 217  85  61 194 177  78   2][ 73 157 185 110 116 157  71 159 126  73 122  72 183 248 145 240 148 234
   6  72 139  58 233  63 181 253  32 168 112 139  67  41][193 172 150 154 233 173  52 231 255  27  32  24 174 242 100 159 161 107
 110  28  54 109 154 119 189  18  87 123 192  92 139  15][ 33 160 247  89 244 139 233  23 118  97 118  80 179   1 148  61 123 174
  22  24 147 248 101  21  12 238 118  64 239 136 210 168][ 89 158 190  92  57 220  81  50 239 204 174  13 234 226 134 118 128 228
 236  76 141 105 243  65 219 251  64  91  74 165  78  95][182 199 110 175  28  75 207 236 148 230 155 163 115 108  59   3 120 229
  77 231 108 231 109  63 240 227 239 145 117 186 116  90][105 113  73  33 104 204 120  85  33 105 118  77  19 135  66  88 108 140
 247 204  94 154 209   1  86 233 176 225 105 129 234 219][ 77 181 107 239 240  26 111 185 116 232  95 236 255 102 154 112  54 239
  92 239 249 154 237 109 252 237 175 196  45 230 243 245][ 33 165 103  73 116 187 169 115 124  97 122  66 248  40 148 165 122  46
 114 189 179 248 101 221  44  30 130  64  79 140 241 172][ 93  45 171 230 149 230  79 101 241 201 223   2  91 255 112  96 248 239
  29 253  89 147 184 202 249 237 175 200 169 114 176 114][ 10 164 129 179 217 249  16 143  59  53   8  25 172 190  72 144 129  27
 233  17  54  72 203 183 173  87  28 127 144  68 159  78][ 33 134 108  71  52 187 235  50 116 110 255  36 243 104 158  48  26 166
  70  46 189 184 101  63 102 143  32 144 109 138  90 205][161 148  29 127 188 175  69 191  94 107  98  92 243  49  24 113 221  14
 126  28 251 252 113  63 237 190  52  80 216 200 208 184][ 83 213   7 164  51 222 126 103  45 105 202 199 108 190  46 244 182 135
 253 165 221 153  49 221 185 116 142 130  10   6 163  93][  1 244 185  37 177 108  55 207 122 251  40  24 150 177  72  58 145  78
  64  25  19 216 209  34 173 148  20 102 192  80 131 234][220  80 239 229   6  70 109  18  49 166 198 146  87  55   1  91 102 212
  61 170  72 215 177  10 209 162 242 128  34 241  52 112][252 113 153 100  40  76  87 184 225 170 166 104 255 119 193  59 134 212
 108 106  73 101 187  32 243 251 101  24  98 243  70  33][226 171 104  28 124 217 233 231 251 117 116 173 170 136 214  21  11 174
 102  29 246 122 230 245 126  56  80 233  71 140 222 204][ 90 121 122 236  27  81  29 109 175 196 133 171  44 255  38 116 102 177
 255 193  76  11 246 221 251 231  31 187  55  38 167 122][ 68  73 150 190  49 140 126  96 237 136 106   0 238 242  33 116 162  99
 108  74  64 137   2 237 177 246  14  10   0  51  35  46][164 253 121  90 250 193 215 253 159  29  60  42  48 215 236  52  91  90
  23  82  82  46 106  55 111 136  37 239 115 154 230 235][120  59 217 126 169 224  95  58 176 142 236 160  63 247   1  58 204 243
 253 210  58  74 226  43 195 231 112  25 242 193  38 123][252  56 189 118 169 237  81 144 235 186 183  24 127 251  65  59 129 244
 236  90  43 103 250  32 219 219 117  59 226 241  70  35][ 32 161 146  43 221 171  98 207  86  33 232   8  34 225 104  64  88  42
 106  24  26  59 201  51 253 164   5 109 240  74 254 138][193 199 254 165 160  46 125 190  56 191  62 181 223  39 202  91  55 199
 125 108 248 216 225   2 238 255 126 196 164 240 133  91][109  99 192  39 244  13  78 152  67 232  61 204 211 225 219  50  24 204
  84 127 205 114 205  40 238 156 165 252 239 255 218 128][252  97 216  97 137  91  87 152  99 178 165   8  83  81  75 187 144 196
 108 122  72 102 249   0 223 201  69  53  98 251  78  34][  9 251 123 100 112 155 255 247 233 232 116 236 191 157 148  49  30 125
  85 110 193 185 164 125  98 217  37 160  78 176 195 185][ 86 253  18 190 155 213  30 232 175 192 137  11 108 222  45 212 254 249
 255 227  78   3 154 253 187 244  15 123  16  55  47  87][252 123 249 100 164  90  87 152 113 238 182 108  91  85 219  59  54 212
  84 106 233 246 233   8 242 233 101 180 103 243  70 113][ 92  90  43 238  72 196  89  80 165  78 199   1 118 223  35 122 196 245
 125 226 200   7 178  73 211 163 234 153  48 179  36 123][  2 162 196 155 235 160 184  73 174  23 209 183 140 206 106  75 239  27
 175 149  18  68 203 209 156  48 218 239 148   4 165 211][ 41 168 109 119  72 217  97  55 127  85 126 144 179   7 128 112 106 142
 110  12  19 184 247  53  71 233 114  64  99 128  70 248][114 133  18 172  89   2  68 103  61 128 234  11  38 162  36  84 248 167
 106 161 124 155  65 207 177 182 154  19  65  72 162  14][237  53 116 114 253  63 222 123 249 250 189 125 203 120 158 191 191 199
 222  63 189 111 249 206 190 251  69 118 206 237 202  23][176 237  17 125 157 207  71 174 118 162 234   8 243 241   1 112  16 110
 104  74 105 168 249  63 225 230   5  16 112 121  86  42][ 65  41  26 165 157 141  96  97 237   0 186  72 191 138  16  48 232 167
  78  73  29 235 208  76 181 184   2 120  72   2  75 140][177 207 109  77 116   3 239 255  84  98 254 198 115  96 180 100 122 206
  22 238 233 186 109  63 100  46 165 132 125 250 240 236][ 39 102  98  73  93  31 232  88  93 226 245 206  72 136 159 173 121 140
 210 175 237 247 117 204  22  26 209 182  79 175 122 148][ 90 123 206 165  34   2 124  23  36 132 218 231 237  35  19  88 118 237
 237 197 204 208 197   8 246 225 238 129  44 240  40  25][167  98 228 137  76  59 168 200 206 247 144 183 200 136  95  11 109 205
 251 247 134 119  79 208  28   0 203 245 157  61  88 212][184 206  94 252  21 210 246 231 148   6 230  19  99 233  32 193 120 252
 163 226 104 183  16 175 115 231 198   1 115  56 252 138][252 120 188 116  40  77  85 148 227 190 166  24 215 147  65  59 129 212
 108  74  72 101 243  32 211 251 117  56  96 177  70  42][ 98 167 246 154 251 241 188 239 187  81 188 187 172 238 110 182 239 155
 239 145  54  75 238 247  63  54 158 251 149  68 175 223][144 174 140 117 148 171  97  55 118 167 230  16 179  33 128  73 105 174
 106   8  56 252 101  30 205 231 114   0 224  72 212 168][121 227  16 106  57 157  74   8 163  60 165   8 239 195 202 148 144 128
 236 110  78   3 234 149 146 217   1  63  82 135  74   4][197  52 149 117 232  44 113  26 251 251  49  92 222 179 201  59 135  85
 126  24 177 102 219  66 213 186 119  62 200 113  67 161][  2 181 182 152 219 241 180 239 187  87 184  59 172 254 110   2 239 155
 251 145  54 107 138 247  61  22  30 251 213  68 175 223][161 180  29 125 188 175 101 191 126 123 114  92 211  49 152  57 145  14
 126  60 179 252 121  31 237 186 117 116 216 200 210 161][252 120 159 118  41 237  85 152 171 186 181  56 255 251  73  59 167 247
 236  82  42 103 250  32 211 251 117  59 226 243  66  43][  1 132 101  85  52 155 225 127 124  97 122  66 179  40 148 101 122  46
 126 168 241 248 101 221  12  58 114  64  71 136 209 236][ 85 197 199 175 148  14 111 252  54 226 203  70 113 227 185 240 121 206
  59 238 233 208 221 239 252 174 207   4  44 243 242 160][ 53 111 106  13  86  27 230 232  84 228 248 131  99 200 183  32 120 236
   2 239 204 178  69  30  52  13 163   1 125 190 122 140][208 213 159 228  42  74  87 184 162  56 174  40 215 247   9 115  38 213
 125  98 105  65 187  29 241 227 101  52  32 114   7  51][ 58 115  41 160  45 221 213  85 171 236 180  13 175 141  83  16 136 172
 221  85 206  59 240 144 243 213  20 187  70  30 214 250][205  48 237  71  96  62 105  24 127 123  87 244 217  87 158 255  55  76
 125 190 161 212 253  66  70  59 241 196 174 231  82 117][  1 172  83 107 176 170 106 183 127   3 106  64 191  99 176 244  51 106
   2  28 179 152   5 127 172 190  22  64 248 194 227 168][252 240 188 122 169 237  81 220 163  29 165  56  31 215  74  27 129 147
 237  16  58 103 250  49 219 195 112 125 242 145 198  99][208  84  61 236  58  75  87  56 164 238 166  40  87  55  32 115  54 245
 109  98 105 133  57  31 241 231  33  20  48 176   5 123][ 79 253 189 158 219 213 183 252 138 220  92  45 252 255  74  35 197 123
 247 195 199  75 250 253 111  21 175 235  26 118 135 251][126 125  96  68  89 223  86 248 243 236 188  41 106 253  87 180 156 253
 213  98 206 107 250 255 123  93   5 191  99 191  94 255][ 33 161 125  83 244 171 233 247 126  41 127  96 145  65 156  52 127  10
  22  28 147 184 109 125 108 142  51 196 237 138 194 161][ 35 237  38 154  77 159 246 238 223 127 248  15 138 168 118 161 201 195
 106  71 206 107  94 245 191  30  87 126  89  29 123 142][116  31 123 254 180 224  87 119  85 140 223  98 179 247 161  96 216 254
  29 154  88 138 232 174 249 253 174 203 164 250 244  99][ 82 160 156 186 137 252  16   7 187  23 128  25 174 186  74 218 129 147
 233  17  30  79 146  17 155 215  90 123 144  68 143  14][ 93  85  44  63  40 126 159 184 236 214 142 132 255 103 155 227  22 101
 253 239 229 193 255  61 227 235 111 148  14 247  13 112][122 250  97  58  93 221 210 200 131 236 177 169  43 220  95 144 152 185
 213 195 206  35 250 181 155 213 137 187 119  14  86 255][237 121 213  68  96  78  71 180  97 234  38 104 219 115 129 183  22 244
 108 106 105 114 241  40 119 184 101  16  98 242  66  41][ 73  25 179 110 180 157 207  19 127  73 122  76 191 240 181 224 150 106
  62  76 155  56 249  59 181 253  34 136 216 139  65  45][ 65 140 131 125 148 174  99 135 118   3 106  16 179 163  16 112 113 238
  40  28  59 156 209  63 173 174  54  64 184 192 224  40][121 177 122  96 221 221  81 117 233  77 173  12  15 154  14  48 186 129
 204  72 222  43 176 149 243 253   0 127  99   6 234  79][123 173 163 164 173  88 148 167 235 233 154  41 206 188  86 178 129 103
 252   1  93  75 230 194 187 119 207 191 132 118 223  79][ 84  73  18 206  56 142  54 224 237 136 235  64 126 210  33  80 178 121
 110 106  64 163 138 108 177 180  15  10   8  51  35   3][175 175 228  85 218  59 230 239 126 226 254 234 225 104 159 181 121 206
 226 166 229 246 237  62  46  15 229 165 237 252 218 140][250 188 191 242 203 237  81 199 187  51 164  24  62 255  68  63 171 187
 253  16  59 111 186 243 219 211  85 127 211  64 166 187][108 250 187 110  56  15  83 184 252 172 119 108 215 247 137  48 150 124
 108 106 192 160 250  14 235 255  37 188  64 163  71 115][111 103 193  71 215  26 206 248  83 166 253 206  75  97 223 148  89 204
 164 238 233 242 237 170  62 109 133 180 239 255 218 228][221 239 252 183 160  14 127 182  58 190  62 109 255  39  67  83 135 199
 125  79 232 216 233  42 238 255 119 132 160 243 131  75][ 32 230 101  77 127 219 161  95  79 101 124 168  34  28 148  52  90  56
 194   8 195 186 101 157  39  30  17  51 119 156  86 237][239 118 245  87  45  63 226 152 251 250 183 124 202 248 223 191 147  68
 254  62 165 101 239 226 134  91 101 183 206 253  91   5][214  43 134 158 203 193 190  73 167 132 217 163 108 230  33  90 110 247
 239 210  88 203 139 234 176  54 206 155 149 119  39 210][197 188 159  26 155 236 183 239 254  95 228  92 236 242 106 223 167 123
 234  16  55  79 186 115 185  50  95 107 152  81 171 223][ 90 148  62 124  83 196 177  39 169   3 234  25  60 191  36  82 162 183
 249 129  48 141 144 207  83 127  90  75   1   4 175 122][134 121  31 140 203  71 151 248 142 220 214  15 246 244  99 131 204 117
 250  99  65  99 186  88 177  49  79 190  88 122  45 115][ 84 114 147 128 137  69 163 216 238 254 160  78 222 210  73  90 249 221
 110 242  11  71 187 112 157 128 207  62 136  49  39 147][ 82  91  78 175  66 130  62 101 173 132 254 231 109 135 163  80 110 191
 239 226  72 155 135 237 246 225 174 131  37 150  47 217][124  97 248 100 137  73  71 232 227 180 172   8  83   1  65  19   8 212
 108 106  72  99 234   8 243 201 101  61  97 251  70  34][252 112 153 116  40  13  85 148 227 190 166  28 151 147  65  26 129 212
 108  26  74 103 211   2 209 251 117  56 192  48  70  43][ 74 189 150 187 249 237 188 231 190  59  72  24 172 182  96  66 205 123
 251  16  50  73 210 247 173 215 222 123 144  64 135 155][ 36 229 175 158 141 219 167 232 134 254 207  11 224 244 107  39 217 248
 234 227  74  99 251 185 121  19 205  63  80 127  52 230][ 86  49  83 137 155  67 110 201  47 228 235 143 204 194 109 212 250 141
 202 243  79   3 221 216 189  48 143  63  57 118  47 150][ 76  33 154 183 180  44 120  19 170 151  15 145 159 231  91  90 167 239
  61 157  22 208 138  64 207 245 251 133 164 225  13  67][212   7 110 175  44 106 207 184  84 230 155 135 243 108  27  67 121 230
 109 231 236 229 109  15 240 163 239  21 101 251 116  64][236 172 252 119 236 105 119 159  58 183 182  24 247 251  73  27 155 246
 110   2  42 116 203  35 239 255 117  84 224 241 199  35][  6 162 148 155 235 224 184  73 174  21 209 179 140 198 104  90 111 155
 239 144  18  67 203 209 156  48 218 239 148   5 165 195][197 240  21  91 136 141  67 184 234  49  32  76 246 211  72  55 129  70
 104  90 115  64 219  53 173 154  69 124  72  19   3  32][ 40 121  75 105 232  77 127  85  36 104 116 109  17  23 128  80 108  12
  87 206  83 154 209  32 103 169 160 224 105 146 226 219][232 169 145 241  93 205 113 102 123  33 168  24 190 179  64 148 233 179
 126  24  27  43 211 247 221 221  22 122 202   8  67  42][114 133  19 140  89 226   0  99 157   9 235  89 102 162  36 208 216 175
  74  32  56 139 194  95 144 182  26  27  80  72  34  14][ 41 243 120  65 117 157 226 212 111  45 124  76 154 152 214 180 156   8
  70 124 198 186 240 117  46 221  37 108  75 154 203 141][ 89  59 202 165 176  10 104  19  52 192 218 229 183   3 146 208 118 175
 253 141 205 152 197  72 230 229 170 128  44 224  40  25][ 82 172  22 188 155 205  20 231 171  19 160  25 174 250 100 147 161 179
 232   1 126  75 146 117 185 210  94 123  80  68 171  14][ 41 173 121 109 116 157 107 190 119 105 122  72 179 169 152 240  26 206
   6  72 139 186 229  63 110 173  36  96 108 138 210 169][ 90 241 120 236  27 215  27 120 135 200 189  42  63 223  38 112 254 177
 253 227  78  11 251 221 211 245 139 191  51   6  39 123][ 83 209  39 134  18  82 171 101 173  68 206 162 124 182 182 116 182 151
 127 229 193 153 181 205 177  48 138 130   4   6  39 125][118 111 194   4 139  90  86 234  51 166 170 173  66 224  71 158  49 220
 232 242  76 211 207 106 186 102  77  63 231 117 174  22][237  60 244 114 237  63 252 251 249 251 183  29 207 121  31  59 143 199
 127  53 189 111 251 238 223 251  85 126 203 237 202 215][ 97 160 148  19 201 173  32 175  62  59  33  24 214 112  72  25 145  10
 106  24  51 120 219  21 141 146  85 124 200   8 211  32][146 210  82 186 123 137 144 236 143  20 176 171 174 202  44 129 238 185
 207  65  70  47  10 245 146 208  26  59  21  14  47 143][ 11 176 149  81 121 221  56 159  47 121  34  24 156 151  72 176 135  31
 123  16  23  88 243  85 207 217  24 230  74   0 131 155][137 213 111 175  32  31 111  61  61 120 119 228 255 103 154 243  62 196
 126 238 225 240 109 205 230 251 103 132 111 182 203 241][ 80  46 157 165  56  10  75  51  52 174 138  49 215  35 128  82  19  71
 109  40  40 220 193  14 224 231  51 144 160 160   7  41][166 230 196 155 236  47 204 207  31 183 185 159 200 238  94  75 221 203
 255 151 122  87 219 211 191  30 223 252 148 252 150 208][ 65  98 149 181  40  44  72  24 174  58 131 204 199 130 201 223 134  69
 108  14  11  69 195   0 128 240 123 188   8 177   3   5][ 98 176 101  25  93 217 177 239 139 117 244 187  40 156  94 183 105 158
 243 145 219 122 246 213  31  16 155 107  71  12  86 254][232  53 217 127 249 108  91 158  50  27 228  56 255 119   9  59 221 219
 236 224  59  70 251  59 215 231  48  57 242 193   6  43][ 39 100 102  77  77  63 232  72 109 226 251 199  72 136 191 172 248 140
 218 175 141 179 117 200  22  58 195 166 223 255 122 212][ 32 160 109 105 108 105  97  27 110 121 118 248 179  23 152 120 106 158
 110   8  27 184 231  17 199 233  50 192  97 128 198 184][104 185 252 119  40 221 123 184 107 188 183   8 255 127  72  50 135  87
 253  72 202 120 251  61 239 217 101  49  66 130  71  43][  1 241 153  33 177 141 180 223 122 121  40  92 182  49  64  48 153  78
  64  24  83 248 209  35 237 149  21 100 200  16 131 171][ 83 153  26 190  57 149  19 105 175   8 245   8 126 210  38 112 242  57
  94  99  70   3  26 221 177 244  11  59  24  34  43  15][126 243  49 226 121  77  90 248   3  56 177 169  95  93  72 144 157 217
 213 103 206  34 218 181 251 213 173 255 119  15  30 211][221 122 244  87  45  62 246 152 251 250 183 124 207 200 223 191 183 229
 236 127 165 101 255 234 150 251 117 190 206 253  75  85][122 245 112 126 121 221  94 253 243 229 189   9 106 253  94 180 159 250
 213   8 206 107 250 191 123 221   5  59 103 150 206 206][  1 128 109  69  52  43 233  55 124  97 254  82 147  33 148 100 106  38
 126   8 145 184 101  93  68 190 114  64  71 136 209  44][252 240 254 114 169 205  81 221 163  29 165  57  31 215  74  27 135 147
 237  16  26 103 186  49 219 193 117 125 226 145 134 115][252 114 215 118  41 173  80 152 171 186 178 124 255 251  73  27 167 245
 236   0  43 103 218   1 219 251 101 186 234 240  67  19][204 113  59 108  48  15  83  56  60 172 118 108 223 215   9  16 150 125
 125 104 224 180 113  14 227 255  33 148  64 162  71 115][218  51  63 140 139  87 181 121 140 236 158  47 220 246  99  99 204 245
 255 227 201 203 243 200 241  33 111 190  26  62  37 251][ 93 255 252 183 176  14 127 176  58 238 175  77 255 115  75  82 151 247
 125 126 200 208 217  42 237 255 103 144  32 243   3 115][108 120 152 112 249 237  81 146 235 185  36  12 151 145  65  26 129 254
 108  24  11  98 218   0 223 221  21 120 202  73  66  34][163  81 109 108  42  79 159  60 136 232 180 237  83  29 183  50 158 241
  85 103 205 167 116   8  99   9  97 144 125 187  86 115][227 235  38 184  77 157 214 230 223  61 176  13 174 168 118   0 201 227
 239  69 238 111 114 183 187  94  21 123  80  12  90  78][106 184 187 112 203 253  81 199 251 123 164  24  62 255 100  59 169 187
 255  16  59 111 186 243  95 223  85 123 219  64 231 187][  2 189 182 153 219 209 188 239 191 119 216 179 172 190  98   0 239  59
 251 145 118  75 130 247 189  22 158 239 148  68 175 223][207  98 229  69 100  58 233  24 127 242 119 244 217  76 221 255 119 204
 127 190 161 244 237 194   6  58 227 196 239 247  82 245][119  53  11 137  27 103  43 104  47 224 234  15  70 246 111 116 248 157
  90 225  13 131 213 220 189  32 139  62  57  98  39 246][ 93 120 191   0   9 127  49 216 238 252 182  76 156 150  67 254 253 220
 238 244 131  71 251  80 219  17  39 190 138 117  39 243][216 177 152 116  40  12  85  53 168 186 166  76 183 179  64  91 132 247
 108  74  72  73 211   0 211 233 112  56  72 112   3  43][ 56 170 230 191   5 187  97  75 118  23 199 147 227 225  26 204 121 174
 234 157  58 252 111 181 222 103 211  65 231  12 220 200][216  90 253 244  42  74  93  56 162 182 166 184 119  55   1  91  38 213
 237 226 104  69 171   8 209 227 119 181  32 241   7 107][ 90  75  78 175  98   2 126 117  36 132 222 231 237 195 131  80 126 253
 239 230 200 154 197 237 246 225 174 129  45 182  43 153][108 185 190 117  57 207 123 176 235 189 174   8 159 255  64  18 132 245
 109  90  74 120 216  33 239 249   5 113  66 162  70  42][133  52 149 113 232  45  97  27 255 251  51  92 158 179 201  59 133  85
 126  24 179 116 251  66 141 154 119 110 200  97 195 161][ 70 245 190 222 137 197 150 200 142 176 137  40 244 246 109  98 217 117
 123  83  66  67 218 113 185  54  15  63  16 123  37 166][145  78 207  55  18 162 111 182  52 130  98 212 113  99 145  81  49 110
  32 174 104 220  13  47 236 167 229   0  45 240  32  40][230 224 175 140  29  91 147 232 142 174 149  43 198 244 111  70 216 116
 238  99 104 103 234 223 249  22   7 191  80  46 116 231][246 110 130 158  89 193  62 104 191 140 209 179 236 238  33  82 252 255
 239 210 104  71 203 250 177  48 142 155  17 111  39  82][175 174 228  21 219  27 164 235 118 230 246 187 233 232 150 165 121 238
 226 165 188 254 239 159  30 111 215 181 239 108 122 204][210 183 229 153 186  33 185 251 191 247  25 247 236 238 218  71  55  87
 255 149 183  73 143 211 220  38 255 238 188 228 165 121][ 57 103  99  45  84  91 226 104  84 228 248 167  99  72 179 128 120 172
   2 239 204 178  69  31 116   7 163   1 125 174 126 220][ 90 177 146 176 179 148  60 143 171 153  11  17 140 250 106 218 167  31
 189 145  22  73 154 192 185 245  30 239 128   4 169   7][133 180 149 113 172 175  97 159 126 123 115  92 214  49 216  57 133  14
 126  28 179 252 251  21 205 154 117 116 200 200 194 185][ 61  31 123 104 116 221  83  81  97  76 253  13  27 157  50  48 252 168
   5 124 159 187  48  12 251 205  32  77 115 138 230 243][ 22 162  28 185  74 193 184 200 174  21 144 179 141 134  72  91 111 153
 239 208  18  75 195 209 220 193 235 255 148   1  37 195][184 179 107  96 116 205  83 117  33 108 245  13  23 157  90  48 188 152
 213 109 217  58 176  28 243 201  32 249  99 138 214 243][ 68 188 191 158 219 245 183 254 254  95 228  20 252 246 106 125 183 123
 234  18 183  75 186 119 249  23  95  58 152  80 173 127][220 255 159 181 155 251  63 246 191 254 254 189 223 247   3 223  55 247
 237 210  49 221 187 254 251 231 127 151 170 245 175 115][129 172 128  89 149 171  96 135 118   3 106  16 179 163 192 244  81 174
  42  28  59 188 193  55 172 190 148  96 146  72 226  40][ 93  85 172 108 168 126  94 184 103 238 142  13 219 255 147 114  22 213
 253 111 204  65 255   8 243 239 109 157  38 247   4  82][252  13  44 189 140 110  79 187  20 230 142  17 211 109  19  67  89 230
 125  47 104 229  83  15 225 227 225  21  96 249  84  98][ 60 253  26 238 121 207  87 233 191 140 233   9 127 255  35  16 216 249
  95  98  74  35  90 127 243 245   7  59  88  35  39 210][ 53 197 199 239 213  14 110 252 119 226 235  66 115 243  57 244 121 204
  58 238 105 210 253 111 189 174 135   4  41 243 242 160][116 223 122 238 246 130  87 247  77 140  92 230 231 235 161 112  94 250
 134 114 216 186 236 175 250 229 167 201 180 250 244 169][ 41 168 195  89 213 175  96 199 119   3 106  80 179 163  48 212 121 170
   2 156  58 188  87  55 172 206 150  64 250 192 250 136][ 43 161 229  81 237 189 224 111 123 249 112  88  10 184 212 189 137 142
 210  29 191 122 246 212  31  90  85 122 207  12 218 132][ 97 241  93  69  96  94 103  53 105 232 126 108 115  49 132 183  54 196
 100 106 193 250 245  77  54 187 101  16 107 160  74  61][ 73 137 121 109 244 159 107 151 118 105 122  76 179 168 145 240  30 238
  22  76 139 184 101  63 238 173  32 168 236 138  82 185][124 247 105  99 112  95  87 248  99 236 189 173  83  93 203  48  28 220
 213 102 204  50 249  60 255 205  37 245  99 187  94 243][ 75  41   7 165  48 154 108  55  45 232 218 196 191   6 144 240 134 165
 124 157 221 152 229 142 172 253 174 128  44 132 131 125][231 104 238  87 108  30 239 252 251 250 246  24  80 236 223  63  63 236
 119 110 225 247 239 234 118  58 229 164  71 243  82 229][120 185  56 236  59 213  91 120   3  72 188  40  63 223  32 112 222 153
 221 226 202  11 240 189 243 253  35 190  50   3  38  51][ 68 107  26  14  56 134  34  96 236 128 235   4  78 194  37  84 178 101
 106 106  65 163 154 108 176 180   3  10  72  51  43   5][ 42 178 115  73  85 219 164 103  95 105 115 250 170 156 180 164  92  56
 210   1 215 188 100 215   7  28  16 115  87 140 212 253][ 32 227 107   1 116 155 239 101  97 100 125 173 131   8 222  20  24 136
  70 125 222 186 108  28  46  28  37 101 103 142 214 212][ 37 173 125  67 244 171 235 215 126  33 126  66 145  65 148  52 123  42
  22 156 147 184 109 117 108 140  39 192 205 138 194 161][253 188 188 113 169 111 117 155 251 243 167  28 222 243  73 186 179 119
 124  26  51 101 219  50 223 223  85 126 202 113 203  34][215 148 142 154 139 164  56 200 190  91 193 149  76 242 106  91 231  67
 251 151  54  71 154 119 152  54 219 207 152  71  43  23][255 175 228  86 207  51 222 239  83 182 252 187 105 232 223 191  89 206
 224 167 252 247 238 186 122 111 197 191 231 253 254 198][252 180 253 111 248 110  89 156  50  63 165  56  91 119  72  59  23 221
 236 232  42  86 251  19 215 235  97  61 242 243 198  35][ 38 164 196 187 237  47 236 239 159 191 185  31 207 236  94  11 217 207
 255   5  58 127 219 211 191 222 223 253 209 124 215 210][149   7  79 254 150 162 239 117 212   2 219 246  81 227 184 105 127 230
  22 174 249 151  12 239 240 174 250 128  61 251 240 161][ 33 217  91  67 108  77 239 245  44 104 190 100 179  23 148  32 108  16
  95 238 201  43  81 111 118 141 166 144  73 154 227 185][124  50 249 100 170 104  85  18 162 190 190  56 151 183 193  58   7 244
 109   2   8  71 227   0 211 229 117  61 224 241   6  99][220 242 190 114 171 205  81 221 187  29 165  57  31 215  74  27 167 145
 237  16  58  71 186  49 219 211 117 255 226 144 134 115][238  60 244 246 237 109 244 203 251 255 177  57 207 249  95  27 235 231
 255  17 186 111 203 226 159 219 119 255 198 109 215 195][ 45 189 123 104 116 207 107 113  33  72 124 236  19  21 176  49  30 184
  23 110 217 186  96  28 103 137  32 224 101 139  86 241][ 88  80  24 172  56 133  19 104 238  12 161   9 255 211  43  80 214 169
  77  99  74   7  26  29 209 241  35  59  16  34  35   3][226 238  36 186  61 221 212 230 159 223 160  25 174 204  86  16 137 163
 239  85 110 111 250 247 187  87  29 123  80  12 215  79][ 70 184 191 156  91 213 145 248 158 221 164  37 252 246 106 120 247 123
 251 144 147  75 186  93 219  55  95 127 152  32  39 251][ 41 171  97  73 244 139 235 151 119  73 118 196 179 129 148  52  26 170
  22  92 147 184 100  95 108  60  48 224 127 136 210 189][ 88 249  58 116  57 205 123 240 171  12 166   8  63 223  96  18 160 117
 125  74  74 105 178 125 251 217   3  59  66  35  71   2][ 44 174 209 103 240 175 103 158  63 167 126  72 255 227  64 144  59 254
 102   8  10 252 217  43 239 239  53  96 227 242 198 168][ 10 164 172 177 189 249 176  71 207  93  28 149 142 140 126  10 169  11
 203  21 150 105  19 208 207  81  26 111 212  76 159 222][120   5  44 189 140 111  69  47 180 166 142   9 247  53  19  91 193 166
 109  41  40 233 115  28 209 231 113  17 240 104 212 106][119  53  31 140  24 103 163 104 174 168 203   8 214 242  41 112 248 189
  91 161   8   3 211  92 185  36 139  62  16 106  35  34][ 43 187  51  89 117 221 186 115  95 105 113  90 168 156  52 164 156  59
 210   1 215 188  52 223  39  92  24 107  87  12 223 181][ 92  59 248  96 170  40  89  19 162 189 174 169 159 167  65  90   7 247
 237  16  10  75 195   0 219 229  53 189 224 241 134 115][ 69  48 151 113 168  44 113  23 250 251  50 124 158 179 201  59 167  85
 126  24 179  84 211  64 141 186 119 230 200 112 131  49][ 67 221  59 164  48 140 109  55 237  73  90  68 191 150 178 112 166  39
 124  13 193 152  48  77 165 252  58 128   8 146 131 125][ 40 242  59  40  81 213 120 119 227  69 104   9  61 143  42 208 229 187
 131 145 150 155  50  85 123 117  16 105  65   2 238 202][ 58 162 238  61  79 219 177  73  86 245 212 175 234 204  86 142 120 173
 235 149 140 235 231 153  94  67 219 123 231  44 126 198][ 60 234 166  27  77 217  81 200 215  85 199 153 106 205 122 142 201 238
 235  87  30 247 235 177  95  83  81 123 243  15 126 230][ 92 122 220 245  42  42  93  18 162 182 142 173 223  39  67  90  39 245
 237 128   8  71 211   0 211 231 125 153 160 241   6 115][114 100  43 140  60  67 146 104 141 232 217  42  70 214  37 116 248 157
  95 161  12 135 130 206 177  52 139 191  16  42  54 167][ 65 137 126  93  52 190 233  55 236   9 126  16 187  49 148  96  38  38
 110   8 146 184  97  71  71 191  50 192  68 128  65  41][  2 175  34 153 219 193 188 231 190  21  90 179 172 174 102  64 239  59
 187 145  86 155 130 247  61  54 158 235 148  68 173 206][188 245 120 107 124  79  95 248  19  44 181 136  83  93  91  17  30 217
 215 106 234  54  89  63 247 201  33 181 117 187  78 179][ 92 101 232 100 188  90  95 184  51 236 222  41 211 255 211 114  22 220
 125 111 200 210 233  10 251 237 165 189  38 243  94  83][ 92 188 254 118 235 249 118 207 251 243 190  40  95 187  65 186 163 255
 252  16  27 107 155 112 223 223 117 127 234 113 139  43][195 182 229 151 222  34 169 251  63 243 147 247  93 239 216  79 119 223
 127 189 179  93 143 215  28  42 255 228 189 228 177 241][ 48  67 111  45  20  75 226 120  84 224 211 231 115  13 179   0 120 172
  35 237 205 176  85  28 244  69 163   1 125 170 124 216][208  48 157 124  40 109  80  95 171 250 176 124 159 223  73  27 183 149
 108  48 171 103 210  64 211 251 113  62 200 224   3  59][223 122 253 119 172  30 126 156 249 250 182 124 223 254 223 187 167 229
 252 111 229 101 255 234 183 251 119 190  74 245  75  85][ 36 169  99  65 212 219 227 113  97 228 125 205 147  12 150  48 122 168
  70 125 219 186 116  12 110  12 161  96 111 142 214 244][ 91 107  78 175  34  18 110  53  36  64 218 199 233  66 147  80 126 239
 191 239 204 144 197 237 246 225 170 128  45 182  58 152][104 120 152 112  89 237 112  18 235 185  46  12 150 147  65  26 129 124
  72  24  11  98 210  32 223 221  21  56 200  81  74  50][ 93 120 187 193 203  95  48 220 110 248 178 108 156 151 193 250 237 157
 254  92 131  87 241  80 223   9  39 182 136  57  35 251][149 135 207 254 198  34 239 253  84   3 219 246  81 227 184 105 127 206
  54 174 249 211  47 238 120 174 255 196 189 251 240 161][253  78  71  37 144  42  79  58 113 194 234 212  83  97 145 245  48 230
 108 174 233 213   5  14 176 238 229  16 111 247 114  32][ 66 226 140 169  40 137  56 156 174  53 146 167 133 135  67  91 206 157
 111 212  10  72 195  80 204 193 251 245 148 128  37 209][ 72 116  56 100  48  15  91  56  41 172 174  12 223  87   3  18 150 245
 125 108 136 197 241  14 227 221  33  20  98 162  71 115][240 240  95 120  92 205  81  76 251 125 165  24  22 157  78  59 200 140
  76 112 127 103 242  18 219 137  49 127  64   8 198  66][107  33 228  16 253 189 208  79 235 249 189  29  10 248  94 190 137 134
 242  29 158  99 214 208  30  88  17 127 203  76 218 198][  6 145  30 186 139 244  24 207 191  31 129  49 172 254  42  75 199  19
 235 145  54  73  26 245 137 242  94  91 144  64 173 135][ 91 255 246 254 235 245 127 246  55 239 254 172 191 183 195 244  39 255
 253 140 219 219 243 251 255 255 119 171 162 245 167 127][ 69  65  26  12 122   6 182 104 236 136 235 100  92 210 161  80 242 101
  74 234  69 131 130  76 240  36  43  24   8  51  43   3][199  34 237  65 228  58 233  24 127 242 215 214 217  44 223 239 127  76
 126 191 165 244 237 194   6  58 235 132 207 247  91 245][ 58 181 112  94  93 221 219 249 219  61 189   9 106 253  94 180 153 250
 215  75 222 107 254 255 123  93   1 251 119 142 222 230][ 60  61  25 236 125 239  83 248   7 140 236   9 127 255  41  16 216 249
  87  98  10  34  90 191 243 221   1  60 114  43 102 242][ 87 176 135 184  91  38 184 200 158 123 130 247 220 254 105 235 253  13
 123 177  55  67 223  85 156  38 251 238 156  36  49 135][ 60 223 122 238 214 134 127 247  69 132 124 135 127 227 162  80 126 250
   7 110 218 186  28 191 126 237  38  72 191 250 228 185][  5 173 117  67 244 171 235 215 126  33 126  66 241  65 148  36 123  42
  54 152 147 184 109 125  44 156  35  64 207 138 195 172][105  95  91  37 112 142 110  54  33 104 126 237 183   7 145  16  22 239
  84  76 205 184 193  47 230 237  32 128 104 146  66  89][  4  31  15 175  48 142 175  49  44 136 251 229 245  39 161  81 198  55
  13 207 233 152  64  44 228 160 170 144   8  34  35  57][ 61  79 107 237  86 146 239 244 117 192 222 230 115 233 183  96 126 236
  22 239 205 187  37 239 242 239 167 128  45 187 112 248][ 86 153 156 186 139 228  24 207 175  29 137  17 236 254 104  74 199  19
 237 145  30  75 218 245 153 247  94 127 144  64 165  11][ 47  20 106 138 126 185 186  88 207  77  93 191 108 217 190   8  30 139
 215  55 134  50  78 247  86  29  32 235 223 207  27 211][ 88 121  91 246  11 200 115  96 169 132 227  41  62 219  33  16 162 189
 237  66  64 203 146 109 211 241   3  27  96  35  39  35][ 56 174 217 103 208 191 103 223  54 171 254  72 243 227  64 144 121 254
 198  24  27 184 249  63 239 239  37   0 235 202 202 168][252 248 254 120 171 201  85 220 187  63 180 189  15 223  75  27 167 211
 237  80  42  71 154 179 219 211 117 255 242 149 134 123][ 49  81  79  47  20  75 195 120  84 224 219 199  83  13 184  96 120 140
  42 111 205 176 125  28 244  35 160   0 125 138 112 248][117   5 199  69 176  46  79  55  97 226 171  76  83  35 145  54  48 198
 124 238 233 177 237  14 176 174 101  16 111 242 242  36][  6  50 170 176 172  45 177  83 142 159 149 189 158 157  74  10 141  17
 223  17 154 101 138 194 203  85  58 255 196  77 151 211][ 78 235 141 179  58 192 187 128 142 181 139 163 253 199  73  66 231 115
 251 211  66  73 203 241 205 129 175 237  20  11  37  27][ 91 107  74 173  18   2 110 117  52  64 218 199 241  67 147  80 126 237
  63 239 205 144 197  13 246 237 174 128  45 182  56  24][204 190 246 244 237 169 244 219 251 255 177  61 207 250  71  27 239 247
 239  17 190 111 203 226 158 255 119 251 204 108 207 131][165 134 207 222 214  34 111 249  86  19  91 246  81 227 185 105 123 206
  50 190 249 246  15 222 124  46 231 204 189 250 240 160][  1 140 173 157 144 226  41  51 118 115  75 208 177  38 144  96  67  30
  57 137 187 216 101  95 204  38 186 192 172 192 177  56][127  33 224  24 253 189 208  75 203 253 189  29  10 200  94 154 201 162
 223  21 158  99 254 144  26  93  21 123 215  78 218 198][ 88  49 223 116 235 249 118 206 251 177 188  40 127 251 201 186  51 255
 236 208  26 235 199 112 250 245  53 123 227 209 143 139][213 120 191 119 172 126 253 220 251 250 182 125 223 252 223  59 175 229
 125  71 237 101 255  98 247 251 127 148 196 113  67 125][199  38 239 193 228  58 233  88 126 243 215 214 217  40 223 107 127 205
 127 191 181 244 237 194  94  58 235 132 205 229 115 228][180 100 120 101 116  79 223 248  81 174 245   8  83  85 221  49  31 220
  87 106 232 246 121  30 119 139 165 180 101 187  70 224][230  60 150 190 233 229 156 107 159 186 161  25 174 254  33  91 201 247
 251 130  42  79 218 255 145 242 223  59 144 105  38 146][199 166 237 151 222  35 169  89  23 243 147 246 216 239 220 111 127 207
 123 189 179 215 207 214  28  10 223 228 173 229 177 244][ 65 248 159 113 168 172  49 151 254 251  50 116 156 183 192 123 167  31
 126  24 179 220 179  64 141 154 119 198 200 192 131 185][ 88 116  62 100  57  62  91  58 169 172 174   8 223 215  67  18 148 244
 253 108  72 133 176  14 227 221  33  20  98 162  70  98][120  37  26 140  24 107 131 104  36 168 202  42 214 146  32 208 248 149
  78 227  24 139 193  92 240 165 171  28  16  42  35  34][120  38  26 204 122 107 162  74 174 160 203 234 214 144 161 208 218 157
 202  33   8 131 193  94 244  37  43  63  16  42  47 129][122  48 174 142  79  81 145  72 135 245 149 139  98 220 126  34 248 157
 251 145  14  99 255 145  95  65 139 127  87  14  62 246][ 73 121  59 100  48 140 127  54 232  72  94  72 191 151 147 112 132 110
  93  77 193 152 176  45 241 253  34 128   0 146  83 105][  1 167 117  67 180 171 235 248 110  97 127 194 243  64 156 100 122  42
 110 184 147 184 109 253  44  28 163  64 239 138  65 164][226 172  54 186 173 253  80 230 159  95 160  25 174 220  70  17 137 171
 239   5 110 111 250 247 155 211  80 123  82  76 199  78][  8 157  63 125  49 172 113  55 237   9 122   0 191 187  32  80 134  51
 110   8 146 184  19 109 199 255 114 192  66 128 193  11][193  48 149 245  40 109  57  27  58 251 178 124 190  23  64  59 135  23
 124  16  51  77 211  64 205 178 122 250 200   0   3  59][ 88  59 154 112 184 140  89  23 171 189 174 173 159 135  67  26 135 247
 109  20  26  73 194   0 219 241  53 249 136 128 142  91][112 224  61 115   8 237  85 204 234  63 161  25 215  23  72  59 137 147
 108  18  42 103 251  53 209 131 112 124  80  25 199 226][120   5 188 247 140 239  85  55 182 183 175  24 247  49   2  91   1 182
 109   8  56 105 211  29 209 231 113  17 224 232 212  42][ 40 221  81 236 125 255  83 250  23  40 252   8 127 243  33 176 216 248
 150 106  10  50 120  63 255 221  33  60 114 251  70 170][ 81 112 187 195 202  31 180  85 110 232 182 110 180 151  65 122 236 189
  95  94 193 247 241  72 255   9  55 178 136  26 171 187][ 41  29 123 105 116 143 107 114 116  72 124  72  51  21 177  49  14 186
  23 110 225 186  96  60 103 137  32 192 117 137  86 249][122 249 112  88 253 253 219 222 227 125 188   8  42 221 214 180 137 250
 215  88 142 107 250 245 123  93  21 255 215 157 222 239][110 249 166  26 201 217 146 200 135  20 133 137 238 205 107 158 201 248
 235  83  74  99 250 177  95  81  69 123  82  31  62 118][107 244 232 255 248 181  93 191  55  75 254 189 255 247 202 112 223 255
 255 140 187  90 235 243 239 255 190 184 130 214 166 123][161 163  97  73 244 155 233 119 127  97 118 214 184 129 212 180 122  10
  22  28 211 184 100 215  44  28  50 224  95 140 210 189][ 33 207  81  77  52 143 238 182 116  40 122 100 179  32 181 224  26 108
   6 110 233 184 101  63  36 174  36   0 125 184  80 173][249 233 104  40  28 157  94 252  67  96 180 137  59 217  90  16 154 201
 213 117  78  42  93  61 251 201  37 125 125 158 218  74][ 96  12  30 254  93 228  83  35 197   4 239   2  98 243  33 112 200 178
  10   2  58 171 114 191 243 247 130  27  16 107 116  42][149  83  31 109  10   6  45 120 116 168 227 230  81 150 161 113 124 221
  46 226 201 215 133  12 144 160 227 132  41 179  32 161][204 190 214 177 174 169 252  87 191 187 242 253 143 251  66  91 175 255
 255  17 182 125 195 194 158 251 127 255 206 236 203 147][ 86 153 148 186 185 229  26 139 143  29 137  57 238 247 104 210 197  19
 237 145  30  75 219 245 217 215 159 127 144   3 173  11][118  48  43 136  15  81 147  72 134 244 149 171  70 221 127  34 248 157
 251 243  10  35 250 209 211   1 137 191  85  47  54 242][ 38 225 144 154 221 205 146 204 143  61 169  11  78 216 108 132 217 219
 226  83  22  35 202 241  25  20   5 127 209  31 206 134][240 227 217 100 250  89  84 207 115 185 244 168 191 187 204  50  58 223
 236 240  30 106 231  81 254 217  37 255 231 144 238  11][210 172  54 186 141 237  16 230 191  87 160  25 174 252  70  27 129  51
 235  17  50 111 154 247 155 211  90 123  80  76 135  90][126  41 170  50 189 253 210  75 139 189 189  15  47 237  82  26 137 171
 221  21  30 107 218 144 219 213   5 123 199  79 222  82][ 61  81 111 109  22  75  67 120  84 224 199 130  83  85 152  97 120 156
  58 111 201 176 125  28 241 171 161  20 125 171 112 112][ 93 124 190 247 172  62 255 220 254 250 182  24 223 253 219 107 167 117
 255  31 224 229 187 226 215 251 127 148 196 241   3 115][105 245 252 127 184 189  93 191  63  89 253 185 251 127 138 113 223 159
 255 156 254 202 235 125 239 255 246 176 144 210 194 251][ 84  96 189  97 168 105  69 158 166  63 184  56 151  87  73  26 201 147
 108   0  10 103 227  17 209 135 117 124 192  89 135  99][  7 182 221 161 242  43 184  27  46 243  27 245 205  42 216 138 183   7
 127  53 151 208 197  66 140  71  63 198 172 194 139 149][138 180 182 176 185 253 176  79 143 121 153 117 140 188 106 138 141  19
 255  17 182 105 146 210 139  81  62 255 202  76 173  87][ 90  35   4 189  44 133  25  24 142 156   0 135 253 199 113  66 132 125
 125 229  10  65 203 145 193 241 235 188  20  46  21  83][ 21 135 101  67 148 171 227 184 118 160 255 194 243  97 156 100 122 174
 110 254 155 176 109  61 108 174  35  64 103 139  80 164][212 127  63 230 170 107  23 136 170 190 163 169 215 215  65  91 166 245
 109  98 104  71 169  40 241 160 107 189   0 115   7  99][201 176 148 113  41 189  48  23  62 187 118 120 191  51 192 191 135  23
 252  24  51  92 211  65 140 251 114 226 202 192 139  41][ 72  59 154 240 248 140 121  23 171 157 166 141 191 135  66  18 134 167
 125  28  26  75 130  64 219 249  52 249 138 128 138  91][179 135  74 175  82   2 110 121  37  64 255 199 113  99 146  80 126 238
  23 238 205 146 205 111 246 237 170 128  45 166  58 152][165 134 207 223 206  34 235 249  86 147  83 246  81 225 248 107 123 204
  50 190 177 246 207 154  92 175 231 196 189 233 240 160][191 125 111  74 207  85 222 252 193  82 173 139 115 124  63  33 120 210
 211 231 205  35  62 190 115  73 197  61 255 127 254 214][ 41 175 218 103 244 175  99 223 119 169 255  40 243 227 194  48  89 238
  70  24 154 186 233  63 126 159  53  64 202 202 234 169][217 125  51 110  53 220 127 245 232  72 126  72 191 151  49 240 180 123
  85  78 193 153 176 175 243 253  34 128   2 146  99  43][ 92 121  18 238  11 192  18  64 169 128 227  42  47 211  33  80 162 189
 237 194  72 163 146 232 209 225   2  11  97  35  39  35][ 36 101 125 101 100  75 239 248 117 174 119  40 211  61 149  49  26 212
  87 106 104 246 105  12 103 155 101 132 103 251  70 225][ 86 250 219 186  43 201  25 206 171 127 176 169  47 159  67  26 167 249
 253 208  10  79 138 241 219 215  63 255 224 149  39 123][120  36 122 100  49 255  91 126 233 174 174   8  95 247   0 180 177 244
 221  40   8 161 176 142 243 255   1  17  98 246  70  34][ 71  38 239 209 228  58 233  19 127 243 218 214 157 168 215 111 103 143
 127 189 181 244 229 192  94  26 255 228 205 228 115 229][220  54 156 176 168  40  16  19 186 191 151 189 142 131 203  91 167  23
 237  16  54  69 138  64 218 211 123 255 128  65 143  19][ 56 244  90 230  87 207 115 244  55  37 109  10 127 215  40 144  58 251
 151  66  74 178  88 191 247 205  33  49 115 219  70 170][169 161  99  65 244 155 233 115 127  97 114 214 184   0 148 180 122 138
  18  28 243 186 101 223  12  30 144 192 111 140 210 188][ 56  29  88 111  85 255  83 248  55  36 236   8 127 243  33 176 216 250
 134 106  10  58 121  63 251 205  33  51 114 187  78 170][ 60   7  89 111 120 107  71 120   6  44 189 104  83  83 137  80  24 144
  78 106   8  34  75  29 243 205  33  61 112 251  70 163][229 117 213  69 245  63 102  57 127 232 187  88 210  48 221 182  25 196
 126 122 241 244 253  78  47  58  69  84  74 239 194  37][149  82  79 119   2  38  97  80 116 170  99 246  81   3 137 121 126 220
  38 234 233 212 197   2 196 162 242 132  41 241  32 177][184  61  58 250  81 205 123 113  49  64 109   9  63 223  32  48 180 187
 147  66  82 186  48 191 243 205   0  67 114   2  38 250][120 236 242 118 117 221  87 115 115  14 237  24 107 241  23 180  89 254
 196  10  74 254 248 191 119 255  20  33  99 207  94  42][ 57 140 122 109  52 191 227 182 116  76 126  32 179  56 182  32  24  98
   4 108 174 184  37  63 234 223  32   0  71 137  90 233][104 233  26 113 112 141 121  53  58 173 116  13 191 135  66  16 132  45
  85  92  82 222 210  20 207 217  52 233  72 128  74 155][246  94 110  28  75 123 149  99 145 230 165 191  74  44  55  31  43 165
 203 167 236 103  52 206 115   2 205  59 119 124 126  86][232 226  89  97 120  75 125  61 115 173 244 248 155  15 192  49  94 157
 238 240 250 126 229  87 238 209  54 253 100 128 230 137][157  71  74 175  16  10 110 112  52  66 255 199 243  99 154  80 126 236
  23 238 233 144  77  46 230 237 162 128  45 243 122 144][ 66 155 189 155 186 240 185 135 190  93  30 181 244 246 206 106 135 115
 251 145 147  72 175 117  44  54 126 203 148  64 165 125][ 67 184 149 209  33 252  56  23 191  27 126 112 190 183 192 255 135  59
 252  24  19 220 243  65 143 254 122 194 138 192 139  61][ 53 133 109  71  20 139 227 184 118 160 255 194 243  97 156 100 120 204
 110 254 153 176 109  63  44 172  35  68 101 139  80  32][ 94 155  16 186 185 197  18 173 143  61 137  41 238 242 104 210 197 147
 237 145  94  75 219 181 185 245  15 127 144   6 173   3][ 69  30 150 223 162  34  44 190 190 155  90 246 253 247 161 239 103 119
 126 144  49 217 139 106 140 182 255 128 168 241 169  49][ 86 122 211 186  59 225  59 198 175 189 184 233 172 215  65  24 167 253
 255 208   2  75 138 249 217 212  63 187 128  23  39 251][152  21  51 238  19 214  87 113 225  64 237   2 127 223  33 245 182 185
 149 162 233 131  48 207 243 249   2  11  34 102  39  59][ 37 187 250  67 112 171 115 210 126 173 127  44 179 225 130  48  94 110
  70  92 146 186 109  63  78 189  33  97 202 203 106 129][ 36  69 125  69 100  75 239  56 100 174 126  40 211  53 145  48  24 212
 103 106  72 176 105  14 103 190 229 148  67 251  70 161][183 253 170  94 221  39 215 253  80  75 189  95 114 125  63  33 221 210
  83 239 253  99 121  63 123  14 197  30 217 123 242 154][ 92 120 190 247 172 126 126 220 255 250 182  40 223 253 217 107 167 245
 255  91 168 229 187 232 215 251 127 157 198 241  35  35][ 92 121  90 238  11 193  82  64 161 128 232  40  47 211  33  16 234 185
 204 226  72 163 146 125 243 241   2  27  97  51  47   2][189  89 111 109  20  79  71 248  68 224 198   6  83  21  49 161  88 220
  58 107 233 178 117  28 245 169 161   4 125 187  80 112][220 123 156 243 168 105  85 158  54  63 182  56 151 179  67  90   7  86
 109  88  26 104 203  50 205 193 117 245 224 209 134 107][ 92 118 156 161 170  42  21 159  38 191 190 253 151   7 203  90  39  21
 109  48  88 213 195   0 212 231 127 181 160 240 135 115][ 70 172 182 154 203 225 180 238 191  23 128  59 236 254 110  91 163 115
 235 147  54  79 138 247 153 114  95 123 144  69 175  79][237  36 150  69 189  63 198  40 123 234 187  72 218  56 221 191 153 196
 108 127 189 243 205 206 190 126  69  54 203 255  90   4][118  49  43 232  79  75 145  74   6  36 144 171  22 157  97  16 248 157
 219 225   8  35 195 208 209   1 139 255  53  40  54 242][ 36  65 117  69  52  78 239  48 109 172 126  96 211  53 149 100  26  84
 127 106 193 176  97  78 103 190  35 128  67 187  69  97][ 21  22 201 101   0  42 107  24 116 227 111 246 211   7 153 120 119 140
   4 142 137 148 117   2 196 175 178 132 173 227 104  48][203  62 189  59 178 242  61  23  60  95  87 245 189  38 130 253   7  47
 252 157 183 220  37 102 196 115 122 192 132 212 173 125][220 219 191 127  58 150  31 188 182  95 214 229 241 247 170  99 151 119
 189 230 248 201 171  47 235 231 125 133 130 182 165 121][ 43 160 224  25 100 187 224  87  95 121 112  86 168 136 214 172 122  42
  22 157 151 248  71 209  14  24 146 192 223 140 218 140][  2 185 149 155 139 197 180 135 142  89  24  51 172 156 100 204 161  19
 251 145  83  73  27 245 173  18  94 251 152  12 165 127][ 35 161  99  81 116 155 232 115 125  97 114 214 136   8 148 164 120  42
  18  28 183 252 101 221  14  30 146 192  79 140 250 188]