[130 238 140 187 140 173 180 207 222  27  16  91 164 248 112  11 129 107
 123  17 246 109 138  51 236   3 127 249 152  88 153 139][246  78  70  68  34  50  78 230 177 162 254 250  75  39 165 215 127 244
 205 234 104 199  13 238 178 226 199 145 103 245  46  36][133  20 223  85 224 110 101 151 124 187 102  80 214  51 137 123  35  86
 106  42  49 244  51  74  71 171 117   4 194 241 194 161][ 95 159 138 164 191   6  94 115 140 204 155 231 205 106  50  66 246 231
 189 167 220 137 157 140 250 231 175 149  44 246 185  83][ 39 157 230 218 213 180 230 215  93  91 122 119 104 124  63 220 253 202
 178 148 191 250  26 227  63  62 214  70 219  93 248 255][ 62 166 234  27 213 187 242 203  91  15 249  59  10 200 126   8 249 139
 130 149 158 186  76 210  94  85 151 111 215  79 254 198][  2  32   6 141  12 131  40  73 134 176 210   2  64 130  32  64  64  44
 123 128   0 147 195 149  20  32 139 188  20   8  48 136][ 57  95  98  77 119 223 255 117  85 236 254 230 123  28 182 164 126 170
 150 109 237 187  53 191 114  77 165 129 127 158 254 253][225 143  93  93 244  47 103 191 117  43 250 124 243  57 148  49  91 230
 102  40 249 250 101  31 110 174  37  80 237 232 210 169][ 19 141   7 156 155 247 168 103 158  71 202  23 236 238  38 197 225  39
 235 133 119 201 115 255 185 118 218  91  24  76 165  94][177 204 107 234  20 199  75 244 212  64 208   2 115 192 176  96 120 168
  22 234 233 191  60 127 241 168 162  64  53 154 112 232][  2 166  82 154 219 241  48  75 159  21 109 179  44 195 110 220 251 155
 130 144  22  26   2 215  30  84  18 107 147  68 175 134][ 27  29 107 205 214 146 239 119 245  64 254 230  57 175 183 100 110 175
  55 205 217 187  36 239 114 111 174 128  47 148 240 253][ 34 201  50 250 116 133 190 231 159   8  88   2 172 222  52  64 238  59
  23 209 194 186   2 253  55  28 142 170  21  30 177 201][ 47 108 230 127 180 150 110  48  81 162  83 131  97 233  23 107  95 237
  53 239 236 248 221 172 110 255 197 128 175 246 120   4][ 58 185 104 233 223 215  91 119  23  41 220  34  51 157  52 100  92 186
 151 209 218 186 113 189 255 220 148 226  55 140 244 255][127  16  35 164 116  86 107  80  97 200 227  68  91  86  27 116 252 141
  84 239 141 146 181 200 149 248 138 132  40 167 114 116][244 173 141 186 140 225  69 175 151 183 138  27 230 232  65  75 193 231
 104  17  62  75 219  55 185 162 221 125 176  88 148  74][128 190 158 179 164 169 180 135 222 187  18 245 164 168 196 139 135 107
 174  21 182 252 139  51 140  19 127 226 204  88 153 153][ 58 140  52 189  29 215 152 111  95  37 248  11 175 156  54 192 201 187
 255 145 158  43  87 157 155 247 154  59  85  12 253 206][194  74 150 158 107 224 184  70 191 159 210 179 172 142  97  91 231  55
 235 129   2 207 130 225  21  50 218 139 132  68  37 219][ 32 249 123  77  81 207 231 246  36   4 108   8  50  23  36  52  40 186
  66  72  67 184  48 125 103 141  16   0 115 144  70 250][124  81 123  78 118  86 111 120 101 200 255   2  83 253 189 116 126 252
  54 234 201 179  61 204 119 233 227 132 119 187 100 241][106 185 176 242 141 237  80 198 203  57 164  24 174 159  68  26 137 179
 251  16  18 107 218 241 155 217  20 123 210   9 199  26][130 248  50 154  93 205 176 231 159  89  80  25 172 222 100   0 205  59
 211  17  98 126 154 247  45  16  30 235  16  12 135 219][229  53 252   3 238  58 182 201  88 186 185  58 198 120 205  59 251  87
 126  51 180 118 205 130  30  30 119 191 197 123 211 135][122 113 112  64 107 221 152  80 169 124 180  47  10 157  86 182 172 145
 223  81 207  35 242 192  19  89   8 187  71  14  94 215][ 19 143 111 188  54 130 237 119 172  72  90 231  61 175 176  64 102 171
  31 141 209 153   4 253 240 173 186 128  61 136 177 121][ 88 153  31 238  58 192  19  96 164  13 223 161 125 215  40  80 102 179
 239 194  74 137  42 125 241 229  42 203  48   2  37 107][ 92 135 250 230 178  66  95 189 161 140 191 169  79 103 201  82  54 247
 205 226  88   3 168  78 251 229  37 157 162 242 166 115][ 17 204  79  78  20 135 110 244 164  64 242 198 113 195 180  97 126 168
  30 238 233 141  20 125 176  42 162   0  61 146 112  56][177 205 192 222 212 235 198 166  89 162 248  10 226 104  21  53  89 226
   2 106 109 238  92 175 180 190 213  17 125 122 208  12][  2 189  18 154 219 225 184 103 191  21  88 177 172 158  38  84 239  59
 131 145  22  26   2 247 189  52 154 235 144  68 175 223][111 253  40  78 221  23 214 232  83 232 189  13  98 252  95 176 221 254
 245 103 255  99 219 191  59  95   5 191  89  63  90 151][ 88 162 220  48  58 201  17  73 163 189 164 169  47 247  66  26  35 181
 237  16   2  75 138  17 218 199  53 255 162 128  15  75][ 45 253 108  79  93  95  70 184  87 236 237  12 227 120 159 180  88 204
 238 106 205 178 125  61 107 253   5  53  91 191  94  86][ 40 209  57 249 189 205  21 191  79  61  60  24 182  21 104  32 129  26
   2   8  82  40 115 181 239 217  20 126  82   8 197 171][104 168  56  88 121 217  81 105 194  61 164   8 178 213  66  48 137  48
 238  24  26 107 242  21  91 221  33 125 210   8  70 162][177 203  70  12 116 155 230 231 196  12 250 231  34 136 182 193 104 170
 134  71 236 187   4 189  50  33  36 131 125  28 248 141][ 26 158 123 251  50 146  58 246  53  69  94 231 125 223 166 224 119 251
 159 212 175 157  37 255 114 239 170 129 191 132  45 121][ 51 211   8 139 212 143 174 101  12  76 211  71 212   8  62  64 248 131
  31 231 222 187  81 213 180  32 170 212  29  10 249 211][  2 148  18 153 145 229 176  71  30  11  72  19 172 158  32  64 197  59
 147  17  50 156  18 215  13  54  26  75 144  76 165 155][ 67 187 186 217 233 188  48  71 239  29 124  48 172 186 102 124 167  59
 230  16 150  26 162 209  15 252  94 235 146  68 175 143][220 110 245 117 170 122 126 158 251 250  30 240 223 119 209 255  55 118
 253  42 161 212 239  42 238 255 101 133 166 245 143  33][  3 216  22 188 109 157 188 103 207  81 210  87 172 154  54 197 238  33
 191 133 199  41  18 213 180  88 218 234  28  12 185 223][ 34 177 233 225 157 237 240  87  23 105 220  13 178 189  80   0 216 186
 215  17 154 186 209 145 239 213 156 243 247  12 214 218][ 35 172 247  92 207 208 180 239 219  19 224  26  40 248 100 255 235 251
 234   1 103 111 190 243  61  58  87  63  81  92 239 172][ 39 124 188  24 253 253 145 206 219 251 188  28 156 252 215 174 141 106
 210  29 167 102 126 242  12  30  21  62 217 125  91 253][124  97  90 100 219  79  87 241 161 164 238   8 127 243  33  16 122 253
 205 226  72 147 152  44 251 237  37  21  34 243  46  42][ 60 105 123 100 244 207  87 249  97 164 254   8  83 241 161  48  58 252
   6 106  72 179 184  30 123 237  37   5  99 187 102 162][ 33 157 255  93 244 175  97  55 127  43 126 112 179  49 148 117  75 174
  78   8 187 248  97  95 238 190  52  64 202 200 194  41][ 25  91  94 172 102  18 239 116  44  76 246 231 125 142 179 193 126 229
 191 239 197 187  37 237 112  41 234 128  63 180 105 217][168 249 188 122 205 221  85 175 215  61 164  24 190 253  72  57 137  90
 225  80 122 106 250  53 239 219  85 127 210  88 198 234][ 93  68 253 229 102  10 111  24 125 226 126  66 219  35 145 114 122 204
  62 234 233 180 229  74 230 239 227 132 109 250  80  41][ 61 189 251  71 244  31 103 183  98 233 127  76  83 113 152 176  49 110
  20 124 217 184  57  46 107 205  37  68 235 250 218 168][212 252 159 180 168 234  23 247 186 251 186 125 158 183 193  91 167 119
 108  16 121  79 130  98 184 246 119 250 136 112 131 123][197 143 154 178 188 168 110 173 190   1  11 144 213 227 104  64 115  67
 106  95  50   9 138 119 172 181 143  77 148 115 169   0][ 11 157 107 205 246 183 255 119  29  73  94 231  61  63 182 100 126 187
  23 157 147 152  37 223 126 125 186 192 191 204 177 253][ 10 219  98 136 247 213 190 247  15  77  92 167  40 142 182 228 254 187
 151 213 215  26  52 253  62  92 142 235  31 158 189 223][215  68 133 191 136  14  76 172 188 250 130 213 215  98  25  75  65 199
 125 175 105 197 219  42 129 162 255 148  40 113 145  16][  2  32 214 145 228 160 168  67  62 147  83  18 140 170  84  74 107  47
  51 145  18 250 195 194  12  62 218 224 133  72 163 129][ 82  35  18 136  43 208 184  72 172   4 128 163  12 198  99 212 238 181
 207 225  68   3 134 208 144  48 138 187   4   6  47  15][ 35   0  38 157  28 131 136  72  86  96 210   3  32   8  54 105  88  44
  51  37 132 249  69 157   4  42 218 144  85  12 112 204][ 82  32 246 252 110   8 248  66 171 147 176  10 143 138  85  91 238 133
 127 129 136 103 194 192 150 248 218 184 165 168  99 129][ 91 183  47 167 147  94  63 188  60  76 207 197 221 103 138 112  55  87
 253 175 229 208 253 207 255 231 239 128  46 246 139 113][188 124 104  88  78 111  87 220  19 182 116  27  19 221  99  25  57 216
  67 122 104 118 122  26  87 139 101  45 115 249 118 242][146 203  74 188  26 128 190 246 148   4 220 231  37 130 163  64 102 107
 143 197 230 139   6 253 240  37 186 137  61 148  57 217][ 33 168 251  89 100 139 233  87 126  73 118  80 177 129 148  45  74  42
  22  24 147 252 101  81  76 152 114  64 213 136  67 233][102 160 212 129 108  11 232  73  63  49 177  26 140  74  92  27 251 141
 127 177  18 114 203 208 156  26 203 244 213  40 115 128][  2 176 176 210 237 237 176  71 143  57  33  25 140 158 108   8 137  27
 251  17  18 107 218 209 157  16  26 127 208  12 135 210][118 243 218 166 250  65 159 237 171 172 185 169  76 238 239  18 190 211
 205 115  84   3 138 216 120  20  45 191  69 114 167  83][253  77 103 206 140   2  79 244  53 130 214  66  91  35 177 247 122 196
  61 238 233 151  37 238 242 232 230 144  39 187 240 104][  2 160 146 153 254 137 184  79  30  49  88  18 140 138 120  72 127  11
  51 145  18 248  67 209  12  22 158 228 148   8 161 136][104  55 248  96 224 237 113  91 107 173 124  72  31 179  64  24 183 158
 102  24  18  58 194  80 223 221  37 111 194 194 198  35][ 66 176 150 177 107 236  48  67 175  25  82  49 140 159 104  91 167  19
 255 144  18  93 130 209 223 210  90 203 128   4 165 147][220  95  71 237   6  66 111 184  53 202 246 230 115  71 153 117 118 228
  60 238 105 148 109  15 244 170 227 132  39 178 100 113][ 82   0   2 137  74   1 184  64  44   0 210 130 136   6  32  80 110 153
 223 192   8 147 193 192 148  32 138 128  17   0  33 152][ 48  32  34 137  76   9 160  65 108  96 242  10 138   8  52  64 104 136
  95 129 136 187  69 192  20   8 130  48  85  12 113 136][ 87 149 109 138 154  38 191 249  46  85  25 231 124 126 190  96  55  67
  61 231 151   1  63 245 184  38  47 206  61  71 161 117][ 11 191 122 137 247 210 187 119  95  77  92 167  44 188 182 228 254  59
 151 149 215 184  36 223 110  93 190 195  95  14 253 223][ 11 254 170  28 120 157 158 255 222 222  92 237 172 236 246 132 135 107
 243  71 199 107 190  59  46  87  45 191  94 252 155 221][ 18   0 142 189  12   2   8 106 150 192 210 135  97 174  48  73 124  37
  63 165   8 201   3 220 144 227 251 144  52  40  48  88][ 42 188 145  90 219 253  16 207 123 115 104  24  62 247  68 188 153  27
 146  16  51 126 186 243 159 222  21 110 210  64 135 166][ 57 127 130  13  93 159 166 246  70 108 238  79  34 160  55 196 248 236
 194  71 205 187 212  43  52  37   7  35  91 126 122 158][ 41 137  17  73 245 209  67 231  71   9 108   0 184 179 164 244  88  58
   2  72  19  58 102 245  47 156   0 106  82 138 228 172][ 21 127  92 199 238  27 238 252 135 240  29 238 199 232 251 135  62 234
 214 111 205 115 142 168 182 201 101 188 125 251 155 149][ 15 191 245 211 223 244 190 255 223 215  92  86 104 234 254 228  51 107
 179 152 182  72 191 247  47  30 159 239 159 212 237 222][ 38 176 180 241 237 237 208 201 203 253 177  29 142 221  78  26 141  25
 255  17 146  98 218 208 143 216  21 127 218  13 215 215][ 70  52 191 246 160  44  89 146 169 219 191 120 158 191 205  26 135  87
 253  17 147  69 160 226 219 253 126 210 132 241   3  51][114  96 244 229 110  10 232  72  43 162 242  10 207  42  21  90 126 197
 127 225 136 247 193 200 150 248 203 148  37 184  99 128][193 149  43 182  68 198 105 117 176 203  75  84 244 246  56 113 244 175
  63 141 225 155 176  79 213  46 250 128   8   2 179 120][ 61 202  72  43 234 155  94 200  94 113 113 231  83  74 255 216 119 201
 174 119 199  52 111  53  86 207  47 244 189 155 201  85][ 78 181 151 241 145 102  44  23 191 163 202  18 220 247  96 206 115  63
 185 176  49 217 179 194 169 246 223  70 134 100 165  50][ 90 205 156 190 153 220  22 175 190  31 138   9 239 250  43 210 193 115
 237  67 110  73 203 191 249 247  94  27  18  86 173  10][128 142 114  89  53 242 112  39 127   5 102  16  42 170  38 116 193  42
 138  16  54 140  33 223  47  62 146  67 146  12 252  79][ 32 133  27 253  21 237  97  39 220  13 106  16 162 177  32  96 192  58
  10   0  58 184  64  31 205 182 146  83  80   8 212  42][253  32 220 100  13 126  69  56  97 162 167  24  83  49  11 127  64 196
 108  42  44 231 241   8 211 249  64  21  98 241  90   2][228  32 173  48 205 109  81  74  83 247 161  25 146 157  91  27 201 204
  99  17  58 118 251  16  93   3 213 125 225 105  86 226][162 212 183 254  13 197 177 238 158 123 130  19 252 156  60  75 201  19
 251   1  98 109  26 215  65  18 218  30  81   8 117 218][120  73 122 101 157  94  87 245  99 172 190   8  63  57   1  16  56 246
 236  72  72 187 241  44 251 237  37  17  99 186 198  42][  2 104 170 155 205 225 179 198  14   5  92   3 172 207 119  64 249  59
 147 145  18  58  34 241  79  20 154 235 149  95 181 202][  9 201  22 159 177 153 174 230 172   8  90  64 172 146 161 228 166  99
 202 200  67 137   2 253 172 209  46   0  26  28 169  28][ 30 155 106 161 178 162 123  83  54 173  95 167  21 170  50  64 247 175
 189 149 156 152   5  54 248 231 171 193 172 135 189  83][ 33 137  97  73 213 159 198 117  68  64 250  78 114  24 180 164 216 162
  18 109 221 186 117 189  46  24 132  80  93  14 216 140][ 27 223  99 156 114 209 191 247 141  76  94 231  40 142 182 228 110 187
 151 197 199 155  38 255  50 117 170 139  63 132  61 221][ 51   1 107  12  92 147 238 121  87 192 124 206 115 236 191  32  88 168
  22  45 205 179 100 159  50  44 161 168 125 174 120 220][121  18 236 101 105 124 113  18 225 254 246  45  27 183 195 255 100 148
 252   4 141 212 241 128 215 249 112 147 235 228  78 255][ 87 197  35 134 148 130 239 228 228 192 219 198  89 206 189 228 118 229
  62 255 205 145 172 238 184 108 175 196  45  55 177 116][127 190 168  86 185 252  23 251 179 206 188  45 106 255 143 183 149 114
 213  38 253  71 186 191 123  95 101 255 203 244  14 119][  0  33   6 137  76 131 160  73 134  32 210   2   0 136  32  64 104  12
 106   0   0 187 195 144  20  32 138  56  28   8  48 136][ 87 205  35 166  20 146 110 240 229 192 219 198  89 230 177 228 126 237
  28 239 205 147  44 238 184 108 175 136  45 247  48 116][ 33 143  93 117 244  15 229 183 124 170 122 108 179  33 144 113 141 110
 102  12 241 248  65  45 108 190 116  64  72 248 210 169][ 38 241 184 224 237 205 176 200 143 245  49  41 142 157  70  10 139  25
 251  81  18  99 218 208 159 217  13 127 220  15 199 211][121  86 211 197 102  10 111  56  49 226 119 230  83  39 145 119 118 236
  52 238 233 148 229  10 244 174 225 132  39 243 100 113][ 19 205 107 220 246 146 239 119 252  64  94 198  49 174 182  96 126 187
  23 205 209 153  36 239 118  47 190 128  45 128 249 249][ 34 217  98 218 124 149 254 247 159  72  88 163  44 221  52  64 238 187
 151 197 194  58  34 255  54  92 158 138  23 158 241 203][  2 160  18 153  86 139 168 111  30  49  80  18 172 138 112  64 107  11
  51 145  18 220   3 215  12  22 154 228 148   8 161 136][245 205  99 198  68  18 111 244  97 130 242  74 115  35 181 245 122 228
  61 234 233 151 173 238 178 234 228 144  39 187 114  44][166 112  59  90 233 221 177 192 235  93  53  57 142 156 111  63 134  57
 198  82 134  99 178 241  83 216  80 123 208  25 199 247][217  68 236 101  38  58 109  55 112 226  87 150 209  45 147 107  38 196
  53 174 233 212 229  10  70 235 242 128  39 240 241 113][211 201 111 231   6  18 110 180  49 194 246 194 123 103 149 241 126 228
  61 238 233 148  45 239 178 239 231 128  47 178  96  60][242  96 212 229 108  10 232  72  41 160 242  10 143  10  21  90 106 197
 127 227  72 247 193 192 150 248 202 148  37 187  99 128][147 219 127 188  54 128 189 119 132  64 210 230  61 175 176  97 110 179
  31 205 209 139  38 237 240 169 186 136  61 136 177 121][ 61 189 251  69 244 254 103 179 112 201 126  68  51  49 146 176  50 110
  20  92 145 184  53  46 111 205  37  64 235 235 202 249][220 205 103 198 148   2  79 245 117   0 214  66 115  33 177 117 122 230
  31 234 233 187 109 239 242 234 230 144  39 186 240  40][ 68 173 152 178 148 168 111 175 190 135 140  18 229 226 107  80 115 235
  10 184  50  73 142 127 252 134 143 125 176 114 137   0][ 42 177 105 225 245 205 240  87  63  97 120 249 191 157  84 128 202 187
 215  17 155 184 208 149 239 221  20 235 215  12 222 219][ 11 255 170  60 124 157 191 247 158 204  92 141 172 236 118   0 135 107
 243  77 198  41 182  63 102  93  61 185  92 252 155 221][ 23 226 202 178 178 130  42 220  62  81  83 247  93 199 251  72  55  89
  55 247  54 149  12 114 232   6 175 204 172 151 169  81][ 62  46 162 187 159 251 147 202 159 135 189 179  14 205 111  12 217 187
 195  17  30 175 106 178 203  86  31 123 215  77 182 198][ 35 219  98 136 247 213 190 247  15  69  92 135  40 206  54 228 254 187
 147 197 215 154  52 253  63  28 142 235  31  30 189 223][173 253  40  79 253  31  87 252  87 236 253  12 242 116 159  52 221 202
 198 110 255  34 251  63 111  95  37 190  90 255 218 245][ 69  12 133 181 172  42 109 186  58 170  74  96 215 115 145 126  19  70
 124  15   1  84 239   2 140 166 127 132 140 240  17  33][ 48  33  34 137  76   9 160  67 108  32 242  10 138   8  52  64 104 136
  95 129 136 187  69 192 148   8 130  88  85   8 113 136][ 55 147  72 171 214 135 203 105  13  44 243 199  82  72  62  64 252 131
  23 245 218 186  89 221 184   8 170 212  61  10 240  83][153  91 110 173 102  22 253 118  68  76 214 167  61  15 179  97 110 229
 191 205 197 187  37 237 118 233 234 128  63 180  41 217][198  53 191 242 248 164  25 151 171 155 189 121 156 255  73  27 135  87
 253  17 179  75 186 224  95 153 127 254 128  65 163  51][ 56 204  43 250  20 199  67 240 212  12 221  34 115 209 184  97  88 232
   6 234 202 167  40  61 241 141 162 152  51 139 116 169][ 26   0 166 189   4 138 168  35  28  65 210  19 129  10  50  75 104  36
  59 133 168 220  85 141 133 115 218 208   5  12  48  72][130 248  18 155 124 141 184 231 158  27  80  48 172 218  96   1 207  59
  19   1  98 220  74 247  13  18  90 234  16   8 129 137][ 71 188 149 216 201 189  20 143 155 243 128  29 172 246  68 223 133 115
 123  20  55  77 218 243  15  30  85 126 154  84 137  30][185  84  89  97 114 122 125  55  49 102 102 176  27  23 130 117  54 148
 148 168 249 148  53  14 230 237  48 128  99 240 230 113][  9 136 243  89 100 137 233  23 126  89 114  82 177 129 180  45  74  42
  22  24 131 252 101 113   4 154  50 192 215 136  81 169][ 90 141 152 188 153 221  86 175 167  13 140   9 239 251 106 208 209 211
 237   1  78  11 202 189 251 247  31  59  50  84 141  74][ 28 159 106 160 178 134  91 115  38  13 222 167  31 163  50  80 118 175
 149 221 152 152  17  60 248 229 173 193 175 134 188 123][ 61  75 105 171 194 139 111 220  70 228 253 199  83 205 251  80 126 201
  23 255 206  50  77  48 124 141 167 181 117 187 200 209][ 54 187 115  68 242 195  31 225  41 164 184 171  14 175 164  20 190 255
 197  99  88 171 132 252  58  84   5 251 103 166 166 119][154  82  70 174  26 147  11 113 133 192 215 231 109 199 170 196 126 184
 151 175 200 135   6 221 240  99 171 128  63 174  60 241][123 113 114  96 111  93 154  80 169 108 188  47  14 156 214 182 174 145
 223 195 205  35 176 192 147  89   8 187  79  14  47 223][ 90 178  84  53  59 153  24  19  59  61  66 253 174 130 194 148 166 173
 237  20 150  92 199 213 158 243  58 251 174 132  11  29][ 49  76 197 159  84 138 198 165  89 130 224  78 226 104  61  17  89 230
   2  43 109 248  92 175 172 174 213  16 125 120  80  12][ 76 157 221 119 226 110 117 183 115 187 110  48  95  51  65  59  39  86
 100  26  48 248 185  34 111 239 117  68 226 241 198 163][120  32 124  72 123 217  81  72 234  61 180  40  62 149 198  16  10  48
 206  16   2  43 226  29  91 201  33 127 115 136  70 235][  1 157  31 125 240 174 109 183 124   9 122  68 190  51 132 113 167  62
  94   8 177 184  81 125 109 190  54  64 200 192 195 169][120  41 250 108 208 207  87 117 115 132 236   8 123 247  35  16 120 250
 134 232  72 186 176  63 123 237  37  41  99 178 102 234][ 64  51 145 101 240  44  98  27  43 169 106 109 158 167  64  16 150 127
 100  20  19 154 208  64 172 180  37  44 200 194 131  17][  2 188  18 154 219 225 184  79 191  21 121 177  44 158 108 220 239  27
 131 144  22  11  18 247  31  22  26 107 144  68 167 159][ 45  38  96  11 116  63 234  88  87 109 253 207 195  72 158 132  29 138
  86  61 142 178  77  31  14  28  33 228 223 207 120 197][ 37 111  74 166 238 139 254 244 196 224 188 143 243 232 211   2  62 234
  22 238 204  50 110  46 126 141 165 184 109 251 216 193][225 148   3 158 116 228 107  49 184  75  83 116 244 247 184 245 212  40
  62 143 177 134 234 111 133  62 234 136   8 130  50 241][  2 187 186 155 243 157 176  71 255  29 120  53 172 190 102  80 167  59
 151  16 150  24 162 243  47  20  30 235 144   0 175 207][246  78 198  84 200  34 238 226 177 162 170 216  65  98 181  91 111 247
 106 238 104 199 140 106  48 170 199  16 193 241 106   4][ 75  97  38  76 104 150 120  92 228 192 198 133 185 199 179 102 100  44
 123 237 196 129 183 140  86 121 171 136  14 134 123 220][ 92 255 179 183 179 190  63 182 190 238  78 236 191 247 195 246 167 127
 253  82 240 217 186 110 255 247  47 138 162 245 135 123][ 94 127 247  87 178  58 126 182 123 190  62 232 207 239 213 254 183 247
 253 218 212 208 173 234 174 255 101 134 166 247 199 101][ 82  99  82 136  27 209  58  72 173   4 184 171  12 142  35 208 238 153
 207 225  76   3 132 204 176  48  10 187  53   6  47   7][173 149  57 235 180 237 229 191  94 113  61  88 215  57 216  32 145  10
  82  56 243  56 121 151 239 223  21 116 218 202 209 160][ 61  21 123  76 246  86 255 120 101 192 255   2  83 253 189 116 126 252
  54 234 201 179 124 204 119 237 163  12 119 187 100 241][ 25  73  71 238   4 230 235 112 228  72 251 194 113  71 177 224 120 228
  30 238 137 147  61  61  80 239 162 128  61 187 112  56][ 40 185 253 115 171 217  81 233 143 189  52  41 254 253  72  19 131  91
 229  16  82 104 251  49 207 219 117 127 114   8 198 251][ 51  48 168 169 122 175  16  91  23 233  80 107  54 157  66  24 252 189
 151 149 158 218 193 157 223 212  57 227 161  12  18 219][ 59 241  96 201 221 151 221 119  23  41 244  98  43  29 180 164 204 186
 151 152 219 186 113 157 191 220 144 226 127 140 240 191][190 112 248 226 173 127  90 152  73 226 181   9 203  93  93  59 158 209
 213 115 168  98 248 168 203 217   5  63 247 255  82  82][ 66  51 130 152 235 177 184  75 139 157 144 191 172 238 103 138 231 123
 239 149   6  75 130 209  24  16 223 191 148 100  47 223][130 185  18 154 241 141 184 231 190  25  80  48 172 222 104   1 135  59
 147  17 114  92 154 247  13  16  31 234  16  12 131 155][ 21  73  79 110   4  86 111 112 101 200 255   2 115  99 177 245 120 228
  52 238 201 179  45  12 147 235 227 128 103 163 112  32][130 133  23 154 215 245 160 103 157   9  90  18  44 182  36 196 232 187
 130 144  54 139  34 223  59  54 154  75  18  12 173  46][ 61  48 107 101  84 102 107  88  97 200 231  68  83  30  29  48 252 141
  85 239 137 146  49  12 213 249 163   4  41 163 114 240][165 160 188  83 237 173 225 199 251  55  37  25 146 153  94  27 137  10
  98  28  50 111 250  81  79  26  85 124 192  72 210 202][188 221 221 119 241 127 119 191 123 187  38  56  87 113 200  59 179 214
 100  26  51 248 121  34 239 223 117  71 226 249 198 163][215  92 199   6 166  54 238 144 249 202 219 246  89 124 221 238 119 229
 124 255 181 213 189 234  24  46 239 132 175 247 123  21][130 158  54 153  85 182 176  39 253   7  98  23 172  10  38  65 225  51
 138   0 182 188  17 223  15  54  18  67 144  12 237  78][ 47 253  96  78 253 157 223 188  75 252 189  13 234 237  95  20 159 203
 119 127 206  98 255 191 111  94 133 254  95 191 210 214][ 73   4 249 229 116  42 107  24 117 226 126  64 211  35 145 114 126 204
  62 170 137 176 101  74 198 239 226 132 103 243  96 169][ 35 237 226 221 255 211 238 231  95 233  88 231  40 254 246 132 123 111
 179 209 215 216 231 255  46  30 159 227 159 180 220 159][187  89  98 237 119 155 254 117  85  64 254 231 123  28 182 100 126 252
 151 239 236 187  37 191 114 111 166 131 127 188 248 223][ 39 229 245 206 237  29 199 237 203 186 184  74 202 248 253 183 251 192
  94 111 193  99 250 216  59 216  71  62  95 126 211 173][165 207  75 174  92 139 174 232 142   0 240 198 245 194  41  65 120 232
  10 239  99  35  14 127  52   0 175  60  29  59 121 136][ 11 159  98 201 247 211 187 119  29  77  92 167  40 190 182 100 254  59
 151 149 214 184  36 255 110  93 170 195  55 142 189 255][ 32 175  43 187 180 175 235 215 134  13  88  69 163 201 178   0 217  42
   7  29 154 184  96  63 236  21 172 192 212 202 212 233][116 160  68 129  76  11 232  72  47 177 179  10 142 138  92  26 107 141
 110 145  26 115 203 208 156 152 203 124 117   9 115 128][221  22 199 229 130  34 108  57  52 226  83 246  93  35 137 207  54 197
  60 190 177 213 133  74 156 234 239 132 175 242 169  17][ 14 173 170 177 180 192 191 231 190  29  26 163 172 254 250  64 183 123
 191 145 214  25 174 247 236  23 191 235 132  84 181  75][216 151  91 238  58 224  19 105 181   8 253 160 125 215 168 112 118 179
 207 162 106   7  43  95 243 229  34 139  50 130  39  35][131 208  30 189 109 221 188 103 207  81  80  23 188 158  54 193 238  41
  59 133  71  47  18 213 165  56 218 106  28  12 169 222][ 88 159  90 236  19 200 118 117  37   4 238  11  47 187  32  80 242 191
 205  96  72 187 128 239 243 237   6   1  99 130 239  10][185 161  99  12  84 147 203 121  86  96 241 207 115 200 190 164  88 168
  18  45 141 179 124 159  18 109 161  44 127 174 112 212][ 95 245  45 239 147  94 127 188  53 100 207   5 221 119  26 116  55 215
 253 238 221 208 249 237 247 255 143   4  42 247 163 114][ 34 185 163 136 221 225 183 199  15   5  92  43 172 204 118   4 217 187
 147  17  82  58 162 243 125  20 158 171 215  94 181 254][ 67 189  51  23  83 252 161  55 188  77  78  20 188 182 166 245 164  63
 178  13 179 216 178  69  37  52  26   2  10   4 165 253][ 54  46 166 186 157 235 146 202 143 149 153 187 142 204  47   8 201 179
 207  21  62 227  75 250 155  86 159 247 215  79 149 214][126 249 122 224 223 205 243 196 143 176 161  11 158 157 101   0 170 185
 219  83  82  35 154 240 253 217  13 127  84  27 131 210][231  66  69 169 108  40  74 152  13  82 240 196 241  66 157 217  94 192
  62 238 175   4  79  53 132 184 234 156  28 145  88 157][248 204  20  62 137 103  84 175 209  22 160  25  98 122  12  27 201 211
 232 162 124  79  91  63 177 242  85  31  81 112 174  10][147  90 111 252   6 128 111 118 148  66 214 230  57 143 177  97 110 225
  63 205 233 143  38 237 240 235 250 136  61 152  49 121][203  97  98 108 109 146 104  92 229   0 202 129 169 139  48 102  66  44
 123 109 196 135 151 136  86 121 138   8  14 134 115 140][114 235  98 132 122 131 159 229 129 164 152 175  44 143 182  20  46 245
 215 231  64 139   4 252 120   4 173 250  37 166 166 249][ 49 200 215 157  20 138 196  41  90 128  98  10 246 240  44 193 120 236
  34 105  77 248  86 109 140  38 197  16 105  40  80  12][ 56 191 122 108  87 143  87 117 101   4 254  10  43 185  38  84 124 190
 134  96 216 186  48 173 243 237   0  67  99 138 238 171][113 204  99 197 100   6 111 176  97 138 250  66 115  99 149 116 120 228
  60 234 201 151 229 175 181 238 231 144  37 178 112  40][ 69  43 185  69 180  46 111 155  98 173  78  96 215  51 209 114  18  78
 124  88 145 216 237   8 236 172  37 132 160 226 214  97][239 253  97  79 255  59 223 191  95 230  60 173 235 253 215 148  31 206
 223 111 242 122 253 191 126  94   5 254 119 255 210 239][  2 185 146 153 251 229 184 203 175  25 121  35 172 158 108 140 239  27
 147 144  22  43  26 245  13  20  26 235 144   4 175 151][194 132 182 157  53 172 184  35 252  27  90  16 172 186  48  75 229  39
  63   1 178 221   3 199 141  54  90 194 128  64 177  11][162 244 117  84  73  77 181 107 201 190  53  24  56  53 132  63  13  48
 115  42 224 111 242 193  87  26  80  58  67 236  70 255][ 86 239 255 101 242 190 126 182 251 160  42 200  79 238  85  50 183 247
 108  83 244 249 173 110 191 254  69 100 229 243 199   5][ 10 143  66 222 215 144  46 103  20   4  94 226  41 227 182 196 122 170
 130 200  84 154   6 255  50  39 186 137  63 158 184 140][204   4 158 246 236 108 125 150 168  27  63  16 157 251  89  91 199  87
 127  24  50  69 178  96 199 249 126 136 128 241 163 129][250  77 113  99 227 122  94  55  49   3 175 144  27  55 132  61  38 151
 149 170 120 158  36 234 243 253  16   3 167 213 230 110][163 185  96 217 117 159 245 119  29  41 118 118 170  29 180 100 236 187
 151  17 251 184  65 221  47  24 148 226  94 136 216 191][  2 128  18 155 102 137 184  70  30  49  83  18 172 138 120  72 111  11
  51 145   2 220  67 245  12  18 154 192 148   8 161 136][ 98  76 134  86 201  38 204 166 176 146 234 137 227 170  21  91 201 231
 104 134 108 207 194 106 177 182 222  25 193 112 234   8][154 248 176 178 139 193 148 207 155 119 133 187 172 223  74  11 175  91
 241 147  66  79 154 241 219 209 223 127 130  84 135 218][  1 219 155 119 164 142 103 183 124  40 106  68 183  33 144  96 132 110
 102  76 209 184 113  47 237 191 116   0  72 184 195 169][ 33 239 232 166 212 201 239 247  80 196 120 143  51 101 147   0  90 234
  23 207 233 186 229  47 124  15 165 168 109 250 242 216][114  96 240 229 102   8 248  64  41  32 242  10 143  10  21  82 238 133
 127 227 200 179 193 192 150 248 138 144  37 186  99 129][ 22 235  67 195 194 128  46 197 166 156  82 231  40 195 229 212 102 251
  35 222  82 152 142 224  44   0 175 202 167 183 165 161][ 10 251  58 186 115 213 177 231 190  77 124  37 172 222  38  64 231  59
 147 145 214 153  50 247 109  21  30 203  16   4 167 223][ 33 189 115  77 117 221 227 255 127  73 124  40  48 245 180  52  88 186
   2  88 195 186 118 255  47  28  36  42  83 138 102 253][155  90 110 253 102 150 252 118   4  76 214 166 185  31 179  97 110 189
 191 205 204 154 101 237 246 233 250 128  47 148 121 217][121  66 211  69  70  10 111  56  97 226 115 230  83  39 149 246 118 204
  52 238 201 144 165   8  54 238 224 128  47 179  98 177][ 30 184  48 242 169 237  16 195 171  29 164   9 174 223  69  27 161  51
 223  16  18 107 154 241 155 213  20 123 210  72   7  11][102  60 182 246 235 100 156 138 169 219 153  59  76 254  77  43 173 215
 253 179 180  71 154 226  27 127 223 255 129 119 167  87][ 27 157  98 237 246 146 251 119  29  65  94 162  61  47 180 100 126 187
 151 141 210 152  36 223 126 109 170 192  55 140 241 249][219  79 110 188   6 146 142 166 148  70 210 167  97 140 179 193 110 229
 189 231 236 143   4 173 240  99 238 129  45 180  56  92][ 88 187 152 172  57 221  86 127  51  13 204  13 175 247  98  80 213 187
 237   0  94  11 210 151 251 245  13 255  50  70 142  91][118 253  43  10 219  87 151 232 131 236 189  47  98 252  47  16 253 211
 215 243 238  35  58 191  59  65  13 191 113 127 182 215][165  92 125  79 108  47 207 188  80  42 124 106 115 117 189 125  94 208
  54 106 233 182 109  63 103 171  96 144 117 251  64 185][ 25 189  94  42 182 211 182 229 228  64 254  34 119 216 162  32 122 187
 142 115 223 187   5  61 250 229  38  67 125 138 233 159][ 11 223 107 140 118 149 191 119  13  76  92 231  57 158 182 228 126 187
 151 205 199 154  38 253 118 125 170 138  63 158 185 253][ 31  77  99 174  84 146 111 240 101 192 219 194 113 228 177 244 120 236
  22 239 205 147  44 238 176 108 175 128  39 247  48 100][ 57 189 123 101 246 223 119 247  97 204 126  38 123  61 182  52  58 238
 148 124 209 184  52  46 107 205  37  64 111 238 246 251][181  76 107  78  68 119 202  80  81 194 245  74  83 201 181 181 120 236
  22 238 237 183  60 202  18 232 161   8 111 251 122 164][ 92 189 222 119 227 110 117 183  59 191 102  56  95 115  65 155  39 247
 228  18  56 216 155 106 239 255 117  67 226 241 174  43][123 159  66 172 149 150  94 113 129 204 142 143  47 239  50 212 246 231
 157 229  92 139 144 173 250 253 140 219  46 166 184  94][ 55  79 202 158  82 130 238 242  52 192 126 199 113 227 179  80 126 235
  23 206 192 154  12 110 122  47 175 128 173 247  42 152][  6 177  18 152 239 201 176 203 174  25  57  50 140 222 108   0 163  27
 219  17  82  41  10 209  29  16  31 111 144   8 133 131][ 32  41 209  99 240 143 106  81  43 169 121 204 159 163 196 144 158  62
  70  92  19 186 216  76  46 156  36  96 200 131 203 145][130 148  62 154 113 245 176  39 158  31  99  21 172 190  38  73 193  51
 163  21  54 252  82 247  13  54  90  67 208  76 173 223][ 61  85 123  76 246 215 239 121  85 192 255   2  89 252 181 100 126 252
  22 234 217 178  60 222 119 173 167 128 127 187 244 245][123 113 114 224 117  85 219 112  41  76 189 175  14  29 151 180 254 145
 213 231 205  35 112 204 243 221 168 187  79 143 110  87][ 76 191 158 183 187 198 127 180 187 159  75 165 253 247  72  91 167 119
 237 194  50 216 155 225 237 247 255 129 162 243 165  19][118  32  80 129 108  41 232  64  47 176 179  10 142  10  85  26 106 133
 127 241  24  51 193 208 156 152 139 244 229  11 115 128][ 82 137  39 143 159 208 167 103 174  21 206   3 236 246  38 196  96 163
 235 193  86 137  54 245 185  52 138  75  18   6 189 110][155  30  98 222  10 145  11 112 149  70 213 182 105 199 174 228 126 176
 158 238 237 135  62 255  18 110 139 155  63 167  44 125][ 54   3 107 235 116 167 107 120   5  44 251 231  67  77  57  64 124 136
  23 255 158 178   9 157  62 204 161 196  53 139 116 131][ 26 253  98 153 183 147 190 231  94 169  90 231  40 186 180 224 255 127
 183 209 214 185   5 253  46  77 175 227  29  20 249 159][ 45  54 229 193 180  47 225 146  95 251  63 126 211  57 216  45  29 142
  86  28 179 240 109 150  78 158  49 244 223 201  80 177][179  79 103 205  86 138 238 103  93   0 242 226  51  28 181  97 110 245
  23 231 233 189   5 239  52  46 162 128 125 184 112 188][  9 200 243  91 116 143 233  22 127  73 118  80 191   1 180 108 122  42
   6  24 147 188  37 245  70 222  50  64 214 136 193 169][199  61 195 148 244  54 238 144 112 202 219 214 217 232 223 239 127 236
  60 255 189 214 141 234  56 110 239 132 173 245 123  21][ 82  99  66 136  74  16 184  71 173   4 216 231  12 142 163 208 110 145
 207 225  76   3 132 204 176  32 138 187  21   6  47 143][  0  33  14 137  76 139  32  73 134  36 210   6  16 128  34  64 104  12
 106   0   0 187 195 144  20  32 162  56  28   8  48 136][ 18  67  10 137  76   9 168  68  44   4 250   2 144   2  32  64 104 137
  95 192  72 155  65 192 148  32 138 128  17  10  33 136][214 244 172 182 139 116  31 158 155 255 141  61  94 255  79  91 133 215
 253  19 190  71 186 226 219 119 221 191 160 119 182 115][ 65 160 140  48 137  12  88 143 171 181 160  25 131 170  86  27 129 135
 104 148  30  75 211   0 219 219  85 125 128  64 138  10][157  79  79 172  78  19 111 248 196 226  76 198 117 194 179  96 122 108
  34 238  69 177  44  63 244 167 167   4  61 187  57 236][ 52  91 126 238  60 135  67 248 196  12 253 102 115  65 169 100  92 240
   6 106 200 163 122  61 243 237 161  24 114 155 116 169][  8  47 107 201 242 227 107  86  52  13  92 226  57 135 160 228 126  58
 151 216  18 152  36  63 109 165 174 192 183 130  38 249][ 84 168 140 182 148 200  97 200  58 149   0   3 102 227  74  89 113 234
  32 144  26  88 202 113 221 134 159 109 160  98  52  34][185 219  97 219  62 155 199 253  86  72 212 230  51  72 180 228  94  42
   6  77 235  40 109 191  42  79  36 208 127 156 208 253][ 67  60 146 216 153 180  16   7 255 139 206  20 174 178 102 126 193  63
 184  16  63  75 178 226 155 254  30  91 154  64 169  14][242   6 115 228   7 106  73  67  41  12 170  91   3  11   4  82  98 149
 109 160  72 135 145 202 147 176 130 155  33   0 102  34][125  73 225 174 156  18 206 189  83 224 218  78 115 104 157 224 120 230
  60 239 205  43 237 171 176 237 175 188  61 191 240 108][113   4 195 237 116   6 105  50  97 136 250  66 115  35 149 244 122 173
  20 168 137 146 229 205 148 238 162 128  37 160  98  32][150 224 168 186 139 233 154 202 159 183 129 187 174 206  79  10 155 219
 205 147  42  71 202 243 155 215 159 191 148  93  23 210][ 65 171 249  71 176  14 111  49 106 237  75  64 243  35 144 116  52 110
  76 124 147 216 237  12 237 172  37  64 128 162 199  97][ 66 184  48 242  43 205  16 195 175  17 160   8 174 223 100  24 163  59
 203  16  18 107 154 241 155 208  27 123 210   8   7  11][ 10 253  50 186 115 197 185 231 191  69  78 131 172 223  42  64 167  59
 147 145  70 153  18 247 253 117  26  75  18   4 165 203][ 37  47  81  97 240 170 106  19  40  73 120 104 183  51 128 144  18  46
  70 124  19 152 192 108  44 188  36 224 200 130 203 129][  2 192  18 155  70 137 184 196  30  17  83  18 172 138 120  73 107  11
  51 145   2 156  67 241  20  16 154 192 148   9 161 136][220   0 158 186 169 100  60 143 170  27   1  16 157 255 105  75 167  91
 189  19  18  69 154 224 203 249  94  47 128 113 165 131][  3 181  59  27 113 252 185  55 252  93  79  20 188 182  54 101 164  43
  51  13 151 216 178 197   5  62  26 194   8  68 167 253][ 50 203  98  12  83 135 143 101 161  12 240 207  32 206  54  20 108 161
  83 239 200 139   4 237  48  40 138 154 101 182 114 252][ 25  78  75 172  86  18 239 250  84 226 206 198 113  34 179  96 122 236
  10 238 101 147  37  46 240 167 163   0  61 185  49 168][139  88 110 255  37 148 248  23 253  74  82 199 189 158  55 233 238 187
 183 133 140 156  54 233 199 249 250 128  30 132 121 223][195 205  83 235 252 161 190 198 197   1 235 146 129 157  36 228 238  26
  91  74 114 191  65 183  55 252 130  74  20 155 160 172][ 67 184 123  84  83 159 120 115 189 128  98 141  44 175   4 112 166 189
 123 132 165 155 176  79  31 190  17   2  72 160  35  30][ 33 191 115  91 118 221 163 255  95  73 124  96  56 212 172  36 159  58
  22  24 147 186 110 255  47  28  33 234  83 138  70 253][  1 221  27 127  52 142 103 182 236  64 110   4 247 241  49 112 160 102
  72  76  65 185  48  47 229 189   4   0  72 178  67  40][ 10 185  18 137 251 241 184 203 142  21 121 163 140 158 102 132 238  27
 147 145  22   9  30 213  13  20  26 239 151   6 173 151][198 111 123  82 234 168 191 196 168  22  57  56 156 203  77 146 167 115
  71  75  82  35 138  99  37 152  14  58 196  83 199 161][  3 186 196 145 242 179 168  71  30 225  82 247 172 142 214 204 119  47
 179 149 183 220  69 215  12  22 159 194 157   4 185 221][ 16 221  91 252  50 200  55 230 172   0 110  32  62 247  32 112  50 123
  28  64  65 137  34 111 241 231  38   3  48  50  37 171][ 62 121  51 224 223 205 215 229 201 160 168  10  30 157 101  20 168 249
 219 115  73  43 144 252 251 217   5 122  99  27 211 186][  2 144 150 153 109 165 184  75 158  27  81  18 172 222  32  73 199  59
 179   1  18  92   2 209   5  18  90 234 144   8 161 139][139 216 118 223  37 157 248  39  29  73 114 102 174 158  54 229 206  59
 191 129 231 188 114 255 167 254 154 130  30  12 113 159][130 101  66 108  13 166 106  79 173   0 202  85 161 137  53  64  64  44
 123 111  64 165 149 138  37 248 130   8  44 146 114 142][121  82 195  77  70  18 110  56  97 224 122 230  83  35 149 246 126 204
  52 238 201 178 165   8  54 236 162 132 111 178  98 180][ 42 135  74 139 215 176 190 239  20   5  76 167 232 226 174 196  93 138
 130 160 118 154  78 255  46  39 158  75  23 206 188 204][  9  78  75 253 118 138 173 118  60   2 122 226 177   1 177 224 110 172
  22 205 225 184   5 206 100 175 170 128 109 184 113 168][ 61  93 123 206  86 215 239 240  85 200 254   2  81 252 180 100 126 252
  22 234 201 179  60 252 127 173 167 128 127 187 116 245][166 109  66 235 248 169 191 198 165  35 233 153   5 153 105   4 239  26
  91  94  50  63  65 178  54 220  18 106 215 219 178 168][226 140 148  62 201  36  20  47 147  23 168  25 226  98   0 223 201 231
 232   1 124 111 211 243 181  54 212  59 210 116 174  14][223  78 238   6   6  50 239 144 241 198 151 199  89 232 191 239  54 229
 125 239 173 213 172 234 242 107 235 128 175 247 121  84][ 82 137  10 170  31 209  18 229 175  13 207   3  44 214  46 212 232 179
 203 209  30  11  26 245 185  52 138  91  48  14 189 110][165   0  69   9 108  56 104 154 124  82 112 212 243   2 153 255  95 200
 126 238 175  84 199  51 132  58 242 196 252 253  90 149][ 47 169 224  93 127 219 218 232  95 160 112 171 106 252 149 181 186 253
 215  77  68 122  69 253  30  94   1  51 119 172  90 174][129 200 123  91 116 143 233 214 127  73 119  80 189 147 180 108 119  40
  38  24 163 188  49 247  71 190  50  64 210 136 225 169][214 244 188 246 170 100  29 159 155 251 140  57  94 255  79 123 149 215
 253 151 184  71 186  98 251 191 125 191 128 113 166 115][147 219  44 159  62 145  15 253  22  88  84 230 177 200 186  97  92  42
  23 205 235  24 111 189 226  97 174 216  60 156 152 217][241  16 252 101   4 111  81  27  96 234 230  24  83  57   3  59 144 148
 116  40  44 244 209   8 195 235  97  20 104 232  66   2][  6 252 128 155 211 201 178 207  30 119  73 179 172 204 106   0 219  27
 131 145  18  28  90 243  45  22 159 111 149  95 149 218][ 49 193 135 157  77 140 192  40 138 144 226  70  98 192   4  66 248 236
  32  69  79 242 211  13 157  34 201  16  73  42  88   8][ 85  29 223  39 162  46  70 177 112 170 122 109 119  58   1 114 178 231
 124  34 237 209 153  46 240 175 101 128 232 114 195  11][199  60 199 149 244  54 238 154 112 218 210 246 209 120 213 239 127 236
 124 255 189 198 199 202  44  42 239 132 173 245 120 149][ 49 129 133 157  29 206 160  41 206  16  98  66 114 208  44 194 248 172
  34  65  75 240 219  93 149  34  65   2  89  42  80  14][ 18 165 146 140 211 240 148  79 123   5 104  17  44 186  38 212 251 155
 130 145  22  11 130 195 187 116  30 107 146  68 175 142][ 43 221  58  60  49 213 150 103 197  72  92  33  60 156  54  96 204  59
 151  65 199 171  18 191  99 117  60 139  92  28 184 223][102 135  14 154 203 225  20 175 143  55 139 171 204 238 110  66 203 151
 235 129  88  11 202 213 153  51 219 255  16  14 165  67][ 28 253 212 119 163 222 119 181  59 191  39  44 239 119  79  31 183 247
 228  82 124 248 187 110 239 223  85  71 226 242 143  27][121   1 249  69 116  10 107  19 101 224 254  64  83  33 145 116 122 140
  70 168 137 176 229  12 246 237 160   0 103 170  98 168][  9 191 107  73 242 243 171  87  54  77 124 226 185 167 180 228 126  58
 146 152 147 152  36 127 111 141 170 192 183 194 165 249][192  75  83 163 237 232 172  20 168  17 235 213 141 131  72 223  98  39
 107 218  67  18 210 224  68 177 186  73  12  83 171 154][194 149 150 157 131 228 180  39 188  19  74  18 172 186  32  67 163  51
 187   1 114 201 146 199   5  50  90  67   0  64 173  11][ 33 253  97 197 212  75 239 255  18 224 120 206 113  37 144  36 120 202
  19 236 227 186 117 111 124  14 182 128 109 154 242 248][210  71  82 136  91  83  30 103  45   4 248 171  13 142  34  80 126 153
 207 227 108 131   4 206 176 100 138 187  53  22 175  95][189 108  99  62 125 243 195  80 212 194 245 122 115 217 179 173  88 168
  22 111 173 167 108 190  82  73 161  57 119 191 122 224][  3  73  66 139 108 153 236  87 237  80  90 198 172 138 246 230 106  43
  26 223 199  24  70 241   4  24 138 168  30 158 249 157][236 182  28 114 169 125  20 187 187  63 165  61 206 127  74 155 133  83
 236   2 118  77 219 183 203 211  85 127 202  68 143  83][150 240 177 146 139  65 150 205 138 247 129 187 140 222  76 138 171  91
 251 211 115  71 154 243 153  20 159 127 133 125 135 242][243  83  76 173 168  22  78 191  32  12 254 229 129   3 130  82  70 199
 237 238 220 139 197  33 242 233 170 152  60 145 170  25][231  58 188 213  44  54  88  18   9 186 180 124 152  43 213  43 205 117
 125 157 185  78 195 232 206 219 251 248 142 161  88  17][ 52   7  67 234 116 163 235 248   4 168 123 227  83  77 189  64 126 152
  23 254 137 178   9 156  60 204 161 196 117 139 112 177][168  65  10 137  76 137  32  69  36  40 219   6 144 128  34  64 104 140
  74  64  64 187 193 192  84  33 170  56  20  10 176 136][153 219  94 110 146 211 158 245 100  64 246 226 123  78 162 225 126 241
 142 227 237 171  37 189 242 225  38 193 119 186 172  29][ 73   1 249 229 116  42 105  19 101   0 126  64 155  35 144 116 126 140
  54 168 137 176 101 200 198 237 162 128 102 160  96 169][  3 157 107 197 244 191 235  55  92 201  94 230 241 100 180 100 119  42
  19 173 179 184  37 223  44  46 190 192 141 202 209 253][ 56 189  51 228 213 207  86 229  97 128 172  10  62 249  36 176 184 251
 213  97  91 171  48 173 187 221   4  59  99  26 230 170][ 10 188  50 154  83 213 185 231 191  21  76  19  44 223  34 196 231  59
 147 129  98 157  50 247 119  85  26  75  18   4 165 234][ 40 191 120  73 114 143 123 251  58  45 124 172  49 215 196  48  63 186
  23  28 146 154 224  95 111 141  33 236 247 130  70 249][208  75  95 238  50 194  59 112 180 128 242 226 127 215 161 113  38 245
  44 226  96 139  39 109 242 225  98 137  53 162  37  41][  2 176 146 153 109 165 184  67 158  25  81  50 172 222  96  73 239  59
  51 145  18 220 130 209  13  48 218 202 144   8 161 139][ 26 177  50 168  51 241 154 192  15  69 220  43  12 158 102 132 254 187
 135 145  30  27   0 209 153 213  10 239 147  14  47 207][ 76  68 157 254 168 100 125 142 138 159 156   0 221 255 105  91 131  87
 125  19  18  67 154  32 251 243 127  61 144 115 165 131][ 56 249  27 234 113 197  82 212 135  13 125  41  62 215  42  80 222 187
 151  80  14  43  26 191 251 221  32 235 210  10 238 203][ 82 176  18 184  43 201 144  66 143  21 160  43 174 222 100  16 162  57
 203  17  18  43  18 209 153 208  26 123  80   8   7  11][ 25  79  75 229  22 154 107  50 116 128  94 230 177  35 147  96 106 236
   6 204 205 152 101  14 230 237 162 128  47 185 112 168][223 110 230 166 164  54  78 144 241 198 151 199  75 232 159 239 119 229
 125 255 172 199 189 234 242 122 239 128 175 247 123  84][ 66 185  18 144 123 201  48 195 175  29  32  41 172 214  96  90 163  59
 235  16  18  73 130 241 157  16  26 107 128   0  39 139][  3  28 178 190 117 244 248  87 189  75  83  87 172 222  52 232 230  59
 159 129 167 141  18 207 133 127  26 138 158   4  49  31][ 64  17 115 205 116  42 105  19 104   9 118 112 189  51 176 117 102 191
  31 168 177 184 161 204 196 184 186 128   4 128  33 169][249  83  66  77  86  18 234 120 117 192 242 230  83   8 181 244 126 204
  22 238 205 183 133 206  54  44 162 132 111 174 122 149][ 67  32  50  92  81 132 104  64 235 129 224   9  40 139  20 148 160 169
  99 140   2 203 146 221  23  56  18  10  67   4  99 142][114 135  40 168 217 105 158  47 139  37 137 171 206 238 110  80 217 151
 239 177  26  11 194 215 249  85 155 255 144  78 149  66][129  64 213 165  36  31 108  23 105 251  50 220 191  18 208 171  38   5
 126  12 229 252  69 200 132 218 114 176  12 152 201  29][  9  15  83 229  52 142 111 114 125 136  94 196 191 163 177 100 118 108
  30 110 193 153  37 238 226 255 162 128  14 177  97 161][  1 173  83  97 240 203 110 117 108  72 122  64 151  34 128 176 178  42
  70 124  83 184  37  93 172 152  38 192  72 130 203 165][  3 201 103 203 100 157 232 148 238  80  91  70 188 200 253 236  98  42
  50  95 199 176  62 241   6  24 146  64  30 159 241 205][ 61  93 123 206 118 215 239 248  85 200 254  66 113 221 181 100 126 248
  22 235 201 179  60 255 115 173 167 128 127 187 112 245][ 33 187 113  75  85 157 227  87  94  73 124  70 178 156 180  36  92  58
  22  24 211 184 116 253  39  28  32 232  87 138 196 253][ 15 162 229 147 239  61 232 159  59 119  23 215 205  46 222 207  39  79
 191 157 147  84 255 209  14  95 255 228 174 212 153 253][132 235  19 242 232 137 174 212 170  18  57 196 149 195 201  11 163  75
  66  90  67   0 154 113 164 144  79 108 136 211 131 129][106 137 148  62 137 248  20 175 139  61 168   9 238 186  78 222 201 119
 232   1  30  75 219 177 143 246  84 123 210  78 142  14][ 26 217  59 188  51 213 150 246 157  72 216 103  46 156  36 224 204 123
 151  65 207 171  18 189 243 117  26 155  88  28 173 223][188 124 181 247 133 111  71 212  81 170 166  24  90  57  81  63 201 228
  21 106 105 118 121 170 251 218 197  54 194 121  80  42][  3 157  19 157 242 192 189  39 156  73  90 227 180 182 160 228 206  59
 151   1  83 152  64 223  36  52  62 130  28  12 161 157][ 70  42 131 154  89 240  56 200 174  21 193 161 172 198 105 206 233  25
 235 144   2  67 234 241 157  20 154 235 144   4  45 238][ 54 251  42 170  29 213  18 200 135  13 156 107  46 220 110 196 220 185
 143 209  14  11  10 245 185  85 139 255 145  15  60  95][ 99  99 160 172 109  13 216  72 139  60 145  15 142 136  94  26 206 133
 255  71 206  35 210 209 146 120 202 191  21  47  91  71][211 109  66 171 140  38 110 198 108   2 203  84 147 138  53  64 232  79
 106 239 105 183 149 106 176 172 142   8  45  83 248 136][190 232 172 188   9  73  92 206 155 246 128 185 143 143  67  11 137 217
 253 211 110  79 202 179 155 211 221 191 134  61  23  90][ 18 144  82 136  95 201 176  72 143  17 177  42 140 158 100   0 234 185
 155 209   2  35  18 213 153 144  11 127  29  11  45 146][ 10 169 230 137 215 179 168  67  15 117  76 135 137 142 118 204 110  59
 147 149  22 152  86 213  15  85 154 227 183 142 189 212][  5  12 245  25 172  62 104  27 126 122 122  84 151  32 149 254 199   4
 126  28 183 252 103  18 132  62 114 212 220 233  83 229][126  61 188 228 203 100  28 207 130 189 140  11 157 255  65  27 133  87
 253 177  90  75 218 128 251 227 239 255 128 112 135  91][230 157 248 252 252  40 151 235 217 138 184  56  94 252 125  35 159 115
  85  35 240 103 138 206 184  30 101  62 212 120 219  33][130 129   2 153 206 129 184 207  14  17  80  18 140 202 120  73 111 139
  51 145  66  16  66 209  20  16 154 236  20   8 161 128][ 56 157 123 109 215 210  91 247  97  64 124   2  59  61  54  52 122 186
 149 232  91 186  53 189 123 237   4  65 119 134 230 250][  7 176   3 146  77 253 184  72 171  81  17  29 140 220 126 136 169   9
 211 149  23 102 154 209  31  16 154 111 221  12  59 214][228 204  83 251 220 225 238 230  85   3 233  18 129  42  60 101 251 211
  10 170 112  43  77 246 189 222 150 123 149 219 225 132][ 22 184 150  51 139 237  16 207 239  21 162   1 174 242  72 159 161  51
 234  17  22 201  27 117 137 146  87  87 208  68 143 134][240 253  59 106  80 205  87 245 228  72 108   8 183 151   0  49 180 184
  94 106  75  59  56  61 243 201  36 104 104  18 199 123][ 60  92 245 247 197  79  87 176  89 162  39  10  91 125  85  63 153 244
 113 106  41 244 121 170 239 222  69  54 227 123  84  50][  3 156  59 137 242 243 171  87  94  65  92 230 176  22 182 100 127  43
  18 153 147 184  52 127  44  14 154 192 157  64 161 253][ 82  79 126 188  50 192  61 102 188 134 218 163  45 167  35  65 102 251
 175 129  96 137   2 239 240 167 126 139  37  84  37  75][ 57  33 105  69  84  10 105  51 117 224 254  66 147   1 148 112 122 140
  70 168 217 184 101  14 102 237  32   0 111 168  82 232][124 235 122 108 170   0  95 180  33  12 246 237  43   7 131  18 110 213
  76 238 200  43 229  41 242 225  36 152 103 179 166 105][189  92 229  95  77  97 199 248 197  66 245  70 115 120 191 175  72 224
 118 111 237 167 127 185  52 107 224  24 127 255 112 252][157 120 145 185 130 135  45 222  62 154  64  80 156 211  97 252  55  25
  26  92  35 197  19  80 169 206  63 108 152  48  33 161][187  66  66  12  86  18 202 120  85 192 247 230  75 200 191 245 126 172
  22 239 237 183   4 206  18 104 163 132 127 174 120 132][  2 176 146 153 236 165 184  75 158  25  81  50 172 218  96  72 207  59
  51 145  18 216 130 209  13  16  90 234 144   8 161 131][  2  20  63 154 223 228 185  71 140  85  95  51 236 254  46  72 254  59
 147 145  50 139  50 199  21  55 154 203 149  66 173 255][222  59 148 176 139 100  20 159 155 191 144  59 142 191  65  75 197 215
 237 145 122  75 202 128 219 211 255 255 176 112 173  11][118 241 154 170  27 193  18 200 139  81 161  41  14 222 106  18 218 153
 223 210  79   3 218 209 145 208 139  63  17   3  47 150][208  82  78 236  34   2  79  48 180 134 242 229 113 199 161  82 118 245
  45 238 232 151 133  78 240 166 234 128  44 162  34  57][ 57 133 122 236 245 183  95 119  69  72 126  10 123 121  56 176 216 170
  23  40 216 186  48 159 123 205 164  64 123 202 248 171][136 252  31 255  34 228  57 118 188  27  66  49 189 159  32  89 166  59
  63 128  98 220  18  99 199 243 122 192   0   0 165  27][ 42 249 250 154  85 221 251  86 155  76 124  15  56 223  98  16 108 186
 147 212  71  58  50 241  87  29 128 105 127 142 110 219][ 73 219  26 188  52 141  94 183 141  72  92 101 191 155 162  80 134  99
  29  68 197 136  18 189 226 253  62 152  28 152 137  27][114 135 168 168 241 235  83  75  11  37 169 171  14 175 100  80 217 159
 133  17  26  11 192 222 251 215 153 127 144  78 150 114][ 24 149 191 242 147 239  49  87 174  31 111  51  28 255 104  72 167  59
 187  16  18 153  50  66  91 135  52  67 128  64 165 123][ 63 111 226  76 203 113 150 206 203 246 188 175   8 236 247 159 175 227
 195 247 140  99 174 240 122  93  69 191 247 117 254 222][ 57  94 110 253  44  23  71 182 196  74 214 230 115  44 183 105  78 224
  63  79 237 133 103 189 210 235 250 144  60 253 120  89][ 50  89 110  30  95 194 151 224 132  68 196 131  32 220  55  64 106 241
 155 195  72 171  62 189 113  33 138  27 117  63 124 254][  2 178  18 155 107 129 184  65 142  21  81 179 172 206 106  72 238  57
 171 145  18  31   2 209  20  16  26 235  21  13  45 195][129 155 119  73  54 219 171 122  94  73 120 226 185  28 180 164  62  57
  22 105 163 184 101 255  44  28  34 192  85 136  65 253][  2 156  58 155  83 229 184 107 159   5  77  19 172 223  42  68 251  59
 147 129  50 152  26 247   7  87 154  75  16   4 173 154][189 113 122 206  87  23 255 120  65 204 117   2 123  89  61  32 124 184
  23 106 232 178  56 143 115 201 160  40 119 187 118 227][ 93  95  23 229  51 150 110 112 237 200 126  70  92  19 164 244 182 101
  28 236 193 145  49 204 179 252  34 128  42 178 105  53][  2 154   2 153  83 130  56  71  62  21  67 247  44 142  98  72 231  59
 163 149  22 220 135 213  28  38 154 195 156   4 173 223][ 56 149 121 105 215 243  83 127  85  65 124  34  59  61  44 176 121 154
 151 176  27 186  49 159 107 237 128  69 247 206 230 250][105 107  69  69  53  27 102 180 101 168 126 104 235   0 149 180  16 228
 204 106 201 176  77 189 164 253  37 144 110 191  90  45][  6 141 170 154 219 225 179 207 158  21  72  19 140 254 110  68 217  59
 131 145  22  24  26 247  13  22 158 111 144  12 165 206][127  78 230 164  44  54  78 152 225 194 151 199  75 104 151 239 122 228
 125 239 173 199 255 232 146 123 239 152 175 247 122  84][135 219 102  27 231 149 174 180 236  88  82 199 232 200 191 229 110 107
 179 207 197 184  30 253  44  26 206 200  31  23 249 220][ 25 203  83  69  49 143 103 180 108  40 122  64 255   2 145 244  54 100
  78 110 193 176  37  61 164 236  36 128  98 182 195  45][  3 148  41 137  86 247 169  95  94  65  94  86 180  20 190 100 127  11
  18 157 147 184  53 215  45  30 154 192 157   8 177 253][ 89  85  87 228  50 194  63 112 165  72 222 226  93  87 161 101 102 181
 159 232  65 145  53 204 240 232 170 130  47 178  33  51][117 140 208 178 208  40 110 164  56   3 163  25 226  98   9  91 233 194
  10 130 124  75  72  98 188 166 222  17 137 113 234   8][ 35 181 113  75 255 221 143 253  91  73 125 106 120  92 252 164  31  26
 150  24 211  50 106 247  47  28  52 238 215 138 215 253][ 33 183 113  75 244 159 162 223  94 105 120 102 184  24 188 164 254  26
  22  29 215 184 101 247  44  28  50 226  95 142 209 173][152 121 145 249 139  71 149  95  30 178 128  70 148 151  97 137 236  57
  19 144  65 126  83  16 133 128 127  54  57 120  33 187][ 52 136 147 242  85 203 224 224  85  17 224  74 226 104  61  73 249 144
  10 144  27 235  89 253 153 150 214  81 209  42 116 142][  3 157  19 157 242 192 172  39 140  73  90 226 180 182 160 228 198  59
  22 129  83 152  70 223  36  52 186 194  28 136 161 189][135 205   2 138 213 157 174 229 220  66 216  87 184 232 126 228 121 170
  18 207 247  59  22 227  52  28 142  40  29  94 249 156][130 160  18 153  70 169 184  79  30  17  80  18 140 138 112  73 111 137
  51 145  18  28  66 209  20  16 154 236  20   8  33 136][ 84 156  21 233 154  99   3 154  22  49 170 162 215  55 160 244  87 212
 172 248  59   0 113  29 137 230   3  84 186  97  37  48][214  46 170 178  45 173 152  66 191 191 131 153 238 236  87  10 153 101
 237  21  46  69 202 210 217  86 219 187 128 109  31  66][216 114  26  72  41 215  27  92 164  44 164 168  93 151 169 212 214  53
 206 234  64   7 178  92 211 241  42 191  18 147  47 187][ 65 149 177  89 180 174 233  23 254 105 126  80 158  52 148 100 133  54
 124  28 179 184 241  70 173 190  54 196 200 192 193  45][176 245  59 110 112 205 119 252 101  72 109   8 119 215   8  49 180 154
  86 106  67 179  56  63 243 137  32  40 104 146 198 251][  2 251  55 220  57 205 173 183 175  93  28  96 188 183 164  36 134 115
  31  72 211   9  50 253 173 152  62 138  82  16 133 253][ 89  88 231 255  44 190 195  18 205  74 215 198 115 124 179 235 110 224
  63  79 141 165 119 169 210 235 226 128  62 255 112 125][165 220 103  95 116 243 239 240  84  66 126 118 240 120 189  37 123 234
  18 239 225 180 108 255  36  30 162 128 119 255 112 237][ 50  89 110 158  11 192 147  96 132  68 204 131  96 221  39  65 104 240
 155 195  72 163  62 189 115  33 202  27  53  63  52 250][210 203 110 190  26 128  29 231 184  20 144 175 109 238  34  81 102 243
 173 197 108  75   6 253 248  99 254 185  53  20 173  91][  2 177 146 153 237 165 184  79 142  25  88  50 140 218  96  72 207  59
  51 145  18  88  66 209  13  16  26 234 144  72 161 131][  1 167 115  75 246 155 170 253  94  41 121 230 208  72 188 164 127  10
  18  61 215 184  12 215  44  28  34 230 221 138 209 173][210 199  46 188 138 128 188 103 164   6 218 183  45 174  34  67 102 183
 175 133 124 137 134 231 240  97 254 203  36  20 189  91][  6 178  66 154 107 129 184  64 142  21  81 183 140 206 106  73 238  57
 163 145   6  20  10 209  20  16 218 235 148  13  45 147][ 58  36 242 225 213 235  80  75  23  45 125 187  11 191 100  16 217 155
 135  16  26 186  64 150 219 213 145 103 243  78  70 242][ 60 253  81 106  91 197  86 248   3  72 185  13  63 219 105 144 220 217
 133  98  74  35 152 191 243 221   5 126 123  63  98 211][  3 132  99 219  52 167 171  51  94  65  95 210 240 108 188 100  89  42
  18 189 179 184  53 223  45  62 154 192 149 138 241 228][167 183 115  67 247 219 186 249  91 121 117 254  72 220 252 164 191  89
 150 123 183  50  44 247  62  30  39 230 223 175 219 181][137  95 119 249  52 159 171 118  92  72 118 226 189  28 180 229 110  49
  30 205 227 188 101 255 164 251  58 192  95 136  97 189][ 89  86 202 165  96  38 111  18  32 206 255 229 209  39 179  80 118 237
  61 238 137 146 129  74 244 173 170 128  44 243  42  81][  2 186   6 155  83 128  56  66 190  21  67 183  44 134  98  73 230  57
 171 149  22 217 135 245  20  34 154 203 156   5  45 219][187   2  70 140  68  18 232 120  85  66 247 198  75  72 191 237 124 172
  22 239 237 183   4 204  18 106 226 132 127 175 120 132][ 38 107 230  22 207 209 190 197 203 244 188 175  40 236 247  31 238 233
 195 215 212 107 174 232  62  24 205 171 247 126 254 222][ 41 148 122 105 215 247 243  91  86   9 125  18  24 249  56  32  89  26
  18  56 178 184 113  31  79 207  49  69 243 138 248 162][125  41 238 164  36  50  78  24  97 194 158 207 219  40 151 250  82 228
 125 239 141 195 229 136 210 255 239 144 174 247 122  85][ 40 133 122 111 244 239 227 123  84   9 125   2 115 121 186  32  89  42
   6  56  50 184 120  31 111 143  32  65 243 202 216 162][ 10 219  43 220 116 132 189 119 132  76 222 230  52 151 160 100 204  58
 151 204 193 139  34 239  97  53 190 138  18  16 181 251][ 24 149  62 249 219 228 185 107 156  21  79  19 252 255  40  73 231  59
 179 145  50 153  18 213 221 163  90  75 144  64 165 162][ 57 171  66   0 215 219 118 103 101 164 206 175  43 224 178 148 122 170
 128 105  92 186  36 189 186  69   4  67 103 142 218 206][131 207 100 159 141 149 174 167 140  90  90 199 232 232 191 199 238 107
 191 199 231 140  86 247  46 121 206 200  29  20 185 220][  2 140  30 250  89 229 176 202 190  17  72  17 188 223  32  64 225  59
 131 145  50  13  26 247 207 215  26  75  16   1  45 154][ 95  95  66 172  18 146 110 112 165 192 218 231 109 238 179 196 118 229
 191 231 205 131   4 238 178 103 175 128  47 247  41  21][  3 144 163 153 117 183 168  91  94  75  83  86 156 140 188 236 253   9
  18 157 183 156  53 215  13  30 154 198 156  12 177 245][175 191  96 155 244 187 186 200  95 125  81 247 136 232 254 141 255  75
 151 247 182 120  12 247  14  94 175 231 223 143 217 215][112 245  59 100 112  79 119 252 113  72 108   8 118 215   8  49  52 216
  84 106  67 179  57 127 247 137  33  44 104 146 198 251][214 252 145 178 139 197  20 134 191 187 130  61 204 182  73 203 199 119
 237 145 103  77 219 242 153 214  95 255 152  84 133  31][204 246 174  81 180  50 176 159 114 189 150 116 144  57 216  74  33  86
 237 152 178 253 139  98 110  47 183 197 203  64 253  43][ 48 147 159 172  84 207 225  96  70  56 250  78 118  80  40 208 248 168
  46  17  11 179  83  29 153 128 227  84  89  42 120 130][119  51 234 160 140 116  95  89 163 204 159 143 211 238 223 106 125 205
 125 255 157  67 254 192 218 205 175 236 173 255 242  86][129 133 123 113 116 138 105  55 124   9 118  80 179   3 144 112  34  46
   6 136 241 184 101  79 230 249  50  64  68 136 195 169][236  82 215 229 228  34 116 151  81 251 115 245  72  43 168 202 199  86
 164  16 181 252   1 130  14 247 246 198 142 252 248  19][236 206 212 182 124  67 143 172 218 182 160   8 110 233 125 131 147  69
 232 107  97 103 154 255  56  23  77  61 220 122  75   8][191   2 102 172  68  18 232  80 213 134 247 215  73 200 191 205 124 164
 166 239 236 183   4 200  18 105 226 133 111 175 120 196][164  48 248  91  70 245 177  80  86 171 117  18  48 209 109  40  93  56
  19  24 130 246 122  82  79  13  49  41 209 137  78 163][249  59 235 164 124  50  75  16 113 192 223 239 115  45 147 114 126 228
  53 239 141 210 245 138 246 237 161 144  47 247 122  89][  6  90  82 154  75 129 184  64 142  20 209 167 140 206  99  72 238 185
 131 211   2   3  10 241  20  16  10 235  21  15  37 147][117  92 236 237  12  13 223 248 198 226 186  15 243 125  53  42  92 244
 127 235 204  35 255 185 243 174 197  60 125 251  80  90][ 86 191 157 179 180 238  99 159  51 253  59 103 104 110 206 210 181 239
 164 144 187 216 251 127  44 182 167 198 169  65 206 215][ 67  18 234 181  96 166 121  18 185 203  94 247 157 191 179  72 230  45
  55 141 129 148 128 202 196  60 186 128 172 224  49 219][205  31 202 165 112  38 107  16  49 200 126 229 217  39 147  84 118 236
  21 236 169 146 165  74 214 237 162 128 174 247 122  81][  2 185 178 153 207 197 184 199 142  25  88 163 172 158 100   8 239  59
 147 145 146 122 210 241  29  16 222 235 149  12 165 219][ 87  15  67 174  18 146 110 115 181 192 218 199 109 234 179 208 126 237
  31 207 205 155   4 238 178 101 170 128  45 167  57  84][136 220  63 123  52 140 121 182 252   9 118  48 191 147 176 113 134  42
  14  72 227 188  32 103 231 251  50 128  64 128 195 169][210 202 174 190   2 128  62 150  54  22 218 231 109 174  51  72 102 231
 191 199 206 221   7 225 240  99 254 129  44 213  57  88][167 136 225  91  53 253 161 138  94  73  82  82 160 216 181 108  89  40
  50  25 179 252 111 247  13  30 154 194 213  13  85 228][  2 170   6 155  75 133  56  64 174  21  66 135 172 198  98  72 230  57
 171 213   2 219 130 241  20  48 154 203  16   5  45 218][  2 185 146 153 239 165 184  79 142  25  88  34 140 158  96  72 231  59
  51  17  18  24   2 209  13  16  30 234 148   8 161 139][186 216 102 190  11 209  26 224 151  68 192 163  41 223  35 193 234 249
 179 195 110  15  62 189 147 227 203 187  55  31  60 218][ 50 185 226 148 223 209 190 231 139 196 156 175  40 252 118   2 238 243
 211 213 214  43 182 232  59  20 143 187  71  46 183 222][172 236 120 106 244 143 127 252  80  10 124  76  51  81 177  48  29 232
   6 110 226 190  40  63 127 207  37 236 123 155  74 185][176 253 121 109 114 207 119 246  53 104 236  40  22  23   0  48  38 252
  86 106  97 186  49 127 247 175  33   4  98 176 102 251][ 58 191  34  40 243 245 187 119  27 205  92 175  44 188 102  36 167  59
 151  21 151 155 176 255 123  85  28 235 142 206 191 223][161 206 101 221  84 219 175 254  92  66  82  98 241 104 189 100  95  96
  18 239 225 188 109 255  36  62 230 128  87 185 112 236][154  89 110 252  23 198  87 118 133 200 214  39  57 151  39  69 108 240
 157 194 233 143  18 236 243 233 234 139  43  53  52 123][  9  94 187 188  36 246  57  18 220  74  94 102 189 190 179 224 230  49
 191 133 133 157  48 218 197 231 170 128  28 248  57 121][  3 220 231 159  44  16 174 174 206 210  90 231 233 232 183 231 198 105
  63 207 197 236  47 249 164 122 239 138  28 127  57 221][165 142 140 187 188  47 203 185  22  60 209  85 215 105  58  83 201 194
  53 127 186 230  91  55 201 131 239  84 152 107  88 144][ 89  92 127 237  45  94 207  50  77  98 254  14 251  40 182 230 102 228
 124 107 205 161 117 173 179 255  96  16 127 190  88 124][190  74 110 190  78 210 219  96 132 196 213 163  97 205 179  65 122 240
 171 231  76 135  46 189  82  97 202 153  55 191 124 210][ 39 211 121  75 116  87 250  88  75 121 177 102  88  92 252 160 222  25
 151 255 135  50 125 213  15  89 163 230  93 138 114 245][ 49  88  83 170  60 133  83 104 135  64 169  45  39 217 105  16 222 168
  10  98  79  35 216 159 144 212   1  62  88 139  96 146][ 59 143  66   8 247 211 114 103 101  68 126 167  43 168 182 212 122 170
 134 192  92 186  36 223  58 117   4  67 119 134 254 204][ 76 171  52 123  59 219  26 184 238  57   1 200 237 235  88 101  18 113
 121 120 150  73 222  61  79 223 117 253 250 134   3  11]