[ 92 151 250 230 178  34  95 183 160 142 143 161  77 103  11  82 119 247
 205 162  88   3 136  14 251 231 175 157 162 242 166 115][ 18 156  29 248 155 225  17 135 174  17 138 179  28 183  32 112 195 179
 155 144  51  11  19  87 217 135 154  75 184  64 165  26][245  52 252  18 238 123 150 202  91 243 189  58  86 120 207  59 251 214
 254  51 180 119 237 226  30  11  85 127 197 127 223 199][253  67 100  76 234  18  78 184  97 254 182 236  75 102 159 247  62 196
 236 238 237  71 237   8 114 233 229 156 111 183 106 117][ 56  36  96   7  87  91 195 104  81 165 237 139  67  40  22 148 120 140
 194 160  60 178 125  15 127  70 129 115 103  47  94 198][ 33 141 107  69 244  15 239 119 116 224 126 198  49  33 148  52 126 174
  22 172 201 186 117  30 110  12 165 128 111 170 242 248][120  73 250 101 149  94  87 183  97 164 190   8  51  61   1 112  88 246
 108  72  72 187 241  12 251 237  37  17  99 186 198  42][ 29 121 123 109 118 139 235 248 124 224 118 226 115 109 181  32 126 252
  23 111 137 176  45 125 110 207  33 132 101 171  66 241][  2 168  54 219  93 213 184 230 159  21 212  19 172 254  44  64 239  59
 179 129  98 107 186 247  47 118 158 235  23  12 165 206][ 61 109  67  78  84  26 199 248 113 192 253  74 115 225 189 180 122 232
  22 110 201 162 236  44  50 172 165   8 111 187 114 164][185 205 111 234  84 199 235 244 196  64 254   2 113 201  49  96 120 232
  27 235 235 187  60  61 113 169 162   0  53 139 112  40][ 96  48  28 136  77 205 144  72 206  49 161   8 134 216  72   8 136   8
 106  16   6  98 211 145 213 145  65 127  80   8  95 130][217 217  27 110  17 207 115 116 237  64 110   8  62 215  32 112 178  56
  90  74  65 169  48 127 243 253   0  10  74   2  99  42][ 50 177 233 225 157 207 208  95  31 169 220  11 179 189  84   0 220 191
 215 145 154 186 209 151 239 149 157 243 229  12 158 218][ 98 169 250 255 112 142 123 242  63 192 110   0  61 191  53 112 246 255
  23 206 192 154 176 255 255 253 166 128  20 163  98 218][ 88 249  63 238  58 192  19 101 164  13 239  32 125 215  32 112 166 187
 205 192  66 137  42 125 249 229  42  75  48   2  39  43][103 253  40  94 253  31 214 236  83 232 189  77  98 252  94 176 221 254
 247 103 207  98 219 191  59  95   5 190  89 127 218 158][176  72 123  78  68 207 227 240 116   2 116   8 115 209  53  49 120 248
   2 106 104 182  48  45  83 168  32   0 113 187 102 170][188 108 104  32  79 123  82 216  19 166 164 153  11 157  67 152  25 200
 197 114  42 118  88  18 211 201  33  61 119 253  94 194][ 66 204 186 254 149 140 126 166 191 139 202   0 190 187  53  80 225 239
  63 193  74  25 146 255 255 255 158   9  16  80  33  10][ 16 143 122 168  22 227  83 119 149  68 218 163  55 191  34  64 126 187
  31  33 120 171   0 191 240 198 170 195  53 136 180 203][189 197  81 239 126  11  79 249  85 162 255  74 115  97 185 116 126 236
  54 234 233 182 109 190 244 238 165  52 119 187  80  32][ 17  76  79 204  22 131 106 244 180  64 242 198 113  71 181  97 126 232
  31 238 233 149  21 125  48  46 162 128  61 147 112  56][ 25  91 118 140 102  22 239 118 100  76 214 230 125 134 179 229 126 237
 158 238 197 187  37 237 114 235 234 128  63 180  41 253][ 18 135  83 184 178 192 189 103 188   5 200 179  44 166  32  80 103 187
 131 129  82 139   2 215 176  36 154 203  53   4 165 203][ 31 150   3 163 178 180  58 216 190  93  27 247 204 238 234 192 183  67
 175 151 150 133  11 247 168  71  63 198 156  71 169  85][ 67 149  47 180  64 198 105  53 172  72  74  69 245 182  56 113 244 175
  59 173 225 153 176  77 213  34 250 128   8   0  51 120][ 73  29 238  95  52 214 191 182 244 198  70 164 249 247 147 235  71 126
 187 206 229 216 255  40 102  47 255 128 174 244  53 248][102  49 180 194 237 229 144  73 139 249 177  41 140 220  77  10 204 145
 255  83 154  99 218 208  25  24  77 255 209  15   6 211][202 184 168 178 203 225 144 206 187 119 128 187 172 254  78  11 163  91
 243 145  54  79 138 243 219  83  95 255 129  68 167 218][ 24 157 127 253 151 247  75 119  21   1  94  18  61  55 160 228 120 186
  23 136  57 184  49 191 227 239 178  64  55 136 244 186][ 58 166 234 170 213 185 178  79  87   5 249 175  42 232 126   0 249 139
 130 145 158  59  76 215 126  85 154 107 213  78 254 198][213  64 223 229   6  10 111 120 117 162 247  66  83  99 153 115 122 196
  63 234 233 180 109  74 244 235 231 132  37 178  96  32][117  95  92 239 184   6  78 180 197 136 191  68 243 115 137 115  84 230
 124 238 232 129  89  45 226 184 229 144  58 243  96   9][ 19 203 102 236   6 131 110 244 197   0 210 230  99 202 180 101 110 176
  30 238 204 189   4 253 178 234 162 128  61 186  49 141][184 221 116 253 213  87  84 255  85  58 126  18 123  57  52 161 249 222
 149 160 248 254 113 159 123 235 244   7 119 252 252 170][ 38 142 246  90 229 180 244 199 221  31 126 243 104 252 174 221 205 123
 163  20 182 254   2 226  46  62 214 195 195 221 248 205][ 92  54 156 244 168  44  80  18 171 191 170  77 159 163  65  90 135 215
 109  16  26  65 211   0 219 247 117  29 224 226   7   3][ 49 126 130  12  77 159 166 231  70 170 234  78  34 160  39 132 120 236
 226  71  77 187 208  59  53  36   7  43  89 126 250 142][130 142 114  93  23 210  48 103 127   7 102  18 170 168  38 100 241  58
 138  16 182 188  37 223  47  54 146  67 146 140 252  79][189 185  61 243 188 157 216  51 204 249 144 123 191  28 214  35 204  19
  93  85 190 108  99 188 207 217 186 208 213   9 209  91][130 217  61 251 172 141 156  39 222  59 147 122 158  28  84   3 205  51
 127  19 249 109  75 181 173 154 127 250  80   8 145  35][ 51   4 238  69  68  51 202  82  69 226 255   2   3  41 181  38 120 172
  23 171 172 183  37 202  18 110 129 128 103 239 112 164][162 249  48 154 127 197 184 231 159  89  80  59 172 158 100   0 205  59
 147  17  66 126 218 247  61  20 158 235  16  28 135 219][161 188 156 113 237 189 240 215 251 123 100  92 158 184  76 185 137  10
 114  28 183 124 210 115  15 223  80 110 216  72 202 134][125  65   4 109  21  15  67  56 101 164 231  12  83  65   9  85  88 132
  76 110 104 178 113  28 227 235 129  20 106 187  66  32][118 183 250  98 251 201 151 237 171 172 189 169 110 255 110  16 183 243
 197 115  86  35 138 216 251 148   5 255 199 114 135  67][  1  32  97  81 100 155 233  87 126 113 114 214 177   8 148 173 122  40
  22  29 147 248 101 209  12  26 242 192 239 136  81 188][128  88 190 221   7 182 189 246 252 155  86  18 124 187  53 105 111 103
  59 139 224 253  51 238  71  43 222   2 149 121  33  43][ 82 113  18 168  27 201  18  64 169   4 168  41  46 222  39  80 162 177
 207  96  68  35 146 204 145 208  10  59  80   6  47  66][ 37 127 220 199 238  27 238 252 129 242  29 238 215 233 219 135  62 202
 198 111 205 115 204 168 190 201  37 188 109 251 155 149][ 15 173 224 219 223 240 254 239  95 151  76 146 104 234 252 228  51 203
 179 152 150  88 191 243  47  30 159 239 191 212 253 172][  2 189 150 191 157 205 180 231 191  27 234  16 172 250  36  65 201  59
 234  16 114 201  83 247 173 246  94  83 208  72 165 139][ 87 159 138 164 182  50  30 107  20 230 155 231 197 104  50  64 247 231
 157 167 220 137 141 142 250 103 239 145 172 110 185  83][  2 180 148 187 249 237 176 203 191  63 121  57 140 254 108  75 197  27
 163  17  50  90 218 243 141 214  90 111 144  76 133 147][ 75 185 178 216 249 188 176 199 235  29 124  24 172 186 102 118 167  59
 246  16 150  26 178 241  15 253  22 235 210   4 171 143][ 11 191 106 137 247 242 187 119  95  77  92 231 172 188 182 228 254  59
 151 149 151 184  36 215  46  93 186 195 223  14 189 223][218  50  82 224  41  28  88  16 169 104 182 236 159  23 128 246 166 149
 221  24 137   3 209 192 211 241  34 250  42 132  43  51][173 113  17 103  52  14  71  56  97 232 243  76 211  81 153 180  24 204
  76 110 201 180 249  12 229 248  37  20 106 179  66  33][ 61  67  92  11 234 155  94 152  94 112 113 231  83  74 255 248  87 200
 166 118 143  52 111  52  78 207  37 212 189 155  72  85][ 51 147  10 137 222 143 188 101  12  97 211 199 132   8  62  64 124 131
  31 229 222 187  85 213 180  32 138 214  29  14 185 214][ 86   2 174 189  14   2 232  99  20 246 210 135 109 238  59  75 126 167
 191 133 252 209   7 200 208  99 239 129  36 100  53  80][215 197 133 191 136  14  76 172 180 250 131  85 215 126  24  91 193 231
 125 231 125 197 219  46 233 227 239 148  40 112 145  18][122 112  97  64  79 221 144  80 233 124 180 175  10 156  86 190 172 145
 213  81 206  35 242 192  83  89   0 251  99  12  94 223][ 54 183 161  48 155 213 151 219  23 237 152 111  78 252  79  36 157 219
 253  17 159  67 251 186 251  86 141 255 131 126  54 119][226 221  23  30 173 197 148 239 155  26 176 121 226 248 100 135 201 115
 238  67 126 111 202 183  56 146  93  59  88 124 216  15][131 157  15 153 150 198 169 215 188  89  94 210 156 151 176 100 103  63
  59 157 211 152  53 215  37  42 186 192 156 128 185 249][ 26 207 122 249 150 147 186 247  28  69  94 227  61 174 182  96 127  59
 151 181 182 184  36 255 122  79 190 193 181 140 189 201][133 201  23 155 124 137 174 236 206  16 208 198 245 194 184 193 122 105
  10 239  99  39  14 125  36   0 175 108  28  59 169 136][188 164 129 184 221 103  65 203  22  55 193  27  83 245 120 153  89 154
 147 177  58  94 219  23 157 199 157 109 177  76 182 226][ 43 219  98 136 247 213 190 247 143  77  92 167  44 158 182 228 254 187
 151 213 215  27  36 245  62 125 142 235  31  30 189 223][ 27 159 107 201 246 243 251 119  29  77  94 231 189  62 182 100 127 187
  23 157 179 152  37 223 110 127 186 192 191 204 181 253][169 143  69 191 180 167  77  63  22 103  88 151 227  33 178  65  93 170
   7 173 250 186  69 191 228 238 244 192 183 204 240 248][ 56 163  74  97 147 219 103 245 103  37 239 170  67  99 138 212  58 142
 132 248  90 146 109  29 250 229  37  69  99 130 238  96][227  34 197  21 237  59 172   7 223 187 146 254 224  40 213 175   9 230
 110 141 165 116 231 192  28  50 215 130 207 124  81  12][179  12  38 157  28 183 172 235  86 250 218 151  97 108 190  97  89 110
  55 165 252 251 111 157  48 106 207 144  29 124 240 212][ 40 217  56 122  29 205 151 255 222  29 108   8 182 213  32  96 201  58
   2  64  66  42 114  55 227 221  16 123  80  24 196 171][ 82  96 246 245 108   8 248  66 171 147 178  10 143 170  85  91 238 165
 127 129 136 103 194 192 150 250 218 184 133 232  99 129][135 172 174 186 140 189 180 239 222  27  16  25 180 248 122  11 129 107
 123  21 182 109 158  51 205   3 127 121 212  72 153 138][128 190 158 179 164 169 180 151 222 187  18 245 164 168 214  11 143  79
  99  21 182 252 203  51 140  19 127 231 204  88 153 139][ 87  16  35 165 112  78 107  88  41 232  99  68  95  22  27 116 180 141
  85 239 141 144  53 204 149 248 138 132  40 167  34 116][  2 189  18 154 211 192 184 103 175   5 200 161 172 158  32 208 238 187
 131 129  86  11   2 245 189  52 154 203  16   6 175 223][  2 164 146 153 222 137 168 239  30  49  80  18 140 138 120  64 123  11
  51 145  50 248  67 215  12  22 158 228 148   8 129 136][ 51 184 190  24 207 209 180 239 250 211 160  51  44 248 102 187 233 227
 250 145 215 111 214 241  24  43 223 123 217  68 251 206][220  86 127 229  38  10  79  56  52 194 215 226 215 119 153 115 118 244
  61 238 233 148 229  14 244 171 231 132  36 179  96 113][ 60   4 197 191 214  99 163 202  86 167  73 146 209  97 105 200 121 206
   2 186  56 244 125  42  77 135 207   5 177 107 116 160][195 158  19 152 179 164  56 231 189  27 218 247 140 166 160 213 231  31
 191 132 119 157 144 199 156  50 154 198  12  68 169  29][254  78 199  68 130  50  78 246  49 174 190 251  75 103 133 223 127 244
 205 238 232 199  45 234 242 226 231 149 103 245 102  49][205 126 159 181 170 106  55 182 186 250 142 248 255 247 193 123  39 119
 108  74  97  69 163 106 236 179 111 184 136 241 135 113][ 71 159 151 202 252 148 175 189 174  89  31 100 252 242 232 230 231  83
  62  95 211   9 186 245  44  60  47 206 156 211 169  37][198 182 149 147 235 173 184 138 191 251   3 117 140 246  72 203 135  27
 255  16  55  92 218 242 141  22  91 238 136  69   7  23][178 221 106  94  87 219 255 244 253  68 118 166 106 205 183  52 122 232
 150 110 228 177  52 253  55 120   0 131 119 191  92 222][162 120  50 156  77 217 176  71 159  69 116  31  44 204 118   0 232  59
 131   5  70  63 178 247  23  20  26  43  87  12 127 222][106 184 176 242 173 237  80 198 235 185 161  24 142 153  68  26 137  19
 249  16  26 107 210 240 155 217  16 127 194  73 199  10][ 86  96 212 229 102  10 248  72  41 162 242   2 207 106  29  91 126 197
 127 227   8 247 193 200 150 250 203 148 165 184  99 129][ 66   1   6 141  28 131 168  72 134 128 211   2 104 202  48  66 120  44
 123 161   0 241 131 213  20  32 139 136  21  42  49 128][ 41 157 118 125 116 151 111  51  85  74 126 102 123 112 178  97 120 162
  54 168 253 184  37 191 102 239 240 128  63 168 112  41][ 59 222  98  11 118 147 190 246  85  68 124 231  41 204 183 164 126 251
 147 213 199 184  52 255  38  79 138 130 127 159 124 253][114   1  66 136 106   3 184  64  45   0 208 138 140 142  49  80 110 149
  95 225   0   3  65 204 148  48 138 152  21   6  35 145][122 188 231  24  27 254 208   7 187  71 190 191  42 188  22 188 173 183
 253 145 191 107 246 223  27 127 152 211 231  68  94  95][212  44 174 182 136 100  71  99 176 142 198  16 119 242  35 123 241 247
 125 171  40 199 155  47 241 163 239   9   0  97  55  34][230  96 173  38  77  77  81   8 195 246 161   9 114 253  79  31 201 196
 105 103  76 103 251   0  91  24 197  63  65  63  86  82][139 218  78 189 109 149 252 247 143  89 208 215 172 138  54 193 238  35
 191 133 198  47  82 213 246 123 218 202  28  28 249 159][ 15 250 172  28 233 157 190 191 158 254  28 237 172 236 214 134 135 107
 243  71 199  76 238 115  46  31 109 175  94 180 155 221][ 22 171 138 161 178 162 123  83  38 173  94 167   5 175  98  72 119 175
  37 149  28 152 131  54 202 231 175 193 172 194 189  83][122  49  98  68  75 220  81  16 169  92 182  47  10 157  70 126 236 149
 253 145 142   3 242 192 211 121 128 155  99   6 126  87][106 140  86  88 217 177  80 103 207   7 236   9  42 184  38 212 201 163
 202  16  62  43   2 223  59 126  16 123 211  76 236  14][ 33 175 234  43 244 191 226 223  86 233 252  79 163 232 182  32 217 170
   6  29 158 186  92 191 110  29 165 112 221 206 218 140][  2 168 170 155 221 225 177  70 159   7  92 131 172 205 118  72 233  59
 147 149  18 186  42 241  79  21 154 107 150  79 189 202][118 191 115 100 243 195  31 235 171 164 184 169  14 239 228  20 150 255
 197 243  88  43 168 255  58 212   5 255 103 166 166 119][147   0 174 189  12   6 200 123  20 202 210 147 113 110  50  75 216 165
  63 165 236 221  87 143 209 103 251 144  52 108  48  88][146  93 127  76  86 203 255 224 253  68 122 167  96 220 183  97 126 249
  23 227 228 161  52 253  51  42   2 139 117  59 101 254][ 41 141  99  77  84 151 235 119  69 224 126  70 121  32 180 164 120 174
  18 236 209 186 117 205  44  44 160 128 111 142 240 252][165 107  84  69  52  31  70 184  97 168 246  76 211   1 149 180  24 196
  76 110 201 180 193  12 166 249  33  20 106 187  90  37][ 69  44 141 245 172 106 109 186  56 171 142  96 215 115 209 123  19  70
 124  15   1 212 239  32 204 166 127 148 132 241  17  33][199 143 218 146 252 188 238 173 254   1  25  80 220 226 252 100 247  67
  30 127 183   9 174 247  44  28 175 236 148 243 169  37][  1 168 243  81 116 139 233  23 127  65 114  82 177   9 148  45 106  42
  22  28 147 252 101 213   4  26  50 192 207 136  64 173][ 61  79  65  79  92  27 198 248  84 200 249  78 115 104 157 180 120 204
  70 238 237 163 125  45  50 237 165  28 127 251 122 164][246  78 198  84 200  50  78 230 177 178 162 153  67  39 149  95 109 246
 105 238 104 199 196 106  50 186 215  17 225 241  98  12][ 29 149 142 147 159 114  39 218  86 187  79  18  81 242 107 237 121  78
 170 186  59 208 127  54 109 135 231  69 179 123 188 160][ 77 127 151 119 187 255  54 150 187 234  63 104 223 247 193 254 183 127
 252  90 192 209 169  42 190 255 101 183 130 247 135 101][131 157  27 153 242 180 189 119 190  75  90 246 188 182 160 224 103  59
  59 141 243 152 178 247  36  54 190 194  28  64 161 189][122 115 114  96 111  93 217  80 169 124 180  47  10 156  86 182 172 145
 215 209 207  35 240 192  83  89   8 191 103  14  94 215][219  79 238  62  42  16  78 182 177 134 214 231 233 106 155 203 102 231
 237 231 236 197 199 235 242  99 254 137  39 244 184  93][200 148 151 188  45 237 176  23 158  59 130  80 252 253 104 207 201  19
 251   1  35 101 210 147 197 243  91  62  26  72  17  59][ 40 221  61 222  61 197  87 190 206  12 236   0 182 213  33  96 200 114
  26  74 227  42 114 189  99 185  16  58  80  24  84 106][209  64 127 229  36  10 111  56 116 162 246  66 211   3 145 115 122 196
  62 234 233 180 229  74 212 235 227 132  37 184  96  32][ 59 249  96 233  95 151 253 119  21  41 244  98 171  29 180 228 204 186
 151 200 251 186 113 157 175 216 180 226 119 140 208 191][ 47 245 104 111 253  31 223 252  71 125 189  13 226 236 222  48 221 206
 119 127 222  98 255 189 110  93   5 254  95 191 210 214][ 93  86 251 229 102  42 111  24  49 226 119 228  83  39 145 122 118 196
  61 238 233 212 229  10 244 174 228 132  38 243  98 113][  6 226 202 178 178 128  58 140  62  81  67 181 221 199 234  72  55  91
 191 215  54 145  14 119 232   7 191 197 172 151 169  81][ 64  49 145 162 248  44 117  19  43 233 107  77 158 183  64  80 150 175
 108  20  19  24 211  64 221 180  54 104 136  98 131  19][ 28  62 142 151 223 115 167 218  86 187  79  82 209 225 105 239 121 254
 162 186  57 244 127  42  93 135 231   5 179 123  60 160][153 220  91 110  51 201  83  96 253   0 237   0  62 215  32 112  50 187
  88  74  99 175  56 127 243 237   2  10 114   3  39  42][178 220 244 247 151 203  86 167  85  34 114  59 107  57   4   1 251 255
 165 131 104 252  89 175 183 254 212   3 119 120 212 142][ 51 147  74 170 150 135 239 237  13  44 219 199  70   8  62  64 254 139
  31 231 220 187  93 213 176  48 138 214  61  10 240  71][124 191 251 100 178  82  95 247  33 140 174 168 123 119 128 180  54 247
 133 234  88 139 168  46 251 229  37 133 163 242 166 113][ 24 221 115 252  54 194 111 103  53   2 122 162 123  63 164  68 122 182
  23 160 121 185  32 191 176 238 178 194  55 136 244 105][193 148  43 182  68 228 105 117 176  75  79  84 245 247  56 112 116  46
  63 141 225 147 176  79 197 190 250 128   0   2  55 249][154 184 176 178 203 225 145 206 155 119 132 187  44 223  74  15 171 155
 241 145  50  79 154 241 219  83  95 127 131  68 167 250][  1  29 155 183  82 204  45 119  60  71 111 148 189  55   0  80  38  63
  18 140 113 152 176 110 229 164  26   0  40 192 163 248][119  16  35 229 117  70 107  88 105 200 199   4  91  22  29 116 252 141
  85 239 137 151  49 204 145 248 139 132  40  35 114 244][156  28 214 255  87 226 188 226  53 131 115 178 125 127  33  73 123 255
 179 160  32 252  25 238  70 239 214   3 167 241  37 138][252 184 176 242 173 237  82 198 203  57 172  24 174 157  76  26 137 147
 221  80  26 111 218 243 219 217  20 123 194  73 199  10][ 64 153 154 254 117 204 114 166 190   9 234   8 182 250  32  80 224 239
  47  65  66 187 146 127 253 191  62   9  24   0 161  11][ 26 223 106 185 150 211 191 247  30  69  94 167  61 142 178  64 118  59
 151 133 194 152  38 255 100 103 190 131  55 220 181 217][ 61 205  81 205  86  11 111 248  85 160 255  74 115  97 181 245 122 236
  22 106 233 178 109 159  54 174 165 180 127 170  80 160][ 37 111  74 134 254  11 239 252  68 224 188 239 243 232 211   2 126 230
   6 238 204  58 108  46 126 141 165 188 109 251 216 209][  9   9 119 109 116 143 235 112 125 168 119 194 251  79 177  32 126 188
  23 236 193 184  53  92  69 174  35 128 103 170  97 161][ 92  39 142 164 129 118  86 127  52 138 206   0 207 243   1 211 177 246
 237 162 104 195 129 170 243 231 239 129 162 113 191   3][ 55 180 177 180 187 199  27 219  23 233 216 111  94 252 197 164 157 221
 213 177 171  91 251 222 185  94 173 254 158 100  54 127][ 61  75 233  43 166  11 127 220  70 228 121 231  83 205 251  64 126 200
  54 255 204  48 109  48 236 205 165 180 125 251  72 209][  2 180  82  90 251 245 184  71  63  29 121  23  44 159 110 220 247  27
 131 144  22  58  18 215  31  28  18 107 211   4 175 135][ 39 165 225  23 213  63 174 203  91 225 121 206  72 232 220 164 153  78
 146  29 151 250 252 226  46  30 159 230 207 110 219 148][ 58 176 161  41  91 255  16  91  23 237  84 239  11 157  66 180 253 156
 151 149 159 250 241 157 223 213  17 167 123  12  22 255][  2 187 178 153 241 204 185  71 255  93 120  49 172 154 102  80 167  59
 135  16 150  26 162 241  47 252  30 235 208   4 167 207][ 41  35  82 113 101 185 232  71 123  21 116  16 169 138 150 152  74  43
 130  28  22 184 102 209  70 217  18  97 199 140 203 140][203  50  81 225  43 252 120  18 169  89 182 252 142  23 196 254 166 145
 221 144 135   5 240 192 150 249  58 234  10 132  43  21][ 73 121 174  95 105 210  57  48 236 196  70 160 249 199 179 230  70 124
 251 204 197 209 182 169  78 123 239 129   6 166  61 113][ 94 127 247  85 186 190 127 146 251 174  42 228 207 231 197 254 183 119
 237 122 160 209 173 234 175 255  69 134 166 245 135 101][124  81 127 111  36  78 127 248  97 238 254  34  91 127 137 112 126 212
  61 234 200 179 249  44 243 239 231   5 103 187 230 115][ 11 255 168  28 248 157 191 183 158 204  28 237 172 236 246   0 135 107
 251  69 198  72 230 123 108  21  63 187  84 148 159 221][ 41 127 138  12  85 159 166  70 196 236 206  79  34 176  35 196 232 110
 130  69 205 187 144  46  53  37   6  35  89 124 122 223][ 25 157 118 221  85 150 108  55 117  67 110  82  57 179 180 228 112 190
  50 136 249 184  21 239 103 239 210  64  59 232 248  14][ 82 141   7 157 155 194 172  39 188  71 202 163 236 246  38 199  98  39
 251 133  85 201  39 253 184  38 218 195   4  68 181 126][153  90 126 237 102  22 255 118 100  76 214 166  61  14 179 229 110 229
 191 205 197 187  37 237 118 233 234 128  63 180  41 253][ 16 141 183  61 158 227 166 174 126 147 202 194 247 120   5  96 235 127
 106   1  41 249  71  63 168 166  95  80 197 120  49  40][ 34 177 104 225 213 205 240  87  63 105 124  89 186 157  84  16 200 154
 215  17 155 184 208 151 239 221 180 227 207  12 222 155][124  49 253 103 165 127  83  88  97 232 191  10  91 125  95 186 120 212
 253 122   9 242 249 136 223 207 101  21 231 187  86  98][ 56 175 115  72 211 211  51 115 116 236 126 162  43 149 162 180 120 186
 134 208  26 186  36  62 126 197  37 195 243 142 230 239][  2 160  16 153  86 139 184 111  30  49  80  18 172 138 112  64 111  11
  51 145  50 252   3 215  12  22 154 228 148   8 161 136][ 24 159  90 172  22 130 127 119 132   4 222 167  63 231  32  64 110 179
 143 160 120 139   0 255 240 167 170 193  53 136 164 105][227  58 198  21 239  56 164   7 251 187 146 255 168 168 212 143 207 231
 238 133 149  95 199 192  20  50 222 187 207 108 155  29][102 188 149 218 201 228  20 143 155 243 128  93  32 247 108 223 197 114
 235  16  51  79 218 243  29  18  85 126 154  68 162  62][210  97  82 168  59 193  16  72 169   4 185 171  14 222  34  80 250 185
 207 225  76   3 130 220 145 208  10  59  49   6  47  70][ 27 157 107 221 182 210 109 247  54  65  94 178  61 191 176 100 103  59
  55 137 211 152  53 255 111 111 186 192  54 132 181 249][ 82  96 214 133  78  10 232  72  45 160 242   2 206  10  21  90 122 197
 127 225   8 247 193 200 148 184 203 148  37  42  99 128][ 91 211 103 165 143  22 142 165 205 224 154 198 233  44 156 231 126 229
 252 231 205 153 189 237 176 112 207 150  47  62 185  92][229 160 252  81 205 173 225  67 251 183 165  25 146 137  86  31 137   2
  98  28  54 110 242  64  79  26  84 124 200  72 195 198][215 205  99 198 134   2 111 180  53 194 214 194 123  39 149 245 126 228
  61 238 233 151  45 238 178 234 230 128  39 187 112 104][130 138 176  89  17 149 176  71  95  29 116  21 168 140  38  77 205  59
 130  16 182 252  98 215  15  86  18 107 210  12 173 223][ 29   1 111 239   6 118 107 112 100 192 247 194  83 103 177 229 122 164
  52 238 137 145  53 140 145 235 226 128  55 163  97 224][ 25  75  67 206   6 134 107 240 228   0 250 198 121 195 177 196 126 229
  62 239 201 145  21 237 176  44 170 128  61 187  96  24][ 58 166 162 170 253 171 146 203 143  13 221 175  10 236 126   0 217 139
 199  21  30 171  76 247 250  85 154 255 215  78 252 199][  6 180 157 147 251 233  57 139  62 127  91 181 156 246  74  77 167  27
 191  16  51 220 186 243 140  22  91 238 152  69 133 247][  2 187 148 187 249 233 176 207 159  61  16  59 172 254 110   8 203  27
 235  17  18  75 202 245 141  22  94 239 144  13 133 219][120 237 122 100 181 207  87 119 113 172 254   8  59  49   0 116 120 190
  68 104  72 186 224  15 243 237  36  49  99 138 198  42][126 117 120  98  61 125  90  24  73 226 181   9  47  93  93  63 158 209
 213 115 168  99 120 168 251 221   5  63 247 255  86  82][130 184  50 154 125 197 184 231 158  27  80  19 172 222 100   1 205  59
 147   1 226  94  90 247  61  16 154 234  16  12 133 219][  2 184  50 250  29 197 152 234 159  29 208   3 172 223 108  64 201  59
 187 145  18  11  90 245 155 214 154 123  16  12  37 138][ 93 159  74 165 146 130  94 119  38 229 222 231  87 234  50  80 118 239
 157 213 156 153   5  61 250 229 175 193 172 166 184  83][151  92  71 174  22 130  74 112 180 194 211 231  81 206 177 225 118 229
  61 239 237 151  13 206 176  46 235 128  45 183  48  85][129 203  15 156  78 137 166 238 142  80 192 198 181 194  51  65 122  96
  10 238 103  47   6 125 180  34 175  60  61  56 121 136][ 11 159 106 137 247 211 187 119  31  77  92 167  44 190 182 228 254  59
 151 149 215 184  36 255 110  93 170 195  87 142 189 223][142  28 254 215 135 242 185 146  62 147  87  50 252 123  33 105 119 119
 187 153  48 220  57 230  79  47 127 195 167 225  37  35][165 181 113 195 244 239 225 155  94 121  57  88 151 121 220  40 155  26
  86  57 179 120 125 150  13 220  53 116 220 202 209 161][  2 153 187 234 213 229 179 199  14   5  92   2 172 223 100  64 217  59
 147 145  18  26 122 241  93  20 154 107 148  10 181 250][148 205  12 190 141 135 206 173 150  18 128  18 243 232  57  65 217 226
  59 227 104  77  90 191 225 199 223  16  28 120 176  10][ 52   5 110 199 196  42 239  65  76 160 123   2  81  40  53  42 120 166
  19 163 144 179  37 200 116  44 162 128 197 235 240 128][202   0 174 181  53 110 232  35  92 107 210  19 191  56  18 107 225 166
  61 133  56 220  85 143 197 247 250 193 132  12  49  74][ 64 153  27 190 116 196 115 112 190  13 242  32 182 211  32  80 240 187
  31   1  11 139 146 125 209 181  58  74  24   2  37 171][189  87 101  79  28  31 198 248  85 232 240 110  83 120 157 165 124 196
  92 110 237 163 109  30 178 232 165 148 127 251 122 149][124  48 154 112 173 109  84  83 171 187 164  24 159 153  64  27 129 157
 204  16  24 103 208   0 211 217  85  63 194 112 195   3][ 59 121 186  28  19 215 150 230 245 200 238  39  42 188  39 180 236 250
 146  65 207 187  48  45  51 109   4   3  75  60 122 223][ 28  62 134  83 217  55  52 218 214 191 214 118  64 241 235 239 125 126
 170 184 188 241 235  10 126  71 229 197 171 125  56 131][249  68 125 229  36  42 111  48 116 162 247  66 211  35 145 115 122 196
  62 234 233 180 101  14 198 235 226 128  37 251  64  32][120 184 176 242 189 237  80 214 235  57 164  24 158 157  65  27 129 219
 221  16  26 107 218 176 219 221  20 127 194  89 199  11][171 115 112  98 225 189 248  86 233  93 181 125 142  29 198  30 174 147
 215  86 150  47  96 224 214 217  48 251  79 213 203 215][ 73  97 110  76 105 208 185  88 236 196 198 160 253 215 243 102  82  60
 251 108 199 129 166  73  71 121 171 137   6 166  55 113][ 61 110 239  71 118  42 235 208  97 228 127 230  83 109 149  34  62 236
  23 127 137 176  45 172 126  13 165 132 231 251  82 241][ 26 207  99 252 182 130 255 247  21  13  94 166  57 175 180  68 126 187
  23 137 194 153  32 255 242 254 190 192  55 154 245 105][125  66 241 197 102  10 111  48 113 226 119 198  83  39 145 126 118 196
  61 238 201 148 229   8 244 174 224 128  46 243  96 113][195  51 113  96  99 188 120  86 169  89 177 253 142  30 198 126 166 145
 223 148 151   7 224 192 150 216  50 234  74 133 139 215][190 234 160 178 139 225 152 206 155  55 132 187 172 207  79   8 139 251
 251 145  14  79 202 243 155  87 159 255 151  69 151 218][ 37 111 233 167 244 203 239 246  84 224 124 239 243  97 147   0  90 234
  23 238 201 186  76  46 124 140 165 168 109 250 208 248][207  78 196 159 172  52 206 148 113 202 218 231 233 106 223 219  86 231
  61 207 237 198 207 234 166 127 238 136 175 247 122  93][130 148  54 154 113 244 176  39 157  95  99  21 172 190  46 201 193  35
 131  21  54 156  18 223   7  54 218  67 152  76 173 223][238 253  97  75 255  31 223 253  95 230 189 157 202 237 223 148  31 206
 215 127 250  38 255 191  63  94   5 254 119 255 214 246][179 211  97 217 117 159 221 119  29  45 244 118 170  25 180 165 236 154
  23 136 219 186  97 221  47 216 144 194 127 140 208 191][155  90 110 253 102 150 252 118  69  72 214 166  57  31 183 101 110 175
 191 205 205 154 101 237 118 233 250 128  63 156 121 253][ 67  20 146 220 173 252  16  31 159  27 206  16 174 178  96 238 193  59
 184  16  55  73 146 195 139 254  90  59 154  72 137  31][123 113 114  64 109  93 218  80 169  76 189  47  10  28 214 182 238 145
 215 231 205  35 240 192  51  89  10 187  79  14 110 119][ 10 159  98 222 215 144 182 103  84   4  94 166  40 194 166 196 122 186
 130 128  86 154   6 255  50  39 186 203  63  14 188 143][120 191 122 100  87 143  87 119  97   4 254  42  43 185  36  80  56 190
 132  96  88 187 144  45 243 237   0  83  99 138 238  43][ 59  48  33  41  83 255 112  83  23 233 116 111  10 157  68 172 236 188
 151  21 159 250 241 148 151 216  16 226 123  12  22 255][  2 186 152 155  57 193 177 202 159  29 144  35 172 222 110 136 207  59
 239  17  18  73  74 245 141  22  63 255 144  12  45 219][ 61  91  67  77  84 159 226 112  85 232 254  78 115  97 181 244 120 236
   6 234 201 186 109  31  54 239 161 128 127 171  88 165][113  76  99 198 100   2 111 240 113 130 250 194 115 103 149 112 122 228
  61 234 233 151 173 239 178 238 231 128  37 186 114  40][ 33  78  88  69  52  31  70  54 101 168 118  76 179   0 151  53  88 164
  68 108 237 188 101  12 166 186  32  16 105 184  90  13][ 65  43 153 199 180  44 107  19 106 173  79  72 215 163 209 114  16 126
 124   8 145 216 233   0 237 174  37 128 128 226 135  33][ 97 161 145  39 240 140 110  21  43 201 121  76 158 247  72 144 150 175
  68  92  19 154 200  64 173 188  36 232 200 130 130 177][114 255  66  12 250 131 159 225 137 164 184 175  44 143 166  20  62 253
 197 231  80 139 128 255  56   4 141 251 101 166 166 249][197 173 216 146 244 168 239 173 250 133 168 146 245 226 253 112 115 227
  10 253  54 105  12 127  60  30 143 108 148 115 193   4][ 87 127 191  84 147 190 126 182 251 142 238  76 110 174  85 214 167 247
 125 222 208 217 179 234 187 255   7   2 130 241 227 124][ 10 251  58 187 115 197 185 231 190  13 124  53 172 158 102  68 167  59
 131  17  82 153  50 247 109  84  30 235  16   4 167 219][ 40   9  83 253  84 142 107 112 117 136 118  64 243 195 177 116 120 168
  22 200  73 184  49  93  69 254 162   0  99 162  98 168][ 13  79  27 175 108 147 111 240 212 226  94  66 245 194 177 224 122 108
  42  78  69 145  44  45 180 173 171   0  60 187  41 172][245 112 124 108  12 127  84  40  64 226 164   9  83  61   5  59 216 148
  92  34  45  39 241   8 211 235  97  53 105  57  90  18][ 38 242 242  88 237 245 184 195 207  31 113  51  12 220 254 172 239  57
 131 144 150  62  34 211  31  28  18 239 215  13 239 135][  1 136 119  81 116 139 233  23 127  65 118  82 187   1 148 172 122  42
  22 156 131 252 101 213   4  62  50 192 199 136 209 172][224  76 132  60 201  98 140 166 240 146 168  25 227 106  21  27  73 247
 104 129 104  79 194 106 177 166 223  25 193 112 230  10][ 49  73  75 206  92 211 203 240 196  72 223  70 113 209 185 228  88 224
  30 238 201 163  44 189 112  44 162 136  63 187 112  40][ 19 221 123 221 182 194 110 183 117  65 126  34  49 191 180  96 114 254
  54 136 221 185  37 239 178 174 178 194  45 192 232  45][ 10 191 188 155 250 251  57 159 190 127  94 177 156 246 194 104 167  31
 251 145 178 216  43 247  78  55 127 199 150  68 133 251][ 99 168 149 216 201 237 144 135 138 243 160  24 180 190  68 187 129  51
 122  16  23  75 210 113  29  26  95 122 144  64 131  14][ 91 219  70 166  31  22  94 245 161 224 158 207 111 238  50 214 230 229
 253 231 221 139 156 172 186 113 143 155  47 182 184  94][  6 235 147 193 211 144  62 199 175 156  74 226  44 199 229 214  38 123
 163 210  82  27 162 224  61   0  14 235 163  23 167 189][103  52 190 242 235 100 156 202 169 219 153  61 220 254  79  43 165  83
 253 147 148 103 186 224  27  91  95 255 129 117 167  87][129  21  11  69 144 102 105 127  52  75 110  84 180 183  56 116  52  14
  18 140 179 157  49  79 193 174 178  64   8  64 163 249][162 244 117  84 105  77 181 123 185 254 181  24  56  23 132  31  13  52
 115  42  97 111 242 205  95  26  85  58  67 160  70 251][ 11 221 115 221 243 210  63 119  62  65  94 162 189 182 162 228 118  59
 151 140 243 152  52 255 230 237 190 128  62 212 169 253][189 117 252 101  68  31  95 184  83 234  60  10  83  61  17  50  60 220
  85 234 232 116 249  10 103 205  37  52  99 251  82 162][229  20   3 223 116 164 107  49 120  75  83 112 241 215 152 125 212  40
  54  14 179 132 234  47 133 190 234 200  10 131 114 245][ 54 167 166 186 157 235 154 203 143  21 157 187 142 237  46   4 205 179
 207  21  62  43  74 253 187  84 139 255 215  79 189 199][228  48  24 170 205 109 219 200 138 176 161   8 151  91  89  27 201 145
  91 115  26  39  90 144 217 217  11 125 208  43  67 130][148 220  91 122  82 227  83 234 117   2 229  50 127  83 169 113 115 218
   2 234  43 182  56 127 211 239  16  11 113  65  39  42][ 43 188 179 218 253 245 188 199  95  75 120 122  44 190 100 164 223 187
 147  17 151  58 210 243  63  28 158 234 219  78 169 191][ 50 220 212 191  87 139 198 164  25 162 226 139 102 106  12  17 251 243
  33 195 104 250  89 239 181 166 221  18 253 122 208  10][238 226 164 178 207 208 156 205 155 247 145 187 140 236  94  11 201  87
 249 149  94  79 238 241  91  83 223 255 135  92 159 214][ 48 211  74 138 222   7 207 237  12  12 219 199  86  10  58  64 124 129
  31 231 216 187  89  93 240  33 170 212  29  10 176 113][ 29  48  43 229  85 102 107  88  97 232 111   4  91  30  27  56 188 141
  85 239 137 146  49  12 213 253 170   4 104 163 114 240][ 35 137  99  13  85 151 234  83  86  73  92 198 177 136 182 164  92 168
  18 221 159 186 117 223  46  61 170 192  95 142 120 220][228  40 189  80 205 237 225   3 250  23 161  24 150 152  84  27 137   2
 106  29  50 109 242  96  77  26  86 127 192  72 215 226][ 16 249  57  99 189 205 215 253 239 109 172   8 190 215  76  52 148  26
  92  88  91  41 123  53 235 221   5 126  66   2 199 123][  2 167 144 177 242 137 188 255  63  59 120 245 172 170 206 144 183  11
 135  20 118  88 130 247  46  86  62 231 152 212 139 157][ 27 157  98 201 246 147 251 119  29  65  94 162  61  63 180 100 126 187
 151 141 208 152  37 255 126 127 170 192  55 140 241 253][ 22 185 184 224 207 205 176 192 143 241 161  11 158 159 102  10 170  57
 123  81  18 105 154 208 223 217  11 127 208  11   7 210][  2 167 248 217 253 249 181 239  95  55 124 178 172 188 108   4 139  27
 162   1  82 120  98 243  47 150  22 107 214  72 133 175][ 20  77 111 172  70  66 175  96 108 194 250 227 121 205 181  64 126 253
  19 231 193 179   5 108 112  42 235 128 101 187 101 240][ 40 163  97 171  85 249 241  87 238  85 125 135 169 141  82 140 106  10
 130  93  23 184 118 241  71  65  18  97 247 143 207 218][ 33 175  42 171 180 175 227 215 222  13  92 197 167 201  50   0 221  42
   7  29 158 184 116  63 236  29  37  96 212  74 209 203][ 87  73 225 199 140  18 207 189  71 224 155 198 241 108 157 230 126 230
 125 239 201   3 237 234 176  60 239 148 143 255 240 116][ 82  99  82 136  42 208 152  73 173   4 152 163  12 142  34  80 238 181
 207 225  76   3 134 220 144  32 138 187  53   6  47  79][131 208  62 188 109 197 188 103 207  81  80  19 188 158  54  97 238  43
  59 133 231  47  18 213 149  56 218  11  28  12 169 222][ 51  49  55 233 120 183 120  82   7  41  89 104  22 157 212  60 206  29
  87  21 159 154 195 144 151 216  24 226 206 140  50 189][101 171  83  97 240 202 110 119  43 201 121 104 159 243 196 180  18  46
  70 124  19 152 192 108  44 188  36 224 200 130 195 161][  2 144 150 154 109 165 184  79 158  27  80  50 172 222  32  73 205  59
 179 145  18 220  18 209   5  50 218 234 144  76 161 155][241  20 124 108   8 111  81  56  96 234 164   8  83  57   1  51 152 148
 125  42  40  39 209  12 211 235  97  53 104 168  82   2][202  96  98  76 111 208  56  89 236 128 206 160 153 159 176 100  82  52
 251 108 196 135 182 206 115 121 138 137   6 134 119 234][194 148 182 221  53 172 176  39 252  27  90  16 172 186  36  67 165  51
 171   1  50 233  18 199 141  54  90  67 128  68 169  11][181  93 111 108  60  31 198 120  85 232 243 238  83 120 181  39  92 228
 124 111 237 243 109  14 178 234 229 148 125 186 120  21][ 54 226 160 186 139 225 154 204 159 247 145 187 172 205  79  10 153 219
 221 147  10  71 202 243 155  86 159 255 151  95 151 210][ 29  75  90 197  22  22 111  80 117 168 127 102  83 226 161 100 118 236
  44 238 205 145  37  14 242 239  35 128  43 251  96  37][166 104 242  26 237 213 184  65 223  21 112  19  44 222 119 156 239  57
 131 145 134  63 146 241   7  28  26 107 215  13 239 215][ 26 207  98 236 180 134 255 247 133  12 222 135  41 235 178  68 110 227
 159 205 218 139   0 255 122 125 174 192  31 158 241 121][ 97  27  58 101 100  14 225  50 104 168 122  76 179  24 151  49 132  36
  70  76 196 184 112  12  68 168  96   0  72 168  66   9][ 41  27  83  79 116 207  99 112 109  72 127 100 123 211 181 244 120 168
   6  72 193 176  48  31   7 253 162 128  75 138 112 185][138 252  59 186 115 221 185 231 191  77 124  51 172 223  42 192 166  59
 131   1  98 173  50 247  53  85  26  75  82   4 165 251][ 66 173 146 136 243 240 148 199  57   5 232  33  44 186  38 148 251  59
 130 145  22  11 128 227 186  52  30 107 130  84 175 142][215 253 178 116 209 190 126 247 251 130 234  12  46 238  85 112 165 255
 121 220 244 203 178 110  59 190   7  10 192 112 227  14][199 105 113  34 224 172 252  70 233  19 185 249 142  26 220  26 174 131
  95 215 150  39 128 224 148  24  26 234 197 211 195 133][118  52 188 246 203 100 159 202 139 219 153  27 220 254  79  42 165  87
 249 147 180  67 154 224 217 215  95 255 129 119 167  83][  8 152  27 190 112 204 115 112  62  77 116  36 191 215  32  80 246  57
  14   0  11 154  50 127 213 245  34   8  24   2  39 251][ 56 185 176 242 253 205  80 194 235  57 164   8 174 157  65  26 129 155
 213  80  26 107 154 177 219 221  21 127 210   9  71 155][163 216  82 217 117 141 245  55  29  77 118  22 190  30  38 101 238  59
  23   1 227 188 113 247  39  30  18   2  88   8 209 191][  2 186  24 184  42 201 185  74 142 125 148 175 172 222 230   0 206  57
 191  17   2  11 226 209 220 209  59 251  20   8  13 219][ 80   4 243 236 118   2 107  51  97 130 250  66 115  99 180 112 118 172
  29 168 201 146 165 204 148 238 163 128  37 162 114  33][ 42 133 122 154 215 241 182 111  92   5  77 183 104 238  46 192 123  27
 131 161  54 138 102 255 102  39 154  75  23  78 189 222][117  66 211  69 102  10 111  16 113 226 126 198  83  35 149 118 118 204
  52 238 201 176 229  72 100 172 224 132 111 242  98 177][ 11 157 119 253 178 210  60 119 189  65  94 230 189 183 162 100 102  59
  23 140 247 152  52 255 110 239 190 192  62 196 161 221][ 50 207  99  76  83 131 142 103 153 132 248 239  40 142 180 148 126 185
 151 231  72 139   4 255  48  52 140 219  71 134 167 253][187  90 110 253  36 148 252  55  85  72 246  99 185  27 183 225 238 171
 183 141 204 188 101 237 230 249 250 131  63 156 120 207][  2 224  82 155 102 137 168 196  30  49  81  18 172 138 120  72 107  11
  51 145  18 188  11 241  12  16 154 224 149   9 177 128][ 88 120 146 112 169 237  80  87 171 187 164  24 158 159  64  26 161 191
 204  16  26 107 146 128 219 221  20 123 194  80 135  11][188  92  57 225 141 111  87 216  67 170 161  10  19  27  65  25 216 192
  81 122 104 102  89 154 249 217 197  60 241 123  82  34][ 57  95  79 237  52 159 234 112 100 200 255  70 211  72 177 224 122 172
  30 232 205 176  37 140 230 237 162 128 109 170 120 129][ 10 186 252 251 186 219  56 191 190 125  94 177 253 255 202  96 167  27
 255 145 150 216  43 247 206 231  63 199 148 132 165 219][123  51 112 224 125  87 219 112  41 108 189 175  14  31 158 180 222 149
 215 231 205  35 240 204 243 221 138 191  79 143 110  87][254 241 164 178 207  96 156 204 139 247 133 187 205 255  78  11 203 215
 249 211  90  71 218 161 219  81 223 255 135 125 151 210][ 58  89  35  92  19 214 150 230 245  72 234  35  42 156  39 224 232 251
 147 193 207 171  50 189  51 101   4  11  99  29 124 223][165   0 197  27  52  52 106  25 124  91 113 212 243  82 152 253 222   8
  54  46 191 196 111   7 132  58 226 136 158 225 242 245][166 239 115  69 254 171 254 231 251 162  58 185  15 233  85 148  63 239
 211 115 240 249 140 254  62  28   5 118  71 255 215 140][ 48 191 122  76  86 143 115 119  97  13 124  10  50 137  38  48 124 186
   6 104 152 187  32  61 123 253  32  67  99 138 230 187][ 28  11 107 165  22   2 239 113  52 192 219 227  89  47 177  64 126 173
  23 239 201 144   5 206 244 237 170 128  39 179  36 240][ 11 155  54 139 189 149 187 253 206  93  95 101 236 232 186  68 198  35
  58  93 150 169  11 245  78  28 170 202 158 142 177  21][ 62 121  51 224 205 205 215  65 143 160 168  11  30 159 101  20 168 185
  91  83  90  35 144 240 251 216  15 123 115  31 195 178][ 26 157 114 203 246 146 250 119  45  65  94 162  61 175 180 100 126 187
 151 141 210 152  36 221 126 125 170 194  55 142 241 253][ 35  13 107   9 116 151 234  87  92  73  94  70 176 216 182 164  88  42
  22  93 151 184  52 223  38  60 162 192  95  14 248 221][252 113 122 110 121  94  87 248  97 164 247  10  91  95  11  48 122 220
 213 106  72 183 249 174 243 237  37  21  99 187 110  98][199 110 206 181 172  16 206 152  57 202 210 231 225 106 223 219  94 229
 125 255 237 194 199 202 174 123 239 136 172 244 122  93][ 52   7  89 110 242 227  23 107 116   6 253 160 115 103 169 112 123 187
   4 162  56 162 109  31 210 167  35 137 245 227  38 161][ 81  29 158  39 160  46  86  50 100 170 122 101 119  59   1  82 179 231
 124  38 204 208  17  44 224 175 117 128 232 114  64  11][220 182 156 115 169 125  20  63 185 127 181  61 206  63  74  27 135  87
 237  34 244  77 203  34 203 211 116 247 202  69 143  83][163 160 240 218 229 181 184 199  91  31 116  31  40 168 126 172 223  11
 179  21 182 126 210 243  30  30 218 235 223  76 251 207][  2 135 112 217 126 233 177 111  94  21 120 179 172 172 172  64 199  27
 131   1  50  56  66 215  78  22  26 107  84  72 133 139][129 200 247  91 116 157 233  84 127  89 118  82 188 128 180 109 118  42
  18  24 131 252  55 245   5  56  50  64 214 136 225 237][172 127  35 131 221 253 178 212 228  89 253 119 136  29  90 164 108 154
 199 215 151  58 120 226 119  73 162 227 251  95 255 243][ 36 169 197 144 212 139 233 168 126 149 160   2 224 226  92  81 121 235
   2 145  58 232  78 125 141   6 143 101 149  32  87  40][ 49 147  75 170 148   7 207 249  12  44 251 199  83   7 184  80 124 141
  23 239 216 187  73  31 248 172 171 212  53  10 240 113][195  64  82 193  44  40 233   6 237   1 131 146 132  10  84  90 226 133
 123 217   2  13 197 192 148 184 154  90   4 129 225   4][ 50 115  58 232 109 225 216  70 143  12 216  43  46 157 118   0 206 185
 151 193  14  43  66 209 211 209 186 187  85  12  53 219][ 32  96  72 169 108 169 169  71 142  49 113 154 181 131  80 137  74  41
  91  21   3  60  66  80   4   0 186 112  28 137 153 136][140 168 190  51 173 237 176 199 254  31 165  24 142 209 106 139 129   3
 234  17  50 109 138 115 207 211  87 127 194  72 207 162][131 216  30 188  77 212 184  70 143  83  68  19 188 158  54 107 226  43
  59 133  71  13 146 241  21  57 218  11  24  28  41 222][  3 183  17 153 242 135  60 255  62 121  72  85 172 162  88 212 183  11
  19 157 215  24  17 215  44  22  30 230 152  68 163 221][ 50 200 148 159  87 143 198 165  27 145 226  10 102  98  12  87 249 235
  34 193 106 250  91 109 185 166 221  18 249  58   8  10][199 126 198 177 164  54 238 144 184 218 146 247 217 234 223 139  63 109
  61 255 189 212 141 226  44  26 239 196 140 245 187 149][ 10 156  50 186  83 213 184 103 191  21  76  19 172 223  42  64 231  59
 147 129  66 155  50 255 119  85  26  75  18   4 165 251][ 26 158 124 187  50 139  58 191  63  37  90 167 253 111   0  64 183  55
 253 149 146 152  15 247 238 231  63 196 180 132 165  89][  2 141 184 153 215 243 177 239  30  21  76 147 140 254  46  68 249  27
 131 145  22 138  58 247  45  54 154  79 145  76 165 230][ 50 203  99  28  83 147 206 103   5  12 248 199  40 142 180 148 236 171
 151 197 220 139   0 255  50 116 136 203 119  14 254 220][ 98 168 130  92  89 132 232 231 251 129 224   9  40 234  21 148 169 171
 107 141 114 235 146 239  61  62 150  10 194   4  99 142][131 178 195 147 246 187 168  23  62  67  83 247 172 140 182 228 127  43
  19 157 183 220   5 223  12  30 158 194 140 140 153 221][239  77  50 203 236  53 190 231  85  35 221 179 141  15 176 101 239  19
  27 143 244 143  97 182 246 125 154 251  22 221 177 133][188 124 181 231 133 111  71 242  81 170 162  24  90  57  81  63 137 230
  85 106 105 246 121 170 243 218 197  54  67 121  82 162][ 93  87 119 101  22  26 111 112  97 160 251 230  91  34 157 247 118 196
 108 238 233 177  53 142 178 235  39 132 111 182  96  36][ 24 185  50 240  57 205  80 194 171  49 168   8 174 221 100  16 162 185
 217  80   2  43  18 241 155 209   1 123 210   8   7 138][163 101  82 233 236 169 122  79 143  33 105 152 141 137 116  36 138  11
  83  29  22 159 195 146  38 216   8 123  84 219 243 140][129  64 197 165 100  27 108  63 109 250  50 222 147   0 208 243  46 132
  94  44 229 244  69 216 134 218 245 180 108 184  88 157][134 225  82 153 206 137 184 199  30  17  80   2 140 202 120  73 111  11
  51 145   2 240  67 209  20  16 218 236 149  24 177 128][113  65 241  69 118  10 107  16  96 224 122 198  83   7 149 244 126 204
  52 236 137 176 229   8   4 172 162 128 111 178  66 185][ 27 221 102 238 253 150 254 247 133  72 222 135 105 235  50  68 238 227
 159 207 248 139  18 255 114 253 174 136  63 158 248  27][ 56 125 115 224 213 221  86 245  65 200 188  10  58 157  53 180 184 250
 149 106 217 171  48 172 251 221 132  58  99  30 226 170][145  71 110 165  52  14 111  52 108 200  94 198 213   3 187  65 118 133
  31 239 225 144  37 204 228 169 170 128  45 179 113  97][ 82 184 146 178 139 200  48 198 171  21 170  41 172 158 100  26 163  59
 235  16   2  75 146 224 153 208  30 123 128   4  39  11][ 37   4 165  89 188  62 233  27 124  91 115  80 211 100 148 255 197   8
 126  44 179 244 103   7   4  62 114 196 220 224 210 245][190 234 168 184   9  73 218 202 147 183 148 187  15 205  91  27 153 217
 205 215  46  71 202 179 219 211 157 191 247 125  22 210][ 74 182  30 176 235 168  56 247 171  23  46 245  44 199   2 219 167  19
 235 148  22  73 130  85 222  35  90 195 136 196 171 155][254 249 172 176 139  68  20 206 139 244 132  59 157 255  75  11 205 215
 249 209 122  75 218 177 251 209 207 127 166 125 151 210][240  16 159 100  32 111  81  28  96 234 163  56  87  61   9  59 144 148
 108  32  41 247 209   8 209 235 112  52 104 106  70  43][194 101 106 108  46  34 126  71 237   2 202 145 141 155  52  96  98  29
  91  99 228 135 149 202  51 252 138  11  38 209 243 142][130 152 150 155 109 165 184  75 158  27  81  50 172 222  96  73 199  59
 179  17  18  94  18 241   5  50  90 234 144  12 161 147][208   1 115 205 118  42 105  51 104 128 114  66 183  51 144 119 118 172
  30  40 161 184 165  76 212 168 162 128 103 160  99 169][ 10 115  58 184  58 217 185  95 142 109  84 167 189 159 226   0 238  57
 159  21 134  24  98 213 214 213  58 235  20  12   5 219][131  88  51 255 117 156 185   7 189  79 114   7 172 222  53 236 238  59
 183   1 167 188  50 239   7 126 154 138  28  12 113 255][  1 175  83  65 240 207 110 245 104  72 122  96 147   2 128 180  50  42
  70 124 211 152 101  93  44 152  36 192  64 130 195 165][153  87  79 237  52 158 234 112 228  72 254 102 211  24 177 225 124 164
  30 110 237 177  53 140 230 233 162 128 111 138 120  49][ 41  81  83 201 116 206  99  83 109  72 126 100 191 215 160 244 254  56
  22 104 131 176  48 157 167 253  34 128  90 130  96 241][113  84 109 109  44  15 207  56  84 234 242  78  83  60 151  51  92 228
 124 111 237 183 117  14 244 171 225 148 109 170  80 113][ 23 235  65 170  60 145  90 216  15  13 217 239 175 202 250 132 222 169
 151 117 142  35 108 253 184 212 171 251  20 143  60 109][  3  73  71 139 100 153 172 196 236  80  91 199 172 138 246 234 226  43
  26 223 199  24   6 241  36  24 138 136  28  31 249 220][ 35  29  35 155 116 159 170 117  93  73  89 103 176 216 182 228 248  42
  18  29 215 184 100 255  36  28 170 194  95 142 249 221][ 32 173 122  72 116 203 243 101 125  13 124   1  50 157 164  16 216 186
   6 120  83 187  48 127 123 172  32  64  89 138 230 186][  1 189  59  73 242 243 171  87  86  65  92 230 176  22 166 100 127  58
  18 152 147 152  52 127  44  12 186 192 157 194 165 253][216 253  59 106  48 207  87 247 237 104 236   8 183 151   0  48 134 187
  94  72  75  59  48  63 251 217  37 120  80  18 199 123][175 109  50 195 252 189 190 215   5  75 253 187 152  29 191  36 239  18
 219  30 246 191 104 162 118  93  22 234 223 223 251 221][ 10 151  16 189 115 173 184 119  30   9  88 215 172  43  36 196 166  59
 131   5 182 184  67 223  12  86  26 235  90  76 137 153][155  77  42 214 240 112 190 247  60  66 255 179 189  62 179 125 111 211
 159 174 252 143  37 234 242 127 158 129 134 213 167 255][ 52 131  67 227 116   3 107 120  20  40 123 226  83  77 184  64 126 156
  23 254 153 178   9 156 124 236 161 196  53 139 112 177][120 207  72 105 184   6  79 190  32  12 252 229 131  35 130  81  70 199
  77 238 216 139  69  44 226 237 174 212  48 208 170  89][  9  73  20 171  76 185 169  20  46  53  87 154 181 131 192  77 106  10
  42  92  22  28 103 177 196 193  58  97  20 137 129 128][ 42 221  58  60  57 213 148 231 205  73  92  33  60 156  38  32 198  59
 147  65 198 139  18 189  99 117  28 139  92  28 189 223][ 71  60 165 151  36  54 232  48 104 234 147 100 220  56 213 175 135 101
 124  31 165 220 253 232 140  58 255 128 140 231 123 221][222 244 184 176 139  65 150 234 155 242 132 187 140 223  75  11 159  83
 217 211 122  71 218 242 251 213 223 127 134 125 135  82][ 15 155  48 139 124 157 170 216 206  77  89 199 172 200 254 196 214  35
  78  93 151  41  79 245 174  28  42 254 158 143  49  93][ 18 189  31 252  19 204  53 103 188   7  74  17 188 183  32  81 162  59
 219   0  98 137  50 239 241 247  90  11   0   0 167 251][201  75  81 139 108 232 168   4 236  17  99 212 173 131  88 206  98  11
 106  94  19  52 214 225   4  32  58  72  12 147 131 128][  1 201 119  91  68 157 233  85 126  81 103  66 184 136  60 109 120  42
  50  88 195 248  55 241   5  56  18  64  83 137 241 236][ 54 168 133 179  93 201  96 200 231 177 168   3  98 216  77  22 233 169
  98 145  14 112 202 213 157 208 129 103 113  10 116 134][145  89 127  73  52 206  99 118 125  72 246 112 151  23 164 113 238  48
  30 104 233 185  33  76 227 249  34 128 112 137 101 249][ 38 204 115 242 245  35 254 230  93   3 193 155 197  43  61  77 219 195
  27 175 116 171  77 230 191 222 222  91 150 217 177 140][133 239  27 178 232 168 174 196 234  18  25  68 181 194 249  11 163  75
  74 223  83  33 138 113 164 144  46 108 156 211 131 128][145  89 127 225  52  22 109 112 116  72 246  86 147  27 177  97 102 164
  62 238 237 189  53 204 242 235 226 128  44 145 105  57][182  77 110  30  94 210 151  96 132   4 229 131  97 204  55  65 106 240
 131 227  76 163  62  61 114  33 138   9 117  63 126 218][121  68  81  69 118  42 105  18  97 192 122  70  51   3 148 244 126 140
  22  44 137 176 229  72   4 168 160 128 111 170  66 169][135 203  99  27 100 147 174 244 125  74  83 230 232 200 190 237  55 104
  50 207 229 180  46 253  36  26 223 194  31 149 249 213][162 100  82 232 223  43 230 207 221  39 168  26 129 138  53  25 187 139
  75 163  52  39 132 242  53 212 150  59 245  89 215 134][214 109  82 235 140  32 110  71 173   2 203 145 181 171  53  64 226 207
  91 227 104 151 145 106 176 188 158   8 172  83 243 138][  3 185 135 189 203 228  44  71 175  81  74 213 172 166   2 254 167  35
 121 133 151 201 150 243 140 118  90 130 136  84 163 220][  2  20  59 220 118 228 185  71 156  75  92  18 188 222  38 104 230  59
  19   1  35 173  50 207  21  62  26  11 148  72  37 251][ 11 143  34 139 116 153 170 119  78  73  89 231 184 216 182 228 254  42
  23  29 215 184  68 255  36  28 170 194  95 142 217 205][221  90 110 229 100  14 109  48 124  74  86  86 221   3 179 121 118 132
  63 238 225 148  53 204 214 235 242 128  44 161 113  49][ 33 213 115  74 116 207 227 125  93  73 120 102  48 221 188  36 120  58
  22 120 195 184  48 125 101 188  32 192  93 138 224 185][  5  28 191  81 226 237  49  19 254 139 111  16 188 183  96 110 135  59
  59  24 177 220  50  66  79 158 114  66 144  96 133 179][  3 149  17 185 243 173 184  39  31  65  72 215 172  58  32 196 231  11
 147 133  23 152  83 215   4 116  26  66  26  12 137 159][ 90 241 178 234  75 192 176 200 175  21 165 169 172 223 105  90 234 153
 235 208   2   3 202 241 219 209 138  63 146   7  39 218][136 152  27 245  32 140 121  55 188   9 114  80 189 151  32  83 230  59
  63   8 115 156 128  67 199 169  58 128   0 128 161  59][ 10 123  58 168 118 197  57  87  14  77  92 167 189 159 162   0 238  59
 151 133 194 154  32 241 247 213 186 169  20 136 165 251][  2 184 146 155 237 165 184  75 158  25  81  50 172 222  96  73 199  59
 179  17  18  94 138 241  13  16  90 234 144  72 161 131][ 18  58 114 216 107 193 176  64 139  61 177 171  44 158 102   8 174  49
 207 209   2  43   2 241 147 144  26 251  85  15  39 195][ 57 149 122 108 213 223  86 119  65 200 124  10  59 121  60 176 248 186
  23 104 221 187  48 141 251 221   4  66 107 138 250 170][ 82 184 146 146  43 192 176 194 174  21 130 161 172 214  96  90 166  59
 235 144  18  73 130 241 153  16  26 107 128   4  39 203][113  84 127 101  36  15 231  48 116 234 246 104 243  56 145 114 124 228
 124 111 233 181 117  14 241 174  96 128 108 186  80  57][154 207  98 254 117 148 254 247 149  12 222 199 105 235 178  68 126 226
 151 238 250 139   8 255 114 255 174 136  63 158 248  25][ 17 217  87  71  50  11 103 180 100  40 122 100 119  83 129  48  54 100
  76 110 193 176  57  61 100 168  33 128 104 179  67  41][ 10 156  26 186  83 197 184 103 190  21  72  19 172 223  32  64 229  59
 131 129  98 154  18 247 103 215  26  75  24   0 173 154][  3 150  35 195 244 183 171 119  94  73  95 230 240 108 190 100 127  42
  18 157 179 152  37 223  44  62 186 192 141 142 241 253][207  11  85 197  98  10 109  48  41 254 119 228 221  39 149 255  38  69
  62 238 193 208 165 192   6 186 106 132  46 161   1 117][120 233 104 106  93 213  82 196 195   5 172   9  43 217  86 180 200 184
 207 208  94  43 242 177 123 221 128 123 115  14 126 138][ 11 251  58 186 101 213 184 215 142  93 124  15 172 156 118 128 239  59
 151 149 214  58  50 241 247  85  26 235  93  12 191 219][ 90  79  30 188  50 192  61 231 188   6 206 163  45 167  35  81 230 187
 175 129  98 137   2 239 240 231 126 139  36  80 165 107][ 41  89 191 101 229  31  68  55 193 251  54  72 251  57 209 171 200 102
 118  10 217 248 113  40 103 219 117  16 202 248 216 169][250 249 172 178 141  65  20 237 147 244 132 187 175 191  67  11 201 255
 253 209  90  75 218 176 251 193 221 255 164  60 150  90][190  46 168 178  45 233  88  74 155 191 145 153 142 237  87  27 137 161
 205  21  46  71 202 210 219  87 219 191 210 109  31  66][ 60 235  72 235 118 193 122 216   7  36 124 163  51 207 246   0 122 152
 151 242  78 186  12 253 126 205 161 229 119 155 126 218][ 88 138 113 233  50 139 121 191  55  37 218 229 255 207   0  80 119 187
  63 149 138 152  17 223 252 239 187 192  52 128  37  57][ 80 245  59  98  48 205  87 117 237 104 111   8 247 215   8  48 180 186
  93  42 235  59  56  63 251 157  36 104  64 130 135 123][ 31 235 104 138 126 157 234 216  15 101 157 207 175 200 254 196 126 137
 143  93 142  35  12 253 190  69  43 253  53 143  89  93][ 65 149 181  73 188 238 161  23 238 123 126  80 150  53 132 124 197  54
 126  24 147 184 113  66  77 190  54  68 218 192 193  41][130 160  82 153  78 169 184  75  14  17  80  18 140 138 112  73 111   9
  51 145  66 152  67 209   4  16 218 236  21  72  49 136][120 235  96  44 168   8  79 182  33  44 246 237  43   7 147  22  78 196
  77 206 200  27 229  40 242 249  36 152 102 181 230 121][ 74 184 150  24 155 241  48 135 190  23 162  17 172 178  98 223 161  51
 234 145  54  73  19 117 153  22  95  95 210  68 173  14][ 38 204 243 242 245  57 254 230  93  35 225 155 141  57  61  45 251 219
  91  31 118 235  76 230  63  94  94 123 215 221 243 142][ 10 157 110 185 215 224 184 199 156  21  92 179 173 175  38  73 239  59
 147 145  54 154   6 245 127  99 218 203 149  76 181 218][125 249  56 234  91 197  83 248  11   8 173   8  30 219 104  48 248 217
  85 114  74  35 186  49 251 221   7 126 112  51  35 163][138 219  59 187 112 133 121 215  29  77  84 247 189 159  40  65 238  59
 151 221 226 154  48 253 231 209 186 168  18 136 165 251][ 85  92 251 237  36 238 103  51 124  74 127  96 215  28 161 112 230 181
  62 138 193 180  49  74 213 175 114 128 108 240 101 113][ 54 137 214 250 213  75 194 224  93  49 225  74 227 123  61 201 249 193
  11 209  24 251  24 236 153 182 222  83 185  10 113 138][141 227 147 249 160   9 108 223 238  24  72  68 157 195 233 233 179  11
  38  94  67  80   2  80 164 136 103  44  24 240 169 128][ 95  95  70 188  18 146  62 114 181 196 218 231 109 234 179 192 102 231
 191 199 204 153   6 238 176 103 174 129  44 247  41  29][128  90 127 249  34 135  59 118  60  10 246 240 189  23 161 113 102  51
  31 200 225 189  33 127 231 171  50 128  80 129  37  59][ 24  29  63 249 210 228 185  71 188  21  78  19 188 191  32  97 230  59
 187 145  50 137  50 229 221 163 122  75 144  64 165 235][ 90 207  94 190 178 192  29 231 184  23 150 171  47 111  34  81 231 243
 141 193 126  75  10 253 248 227 254 219  53  20 173  91][218  23  62 188 154 224  57 103 172   5 142 179 237 255  34  65 230 179
 191 129  48  11 130 207 241 101 186 203  52   4 165  91][161 207 107  79 116 175 239 240  84  72 125  70 113 105 188  37  94 106
  22 238 225 176  44 239 102  13 160 128  95 251 112 241][ 50 243 107 202  86 195 239 252   5   4 124 162 113 205 190  36 126 152
  23 234 202 178  44 253 126  12 165 229 119 155 118 249][ 89  92 127 101  34  42 119  50 100  10 254  96 255  49 128 112  54 116
 124  42 193 180 129  15 230 239  98 128 108 179  99  33][ 43 176  56 168 253 213 185 253  11  93 125  63 156 156 122   0 223 155
 151  21 215  42 122 211 255  93 186 239 221  14 191 219][135 178 131 153 100 181 168  73  30  89  81 247 140 206 254 204 255   9
 147 149 151 212   6 211  12  20 154 238 156  12  57 213][  2 134  16 153  87 191 184  75  31  29  81 215 140 170  46 204 247  11
 131 149  54 156   1 215  14  54  26 199 154  12 169 135][ 88  51 184  97  34 108  81  19  33  45 172  44 191  55  66  16   6 150
 229  16 155  56 241   0 223 229  48 112 234 194 134 123][ 74 176 156 161 169 252  48  23 169 125 142 165 175  55  66 154 134  55
 253  20  23   8 242 193 199 245 122 147 138  68 143  91][  2 186 150 152 106 128  56  66 174  29  82 163 172 198  98  72 166  57
 235 144  18 201 130 241  28  16  26 203   4   4  37 203][219 236 131 186 155 212  56 199 191  81 160 213 172 134  66 145 167  43
 233 148  55  79 146 115 187 113  30 123 138   4 171  94][ 79  24 251 245  98 132  57  49 185 202  87 102 157 183 242 106  38  61
  55 142 209 148 178 194 199 191 250 128  46 160  33 241][191  66 102  44  70  18 232  96 117 134 215 231  75 200 191 205 122 172
 134 239 236 183   4 140  18 107 226 129 103 175 120 197][135 207 102 155 174 145 174 164 204  80  90 231 232 200 191 229 110 107
 179 207 215 152  79 245  46  56 206 202  29  22 249 221][203  10 227 197 100  30 233  48  41 234 118 230 157  39 213 254  38 237
  54 206 129 208 165 192  22 120 234 128  47 165  99 245][ 41 133 122 111 244 191 127 127  69   8 125   2 115 105  58  48  88 170
  23  44 248 184  48  31 111 207  36  65 115 202 216 170][ 41   4  67  69  86  58 232  19 117  66 122 214  25   2 149 244 126 140
  22 172 173 180 101 206  22 172 178 128 111 228 104 180][  2 184 146 155 237 165 184  79 158  25  81  50 172 222  96  73 231  59
 179  17  18 218  18 241  13  16  90 234 144  76 161 147][ 18 120  18 136 107 193 176  64 143  28 176 171  44 158 100  16 162 177
 207  83   2  43   2 241 145 144  10 251  17  11  39 131][170 207 110 218 156 151 206 237  87  21 221 151 105 107 190  69  89 202
  11 206 250 170 127 255 106 255 150  73  23 154 248  72][ 80 245  59 104 112 207 119 255 125  73 109   8 118  87   8  49 180 154
  95 106 227 187  56  63 241 173  32 108 120 146 167 243][123  91  96  37  96 140 111 182  41 204 254 237 191   3 147  86 102 229
  93  78 200  26 197 105 244 248 164 128 110 181  66  89][ 43 240 120 170 125  85 217 125  75 125 181  63  24  28 126  16 255 153
 151 149 223  47 122 215  95  93 186 255  93  14 254 223][254  34 170 180  13 173  88  66 191 175 129 153 238 237  79  24 153 169
 237  21  46  71 194 194 211  87  91 187 192 109  31  66][200 137  69 253  48 143 105  55  54   1 226 196 191   7  16 208 230 191
 127 204  43 152  81  95 237 237 186 192  56 128  32  56][121  21 251 101  52  62  99  16 100 168 255 104 215  49 145 162  22 244
 124 106 137 176 225   8 214 237  32 128 110 251  90  41][ 74 251 186 136  43 208 177  71 175  77  12  33  44 158 102  86 166  51
 249  81 150   9 162 225 155 117  30 235 130   6 175  95][ 26  91  42 252  23 196  23 246 132  76 206  39  48 151  35  68 108 250
 147 194 201 139  50 237 243 229 170 139  59  20  52 123][ 64 161 140  50 249 164 121   5 163  93 165  45 149 195  74  27 200 139
 205 148  26  75 210  81 202 209 250 233 136   0 170 147][164 139 172 171 252  15  75 184   6  29 249 221 211  41  19  11 205 200
  23 127 190 174  75  54 205 171 229 212 144 251  80 192][ 66 203  74 188  42 128  30 254 153 132 144 239 173 238  51  65 198 225
 175 197 228  79   6 253 240 119 254 185  60 180  41  91][ 34 208  61 187 124 197 185  88  15  93 149  55 188  93  58   1 238  25
 151 133 163  39 122 213 199 217 186 174  93 138  53 251][220 149  30 244 177 238 124  55  57  59 255  25 223 127   8 217 183 183
 221  48  60 249  17 158 251 255 116 213 194 208 195  19][ 89 145  21 187  21 207  97  29  63 105 207  16 255 215   8 244 112 138
 126  24  27 152 121 151 237 213 171  64 154  10 209  48][ 80 253  59 104  82 207 119 246 121 104 108   8  22  23   0  48  52 158
  92 106  97 187 177  63 247 173  33 108 104 144 230 243][  2 170   6 154  75 128  56  64 174  21  66 167  44 134  98  72 230  57
 171 213   6 219 130 241  28  16 154 203  20   5  45 219][ 91  31  74 188  18 146  62 114 181 192 218 231  45 234 179 208 102 235
 189 199 205 155 134 238 178 103 174 137  47 245  57  29][ 73  76  23 253  49 206 105  54  61  64 230  68 191   7  16 244 198  55
 124 204 107 156 113 191 229 255 186 192  58 128  65  56][210 203 142 191 138   0  60 230   4  23 218 183 109 175  50  75 102 231
 191 199 204 223 135 225 240  99 254 137  44 212 189  91][167 206 101 223  84 155 239 246  92  66  90 214 241 104 188 101  95 106
  18 239 225 180 125 255  36  62 226 128  95 185 240 252][205 120 158 180 104 142 122  16 233 200  52 109 189 211 211  59 134 105
  95 127 197 196 158 104 198  89  99 168  14 183  91 145][ 22  75  82 138 107 193 178 192 141  12 184 171  44 158 101  16 238 177
 207 195   2   3   2 240 145 144  10 187  53  31  39 195][ 95   8 135 187 141 252 108 139 173  82 138   1 223  94  49 235 225   7
 121 159  79 193  27 208 129 251 222  22 152 117  57  22][  2  22 187 228 114 230  57  87  62  73  94 114 156 191 160  96 182  61
  23 129 145 152 176 194 197 189 186 128 132 192 165 243][131 203 231 157  44 144 172 174 206  82  90 199 233 232 183 229 199 107
 191 207 199 172  15 249 164 122 239 128  28 124  57 221][167 136 225  91 116 239 235 154  94  73  87  18 240 220 188 108  89  40
  18  29 179 188 109 247  13  62 178 192 215 137  84 228][138 144  63 251  52 133 121 118  28  92 212  87 189  31  40  73 238  27
  23 140 163 141  50 255 199 219 186 136  20 136  37 251][190   2 230 172   6  50 200  64  21 134 215 183  75 200 191 201 122 172
 167 167 172 183   5 138 146  99 234 133 103 175 124  68][173 236 121 106 244 207 111 254  81  72 124  72  51  89 177  48  25 200
  22 122 227 190  40  63 111 143  37 108 113 155  66 233][  2 185 178 153 239 193 184 199  14  85  88 163 172 158 102   8 239  59
 147 145  18 122 146 241  13  16 222 235 149  12 183 219][252 104 174 190 105  73  80  72 163  30  85 185 111 205  75 155 136 217
 245  67  74  71 138 177 211 225 233 187  34 173  86 210][ 89  30  27 237  48 174 121  19 164  10 126  64 191 247  33 240 230  53
 191   8 129 152  16  15 199 239  34 128  90 226  33  49][160  75 232 101 236  11 205  55  86 174 180 159 147  45 214   2  72 196
 103  28 248 124 101  18 110 139 229 181 245 248 214 232][  2 177  18 153 237 133 184 207 142  25  88  34 172 222  96  72 231  59
  51  17  18 152   2 209  13  16  30 234 144   8 161 131][ 41   4 113  69 118  58 233  23 109  67 122  82 185  33 148 244 106 174
  22 168 177 184 101 206   4 188  50 128 239 200  80 173][ 52 189 185 105 144 239  87 251 114  33 236   8 147  63   0  48 221 159
  80 184  59 250 249  31 235 255   5 117 192 192 198 178][ 19 134   3 137  87 183 168 107  62 105  75  87  76  42  60 196 245  15
  18 181 183 152   5 215  28  38 154 198 185   4 177 213]