[243 221 121 126 185  93  94 253 187  74 189 109 110 255 174  53 151 243
 213  98 237  47  58 255 251 255 101 255  90 246 134 127][ 79 227 132 161  40  17 104 153 174 113 151 205 221 195 218  82 102 133
 255 157 158   3 207 209 222  93 175 252 142 134 187  16][ 87  53 115 224 178 174 122  19 175   1  90 225 157 254  72 112 183 191
 253 145 150 145 148 198 159 253  42 194 164 199  35  85][ 74 113 246 236 121  22 120  92 175 200 214 161 109 223 181 118 246 125
 255 237 192 211 179 221  87 249 139 142   6 166  35 223][106  66  81  78 104  80  13  93 101  75 253 240  73  71 172 252  92 152
 166 160 201 182 103 195  54 118 178 139  83 214 166 173][116  97  88  39  18  10  67  56  32 164 239 137  87  67   9  80  50 220
 104 226  72 146 201  14 240 165  33  21  40 179  38   2][252  49 180 116 169 109  92 152 171 186 177  24 223 255  69  27 135 213
 253  82 168 103 219 192 219 251 101 191 194 113  70  19][ 76 144 147  90 193 236  97  27 127  67 111  24  94 215 104 252  17 158
  42  24  83  52 186  83  85 188  16 110  82 194 230  32][ 89  93  55  37  19 206  55  55 237 192 106   4 190  49  33 231 162 103
  72 105  97 185  49  45 225 250   6   2 106  16 129 107][118 112  78 136  79 107 187 200  15 164 226 139 198 222  41  88 122 221
 123 243  10   7 219 240 181  32 139 127 149  59  52  82][195 253  89 242 232 141 254 165 171  26  56 232 190 218  76  19 135 115
  95  71 194  99 202 113  52  24 110 186  68  82 131 137][ 64  12 214 159  20 162 234  34 172 131 218  66 252 227  53  66 106 231
 123 137   0 217 131 239 148 174 250   0 133  99  33   8][ 16 210 124 235 170   9  53 255 239  63  63 184 207  47  72   0 183  23
 239   0 210  49  43  83 231 215 119 247  80 218 133  35][237 185 133  85 141  62  96 190 234 177  34  92 218  97 212 191   1 102
 104  92 177 248 223  32  13  58  85  84 202 244  82  44][103 113 241 102 234  12  30 216 225 232 185 237  19 221 221  54 134  85
 125 126 207  67 222   0  58  88  37 190  78 183   2  23][231  95  59  94 236  77 214 252 233  74 184 109 254 253  45  51 143 243
  93  99 228  39 186 235 115 220 101 186  80 123  71  95][201 184  21  93 169 141  37  59 238 250  34  92 210 144 192 247   1 100
 104   8 113 109 251  21  13  58  85 124  74  32 195  36][130  48  50   8 203 177 176  99 252   7 248  55  12 152  54  72 235  11
 203 133  20 175 144 211  21  52  26  75  85  68 175 207][137 176 191 113 241 237 113  19 255  57 103  88 190 151  64  56 129  58
  86  24 179 252 178  81 207 221  48 104 200  64 195 179][ 39 140 199  27 212 187 170 206  94 113  91  86 232 104 188 164 121 110
  50 157 183 248  79 255  44  14 159 196 221  79 249 132][ 41  49 123 197 118 143 225  85 108  73 247 106  24 156 148 160 238 189
  86 217 211 186 225 197 117  41 162 192  69   2 243 249][118  57 132 190 137 225  24  75 143 136 168   9 139 254  33  82 200 241
 255 128  26  75 218 217 145 246 143  59 145 102  38  18][253 114  82 110  51 155  82 120 105 136 241 104 107 210 165 176 186 169
 204  98  77  39 108  31 146 253  33  59 123 163 106   7][248 250  62 120 249 221  80 231 251  29 164  24 174 154  70  57 129 187
 204  16 126 111 242 183 251 217  20 123 210   4 207 143][220  54 148 182 169  60  92  19 169 223  51 125 207 115 203 219 135 231
 236  16 181  69 203 194 154 243 119 154 138 245 143  83][222 121 182 190  75 192 186  66 169 132 192 163  44 222 103  10 238 243
 235 211   0  75 130 232 145 241  78  11 161 117  39 218][231 121  61 242 236 141 190 196 138  58  56 105 182 217  93  27 142 115
  95  71 194 103 202 113 101  24 109 186  88 123   3 171][132  12  15 158 148 163 175 226 148   2  91  18 112 232  57  73  89 106
  19 163 112 182  10 255  96  38 234   0  21  91 176 128][163 120 176 217 109 253 184  74 223 114 116  42 140 158 231 109 239  25
 178  19 199 119 182 208  23 216  27  47  86 157   1 255][121 109  82 111  81 158 103 116 117 140 238   8 107  19   3 148 120 234
 196 104  72 186 113  45 247 253   0   1  99 150  74 168][248  48 191 116 169 125  81  95 235 251 180  56  31 183  65  63 167 149
 236  16  59 111 242   0 219 251 117 127 234 224  70  51][248  32 112 248  45 221  80  81 235  22 165  24  47 155  64  25 136 184
 204  24  10  47 210 145 211 217  16 121  98 136  78  10][237 116 180 115 173  61 114 154 251 251 183  92 222 216  77 191 151  85
 252  26 167 101 251 226 143 223  85 126 202 117  75  23][143 152  50  90 151 181 176 223 222  89 112  84 188 218  46 236 181  27
 146  17 183  45  26 247   9  31  58 206 218   4 169 151][137 238  22  87 112 142 234 182 124 138 114  84 255  64 144 177 177 110
  70  14 227 252 129 111  12 190  54   0  72 208  75 169][207  96 229  69 100  50 235 152 125 242 215 214 217  76 223 239 119  76
 126 239 165 244 237 194   6 122 227 132 143 245 121 245][216 121 154 244  75 236 176 198 169 136 164   8 188 159  97  10 162 115
 251  80   2 233 146 232 243 241  26  43 130 113  39 155][ 42  49 246 237  61  95 248 121 207 240 214  11 239 221 118  32 222  61
 255  37 148 251 115 157  15 217  73 191  87 174  85 215][224 104 154 178  96 141  52  71 186 191  96  25 166 147  67  27 129  47
  98  16  34  94 146  96 157 147  92  43 128  80 135 139][220  30 156 253 170  46  88  18 168 190 150 117 159  55 131  91 135 119
 253  26  56  68 195  40 194 235 122 145 170 241   9   3][ 56 174  36 186  45 237  80 230 207 127 180  25 174 173  18  17 137 163
 239   1  14 107 194 181 211 211  80  59  82  77 214  74][112  16 157 101  40  78  65  51 100 186 166   8 215  55   1 123 192 180
 108   8  73 236 243  12 193 235 112  16  96 160  70  43][130 152  16 155  53 175 184   7  30  11  83  18 172  30  32  72 205  59
 147  17  50 156  81 223  13  54 154 194 144  12 161 155][ 98 156 236  37  16 106 232  55  48 227 234 253  49  44  22  80  41 167
 249 133 185 152 213  79 108  39 152 208  45 228 122  88][  1  49 119  77 115  90 166 104 127 232 122  96  88 118 132 180  58 221
 118 234 193 240 173  78  39 188  39   2  99 162 103 165][ 67 234 250 163  58 152 186 144 174 244  19 231 173 138 210   2  38  69
 127 223 198  77 143 225 204 109  43 196  44 135  11 221][ 76  49 187  65 184 109  97 154 238 168 174 104 150 245 193 178  16  20
 110  56   3  33 243   0  79 157  37 124 192 226  71  49][131  50  73 137 100  53 232  91  45 105 208 247 137 142 158 233 254 137
  95 173 135  20 101 210  22  88 170 164  63 132 121 213][193 189 157 117 185 206 101  39 122 187 162  24 182  49   0  51 129  38
 104   8 113 236 211  15 173 190  84  18 200  64 195  42][253  85 239 101 151 118  87  55 117 194 238   2 123 115  19 245 112 254
 188 234 237 208 117 142 243 239 197   1  35 244 252 102][ 60 180 110 121 223 203 241 123  22 166 228  23 115 225  34   1 121 186
 195 176  42 254  83  31 111 199  37 101 243  40 116 210][112  32  18  44  27 139  18  72 175 132 160 137 142 195  33  80 240 181
 236  96   8   3 130  92 145 176  11  59   0  34  47   2][248 217 211 228  65  76  97 240  33 128 230   8 127 151  97 116 122 212
 119  72  73  31 177   2  93 252  64  12  98 162 102  58][ 63  38 226 142 197  61 252  91 117   6 253  23 202 200 127 156 217 168
 214 174 188 182 246 194 211 221 130  43 211 255 250 196][182 127 103 140 223 211 158 107 153 132 216 175  40 204  55 132 248 243
 211 247 254  15  54 255  59   6 143 219 119  13 190 254][ 73 184 187  94 105 220 177 215 235  89 109  64 188 223  76  54 167  59
 114  24 147  56 186 115  95 255  18 106  74   2 227 187][199 253 113 114 184 156  94 191 185  90 184 121 254 255 204 113 151 243
 221 102 246  11 138 255 251 222  45 254 130 198 135  87][ 35  35 106  35 180 157 234  85 108  73 127 199 163   8 151 160 220 170
 134 157 142 184  69 223 174  93 166 129 205 142 218 140][124 112 188 102  41 124  87 152 227 186 183   8 223 115  73  59 148 212
 108 106 200 103 251  32 211 249 101  60  98 243  66  35][ 43 177 113  12 123 213 147 121 207 204 156 237 108 220 246 164 158  57
 255  97 199  43 246 157 107  93  33 191  95  14  31 247][242 113  27 140  75  71 176  72 159 128 224  75 100 210  37  81 248 189
 107 225  77   7 210 221 145 176 203  63  25  40  35 150][107 135  96  11 244 187 234  55 109  69 255 207 107  40 158 212 122 142
 214  61 156 186 101 221  62 124   0 192 239 142 218 204][188 104 214 112 205  27  86 192 243 162 160  24   2 193  69 190 136 236
 204  82 108 103 202  42 179 219  69  59 226  57  78 134][ 67  16 215 133  34  38 169  24 236 193 223 230 213 166 190 106 118  68
 126 173 145 209 181 192   4  46 235 132 140 163  49 117][177 107 104  13  68  31 204 117  84 166 240 207 163   8 151   0  88 172
  66 111 204 182 100  26  38  13 133  48 101 188 218 204][138 158  54 147 247 255 184  99  61  29  87  51 172  30  38 201 239  59
 187 145  54 184   1 245 135 115 154 195 150  12 173 223][222 190 150 186 187 185  26 202 187  31 153 189 238 239 110 222 167 211
 237 151  62  79 138 243 154 247  91 255 178  71 175  87][130 144 190 218 101 253 176  67 191  95 113  17 172 158 102  73 197  51
 191  17  22 108  50 209   7  82  90  75 208   8  37 223][110 177 181  86 233 125 151 200 139 253 189  45 106 252 207 190 141  87
 253  83 151  99 250 241  27  93  77 255 198 127 222 119][185 213  99  76  65  94 199 244 113  78 246 236 123 124 156 181 124 252
 198 238 233 190 116 111  55 106  96 128 111 166 246 253][ 87 198  70 194 245  50 106 200 169  29 223 182  72 234 190 253 183 197
 252 190 180 133 174 229  26  62 203 207 142 135 123  69][  2 149 114 138 151 241 184 111  14   5  89 163  44 254  46   0 122  59
 147 145  22 184  12 221  42   4 154 195 149  78 173 223][168  48 255 225 102  94 249  27  37 176 246 226 155 159 193 122 110 156
 183 152 137 244 241 192  71 233 178 132 103 136  68 187][ 42 161 113 202 223 209 249 237  71   1 253 138  73 223 236 164  91 154
 130 184  27  42 110 213  47 220 128 111 247 138 228 164][215  95 235 231 164  34 111 178 113 138 250 230 115  47 149 123 126 247
  21 239 233 148  45 106 176 174 238 128 165 243 114 121][ 41 224 145 187  61 217 146 206  94  75  80  48 182 216 105 168 217  10
  22  17  39  44  66 179 133  22  50  59 208  88  25 143][152 228  62 254  45 207  93 105 191 186 245   8 255 251  33  81 208  45
 125  43 104 103  26 223 243 219  71  59  16 112  99  42][ 18 251   1 191  27 201 158 198 175 244 136 237 174 142  71 132 167 251
 221 199 198  75 206 255 188  84  31 187  20  21  15  93][ 30  41 235  46  91  91 179  72  46 196  77 171 111 236   7   0  50 121
 195 227   6 131 174  61 115 101   9  59 101  39  39 198][ 73 153 120 127  43 212  31 178 238  64  68  32 189 183 130 114   6 119
 253 206 209   8 246 253 231 249 106 203  54 165 135 123][230 164 244 115 252  43 252 251 255 187 187  24 203 107  92  27 155 231
 110  48 176 127 207 238  62 222  87 244 199 232 227 129][120 239  94 110  73  88  86 247 225 136 236   8 111 243   0 211  32 246
 236 106  72 107 130  45 243 233 100  25  98 242 238  42][ 67 123 223  31  50 130  47 180 174 200  86 229 253 230 147  66  38 101
 124 206 193 216 167 105  44  43 238 128  44 178  41 121][239  54 228  83 173  63 224 154 127 251 183 124 202 248 223 191 153 196
 254  63 181 118 239 194 142  91  81 246 206 237  91  85][223  77  99 174  86 146 111 112 113 192 219 198 113 238 181 245 126 236
  20 239 237 147 172 238 176 110 175 128  45 247 112 116][180  73 115  92 114 202 103 112 241 138 244 106  51 213 165  53 106 248
  70 106 105 183  36 110 113 168  96   0 103 185 102 169][244 106 148  48 185 137  18 204 219 190 160 125  66 200  69 154 137 252
 236  82  46 103 202  50 154 214   5  63 200  61  78   6][178 142  70 158 218 194 158 230 148   7 210 179 108 230  42  73 111 243
 143 227 120 207   8 239  48  38 222 139 149 116 165  91][239  99 228  71 236  27 238 152 123 174 247 236  74 104 223 191  94 204
 230 126 172 246 205 234  62  63 229 181 239 255  90 133][184 125 123 109 114  26 127 117  49 128 116 234  57  23 129  49  62 188
  87 234 225 182 160  76 119 233 162 128 103 178  98 185][234 184 180  26 233 253 144 207 203  95  52  29 172 220  94 191 133  27
 243  21 182 110 250 241  15  82  85 123 210  76 207 223][ 88 255  24 177 250 141  58 254  43  61  60 237 175 135  74  16 167  91
 205  80  70  25 136 119 254 213  52 247  48  17 143  27][ 61  85 120 103  52  30 111 184 113 224 255   8  91  97 159 116  62 204
  68 234 233 176 125 174 230 255  37   4 103 243  66  96][216  95 251 124 114 232  19 214 176   4 100  40  39 247  33  83  38 251
 206  66  32 171 162  43 243 225  32  11 112 241  39  43][109 231 216 102 244  15  79 248 114 168 125  72  83  97 217  16  25 206
   6 126 216  50 200  58 126 141  37 236 227 251 194 161][228 104 140  55   8   8  65 136 178 178 163 152 211 227  73  91   1 196
 104  90  40  69 219  32 201 163 117  28 128  49  66  32][138 180  18 155 247 252 184  66 191  93  83  55 172 158 126 204 239  59
 147 145  54 156  82 243   7  84 154 195 159  77 173 223][ 73  54  47  97  40 127  57  26 164 106  94 229 157 151 130 120  55  20
 127  44 145 149 247  30 199 239 123 192 138 133   7 241][122  11  66   5  98  26  38 118  33   6 250 229 107  32 135 214 110 246
 228 198 204 155 133  43  54 102 112 131 103 244  46  29][ 56 165 120 107 116 155  91  61  85  33 125 136  91  29 152  48  94 158
  21  44 248 184  97 159 230 221  32 240 119 138 194 177][ 81 233  22 133 207  14 101 101 236 160 234  10 230 178   1  87 104 230
 106 234  72 251 209  73 181  32 198  50  33  58 235 138][ 29 133   6 170 149 166 106 114 133  65 203   7  89 227  58 197 116 135
  59 172  57 153  25 221 249 239 138  68 155 134 169  16][ 32 245  56  66  61 207 213 253 107 185 188   8 214 181  76  48 157  30
  86  40  74  42 249  31 239 157   5 125  80 154 198 171][226  83  43 172  40  86  27 120 133 204 212 237  76 223 163  53 222  53
 221 227 205   3  34 204 146 241 171 155  26  38  46  87][126 253  96  80 221 221 215 232 131 252 188  11 106 253  87  52 157 217
 213 115 206 107 250 255 123  93   5 127  83  63  94 255][ 28   4 218 228  20 182  90 115 149 132 207   2  83 227  35 192 121 246
 143 184  24 147  49  14 251 239 165   1 162 250 124  34][239 176 228  80 233 124 120 151 235 127 183  29  14 188  94 191 167  23
 253  21 151 103 190 192  31  89  85 255 202  69 207  87][ 47  96 228   9  46  19 232  89  87 113 213 215 217  72 158 173 126 136
 255 239 143 244 111 145   6  89 169 164 255 189 248 148][ 82 154 230 155  34 178  56  19  63  55 215 183 205 143 182  72 247  61
 189 149 156 220 101 228 134 126 218 195 174 132 173  87][229 125  29 103   0 111 103 184 120 234 167  88 211  85   1  51 144 116
  88 106 105 244 249  46 229 169  97  20  72 243  66  48][132  13  15 190 148 163 175 249 148   3  91  82  81 235  57  73  89 106
  51 163  49 244  10 255  96 166 239   0 149 123 176 160][ 60 245 122  78  93  95  87 121 103 109 253  12 107  85 142 180  88 136
 198 106  79 179 121 159 115 253   1  57  99 142 206 246][139  51 120  10  58 157 155  56  79  72  21 237 254 220 158 180 150  57
 223 101 135   2 126  29 198  89  41 186  95 134  11 245][235 255  48  74 121 149 158 216 139  88 189 109 108 221 255 180 157 211
 215  71 199  35 138 247  51  93   9 191  91  31  42  31][158 108 102 178 203 224 186  64 173 150 131 163  44 206  99  11 238 249
 235 211  72 199 138 224 155  65 207 171  37 119  37 194][221  95 255 228 228  38 239 240 232 202  62 102  85 247 177  99 118 228
  29 239 225 161 168 106 241 173 239 128  13 243 115 113][205 120 181 117  41 125 121  26 251 255  54  60 159  63 211 191 167 197
 252  28 139 100 243 225 199 219 115 180 194 245  71 117][ 75 122 167  53  50 150 107 154 188 200  86 228 253 199 177 102  54 109
  61 204 129 212 167 109 198 107 235 128  46 181  33 121][127 161  64 161  44  27  74  88 175 224 151 143 159 131 210  84 126 140
 125 255 204   3 199 144 222 217 171 252  46 175  90  80][201 176 239  65  50  62 169  19 104 229  95 246 153   6 214  98 102  20
 127 156 145 221 181  66  78  41 186 196 172 128  33 113][141 107 150 187 236 173 175 216 142 154  85 104 157 211 233 143 134 121
  54  95  67 116  74 176 196 217 111 184 154 251   9 161][233 184 148  85 141 157 224 186 235 178 166  92 234 240 213 191 129 102
 232  28 247 109 223  32  14  90  85 118 202 100  91   4][ 35 135  98   9 244 187 234 115 109  65 255 206  74  40 158 244 122 142
  86  61 150 186 101 221  62  60   2 192 239 206 218 196][155   6  97 137 100  55 232  87  60 107 210 215 153  14 150 233 239   9
  31 141 183 156 101 210 150  88 186 196 157 204 113 221][160  47 104  45 196 155 197 103  84 174 208 139  35 136  22   0   8 170
  71  13 236 190  68  26 100   0 164  49 117 188 214 204][199 221  59  94 248  13 158 236 187  10 185 105 254 255  44  51 151  83
  93  99 224   7 138 127  57 158 111 190  80 115 131  11][  7 172 231  27 220 187 170 206  94 241  91  70 232 232 157 164 121 110
 122 157 151 248 111 255  44  14 143 196 221  95 241 132][ 71  50 149 180 171  60  28  23 171 251  59 125 206 182 198 255 167 247
 253  21 149  64 250 192 156 242 127 222 138 244 131  85][205 126 135  22 250  40 163 158 186 250  18 236 252 224 193 190  39 108
 108  87 163  69 142 106  60  38 109 188 202 117   3 189][ 36  31  60 219 190 163 147 112 196 140 253 226 226  65 164  69  94  50
 142 112 186 168  79 188 232 144  35 219 212  11 100  35][ 25 119 119  69 114  91 166 104 125 232 122 226  91  60 132 180  62 221
 230 226 193 176  37  76  36 174  39 130 103 178 111 165][  9 188 187  90 241 189 179 223 123  75 125  92 190 216 124  48 189  59
  54  24 147  62 186 243 127 157  50 106 216   2 227 175][  2 148  18 155  53 237 186   1  30   9  75  18 236 222  40  64 213  59
 147  17  18 152  24 247  13  54 154  67 144  11 149 155][253 124 188 114 173  61  84 222 251 250 183 124 222 248 223 191 143 197
 252  30 173 103 251 226 158 223 117 191 202 245  75   7][ 60   7 232 126 205 126 223  89  81 206 253  31  75 237  63 154 217 202
 199 175 188 162 106 136 215 255 193  45 243 255 254 230][ 95  19 202 165 162  58  62  25  41 233 155 231  77  47 203 218  54 197
 253 181 149 145 141 192 146 229  43 132 173 231  43  17][ 22 214  94   3 146  11 184 221  45  53  63 247  77   3 142  20  55  21
 239 180 214 144  13  84 126   6  47 199  47 150 171 145][214 164 175 151 154  34 185 235 190 243 211 211  92 238 120  75 119 223
  63 181 178  93 143 211 156  34 223 230 132 100 161  81][ 83 173  51 224 178 166 122  71 173   9 218 195 157 222  48  80 182 191
  95 181 146 137 128 206 184 252 170 200 140 130 163  49][ 56 178  46  57  27 223 113 123  23 237 246  55  43 181  34 133 121 188
 199 176  58 252 113 159 223 199  49 199 243 140  60 251][248  48 189 116 169 125  81  95 171 251 180  56 159 191  64  63 167 149
 253  16  59 111 242 192 219 251 113 255 202 192   6  59][250  57 144 254  57 197  82  75 159 168 169   9 175 255  69  16 201 251
 253 128  26  75 218 187 179 213 159  59 146  78   6  26][ 74  97 114 236 123  22 248  88 173 128 198 131 157 223  52 116 254 189
 251 237 192   3 183 216  83 249 138 158  23 134  35 136][  2 243  92   1  98  43 188 252  43  53  63 239  77  43 206  20  55  21
 231  37 196 112 141  85  94   6 125 167 111 214 139 217][ 47 198 108   8 124  25 251 200 239  95  52 175  74 200 191  21 191 192
 198 110 166  39  46 247 114  31  97 239  87 189 126 197][222 190 196 186 235 177  26 200 191  95 153 253 204 238  78 222 167 251
 255 215 182  71 142 243 158 118 203 255 158  71  47 215][ 57 175  96 103 242  58 111 255 113 174 124 232 123 105 147 181  63 238
 149 174 204 250  45  45 102 239 165 129 103 246 198 233][185 241 123 202 246 153 239 117 236  64 255  98  30 157 184 160 126 154
  22 235 211 187  36 205 116  41 170 192  71 138 251 225][ 67  15 159 237 244 162 170 114 172 129  90  98 245 227 176  66 226 103
  63 137  17 153 131 237  12  54 234 192 140 227  49 161][180 106 214 116   9  27  84  64 251 170 178 120  34 200  69  27 168 236
 108  66 108 231 130  42 146 218  85  59 105  56  74 142][199  96 230   5 172  58 232  88 125 242 215 214 201 204 223 239 127 205
 127 191 165 245 237 194  22 122 203 132 143 245 123  85][  3  56 180 217 237 253 188  71 207 250 252  34 140 158 231 106 207  59
 159  17   6 178  98 208 135  88  94  59 150  92 133 207][207 122 246  87  44  62 252 152 251 250 183 124 207 232 223 191 183 229
 252  78 173 101 239 234 150 251 119 182 206 245  75  85][ 31  77 103 174 118 146 111 112 245 192 219 198 113 110 177 245 126 236
  22 239 205 147  44 204  48 110 239 128  45 247 112 244][201 184 151  85 169 222  36  51 239 243 162  88 158 178 196 255   1  38
 232   8  49 237 243  80 141  58  81 114  74   4 195  44][125 113 252 102  45 109  87 152 233 186 181   8 223 123  73  59 132 212
 108 106 136  99 251  32 211 249 101  60  66 243  66  35][ 88 248  60  56 173 237  80 230 235  95 172  25 174 157  66  26 129 179
 237  17  30 111 210 181 219 211  20 123 194  12 199  91][233  89  91  76  81 220  98 113 121 200 102  76  26 145 228 244  56 188
 178  74  65 190 176  74  55 189   0  10  75 162 106 189][249  20 238 101  23 118  85  59 117 206 238  18 107  63  22 117 121 188
 252 168 253 252 245 142 219 239 213   7 227 228 124  94][ 73  49 147  65  56 239  97  19 238 168  42  72 159 183 193 178 132  60
 108  24   1  56 241   8  79 157  33  44 202 162  67  41][ 80  34  18  40  25  11  16  72 172  32 161 201 134 131   0  80 224 149
 238  32   8   3 128  88 144 176  10  59   8   2  35   2][ 56  32 112 106 109 205  80  73 227  53 165   9  47 155  72 156 152 152
 204   0  10  35 210 145 211 217  16  59  99 138  78 130][106  33 112 236 125  95 216  73 207 160 245  11 143 221 118  36 222 189
 251 121 146  43 211 212 215 249  11 127  87 142  95 130][129 176 155 113 240 237 113  18 126  91 102  88 182 151  64  57 149  26
 118  24 179 252 178  83 207 251 114  96 200   0  67 179][143 145 146 154 181 149 184 223 127  89  85  84 156 218 126 236 183  11
  22  29 183 173  26 215  10  95  62 206 218   4 169 133][252  57 188 116 169 108  92  80 171 186 181  40 159 191  69  27 167 245
 253  82 152  99 218 192 219 251 119 191 192 241   7  19][ 61 101 104 103 213  31  79 184 113 226 255  10  91 105 159  52 122 204
  84 238 201 178 125 174 247 255  37  20 103 255  82 228][ 16 189  94  33 178 235  51 227  44 161  10 168  23 178 128  80  50  63
  76 112  22 153 133  61 248 165  33 243 164   3 135  11][195 182  17 153 162 237  61 151 191  91  56 253 156  54 192  93 135  27
  78 149 179  12 192 119 172  22  62 250 152  80 131  85][178 218 102 156  95 211 158 238 157  76 208 231 104 220  55 133 236 241
 211 193 238 175  86 253  59  22 158 219 119  12  60 223][219 191   2 189 179 151  62 167 190 203 218 247 237 238 178 192 247 235
 255 133 255 153   7 255 186 119 191 195 140  84 185  93][ 86   2 230 201  42 144  88  88 175  21 215 167  73 206 254  88 246 157
 189 213 154 145 167 208 146 112 154 203 183 135  37  85][185 133 122  97 246 155  90 115 117  33 126 154  91   9 156  48  62 190
  21  40 248 184 101 159 246 207  33 196 103 138 194 160][120 239  86 126 107  24  84 111 161 152 168 105 111 227   0 215 162 247
 236  98  76  75 130  41 178 241 100  59 106  34 106  15][124 116 181  97   5 111  65  28 113 178  47  24 211  21  73  58 145  20
 104  42  41 244 241   2 197 223  81  52 192 123  70  34][205 201 110  79 172  26 239 189 237 112 247 143 251 111 158 115 126 196
 127 238 201 225 239 237 118 187 231 148 103 187 225 113][167 252 241 216 221 183 242 218  95 123 244  94   8 216 119 172 221 201
 146 221 167  54 120 242  31  30 145 110 223 125 122 199][202 248 122 126  43 220  95 176 233  64  84  32 189 223  54 114 134 113
 253 202 192  13 178 255 227 249   4 139  38 181  71 123][  9  46  22 117  49 190  98 178 125 138 110  68 238 240 145 181 177 110
  68  14 165 248  17 111 164 255  80   0  74 229  75 141][ 61   7  96  76 157 123  71 104  69 164 173 139  67  96 159  20  88 196
 204 110  92  35 109  26 242 205 129  61 119 255  94  68][ 42 185 179 214 237 253 185  67 139 221  61  47 172 252 118 174 237  59
 247   1 147 107 178 192  15  80  90 171 195 110 159 255][ 34 252  20 186 125 253 208 206 143 125 184  13 174 216 110 132 137  43
 206  17  15  43  90 247 187 212  21 127 216  28  77 159][ 80  16 191 116  32 232  81  19 160  61  38  56 183  55   0 122 130 182
 108   8  24 108 227   0 193 227 112  17  96 128  70  43][  2 159  50 155 211 241 188  71 254  69  91 179 172 184  38  64 239  59
 155 145  54 184   4 243  52  20 154 195 221  68 173 223][136  72 130 250  21 181  74 150 151  15 198  21 168 195  51 204 217  42
 138 156  42 142  83 254 203 215 154  72 146  29  40  58][185  97 107 140 124 147 207 125 204 196 253 142  25 198 178 228  94 168
  94 237 201 167 100 221 240   9 171 184  31 142 240 244][248 251 108  33 172  75 109 175  54 245 178 173 147  12  82  19 107 199
 111 245  79 252 197   4 252 131 247 213 109 152 214  88][ 73  73 151 197  45  29 230   4 236 224 186  72 191 168  21 226 200 228
 122  75 205  33 247 201 183 253 194  24  76  58  91  12][172 239  93  71 244  15 111 248 114 172 124  76  83  97 153  17  25  78
  70 126 225 240 105  62 110 143  37 164  67 251 198 161][ 67  63  59 101  48  47 123  27 103 233  95 100 211 183 212 116  22  28
 125 140 153 152 241  16 199 253  33 196 174 195  66 113][230 174 172 186 237 173 149 239 159 191 153  29 230 232  82  11 201 227
 239  23 190 111 202 243 189  18  95  59 208 125 151 207][168 120 251 115  82 193 113 212  52 134 116  32  57  87  65  57  58 248
  83 216  35 254  50 106  71 143  52  32 227 145 102 250][230  44 244  82 236  47 120 219 251 187 179  24 206 235  93  27 235 231
 110  17 186 111 203 226 158 190  87 246 199 233 227 129][247 107 236   7 236  27 238 204 123 172 245 175  67 104 223  15  90 204
 230 239 204 243 237 232  62  90 229 191  69 191 222 197][161 201  99  95 244 155 230 245  87  65 114  66 248 232 188 164 122 234
  22  72 247 184 108 255  38  62  54  64 127 156 208 172][ 63 224 228 105  76  19 232 216  71 112 214 207 201   8 223 175 126 140
 127 237 205 114 197 144  22  73 235 180 127 190  88 132][195  98 106 161  58 152 186  16 174 224  19 231 189 202 219  64  54  37
 127 207 199   5 135 213 196  41  43 136  44 135  11 213][210  77 206 190  66 128 126 244 180   7  70 131 117 231  43  81 102  99
  59 198 102 141   3 111 114  35 250 129  36 211  41 202][220  76  30 190  91 132  30  96 181 134 239 133 109 195  35  91 100 253
 201 198 104 135 154 110 243 227 202   9  56  39  42  18][ 73  48 209  69  48  76  98  27 106 168 171  72 187  19 193 180  22  60
  76  24 131  40 241  74  71 188  32  56  74 130  67  41][ 94  59 202  38 242  34 122  80  48 140 127 239  77 231 227  80  54 237
 133 254 152 147 140  74 122 229 171 136 173 231  43  17][198 164 175 151 222  34 169 233  62 243 211 211 221 238  88  75 119 223
 123 189 179 215 139 211 156  34 255 196 133  96 177 240][  6 105  26 155 228 173 186 192 142  25  81   2 252 218 121  72 222 123
  51  83   2  20  74 241 165  17 170 234 148  27 145 129][ 81 155  95 239 150 130 171 117  44   1  90 230 125 163 160  96 102 127
  63 200 145 153   7 109 252 160 234 192  45 130 161 169][ 83 189  91 168 178 130  58 119  45   9 218 226  60 159 176  80 246 187
  95 181 179 155   0 254 184 188 170 194  45 130 161  41][237 124  31 117   1 111 103  48 240 242  39  24 215 119   1  59 145 116
 104 106 105 245 185  14 199 235  65  20  96 113  70  34][ 37 204 231  27 156 187 162 206  94 241 219  66 235 104 157 228 121 110
 126 189 191 240 111 255 172  94 143  68 221  95 241 228][132 140 143 191 156  34 175 249  22 146  91  82  81 227 185  73 121 110
  59 171  49 213  11 190  72 166 239 196 181 251  48 160][137 180 155 121  49 239 113  19 126  75  98  80 158  23   0  56 181  27
 114  24  51 252  49  23 205 191  48  64 200   0  67 179][199  36 238 145 172  58 248  74 127 242 215 151 201 172 215 111 255 205
 127 191 173 245 229 194  30 122 219 244 141 101 123  85][ 55 135  98   9 212 187 234  67 109 101 255 207  75  40 158 208 124 142
 199 189 158 187  69 220  62 108 130 193 231 207 250 196][205 126 215  21 114  42  41  22  56 226 106 244 245  35 193  27  38 108
 108  60 161 212 133  74  68 162 103 128 172 241   3 185][ 60  32 122 106  77 125  82  88 225  44 189   8  75 217  75 156 216 152
 196 106  24  35 250 144 211 217   1  63  99 171  78 130][ 61  85 106 103  85  95  71 248 117 232 255  10  91 121 159  52 120 204
  22 110 232 178 125 174 119 239 133   4 103 255 114 226][205 255  57  91 234 253  63 151 190  95  29 244 189 183 202 249   7  91
 223 158 247  12 190 115 110  93  62 232 158 213 143 249][  5 188 187  90 244 189 243 223 122  11 125  92 188 216 108 112 191  59
  22  24 179  62 186 119 127 157  54 238 216  65 227 169][ 22 243  66   3 211  15 190 244  41 165 191 207  73 111 222   4  62 197
 215 231 192 145 157 192 124  76 143 228 111 182 171 145][205 126 151  17 107  43 161  82 250 170 178 252 206 160 193 159  35 101
 238  48  33 231 197  74  28  18 117  48 202 117   3 181][ 10  57 176 233 239 249 248  71 207 225 248  11 172 190 117  34 234 187
 223 145  18  58 114 240 151 221  10  43 212  78 133 206][124 121 252 100 172  79  87 152 233 186 188   8 223  27  65  51 140 244
 108 106 201  99 249  40 243 217 101  62  66 251  70  35][158  22  80 173  98  42  58 120  57  74 113 229 111   7 137  85  54 153
 149 230  33 148  25  95 148 224  40 134  63 167   3 145][248  33  50 232  29 157 210  72 207 160 169  10  11 217 117 128 248 185
 219 113  10  35 210 221 211 221 129  59 115  47  94   2][242  28 255  85  23 118  81  51 113 239 250  55  50  60   6 112 233 181
 253 128 188 255 245 206  91  62 208  19  97  32 118  95][ 44  31 118 218 191 179  19 114 205 140 219 230 238  96 165 197  94  50
 142 113 186 169 111 189 188  86  34 219 182 207  36  37][205 239  26 186 236 152 175 189 232  22  45 148 237 227 251 199  99  98
 106 254 115  77 174 231 236 241 239 109 142 243 169 160][ 56 125 122 110 114 139 115 240  96  64 124 236  51  69 179  49  58 232
   6 110 200 178  28  61 114 201  32  33 127 187 106 251][141 107 158 251 172 185 111 216 223 158 117  36 207 195 235 109 147 104
  46  94  70  80  46 176 206 217 101  45 146 251 137 133][ 71 190 134 154 251 177 186 200 191 255 153 247 204 238 231 216 231 253
 255 215 183  67 142 246 158 119 139 255 156 103  47 215][205 237 154 236 232  37 191 255 138 170 184 104 124 243 169 147 151  83
  94 111  97  67 138 127 248 191 111 188  88 112 171 169][ 86  57 222 244 168 108  89  83 171 184 180   8 151 191  65  91 167 247
 125  17  24 107 210  96 219 249 119 186 192  97   3  19][  0  87 117  69  48  26 175  48 125 172 118 228 201  38 133 228  62  92
 198 234 225 176 101  76  36 190  35 128  71 179  71 181][189 133 122 200 246 147 239 115 213  64 252  18  27 200 190 165 126 186
  22 235 249 191  52 206 114 109 162 200 119 142 250 225][ 19 145  78 129 146  63  42 220  47 121  26 199  77  15  62 208  55 133
 255 252 135 145  29 213  30  12 171 196 191 151 171 220][178 159 103  72 237  91 221 239 207 246 188 175  10 204 247  53 235 128
 239  37 204  35  55 217  50  24  69 191  87 252 116  94][ 31 230 105 107  56 127 123 216 111 108  29 204 255  77 155  48  62 137
  87 239 207  20 109 221 231  73 169 180 119 135   3 241][ 71 187 179 214 170 172 184 147 187 251  19 244 156 182 196 126 167 127
 127 149 145  73 186 192 157  58 127 238 136 116 131 119][ 90 184  50  58 139 253 144 198 175  21 168  25 172 222 102  24 163 115
 233  81  38  75 186 247 155 215  30 123 210  69 167  94][169 206 122  93 116 157 227 114 121  76 124  76  51 200 182  53 156  40
   6 108 230 190 228 127 102  60  32  40  91 136  66 205][151 125  47 111 130 230  63 148  36 204  94 230 121  23 131 120 102 127
  61 222 201 144  61 104 241 104 170 128  45 243  33 121][ 38 161  40  59 221 249 211 205  86 117 221 155 130 204 126   0 217 138
 131  85  30  58 126 183 111  21 153 125 213  15 222 214][194 178 157 240 104 108  24  23 187 187 176 120 158 159 192  59 135 151
 125  16  51  79 195  64 223 242 122 250 128 192 135  59][250  97  98 236  93 145 218 105 231   0 173  10  11 203  52 240 122 169
  91 234  72  39 214 220 243 249 139  61  55  14 126 130][ 50  18 111  53  19 223  80 119  55 237 246 183   3  29  38  29 236 188
 253 132  45 220 113 159 219 215 144 211 227  12  84  95][130 143  38 155 243 177 188 199  60  21  90 179 172 142  54  65 239  59
 147 145  54 152  71 247  36  32 154 195 149  68 173 223][ 23  73 103 204 116  18 111 112 229 192 219 194  81 236 177 116 126 228
  62 239 201 147  53 204  48  46 239 128  37 183 112 244][250 188  16 254  57 205  86 207 159  58 161  24 174 222  65  17 205 251
 253   0 122  79 218 187 179 209  31  59  80   8 134  27][ 89  60  22  48   9 189  80  71 235 179 164  92 174 144  66 191 129 162
 236  28 175 107 210  49 154 219  80 123 202  68  75  12][ 65  34  15   1  10 138  33   3  44 177 194 240 148   2   0  90  34  12
 106  28   3 216 199  64 132 160  58  64   8   0  35  40][177 141 123 225 246 139 122 119 125   0 126 210  27  31 180  48  63 187
  23  60 248 188  36 223 238 223  48 196 103 136 192 137][223 120 253  55  44  62 252 156 251 250 183  60 223 236 223  59 175 229
 252  95 229 101 239 234 151 251 119 190 205 245  75  85][ 88 176 187 116  32 236  81  23 162  13  46  41 191 151  64  90 134 190
 108   0  26  73 162   1 211 245  48  89 224 128 134 107][254 107 104 224  28  31  75  72  33 164 172 143   3  15  83  16 120 172
  93 238  76  19 244 156 242 201 131 125  39 175 118  64][ 45 185 121  74 121 223  83 248  71  68 253   8  91 221 158 180 220 216
 214 110 223  34 255 191 127 253   1 127 115 175  78 246][ 55 251  66 103 114  10  78 244 113 136 122 238 107 105 149  20  62 236
  21 238 220 186  13 108 178 238  37 128 111 182 202  13][101  60  85  65 181  63  66   6 125 227 171  92 154  48 212 189 129 198
 124  26 189 248 245 192 135 254  17 118 202 221 194  36][139 156 101 185 164 189 233  19 125 123  90 214 189  30 144 237 231  11
  31 157 179 156 117 210 133 122 154 194 150 196 113 253][207 234 132  18 137  61  76 152 247 191 134  93 202 224 223 223   1 196
 236  95 174  69 207 241 158 122 221 255 162 245  90   4][ 96 181 135  31 152 235   3 171  22 177  75 204 240 224   8  83  17 110
 104 160  57 216 223  61  44  34 237  84 152  98 144  48][185  69  98 172  36  19 239 117  68  98 222 150  91  12 186 101 126 164
  30 239 237 183  36 142 242 233 170 144  55 222 241 253][175 183 108  83 199 113 253 253 123 125  53  23   8  44 222  45  59 202
 151 219 182 252  45 245 127  91 246 231 231 213 254 247][141 112 179 219 245 253 235 216  95  65 101  22 156 223 125  44 221  25
  19  94 131  54  58 242  79 220  22 110 218 139  97 244][127 189 248 114 221 221  91 250 251 253 188   8  58 253  94 182 153 218
 213  90 222 107 250 247 123 223   5 127  99 135 222 230][200 234  37 177  36 203 109 183  63 125 182 173 191  13 146  81 133 166
 111  13 235 252 225 181 236 243 126 144  70 156 215 121][229 201 110 111 172  26 239 188 236 114 246 138 243 109 159 115 126 228
 127 238 233 119 239  41 246 235 231 148 101 187 242  96][239 184 228  82 233 252 248 135 235 255 180  29 142 188  86 191 135 243
 253  21 150 111 250 224  31  91  95 251 207  68 207  95][ 74 120 122 124  35 220  94 114 233 200 124  33  63 223  39 117 134 121
 213  66 192 129 178 236 227 249   0 139 102 181  71 123][ 44  82 237 111 108 127 223 152   3 126 189   9  83 109  27  58 221 212
 247 110 136  34 123  48 211 255 225 189 211 251  86 243][200  27  62 244 173 220 125  55 173  95 150  16 191 159 162 255 166  55
 253   8 224 205 162 193 211 251 118 138   2 132 165 123][ 22 108 148 175 174  47 222 200 159 186 155   2 207 122 121  74 251 193
 127  99  40 101  75 250 177 214 207 182 148 123  17 129][121 129  10 174  29 157  70  37 101   0 237   8 251 216  26 176 216 164
  92 107  92  43  84 189 243 253   2  57  91  10 218  14][ 88   0  31 229  34  74  65  16  36  41 162  32  87  23   0  82  34 149
 109 160   9 129 161  12 209 163 112  16  32   0  36 122][ 94  98  98 232  10  81  90  88 165   4 148 163   9 143 255  86 126 153
 223 242 142   3 167 208 146 225 138 255  55 135  38 213][  9 170 134  23  37 184  96 134 255  31 126   4 171 224 150 156 129  42
 230  12 134 248 166 183 134 127  80   3  66 212  74 204][204  78 206 191  74   0 126  56 180   2 194 231 117 227  43  91 118 227
  59 199 102   1 139 105 102 163 234 137  61 243  57  10][ 74 163 217 111 232  64  93  13  43  61 255 233 175 167 200  82  70 159
 237 144  26  74 227  81 254 245 190 253 130 128 166 105][ 77 182 251  97 176  46 111  51 113 239 126 100 223  55 130 112  55  46
  92  60 185 156  33  78 238 191  53 196 162 224 194 113][182 247 237  83 199  85 191 253 127 127 183  51  72 124 222  43 189 211
 247 211 246 117  47 247 127  91 255 231 231  95 247 247][ 60 122 114 106 125  91  83 216  65 172 245  40  91 217 171 180  88 248
 196 106   8  35 232 188 243 221  33  63 115 191  78 163][163 206  99  75 118 139 231 247  93   6 124 226  48  69 180  36  62  40
   2 110 225 190  36 255  36  30   4 130  87 152 214 173][148 164 135 189 156  34 169 251  22 179 211  82 209 227 248 107 121  78
  63 185  57 215 235 218 220 162 255 212 181 233 176 160][ 99  44 239 177 236  58 249  67 255 243 154 151 157 172 215 107 239 175
 127 149 180 255 231 194 156  26 251 212 133 236 115  85][  1  50 221  69 112 138  96  51 118 169 115 116 179   3 128 112 114 172
 102   8 161 252 197  78  76 174 112  64 104 136  66 169][ 47 249 113  74  93 221 215 252  75 236 252   8  58 157  87 180 156 248
 214  94 203  58 254 189 127  93   5 123 115 191  70 255][ 62  31  86 138 255 179  18 218  95 141  94 230 108 104 165 229 118 179
 142 113 182 171 111 254  62  86  39 195 182 207  61 117][ 83  16 205   5  18  78  41  59  62 225 195 212 149   6 144 120  54 141
 124 140 145 216 245  76 140 174 122 192  44 128 131 116][157 143  74 175 176 131 110 248  52  64 223 199 119 227  26  80 127 238
  63 238 253 154  77  63 254 237 171 196  61 179 186 144][234 156  39 181  83 239 145  39  60 107 130 191 190  60  20 177 237 183
 223 129 187 159  81 207  93  38 154 211 141  12  22 123][220  40 223 118 162 106 119 160  49 170 231  56  87 183 129  59  51 244
 108 106  57 213 169  42 209 239 113   0 224 241   7  35][  1  87  84  69  48  30 239  48  45 232 126 196 217  39 149  20  30 100
 110 238 193 176 101  76  38 190  99 128  75 179  73 177][143 253 121 115 161 188 127 183 255  91  95 176 253 255 222 111 167 123
 255 222 246  76 174 243 239 223 190 234 150 215 133 247][ 41 207  99  71 116  27 239 252 117  96 126 198 115  97 149  53 126 238
   6 238 233 186 109  63  38 238 161 132 111 187 114 188][ 56   4 106 236  93 215  82 105  85  14 241  10 107 217  60 145 248 184
 135 162 104  39  64 159 243 221 129  59 115  42 126 130][ 17 219  83 239  22 130 110  53  52   0  82 230 245 195 176  96 118 253
  62 206 217 152   5 109 228 168 174 192  45 130 161  56][183  59  74  38 242 130 106  80  49 192 119 231  81 195 243  80 126 237
  23 254 177 146 132 110 126  41 175 192 173 167  42 145][170  56 240 234 117 249 250  86  27  73 176  58 189 189 118  32 250 187
 215 145 150  47 240 227 247 221 186 251 215  14  71 219][221 104 190 119 172  28 253 220 251 250 182  24 255 252 223  59 175 229
 125  79 236 101 239 226 215 251 119 156 196 117 195  97][ 73  45 239  69 180  50 233  55 116 193 222 196 249  47 146  98 118 102
 125 157 153 216 229  76 206 111 254 128 166 228 177 120][136 190 151 179 225 237  49  23 190  31  82 117 188 183  64  27 133  59
 255  16  51  92 146  99 205 150 122 234 136  64 135 251][210 252  50 186 155 201  20 197 191  87 160  25 174 254 111  17 163  59
 235  17  54  79 154 243 187 211  30 123 208  84 167  90][205 175  25 252 236 208 109 191 234 214  12 132 237 227 250 119  35  99
  74  44 117  75 190 223 238 219 239  45  22 240 175 205][ 58 127 235  78 208 180 239 214  33 140 252 199  41 239 149   0 126 251
 135 215 142 154 182 234 114  37 174 136 231 247  46 252][ 91 159  83 234 210 130 174 119  44   0 218 226 125 119 160 112 118 179
  31 239 241 155   4 255 252 172 170 192  45 130 163 169][ 60 109 107 104  81  71  67 120   1 164 236  11  19  87  49  48 120 184
  71 234  72 179 120  30 243 205 129  61 115 187 102 226][199 185 179 214 234 228 185 145 186 219   3  80 252 247 100 122 167 127
 123 149 147  73 186 224  13  62 255 234 136  99 161  51][ 56 165 105 106  92 207  67 120  87 108 237   9 115  89  26  16 216 138
   6 104  26  58 120  61 243 205  33 121 113 139 214 226][161 238  99  89 116 155 233 118 125  76 116 204  32 136 150  53  10  40
   6  13 231 190 102 221  38  58  48 232  87 140  87 237][199 183 197   1 242  78 173 191  58 251  26 252 221  54 222  55  55  79
 124  61 247  88 253  67  44  30 127 230 140 212 131 253][ 55   7  98 137  84 187 234  66 109   5 250 207  75   8 182  64 124 168
 135 181 158 187  69 220  62 108 138 193 229  15 122 196][113  45  89  69  48  62  98  82 120  96 108  72 179  18 132 180  18 140
  64   8 155 186 213  15 149 252  16  32  72 129  75 172][ 61 125 250 124 117  95  87 248 119 232 252   8 115 249 181  48  88 236
  23 106 232 178 121 190 123 255  37  45 103 187 114 227][ 79 190 162 186 251 177 186 216 191 249 219 247 205 238 254 216 247 255
 255 215 151  67 142 246 156 119 171 239 156 103  43 215][ 29 236 231  75 156 187 239 220 126 225 251  66 219 232 157 228 123 110
 126 251 171 244 111 191 188 206 175  68 213 255 241 164][ 60  97  58 108  29 255  82  72  87 172 253  10 107 217  61  17 248 184
 197  98  74  35  72 157 243 217 129  59 115  59 126  34][106 148 103  52 117 232 185  39 168  71 122 153 173 172  20  82 194  55
 227 129  49 250 208 207  85 119 154  65  69  68 199 250][162 191 101  77 239 211 189 103  31 238 188 175  40  44 246  53 235 183
 243 133 197 123 117 216  22  24 223 171  95  76 119 255][134 207  38 155 228 145 188 167 158  21  82 247 236 238 190 193 111  43
 179 149 246  24  14 245  44  50 222 207 149  28 189 221][141 111 251 233 172 121 109 219 207 214 124   4 143 227 243 127 147 104
 110 126  68  97 166 192 234 217  69  45 150 252 197 197][ 30  47 106 106 210 180  62 210 165 140 222 199  41 206 243  16 126 251
 135 215 156 139  38 236 122  69 174 201 231 231  44 217][215  77  99 142  20 150 239 112 244 192 219 198 113 228 181 228 124 228
  62 239 237 147  52 206  48  44 175 128  47 183 112 100][201 167 158 236 104  55 189 127 170 190  60  40 173 227 163 167 167 103
  86  44 101  75 162 219 240 223 111 188  82 224  43 137][  5 174 187 251 244 175 227 219 126   9 120  68 182 249 180  32 189  43
  22  28 147 186  40 125 109 158  50 104 216 200 227 169][125 125 249 100 237  77  87 214 233 160 172   8 159  27  65  50 136 244
  76  74  73  43 240  40 243 221  69  56  64 251  66  42][ 61 103 105  97 116 127 111 184 102 238 157 204 217  77 155  48  63 204
  87 239 201 146 109  94 231  79 173 164 111 243  86 241][249  96 196  33 141  63  64   4 115 227 163  92 203  56  94 190 152 196
 108  61 189 246 213 138 151 223  21  54 235 127 218   6][ 91 158  38 191  51 150  58 114  61 200 218 231 239 106 176 240 246 231
 253 165 237 153   5 239 176 246 170 130  46  36  57  29][151  93 103 103 130 102  47 177 164 202  90 230 209 247 129 113 118 255
  61 254 201 144 125 106 229 168 175 128 173 243  36 113][ 64  57 159 177 170 204  57  19 174 185 186   8 151 151  65  90 167  55
 125  16  18  73 146  64 221 161 127 120 128  64 135  51][179 218  38 156  79 149 184 110 143  76 208 239 108 156  54 130 236 177
 255 197 198  15  71 253  52  18 218 187  29  12  57 223][ 72 187 154  96 121 140  81  23 171  13 172  41 174 151  66  18 166 191
 237  16  18  11 130  65 219 245  48 123 130 128 167 107][ 46 188 161 147 221 237 147 223  30 255  25  63 144 220 109  44 221  27
 211  21 179 106 250 178 109  20 157 254 219  93 150 247][153 132 114 232  38  19 254 119 245  74 254  18  11 169 180 101 126 152
  30 170 252 175  36 223 242 249 162 204 119 232 241 141][199 123  58  43 170 164  61 148 172  93  95 245 188 151 203 122 198  27
 253 214 199  16 242  96 198  33  58 202 140 215 167 115][248 170 174  48  41 221  81  91 227 127 164  29 175 141  82  31 129 134
 236  21 190  79 162  17 218 243  80 121 234 132 206  95][  9 180 145 113 241 239  97  19 127 107 106  88 158  51   0 188 149  30
 114  24 147 252 177  87 205 254  16  64 202 192  67  33][155 140  83 231 242 171 110 103  61   2 122 242 127  43 180 208  63 191
  23 173 113 191   5 255 176 174  34 192 125 128 227  41][107 249 112  80 253 221 223 254 235 253 188   8  58 221 215 180 157 250
 213  88 142 107 250 245 127 221   5 255 195 157 214 239][101  37 253 101 244 110 235  56 104 224 123   8 215 125  25  48 155 220
 119  42  17 240 249  12  77 174  33  68 196 235  70 225][ 41 121 122 111 116 223 247 252  87 200 124  34 115 249 181  32  88 120
  54 104 200 186 127 189 103 233  37 128 119 186 114 235][ 47 189 161 146 253 253 181 223 155 251  24  95 188 252  85 172 141 123
 211  17 179 122 250 176  45  94  29 254 218  93 147 255][ 10 255 227  92 242 208 190 231  83  75  92 162  41 190 182 228 127 251
 147 129  87 186 164 243  54  38 190 139  87 196 174 253][ 41 205 103  71  84  27 239 252  85  96 123 198 115 104 157 181 124 238
   6 238 233 240 109 191  36 174 225 128 111 187 114 188][199 172 245 122 168 141 126 187 255  90  16 241 252 255 253 123 151 115
 125  55 246  69  10 251 171 250  79 254 148 240   1  55][ 94 180 182 186 139 229  20 205 187  87 129  25 110 222 106  27 161 251
 249  19  18  75 154 241 155 211  94 123 144  86 167  90][ 83  31  71 173  50 150 106  50 189 200 210 231 237 110 144 244 246 229
 125 231 189 153 149 239 176 246 234 130  44  37  41  21][149  12 205 253 140  42 233  27  22 179 210  82 209  99 145 107  89 238
 126 184  57 252 225 142 204 170 255 212 165 232 240 160][171 206 103  89  87 155 167 231  93   2 112 194  40   8 180 165  58  40
 130 110 227 188  36 255  36  94  22  66  87 156 225 172][ 43  31  98 138 249 148 206 252   5 140 220 231  41 207 183 212  94 235
 135 221 206 154  84 236 126 125 174 136 191 151  40 221][ 37 117 105 229 228 111 111 184 113 234 254  76 211 125 217  48  92 220
  23 239 201 178 125  30 231 159 165 132 109 251 118 241][  1 185  27 249 242 143 227 255 126   9 120  68 183 241  32  96 190  43
  22 120 179 184  48  93 237 142  39  68 216   0 161 171][114  97   2 172  11 192 156 109 143   4 129 131 172 202  36 212 248 181
 235 227  78   3 130 221 177 116 139 191  16   6  63 142][ 73 161  98 101 241 154 121  55 117 193  86 193 253  39 144 244  54 190
 253 156 211 216 229 205 238 125 170 192  38 132 155 105][ 96 179 123  64 112 201 113  23 233  13 124 168  51 135 196  48 134 186
  70  24  18  42 160  69 103 157  32 105  64 130  70 169][150 245 238  65 143  23 255 237 235 254 182  35  72 253  95   3 189 213
 255 247 246 117 191 214 123  27 207 231 197  54 246 215][ 34 174  99  89 116 219 233 119 127 117 116 144 168 141 148  37  59  42
   3  13 227 254 116 221  13  30  16  96  71 140 214 252][ 15  62 162 186 185 181 186 208 191 236 219 165 237 238 115 104 255 253
 255 247 157 211 170 214 138 215 171 251 142 103  59 213][ 17  46 149 205  42  55 121 115 105 238 124  52 172 163 194  55 167  47
 110  12 180  91 161 201 206 216 114 170  26 224  39 205][ 17 189  27 105 178 174 119 255 116   0 106  64 247 243  32 112 179  46
  12  56 179 184  17  63 233 173  39  64 232   2 227 171][ 51 102 106  10  84 155 234  72 101   5 251 207  98  72 191   0 120 168
 199 181 142 179  69 220  62  44 138 201 253  14 122 196][193 172  55 237  40  90 109  63 239 210 108 213 191 162 246 119 131  47
  44  44 245  72 182 223 238 250 119  44  30 228 101 252][ 71 232 155 211 250 196 187 129 190 153   1  48 252 215 200 106  39 123
 123 154  19  77 170  99  77  14 191 232 128   3 163 161][232 161 113 104 250  75  91 109  35  57 253 168  27  31 204  50  94 159
 206 240  90 122 237  85 126 241 160 253 103 130 230 163][173  36  67  28  69  47  97 121 113 166 229   8  82 193  17  29  88 172
  66  44 104 246 208  28  85  58  65  40  67 168 114 128][ 26 252 146 190  83 192 181 103 191   7  72  39  44 251  34 196 167  59
 147 129  70 157 146 227 240 116  30  11  47  84 167 207][ 65 128 237 115  48 206 105  23  60 113  67 144 147  22 144 120  38 142
 124 156 155 220 245  69 133 171  58 192 160 128 135 112][252  37 236 102  13 127  71  88  81 166 165   9  83 105  27  27  24 196
 233 110 108 102 253   8 211 203  65  61  99 255  94  66][  9  48 144  81 101 191  96  18 111 107 126  76 158 144 212 188 149  10
 118  28 131 184 211 208  14  30  48  98 202 198  74 165][ 21 239  74 175  48  10 111 184  52  98 255 199 211  99 155  80 126 204
  31 238 233 144  77  63 230 239 167 196  44 179 122 144][145 203  74 237  16 130 110  53 116   0 210 230 241  67 176 224 126 236
  62 238 201 152  69 109 164 168 162 128  45 178 232  40][168 249 240 250 116 201 251 214  91  73 245  58  63  29 156  61 254 187
 151 209 138 190 192 225  86 249 178 227 247 157 214 251][195 168 133 249 168   9  45 159 190  51 210 208 157  39 208 127 103 151
 127 157  59  92 195 243 140 250 254 244 188 192 129  57][234 176 103  80 105 221  81  84 171 125 180 185  10 133 206 191  13 144
 253  20 154 111 242 209  27  88  80 255  67 132  70 127][ 66 179 154 172  40 172  89  19 171  29  15  13 190 163  74  82 134  39
 237  20  22   9 146  65 218 245  58 201 136 130 139  27][147 143  82 237 210 130  46 119  53   2 218 226 253  99 160 245 126 163
  30 172 241 155   4 223 180 236 170 128  47 194 171 169][ 88 141 127 101 180  79 119  55 125 236 254   8 123  61  18  48 184 246
 125 110 104 185  49  46 251 239  37  16  98 240 198 122][138 139 179 191 167 132 189 103 253  79  82  23 172 173  50 196 166  43
 163   5 242 189 162 227 193 119  90  11  82  68 165 235][ 62  94 126 152 254 179 186 222 223 133  94 231 109 238 167 192 247 187
 135 241 166 155  38 254  62  71  15 203 183 223  45 223][206 114 251 186 162 212  25 144  59  89  87 245 221 223 203 216 215  29
 189 215 143 212 187 177 195 251 250 195 174 151 175  83][189 201 115  78 119 219 199 244  69 104 124  42  59 221 183 180  58 248
 150 106 237  58 108 191 119  89   5  43 119 191 222 237][136  47 191 197 172 123 124 123  95 254 124  37 174 163 230 115 131  46
  46  12 213 249 167 200 202 217 117  57   2 236  69 221][ 26 189  23 184 179 228  53 119 191  77  78  33 188 247  32  68 167  59
 239  16  19 137  50 253 233 247  30 203 130  68 165 123][216 185 159 177 170 204  57  23 190 249 130  17 191 151  64  75 167  55
 125  17  18 205 147   0 221 193 126  65 128   0 167  59][ 92  32 211 116  98  74 113  80  49 163 102  40  95 247 193  62  51 188
 228   0   9 246 160  10 219 231 113   1 227 160 102  33][120 125 251 102 213 204  87 247 105 160 238   8 119 177   1  48 184 254
  84  72  89  58 176  44 247 253   4  32  96 242 198  42][ 11 163 178  24  97 157 176  71 255  13 116  21  44 138 102 156 172  43
 130  20 150 233  34 209  23  20  18 107  82   4 175 207][197  21 111  69 128  70 111  59  52 202 218 228 209 119 145 113 118 244
  61 234 201 208  53  74 237 170 239 132  45 240  36 121][ 44  45 241 101 244 110 107 154 120 168 122  72 223  49   1  52  18  92
 102 122  16 176 193  12 237 252  33  68 194 243  71 161][ 80  57 191 240  40 204  49  86 170 221 176  13 190 159  98  90 164  51
 125  81   6  73 178  96 219 217  58 123 192   1  39  91][ 44  39 213  69 180  11  71  57 103 168 187  72 215 115 136 180  26 220
  78 106  89 176  73 156 175 220   5  52  98 170 194  32][ 43 249 113  66 253 221 255 245  79 236 124   8  58 221 214 180 152 250
 215  89 207  59 122 253 127  93   5 187  87 158 222 255][ 41 181 243  78 245 207 231 119 113 107 124  72 114 241 156  52 153 254
  86   8 209 186 240 111 127 190  20 104 203 202 194 169][124 169 154 250 137 237  82 204 171  29 173  25 254 255 104  26 129 211
 249  82  26  75 154 177 219 213  20 127 146  71 175   2][ 35 176  39  89  69 221 169  71 255  81  96  80 168 156  52 165 200  56
 210  29 151 190 118 213   5  24  18  98  83  12 215 252][120 165 127 116 148 206  87 255 244 133 238   8 115 183   0  48 176 246
 125  40 120 251  49  47 251 239  52  17  96 192 230  42][ 16 221  95 237  50 203  55 119 116  32 106  98 183  51  32  96 118  53
  30 232 121 152  17  63 233 166  38  64  56 128 161  43][137 203  67 237  52 138 110  55 116   8  82 198 177   3 176 224 114 236
  62 238 225 156   5  31 164 174 162 128  60 144 249  40][ 24 221  95 109  18  75  71 183 100  32 234  32 247  51   0 113  54 247
  76 106 121 185  17  61 241 163  37  16 104 178 165  40][ 83  28  75 141  50  14 107  32 109 192 203 198 245  54 148 112 246 229
 124 239 205 153 181  79 180 190 202 128  12 162  35 116][  1 191 177  85  96 239  48  55 127 235 122 117 172  62 196 112 166  47
 110  12 213 248  65 200  15  90 114 130  72  68 229 253][109  98 200  65 108  25 232  24 107 166 117 204 139 200 223 190  27 140
 102  30 198  52 239 194   6  94  80  60  78 175  90 196][ 46  88 118 243  52 139 250 212 221  25 245  50 237  95 189  45 238 243
  23 251 170 228 104 253 134 219 210 210 215 155 241 143][124 109 108 100  13 111  71 242  67 230 172   9  19  37  19  26   8 244
 105 106   8  99 249  56 243 203  65  53 115 251  86 114][127 107  66 172  98 145  94 216 169 192 248 239 111 207 175 148 126 237
 215 230 205   7 140 250  50 124   1 171 111 183 106  85][ 15 243 250 251 226 212  91 152  51  93  87 165  93 223 219 120 151  89
 181 222 195 208 186 241  71 249  45 204 174 151  42 241][ 79  56  34 168  57 181  90 208 175 204 216   5 239 239 115  80 222 189
 255 245 156 147 234 220 159 213 139 234 154 167  51  87][ 89 232 209 241 160 137 108 151  63 123 122 216 191 167 208 252 103 191
 127 152 155 216 199 243 140 254 254 224 174 192 131  41][128  28 158 189 228 172 185  23 190  27 122  48 188 186  36  89 231  59
  55   0  50 252   2 211  69 191 122 192 192  64 163 139][ 37 117 251  69 124  15 231 248 114 234 121 104  83  85 217  48  30  92
  86 106 193 246 249  90 101 140  37  36 105 251  66 161][193 169 143 245 172 170 109  55 126 187  82  82 151  35 144 107  99  46
 127  25 177 252 227 196 204 186 254 192 132 200 209  41][ 59 223  98 204 243 146 238 246  13  12  92 231  40 238 183 196 126 235
 151 237 198 155  36 253  54 125 174 139  55 158 248 221][ 42 175 226 205 242 208 190 231  86  77  92 227  41 174 182 228 127  59
 147 129 215 154  36 255  46  37 190 131  23 198 191 221][154 188  19 184  27 240  48  70 185  69 160 185 174 150  34 148 162  59
 200 129  39 143 146 223 145 212  26 107  10   4  47 223][129 191 183 245  32 166  57  55 127 235 122 117 188 166 196 113 230  47
  47  12 241 216 129 200   5  58 122 130   8  64  33  57][184 223 114  94  87 219 247 244  89   4 116 170  43 221 183 181  62 250
 134 106 228 190  36 255  55  89   4  43 119 191 110 237][ 36 249  16 137 247 143 186 207  31  57 120  10 140 152 100   0 255  27
 147  81  82  58  88 247  45  28   7 110 213   8 209 129][125 120 211  68  67  89 112  88  99 192 102 104  58 144 197 190  50 156
 228  72  65 178 183  64  19 248  65  10 107 164 106 191][ 92 120 190 245 172  28 126 216 239 251 182   8 223 251  81 122 167 245
 127  91 200 227 171 224 211 255 127 154 194 243  35   3][ 68 193 191 255 204  96  63 200 150  53 167   2 245 243 105 106 115  86
  42 218  18  81 171 113  93 162 223  13 144 251 165 170][ 47 185 181 211 253 253 188 223 139 249  24  76 188 252  85 174 143 123
 211  29 151  90 250 240  47  93  29 250 202  92 139 191][ 70 183 133 176 186 233 188 207 186 127 152 253 140 174 202 138 135  83
 255  17  22  73 202 243 188  86 127 255 140  84 135  95][ 68 169 185 223 238 192 175 137 170 149 129   2 244 215 201 106 115 123
 123 218  82  65 234 113 221 168 175 124 144  35 165 160][ 82 155 127 220 242 194  53 119 191  77 222 163  60 183 162  80 230 187
 191 128 115 137  35 221 251  38  62 203 176   0 165 123][210 220 158 179  58 232  57 134 190  31 134 177 191 151  35  88 167  55
 253 145  34 205   3 119 217 231  58 211 160   0  37  91][ 60 175 105 104 185 205 199 221  66 109 188  13 147  77  91  16  24  74
  68 125 154  43 239  61 107 205  37 125 243 151 198 227][ 18 253 186 158  83 208 181  71 191   5  92 183  44 255  42 196  38 187
 147 129 102 139  18 255  50  39  30 139  55  84 173 223][ 45 197 103  79 116  27 239 248 117  96 123 198 115  96 157 165 122 204
  54 238 233 240 109 253  36  58 229 132 127 187 112 180][203 161 102 113 119 154 120  55 253   5  70 144  41 139 150 245  38  46
 251 157 246 220 165 205 126 123 146  67  38 132 223  76][ 40 241 127 111 126 203 247 125  71 136 117  42 115 221 188  32 126  56
 119 106 192 176 111 157 102 233  37 128 119 138  70 171][124 237 156 246 136  77  87 167 178 174 168   8 247 243  73  18 145 246
 108  34 120 107 202  46 251 199 101  57 224 122 198  10][ 11 183  44 153 189 181 177  71 207  93 156 183 172 168  54 133 137   3
 223  21 182  41   7 213 174  17 138 219 223  76 153 223][252 115 120 104 250  91  83 216  97  40 181 170  91  95 204 177 126 157
 198 240  59  51 237  92 126 201 161 247 119 131 238 163][ 17 143  70 205 194   2 108 103 228   2 250 226  97  98 180 225 126 174
  14 238 252 152   5  77  52 170 226 128  37 240 233 140][ 65  65  45  99  36 206 105  20 100 117 199  16 147  23 152 120  64 156
 124 216 155 216 245  32 197 169 178  64 128 129 214  96][188 118  88 122 249 249  80 218 243 191 165  57  15 219 105  25 147 155
 196  50  46 103  74  54 219 193  53 127 240 209 206 131][162 205  52 153 244 143 174 231  94  57 112  18 172 136  52   1 235  43
  19  81 242 184  64 255  45  24 143 228  85  24 209 137][ 67 169 209 243 240 137 106 151 127 105 122 204 189 131 208 244 103 175
 126 156 131 152 197 243 174 254 182 224 174 128 130 173][246 105 105   4  77  89 193  96  97 228 228 139   3  12  87  29 120 236
 226 102  76  50 244 128  23  88 193  63 103 189  94 214][ 65 140 159 245 180 174 109 183 254  43  94  80 191 179 144  96 231 102
 126  24 177 216 161 103 237 190 118 192 128 200 209  41][ 31 122 255  71  34  90 191 208  97 202 118 230 123  93 159 190  54 220
 213 238 197 244 173 104 102 105  37 128 111 183  43 253][ 88 205  23 239  16 207  79 182 164   0 234   0 247  55  33 113 100 244
  72 234  73 153 113  61 241 162   2   0  48 179  36  40][162 237  18 145 213 141 188 231  30 168 120  10 172 152 116   1 175  59
  19  81 114 186  16 255  45  24  15 106  81   8 193 139][168  41   6  11  77 221  97  64 100 117 231  28 131 128  66 189  72 140
 234 218  14 186 247  48  69 225  16   1  99  15  94 238][ 41 188 243  91 245 239  99 247 123  75 124  88  58 245 132 180 153  62
  66  24 147 186 240 247  47 190  16 106 202 202 194 181][120 173 123 102  84  78 103 254 113 140 238   8 115 177   0  16  56 254
 100 104  88 186 145  45 251 175  52   9  96 138 230  42][ 68 161 153 220 138  64 175 201 234 144 129   2 212 211  73  98 113  81
 107 250  82  65 235  81 221 136 175 124  16 163 167 160][178 239  66  94  83 145 222 228 177 132 252 175  41 207 183 149 126 233
 151 230 108 191  44 255  50  76 132 171 127 182 110 222][ 75 177 177 214 237 252 188 159 235 243  60  24 188 255  92 190 135  95
 241  17 147 107 186 225  15 253  95 110 206  64 139 175][ 94 159 190 190 186 224  59 183 174  15 159 165 237 239  34  82 167 119
 237 145  20   9 139 111 250 231 122 219 164  71 173  91][ 68 137 155 255 200  64  39 200 166  53 170   2 244 227 105  74 113  94
 106 250  18  67 155 113  93 164 231  37 144 123  37  34][ 17  93  83 237  54 134 111 182 100   0  74  98 247  19 161 228 118 116
  30 234  65 156  49 111 229 174  38   0  60 178  33  41][ 80 201  78 188   4 128 110 231 164   2 218   2 117 234  41  64  98 227
  63 194  72 139   3 237 240 231 250 136  52 146 161   8][ 34 223 118  94  87 223 182 230 221  76 124  42  40 220 183  37  46 251
 131 195 228 187  52 253  55  26  68   3 119 190 246 255][128 156 158 191 177 172 189 215 190  27 114  48 188 191  32  73 231  59
  63  16  50 220  18 119 237 247 126 194 144  80 161 139][ 98  41  42 232 120 133 122  82 175 200  92  73 191 207 115  80 206 185
  63 221 138  26 210 220 223 253 171 232  60 163 114 209][216 201  31 102   0  78  79 180 224 160 230   8 243  55   0 115 100 244
 104 234  73 139 209  61 241 170  64  16  96 179  38  40][120 125 169 103 221 239  87 246  97 230 172   8  50  53   3  48   8 246
 113  74  73 186 241  42 247 239   5  49  99 123  86 122][ 15 255 113  67 226 148 239 248 237  94 125 230 249 199 221  54  55 249
  23 254 195  16 174 240  46  24 167 172  47 247  99 245][ 92 120 186 228  61  28 122  80 171 232 182   8 191 219  81  90 166 245
 253  81 138 101 179 200 223 221  47 190 162  51  35   3][218 222 111 189 114 194  61 119  52  79 214 167  41 167 162  81 102 191
 183 129 232 158  37 255 118 103 190 131  37 132 165 251][ 89  78  83 205  52 142 110 182 100  10 122  68 123   3 145 244 118 108
  28 110 201 152  21 110 164 174 166 128  42 179 112  41][ 90 171 150 184 187 201  16 239 191  29 160  57 174 254 104 219 163 187
 237 144  58  75 138 213 155 215  95 123 144  68 175  11][ 37 117  93 101 118  15 227 184 108 160 115  96 211  17 153  49  62  92
 118 106 225 240  89  12 101 138 101   4 109 187  66 177][191 102 104  42 126  19 218  88  83 102 181 159  75  73 223  16  94 136
  85 239 238  38 109 159 210 221 161 189 119 175  90 197][ 69 225  45  99 132 204 105 144 102  81 227   0 147  23  24 120  64 156
 120  90 219 144 249  48 197 168 128  68   0 131 214  96][181  69 103  77  84  27 238 248  85 242 242  70  83  96 157 167 120 196
 118 238 233 240 109  29  36  42 231 132 111 251  80 164][ 82  96 104  69   7 207 253 103 111 166 158 139 186  28  22   0 170 181
 125 129 204 191 245 217 247  60 154  51 101   4 215  74][180 111 124 104 254   3 210 248  65 172 180 234  83  91 133  49 126 245
  70 242 248  35  68  94 122 136  37 253 117 185 234 129][108 225 184 122 217 237  83 152 171  21 173   8 223 243  73  48 145  90
  81 122  26  67 250  51 235 221   5 125 210  83 198  34][209  45  91 135  50 174  43  48 120 192 203 192 213  54 144 113  54 237
 124 239 161 144 181  78 181 172 170   0   4 163  35  32][ 67 192 118  93  99 152 124 103 173   7 106 147  44 138 182 244 166  39
 251 133 198 157  55 213  22 126  18   3   7 132 239 204][ 92  89  87 204  16 198 111  48 229 128 106  64 125 247  33 245 118 244
  56 234  65 145  48 204 241 168  66   0  42 179  36  40][243 117  99  78  89  95 214 125   1 232 236  11 114 157  55 181 220 188
 211  97 237  51 240 156  51  89   5  59 115  62 118 254][ 65 157 155 223 244 140 107 183 254   9  94  64 188 243 160 112 167  43
  62   8 147 152 162 111 109 190  54 192 128 128 161  41][ 69 181 248 243 253 188 248 143 250  49  44  24 156 250  92  58 163  95
 112  25  23 104 218 243 207 253  31 127 205  64 139 142][ 50 205  98  94  83 209 254 228 149  68 124 131  40 206  55  17 252 235
 147 230 108 187  62 253  51  60 142 171 119  30 110 222][ 40 225  83 110 125 203  99 252 119  13 255  40 122 241 140  52  24 254
 102  72  90 186 203  63 125 190  32  72  67 138 198 171][127 122 231 100 114  34 235 216  49 192 242 231  89  79 213  63  62 213
  85 255 169 214 181 200  18 104 139 132 239 247 118 116][139 251  40 147 186 157 191 180 142 237  28 237 188 252 210  32 135 123
 255  71 199  73 250 127 237  21  47 250  28  22 149 251][ 92  52 145 178 169 237  28 207  59 243 169  29 143 214  75 153 151 155
 205  55  63  67 218  54 153 215  29 127 136  85 135  82][ 34 217 118  94  71 213 182 230 205  68 252 163 104 252  54  36 238 123
 147 195 196 171  54 253  51  62  70 139  87  30 117 223][ 54 103 202  69 210   3 111 220  48 164 254 230  65 103 157  20 126 220
   7 236 200 146 229  78 124 140 165 164 165 242 102 241][  3 173 147 211 116 140 107  23 255  73 122  64 188 194 164 244 167  43
  54  24 147 152 160 255  44 190  58 192 138 128 195 173][ 84 185 153 204 156  68  35 234 230 188 172  10 180 147  97 114 121  92
 106 248  67  75 179  89 217 132 175  60  16  33  37  34][205 114  24 178  40  13  88 152  62 187 183 125 223 195  75 217 151   5
 237 126 106  69 203  18 210 243 121 252   8 145  11  17][ 44 121  38  11   9 221  98  64 228 108 231   9 162 148  11 191 200  44
 234  66  14 179 243  49 199 241   0 115  66  15  94 214][ 51 175  76   9  94 139 234 103 126  33 250 231 163 136 150   0 110 171
 110 149 198 186  69 127 126  12 178 208 125 136 249 140][ 82 162 150 188  59 201  16 111 191  61 160  57 174 174 100  18 239 187
 239 145  30  75 130 213 153 210  94 123  16   4 175 139][240  72  28 126  13 253  85  34 229  30 166   8  34  57  39  91 200 226
 104  66 108 237 115  61 195 251  80  17  80 121  68  74][104 125 187 118 213 205  87 103 177 228 110   8  50 181   3  52 136 254
  83  64  73 186 240  47 119 189  20  19  98  90 214 250][ 28  81  85 101  50  75 111  56  36 160 115 224 215  55 137  57  54 212
 124 106 105 240 121  12 196 235  97 132 104 179  67  49][ 18  95  42 188  48 182 127 118 189 206 222 135  45 239  51  65 230 239
 157 197 172 153  48 239 243 119 186 131  44 245  63  95][ 17  65 229  69 164  31 237  63 108 226 250  70 211  32 149 228 122 132
 126 172 201 188 117 142 164 238 231  20 111 184 209 108][  2 139  86 157  98 160 168  71  60  17  90 178 172 170 180 212 166  59
  51 133   2 152 135 245   4  58  90 130   5 192 163 141][188 100 109 107  78  67 207 248  18 246 245 187  83  77 217  25 123 220
 151 234 232 118 125  30 115 203 229 173 119 187 118 240][ 34 121  58 232 124 141 122  87 173 200 120   1  61 159  49  80 236 185
  23  92 194 155  18 220 119 217 170 232  24 130 114 154][108 236 177  65 205  77  71 159 115 191  44   8 154 117  73  60 153 218
  96  88  91 122 250  50 111 221   5 124 210 248 198 162][ 36 122  92  97 104   3 238 246  64 170 240 236 147  11 129  17  78 237
  70 238 200 190  69  28 116 138 231 228  77 184  66 129][223 116 129 178 153 108  24 138  58 242 129  25 143 214  73 219 149 223
 253 151  47  71 219   0 153 225 159  62 160 117  35  82][ 10 106 162 153  65 141 105  86 183 149  70 149  44 131  98  92  97 170
  35 156   2 220 146 241  87  48 154  73 162 132  39 234][ 26  10 158 189  34 176  48 103 190 143  70 161 173 167  34 200 103  59
 171 129  22 221 131 111 206 231 122 131  36   4  45 139][208  89  59 180  82 200 181  87 252 200  82  98 188 149 161  97 162  63
 126  81 193 189 178 104 245  32  38 138  44  16 165 123]