[200 253 253  85 227 157  53 182 250 182  54  44 252 247 197 183  39 119
 252  72 225 120 178 106 111 203 117 170 102  48 135  59][236 100 108 119  73 122  69 172 177 182 167  25 194 119  11  27 201 196
 232  98 108  71 249  62 215 243 213  55  98 117  94  66][169 239  61 101 100  14 103 188  96 232 122  76 247  97 145  49 148 228
  68 110 201 176 105  45 229 233 101   0  72 243  66 169][236  38 157  97 168 111  67 152 114 186 163  72 211 113  73  59 145  84
 108 122  57 116 201  18 205 159  97 116 200 243  66  33][ 92  51 184  97 233  14  85  23 107 191 180 124 159  51  65  26 135 245
 109  24  72 122 209  64 223 255  53 182 226 224 135  35][  1 124  57 105  20  46 233 182 116  72 106  68 147  19  17  48 188  45
  52 141 169 184  81  15 229 174  42  68  72  48  99 170][118 113 105 236  93  79 215 232  11 232 185  13  82 220  94  16 220 221
 219 227 204  35 217 156 187  93 133  63  65  63 214 210][ 17 173 153 101  36  79  71 186 114 162  42  72 211  49 192  48  17  78
 104 106 121 240 217  59 229 175 101  52 104 241 194 160][ 53  71  97  69 116  11  75  56 113 160 123 200  83   1 153  52  58 204
   4 110 201 176 109  14 100 172  33   4 101 187  82 160][  9 241  17 161 113 143 106 252  33  96 104  76 159  23   8 176 150 157
  84 106 201 146  80  61 229 253   7 100 106 150   3 184][226 184 188 218 201 133  92 143 143  31 160  29 164 223 108  91 201 147
 107 148  50  79 218 113 157 154 222 122 144   0 162  26][168 253 253 119 248 111 119 254 123 174 254  56 243 253 133  53 159 126
 125 106 224 252 251  63 111 255 117  16  67 248 198 249][250 176  62 114  41 253  80  70 171  29 165  25  46 159  78 155 166 179
 237  16  30  47 146 241 211 241  80 123 194   5  15   3][158 135  14 173 158   3 158 233  20 166 142 175 103 104  58   1  92 229
 237 231 252 131  77  31 248  71 237 213  53 174  60  80][112  48 249 101  96  76 113  19  32 173 166   8  23  23  64  26  34 156
 100   8   8 254 241   0 213 173  48  49  96 128  70 107][ 73  48  25 113  97 220 105  17 238  81 100  68 189 147 208  62  34  40
  64  28 131  24 246  81  71 249  50  96  74 128 195 240][133  31  87  69 178  14 111  49 116 128 106 228 241  51 129 116  54 118
  62 248 177 184  85 110 172 174  38   0 232 163  97 169][207  52 152 178 233 253 185  83 187 255  53  60 140 191 218  63 143  19
 211  29  54  79 186 210  95 223  91 255 194  69 143 213][ 21 206  83  69 182  14 102  49 124 136 115 100 215 112 128 228  54 100
  44 126 241 188  69  14 172 174  39  64 108 162 193  37][248 225 156 240 137 109  84 199 179 179 164  25 159 183  66  27 129 151
 249  16 122  79 210   0 219 217  84 125 226  80 142  10][214  68 214 165 110  10 238 200 121 162 242 130 207 106  29  91 122 197
 127 235 104 247 205 200 180 186 207 148  37 123  99 128][203 122 231  84  99  92 189 116 185 206 118 173  44 156 215 191 166 117
 245  71 229 223 178 232  51 123  84 139  79 180  47 127][ 54 113 106 100  93 223 214 252 105 236 252  13  74 140  31  16 216 236
 199 103 204 179 248 204 247 221 133  55  99  63 214 214][ 64 160 221 117 104  76 105 127 235 157 100  80 191 135 192  59   6 187
 110 136   3 124 242  65 205 152 114  40  64 128  39 168][ 77  54 149  37 168  46  96 154  59 251 170 221 223  35  65 158 151  69
 108  60  17  80 219  66 140 247 101  52 202 241  11  17][148  46  95 113 130 251 180  98 252 234 242 248 159 166 133 185  39  63
 206   0  53 252  36  46 151 195 114   1 225 113  15 229][ 92 161 155 110 137  77  82 201 166  33 173   8  87 243  73  16 184 146
 233 200  26  35  26  49 219 197   1  61 242  43 166  34][188 165 106 187 213 239 238 236  55  36 125 139  75 237 122  17 121 206
 147 255 122 242 216 191 127 231 133 109 247 255 246 194][188 101 254  97 197  63 109 134 113 166 102  28  75  41  87  31 185 206
 224 124  56 246 177   2 111 219  85   5 227 249 206 128][  0 135 135 141  20 131 162 111  62   1 202  66 229 226  32 192 120  46
  42 140  18 185   7  93  60  38 138  64  29  10 185 136][205 108 133 165 168  46 108 154  59 242 130 220 223  99 209 255 183  69
 124  46 169 197 219  66 140 243 111 148 138 245  11  48][ 33 247 216  11 252 155  86 189  87  41 252 236 226  96 206  16 221  74
 198  20 222 122 205  55  46 215  53 126 216 218 202 157][173  60 165  13 173 127 195 216  86 234 141  76 210 116  91 175 216  68
 122 127 173 230 249  10 205  91 197  62 218 127  90 243][ 75  83 107  13  34 210 171  16 236 204  94 228 221 198 179 236 118 116
 255 239 213 145 166  76  70  41  42 128  14 183  41 117][ 70 234 140 187 136 163 187 200 174  61 129 165 196 206 107  74  69  69
 107 215  22  65 206 113 220  34 239 253 144  51  23  66][ 69  15  21 165  52  14 110  56 105 168  90  68 247  35 145 243 150  68
 124 110 173 208  77  45 164 255  97 128  12 179  90   9][144 183  31 235 150 143 163  87 126   1  67  82 247  81   8  96  55  63
  11  25  50 184  25  63 237 166  50  64 224   8 165 161][ 37 237  17  70  25 221  70 172  96  96 232  72 243  80 141 180  24 234
  64 106 207  34 255  63  33 204   5  56  65  59  66  44][129 232  22  25  66 137 168 102 254  17  66 144 228 194 160 237  99  43
 106 140  39 220 134 117   4   2  90  72   8 128  41 140][196  48 249  97 168 110 123  24  51 182  39  24 215  55  65  26  23  92
 125  58  48  84 249   2 207 153  97 116 160 227   7  96][103 181 232   7 204  62 239 153 114 243  63 156 209 104 223  58  25 206
 124 191 189  80 253  66 110  15 229 244 141 243 218  84][  8  52 249 225 178 110 113  27  45  35 127  56 159  55  64  56 183  29
  94  56  17 152 241 198 207 255  50  70 226 192 135 179][192 217  31  92  50 201  53 103 253  76 242  40  62 182 160  53 166  51
 238  64  97 171 178 109 177 178 116  26  64  16 167 127][ 56  91  90 110 114 137  55 112  36  12 126 239  47 131 163  16  62 250
 135  66  72 186   0  45 114 229  32 129 127 179 110 155][223 109 210 179 131 114 118 198  49 130 226 162  31  51  65 255  51 255
 152 210 101 215 149 234 186 227  94   3 167 245 171  12][ 77  11  76 111 176  14 110  57  45 136 127  68 247  99 147  80  20 100
 124 110 153 144  73  46 230 255 160 144  10 163  74   1][ 40 173 249 121 210 226 111 191 114 163 110  16  49 179 208 112 115 190
  50 152 114 218 237  31 109 174 181 100 167 192 198 168][ 11 180 170  19 157 181 184 211 222 123  15  85 156 248 118 168 133  43
 251  29 151 105  59 211  15  95  27 110 154  68 153  84][143 117  54  92  59  63 158 248 222 226 150 233 218 248 191 175 222 117
 250 111 228 231 223 252 114 123  79 190  94 253  41  21][188  32 177  35 145 107 147 200 114 165  97  24 211 193  73  24 153  72
  64 114  10 118 201  18 205 132   1  60 193 115  70 226][193  92  29 121 244  79 225  31 124  24 114  80 215  49  17  57 137  20
 122  57 161 252 209  30 237 170  54  68 200  48  67 169][ 37  52  29  69  84 111 227  56 116 234 111  72  82  81 157  52  24  12
  82 106 169 176 121  14  69 174  33   4  75 235  66 160][ 18  73  82 237 211 139 126 101  45   0 234 130  47  11  52  80 122 187
  95 224  88 155   1 253 183 252 138   1  37 146 235 138][202 255  46  61  58 192  29  55 180  77 198 229 173 167 130  81 198  51
 237 132 246 137 195  63 226  99  62 155  18 132 175  91][101  15  71  39 176  42 110  48  33 226 123 237 211  99 147 214  54 228
 125 238 253 144 205  14 172 239 165 128 110 247 218  16][150 175  44 186 154 131 159 236 150 188 157 163 229 238 187   1  31 227
 205 247 126  75  14  63 232  71 175 253 181 119 189  91][180  76 108  94 204  75 207 236  84 182 181  27 115 105 159  59  25 192
  71 106 232 103 109  62 115  10 229  53 117 251  86  98][167 208  53 218  13   5 143 232 206  30 129   6 216 253 125  15 217  65
 123 239  66 103 122 241 201  24 207  62  81  59  37 226][252 109 158 117 141 105  85 231 178 182 170  24 183 241  65  27 137 246
 104 112 120 111 194  10 249 131 117  57 192 120 198 138][137 205  85  93 154 191 175 175 126 226 106  66 241 112 149 164  51 102
 122  60 243 248 125  63  44  46  53  80 223 216 201 172][217  93  85 109 168  78  71 185 100 104 170  96 243 119 129 115  84 212
 124 234 105 129 121  61 225 232 101  20  58 178 224  57][165 165 144  19 217 189  66 139 123 179  41  93 194  98  79  24 145  78
  64  60  54 122 217  54  44 158  21 124 200  67 202 132][ 52 104 144  96  93 107 210 202  82 183 160  27   2 216 103   8 217 200
   2  83  14 119 218  18  89 132 149 127 209 121 126 134][105  67  89 101 100  26  99  56  96  40 127 104 243  17 153 240  50 204
  68 106 201 176 237  13 198 237  32 132 100 163  82  33][248 160 188 248 137 205  81 203 151  55 164  25  15 255  72  26 201 155
 237  16  58 111 218  19 219 211  85 127 242   8  70  34][  1 184 177 113 115 237 177 215 126   3  96  24 190 149  64  56 167  59
  82  24  51 252 210 115  77 158  20 106 200   0 131 187][244 111 202  38 154  72  86 205  35 132 168 173  67 234  79  18 186 206
 204 114  92  35 204  42 250 229   5  31 225 251 238  86][252 255 220  99 184  46 127 156  51 191 170 253  87 119  73  26  55 222
 109 114  58  82 217  50 253 207  37 244 234 243 134  19][ 41 175  96  15 252 155 206 238  87 108 252 239 163 104 150 132  89 234
  70  79 222  58  76 191  46  92 165 185  95 191 218 204][ 13 185 114  43 242 201 179 235 126  85 121 183 157 216 170  96 123  27
 135 145  22 186  30 245 204  68  58 239 221   7 163 135][ 34 175  86  30 251 219 150 111 223 105 184 234  40 252 166 181 206 191
 202  65 247 107 206 255  62  16  15 251  87  12 175 141][ 61  85  97 101  52  78 103  56 117 232 127 100 211  53 153 116  62 220
  20 106 233 176 117  14 231 238  33 132  99 186  70 113][232 191 255 118 232 238 125 191 187 191 238 185 127 247   0  81  39 255
 125   8 250 223 235 127 255 255 117 248 226 192 198 123][ 44 125  83  78 211 207 103 248 253 192 108   8 126 243  45 180  58 120
   2 122   3 179  56 127  63 156   5  10  90  51  98 178][121 248  17  62   9 205  87 252 171 122 160  13 191 222  67  48 132 249
 124  70  79  79 250  63 241 219  69  58 122  23   3  91][218 181  28 186 185 253  17 135 190 125 164  56 174 151  66 252 133  27
 236  16  55  79 242 215 219 215  30 123 146   4 143 123][124 188 183 250 253 253  82 202 139 189 173  25 207 255 109 155 205 243
 239  16  58  99 154 176 219 223  69 127 210 111  79 146][137 247 109 251 244 157 237 255  95 121  94 246 157 255 252 100 127  10
  55 157 243 248 127 215 238 223 191 228 191 136 209 249][120 100 122 102  80  79  87  56  33 140 239   8 211 247   8  16  24 252
 109  42  72 242 248  13 247 201  33  20  97 162  70  98][ 13  86 228  69  52  26 110 184 100 232  94 196 217  33 155 228  54  76
 188 238 205 176 117 142 102 111 167 132  47 247  88  20][120 237 120 122  25 201  85 231 226   5 172  41  39 129  66  16 136 250
 200  64  74 107 194  61 243 229  20  57  98  24 206  10][101 245 249 196 108  13 207 248  73 232 188  74 211 249 221  55  30 196
  94 106 217  99 230 136 247 152 229 188 103 251  82 225][176 150 142  61 157 243 164 107 214 207 211  23  98 232  58 200 249 174
 234 129  60 255  23  31 157  39 251   3 249 104 252 150][ 26 188  20 186 153 205 149 231 159  23 164  27 174 159  96 144 201 187
 207  17 122  79  18 247 249 215  30 123  18  12 173 170][229 108  21  79  45  79  70 172  74 210  96   8 242  81  25  49 152  64
  80 110 107 102 219  61 165 186  69  60  88  59  82  40][214  96 246 247 110  46 250 216  59 186 243  67 207 123  29  91 255 213
 127 227 168 247 217 234 151 250 203 150 167 243  99 131][ 86 110 207 119  30 106 107 152  55 183  91 197 209 235  89  90 115 205
 125 206   9 208 223  98 140 238 231 132 172 243 112   0][216 232 157 114  42 200  85 128 178  63 132  56 191 215 200 123  39 245
 108  82 107  69 170  49 217 227 117 121  32  16 135 107][246  36 212 163 236  43 234 200  63 179 179  26 207 106  93  27 123 197
 127 251  56 119 203 242 156 154 203 116 229 105  67 128][102 164 252 211 252  43 248  73 127 187 179  90 222 123  92  58 255 151
 127 179 178 118 203 210 158 158 207 246 197 234 211 131][ 77  55 251 243 238 100 249  91  59 255 127 118 157 255 223 106 111 223
  55 153 179 122 251 194  95 255 255 236 175 225 231 241][118  99 109  14 138 114  14 172 233 118 138 169  66 100 159 122 209 199
 108 231 204   3 239  96 178  34 205 159   5 243 190  84][ 56 221 122 238 151 215  87 253  87   2 238   2 123 249  41  80 121 251
 130  98 106 191  57  63 251 239   5   5 115 218 224 138][130 157 186 219 246 193 182 231  31   7  92  50 164 254  38  64 239 123
  34 128 118 184  50 255  47  22  30  75 144  72 165 207][120 172 156 124 157 237  81 111 155  23 232  25  46 251  32  16 201 187
 237  16  58 107 210  31 251 247  21 123  80  72 230  42][131  75 199 159 176 146 172 199 190 195  82 214 244 194 181 233 119 111
  50 221 231 220 175 111  44  62 254 128 140 244 185 221][198 253 144 218 233 253 150 174 155  27 189 120 172 250 205 182 135 115
 254  82 119  77 202 243  43  94  93 251 210  83 143  47][233 173 156  63 185 239  78 174 246 211 232  24 243 234  26  99 201 119
 106  11 126 107 219  43 237 243 207  56  88 120 200  10][221 218 157 182 170  68  31 184 170 222 151 229 255 119 203  91 135 117
 253  70 225  69 235  33 224 227 111 157  12 247  13 121][229 180  57  97 153 111  65 171 126 115  46  24 150  53  72  57 145  28
  88  56 115 124 249  22 205 159  21 118 192  72 198 114][229 102   7  85  48  46  99 184 112 218  98  84  83  97 153  63  49  68
 100 110 161 244 153  47  44 170  97  68 232 241  66  33][ 45  39 209   2 250 123  99 216 127 225 189 232 222 246 207 188 191 217
 206 126 131  35 110 122 188 157  39 126 195 251  71 245][217 179 181 112 189  12  21 159 250 189 130  88 222 250  88 114 133  87
 124  17 155 105 251   0 249 250 127 126 128 112 135 107][ 48 217  24 110  89 205  82 240 142  72 233  13  55 223  33  16 196 185
  71  66  79  43  90  61 243 197  32  58 120  26   2 155][ 18 207  90 190 170 192  62 230 189  66 216 163  44 254 162  81 247 251
 191 195 100 139 142 251 176  38 238 139  53 116 175 143][ 84 167 156 105 184  41   7  59  50  31 233 120 215  99 136  16  25 154
 108  50  58  98 203  23 236 167 113 125 240 192 166  33][219  58 131 184  43 244  88   3 187 213 130 157 175 206  66 218 135 175
 253 149 159  79 210 209 146 241 155 251 138   4  42  87][ 54 234  49 170  63 217 146 224 143  12 184 169 238 204 230 148 158 177
 199  87  78  35  74 185 186 212   9 251  84  47  15 199][109 108 145   7 241  63 102 156 115 170 106  76 247  99  73 244 209 110
 104  94  73 242 217  42 172 156   5  36 202 243  74  12][202 126 247 117 114 217  62 182 185 138 118 233  45 191 133 151 166 127
 245  64 224 222 130 111  98 243 117 171 102 244   7 187][ 69  56 132  37 232  62 108 155  59 250  34  76 223  50 195 254  35 197
 124  28 133  80 219  64 156 255 117 132 138 245  11  28][238 116 132  17 201 120  20 143 179 183 160 185 138 166  79 159 129 223
 233  16  46  70 219  34  15 114  93  63 194 117 142 158][  1  77  87  77 176  14 110  53 116 136 122  68 243  99 145 116  54 100
  76 236 249 152  69  46 164 174  36   0  42 162 224  40][131 160  71  25  66 129 160  79 254  17  66 210 160 194  36 204 122  41
  42 136  38 222   6  85   4  50 218  74  16   0  41 140][229 237 180  82 248 173  86 175 251 178 168  56 118 121  77  19 141 214
  64  82 114 110 202  63  40  30  69 126 200 241 194   9][110 179 185  67 249 109  17 152  43 253  61  61 222  61  78  58 149  91
 245  16 146  66 251  16  79 213  37 255 194   7 135 243][ 53 225  72  65  84 143 111 121 113 160 237   8  83  67  26  16 120 136
  66 238  89 178  89  30 127 141 133  68 107 130 234 160][ 30 239 173 187 184 193  27 174 150 181 140 161 229 231  90   3  95 115
 221 209  58  72 111  63 233 199 191 253 180 212  20 122][186 134  14 172  25   7  91 123  20 174 142 143  67 108  50   1 221 165
 237 165 236 207  77  31 249 199 233 213  48  44  60  74][ 60 125 106 108  85 223 215 244  85 236 252  15  51 157  55  48 216 248
 151 238 204 186 112 174 243 221 165  49  97 186  86 210][202 255  39  60  27 132  28  55 183  77  66 197  45 175   2  81 196  51
 249 132 230  13 243  63 247 251 222 138  18 148 166  91][220 110 150  53 139 171  70 166 191 182 162  61 134  35  67 155 161 230
 236  82 108 205 131  42 184 231  85  19 232 113  11   2][ 77  75  92 109  48  14 106  56 109 168 123 100 247  19 145 112  22 100
 124 110 193 144  69  44 230 255  32 128  42 163  72   1][ 44 236 174 250 221 229 247 232 150 215 237  11  83 253 123  16 217 250
 227 114  58 115 250  63 127 207 133 109 211 123 246 226][228  78 253 119 110  43 199 184  80 182 177  59  83 105 157  27  27 228
 103 106 232 246  79  42 116 170 101  20 117 251  86 130][253 233  12 170 172  69  78 184  71 248 145  72 215  89  89  33 217 193
  29 251 107 102  91 183 233 211 237 124  60 187 208   2][105 207 125 101 100  14 103 182  96 232 126  76 247  33 145  51  20 100
 100 110 201 184  97  45 100 233 101   0  74 242  66 169][ 72  53 209 225 177 106 121  31  45  33 255 120 223  51 200 188 183 159
 220 152  17 152 241 198 207 253  50  68 234 194 135  51][ 69  15  71   5 176  10 110 183 105 232 122 237 211  96 145  50  54 228
 124 174 237 152 197  78 172  62 165 132 108 242 218  17][224 176 148 184 232 173 164 143 170  59 176 125 180 210  72  91 193   3
 110  16  51  79 202  81 156 146 127 254 152  64 131  35][248 117 123  96  32 111  85  87  97  12 173  24  19  23   0  48   8 148
  69 106  72 167 112   2 243 233  32  56  99 147 198  98][141  76 231 223 180 150 239 180 116 195  82 214 241 228 177 228 119 110
  50 239 225 156  61  47  44 110 175 128 175 244 241 252][ 45 160 229  99 173  95 208 185  67 113  39   8 211 125  92 174 145  20
 248  60 158 112 255 149  79 219  69 117 230 142 214 102][ 16 207  15 139 214 130 174 231  44   1 202  66 229 130  40  64 120 174
  42 236  83 153   5 125 180  36 138  64  61  10 185 136][ 52 239 108  11 157  27 198 232  87  36 237 141  67  72  30  16  88 204
 194 103 124  58  77  61  56   4 133 117 117 191 222 196][ 72 187 208  97 233 141 116  23  43 169 188 108 158 147  64 150 135 255
 207  16  83 120 208  64 207 221  53  50 202 130 203  59][103  37 225   5 228  46 239 154 114 239  27  28 209 108 223  58  61 206
 124 191 185 240 253  10  12  46 229 228 165 247 210 116][  9 183 109 241 244 159 237 255 127 123  95 246 153 191 252  96 127  10
  55 157 243 248 127 215 238 223 191 228 191 200 241 249][ 21 128 204 191  18  42  75 152  54 117  71 151 215 106  26  89 115 204
  57 255 190 212 221  31 204 231 235  69 188 167  24  82][ 70  50 191  18 232 253 184 211 187 255  53  61 140 190  79  63 143  19
 119  21 150  71 186 224  79  90  95 255 192  65 135 215][168 190 253 119 240 239 119 255 127 174 246 120 251 245 132  49 191 254
 125  10 224 252 235  63 239 255 117 144 192 240 199 249][228 247  93 107 248  13  71 184  58  58 185 108 215 119  73  17  23 212
 108 106  99 100 219  55 173 142 101 124  88 243 194  49][252  36 236  55 201 120  85 138 179 182 167 153 194 125  79  27  73 212
 232  34  44 102 255  34 215 243  81  55 225 113  94 194][232 190 255 127 248 239 125 191 187  63 246 188 255 247 192  17  55 254
 125   8 250 222 235 127 255 251 117 192 226 224 198 251][ 21 172  27 251 144 231  35 203  54   1 203  80 247 211  40  64  57  63
  42 152  59 185  25  63 233 166  54  64 232   0 161 162][248 233 156 240 137 205  85 199 163 183 164  24 183 183  66  27 137 211
 105  16  90 107 210  33 219 195  84 121 224  80 206  42][109 124 191  68  45 255 147 210 220 234 214  44 150 180 163 175 200 116
 254 107 141 251 241  40 211 127 101  18 202 125  90 127][237 100 212 101 160  43  70 152 115 170 163 104 211 113 201 191  17 196
 108 122 105 244 205  10 164 218 101  52 234 243  66  32][120 160 184 248   9 205  81  75 151  53 164  25  23 159  64  27 137 153
 237  16  26 107 210  17 219 195  81 127 240   8  70  42][104  48  88 100  96 110  67  83  32 173 110   8  19  23 192  52  48 156
  68   8   8 178 241   0  85 173  48  32  98 130  70 163][144  20  31 247 160 238 101  55 116 186  99  80 247  55   0 105 145  62
 124   8 105 252 209  46 197 163 118  64 192  64 133  42][ 90 180  52 186 187 253  16 199 191  95 140  57 174 223  74 126 135  19
 253  16  30  73 186 215 219 215  30 123 146   4 143 127][ 51 175  10  24 217 157 190 231 222  97 248 203 174 236  54 160 252 191
 202   1 214  43 198 255  59  87  31 123  81  14 171 140][220  32 148  52 169 104  16 138 186 191 163  57 199 179  73 155 131  87
 236  16  40  69 203   0 152 243 113  63 128 113   7   3][229  52 189 101 224 110  99 152 120 250  47  88 214  53  73  58 149  84
 100 122 161 244 249  10 205 159 101  20 200 251  67  49][  6 185  50 171 178 195 187 194 119   5  88 167 141 219  42  68 123 187
 135 209  26 184  12 245 204  20  10 199 255 135  39 194][219 151 102  70  51 156 122  48 105  77 255 231 105 110 158 244  54 135
 221 239 149 137  61 239  50 125 136 194  47 134 106  85][  0 188 147 113  83 239  49 199 126   1 104   8 190 183   0  48 163  59
  82  16  19 184  16 127 237 158  16  66 192   0   7 171][ 53  85 121  69 116  15  79  56 113 234 255 104 211  53 157  52  92 212
  84 110 233 178 101  14 103 174  33 148 101 251  82 113][121 252  49  62 105 205  87 252 171 106 168   9 255 215  65 180 132 249
 125  66  75  67 250  57 241 221   1  58 114  55   7 107][137 141 124  93 178 155 239 183 116  54 238  16 241  51 150  39  43 102
 106  40 112 248 101  63 110 234 117  64 103 208 196 172][118  48 173 160 139 100  28  11 139 251 138 127  20 190  69  90 133 215
 125 145 157  75 147 192 217  22 253 254 136 112 183  83][  2 190 118  81 176 170  45 115 172 142 122 229 159 167 132  20 167  55
 109  12 144 153  33  78 140 254  58 128 192 224 167 121][209 135  77 175 190  90 206 173  64 226 155 231 243 104 158  99  91 198
 124 231 253 193 205  15 176 111 239 148  45 250 216  12][ 40 173 252  93 210 243 103 127 118 167 110  48  97  35 130  52 123  62
  66 152 114 248 109  63 108 207 181  69 227 192 230 168][216 205 214 246 195  82 116 231  49 147 230  18 111  51  74 223  99 223
 176 144 124 219 147 226 187 239  86   3 163 112 174 138][244 253 201  44 218  98  87 239  48 224 168 141  83 238  73  17 249 223
  77 227 120  75 220  42 248 164  37  60 233 114 230  90][ 45 221  18  94 213 157 246 244 127  64 108  68 122 248  37 180 248 106
   2  74 199 186  26 255  39 220   4  10  91  91 234 142][244 107 169  44 200  64 142 141 162 240 136 233 209 236 217  82  88 199
 105 231 221   3 207  32 240  32 175 188 133 115 150  80][ 75  81 110  76  34  18 185  16 236  64  71 164 217 215 183 230 118  52
 251 237 197 145 183 204  70 105 170 136  38 167  57 117][ 48  87 122  76 114 139 183 116 101   4 126 230  49 135 165  84 126 184
   2 104 194 186  36 109 118 172  32 128 119 154 102 185][ 42 239  96 153 252 219 206 238  23 229 220 171 163 172 150 132  89 234
 131 197  78  58 101 191  46  84 157 249  87 220 222 204][ 69  88 135 149 172  62 100 190 251 250 198 100 223 114 145 255  35 228
 124  47 173 213 255  72 134 254 119 148 138 241  27  61][ 44 167  96  43 252 155 146 188  94 101 121 237 227 104 206  16  95  74
 198 117 254  58  77  55 108  20  37 244  85 142 214 197][236  88 149 100  40  78  71 152  33 170 166  72 211  23  65 127  64 244
 108 106  73  70 243  40 241 186 101  24  98 241  70 112][144 149 143  45 150 111 132 111 116 195 203  87  67  44  56  64 121 142
  42 161 189 248  85  15 249 230 223  65 233 104 244  90][ 69  48 189  81 165 111  97  27 122 250  34  88 150  49  65  59 145  28
 120  56 177 116 241  16  77 154  85 118 200  32  67  35][ 62 179 114 236  95 151 155 121   7 136 249 110  88 221  52  52 252 185
 215 241 219 163 104 223  59  76 169 254 127  46 118 247][ 13 111  83  65 250  59  58 216 127 160 190 200 207 231 205 180  62 217
  78 254 129 179  13 126 190 220  39 188 198 243   3 165][128 156 187 219 246 193 191 231  30   7  88  51 180 254  36  64 255 123
   3 145 118 190  58 127 109  38 190  72 144  72 165 203][ 97 117 125  68 172  15 205 127  73 248 188  72 211  57 213  55 158 196
  94  40 201  99 229 136 243 217 101 188  71 250  82 225][  0  56 217 113  98 200  57  23  46  13 118 160 189 151 192  56 166  59
 102  24  19 216 227  65 204 157  50 192 224 128   7 249][ 25   6  14 173  21  47  73 119  20  44 198  23  67  40  50  65 248 164
 109 173 172 189  85  30 241 231 217  81  97  12  56  74][248 239  76 185  89 207  94 188  53 194 228  25 127  83   2  81  80 236
 221 110 110 204  83  63 255 235   5  89  50 148  74  74][124 141  22 237 223  79 103 236  70 164 238  10 114 113  33  69 120 230
 106 106 104 187  91  61 125 166   5   8 115  59 240 170][ 96 189  57 101 176  79 119 183 126 172 126  72 183  51   1  48 145 126
  76  40 200 248 241  30 239 159  37  52  64 240 198  43][ 70 171 104 138  58 153 155 104 142 132 157 175 172 206 214   0 134  57
 207  87 198   3 238 253 216  21  43 251  20 142   7 221][205 204 213 119 137  46 237 190 188 178 167  84 223 115  13 127 129  68
 124  46  97 228  91  46 205 251  87  20 202 241 203  32][102 190 176  90 251 189 158 234 219 155  56 104 238 250 237  52 151 123
 254   2 230 107 138 255  58 222  13 187 208 112 139  15][ 75 168 168 179 157 189 184 146 222  95  13  29 188 204  82  10 133  43
 123  29 150  77 250 243 207  29 155 120 144  77  25 194][ 91  32 134 184  11 253  88  75 171  87 128 153 175 206  66 218 199 167
 253 149  30  79 210 209 155 241 154 123 162   4  47  86][100 245 145 106 205 109  71 156  83  17 169   8 242 113  72  52 153 218
  96  90  91  34 251  51 109 156   5 124 210  91 194  42][ 81 205  95 103   2  78  71 180 100 224 234   8 119 115   0 115  48 230
 108 106  73 153 241  45 241 171 101  16  32 178  64  40][ 77 126 203 229  90 106 111 156  63 236  90 196 217 227 219 210 115 237
 127 254 131 208 159 106 180 172 167 132 174 243  99 113][ 33 173   4  65 149  15  70 191 102 176  42   8 211  33  80 180 153  70
  72 126 248 120  89  63  45 158   5 116  66 170 218   8][211  82 239 181  34  98 121  16  57 250 215 247  93  63 147 123 182 245
 125 167 161 213 161 200 210 123 251 128  45 245  39 113][162 180 148 218 205 237 176 207 159  23 160  25 172 255 108 143 201  27
 251  17  50 111 218 211 141  18  94 127 144  76 133 250][210 172 150 222 203 240 180 103 191  23 232  51  44 190  36 215 227  59
 235 128 118  79 130 247  59  54  94 203  18  68 175 143][208 142  94 181  42 138 125  55 188 150 198 177 183 163 130  83 103 103
 125  12 124 205 195  47 206 231 122 128  36 128   9   8][ 77  83 147 101  36  14  98  48 105 232  51  76 222 114 136 246 182 100
 124 110 193 176 145  76 132 252  99  20  74 162  67  37][ 53  84 125  71  52  14 111  48 125 232 123  96 211  53 157  52  62 220
  52 106 201 176 109  14  37 190  33 132 109 187  82  53][151  82 107  74  82 146 123 216 117  69  87 247  89 207 190 100 126 140
  23 255 191 148  45 238 114 109 160 196 175 151 240 245][ 69  59 193   1 240  31 106  23  59 233 122  77 159 162 199 150 183 110
 102  28 149 218 241  64  62 156  37 164 202 226 203 221][127 111 106   4 181  26  94 239  65 196 188 175 107 104 151 151  90 230
 196 239 204 171 228 142  58 125 133 185 103 254 126  76][ 82 181  57 250 187 253  16 239 191  29 168  25 174 255  78 112 167 147
 253  16  30  75 186 215 219 213  30 123 146   4 135  95][144 203  83 143  87 194 238 229  44   4 226  70 108  66  32 208 120 237
  78 226  73 159  17 127 180 164 142   1  57  18 169 136][ 71 115 249  67 226 126 191 152 107 234  61 236 220 126 205  62  23  93
  85 122 129 112 253  66 110  28  37 182 206 243 135 117][ 41 159  16  91 213 157 246 247  95  13 124  76 174 248  54 180 249 107
   2  13 230 186  90 255  47  94  22 106  91  94 235 143][174 180 176  26 235 237 151 203  26 251  53  61 236 255  74 157 151  91
 215  19  51 102 250 115  79  87 125 255 218 125 135 243][217 159  95  55 178 142  60  55  60  75 118 245 253  55  34  81  55  47
 181 196 245 156   1 111 238 235 118 128 106 132 171  91][ 42 239  96 153 252 249 238 239  31 101  92 169 163 172 150 132 217 170
 131  21 126 184 100 191  46  86 156 241  87 220 220 222][ 56  93 123 108 116 207 215 246  85 200 252  15  51 221  48  48 220 250
  23 107 233 186 112  63 243 205  36   0 121 187 246 251][ 83 105 106 142  18 148  75  96 237  68 197 130 125 198  55 116 112 169
  89 239 200 131  52  77 177  40 138   8  53  39  51 100][ 21 127  95  65 250  31 235 252 108 232 254 228 223  70 213 176  54 237
  78 254 129 241 189  94 190 205  39 164 237 179  75 189][  0 140  59 191 214 227 175 231  30   7  88  67 245 255  32  64 255 123
   3 129 114 152   8  63 109 166 190 200  20  74 181 235][199  26  23 133  34 170  63  18 172 202  82 229 157 166 163 105  38 101
 124  71 133 157 165  72 132  34 106 128  12 245  33  85][ 57 233  66  72  93 157  68 230 225   4 236  12  42 136  22 148 136 170
 194  76 206  43 118 189  51  89   4  59 123 156 218 140][233  91  21 103 165  14 103 181  97 234 118  76 254  49  17 183 148 100
 100 110 233 240 241  40 231 248 100   0 106 242  66  41][ 93  53 209 227 177 126 122  25 125 161 255  20 219  55  76 252  63 159
 220 184  27 176 249 194 207 253  18  68 170 195 203  48][ 93 132 204 165  22  42  74 184 116 227 203 193 215 104  26 112  83 196
 124 173 189 144  77  15 236  39 233  84 172 163  24   0][ 56  56 254 116  38 251  48  82 237 232 246  40  30 188 167  46 162 116
 254  16 141 249 160 136 210 255  97 131 238 173  92  63][129 173  30 145 212 139 225 231 220 180   2  26 132 168 113   3  41  34
  74  57 112 248   0  76 108   2  87 100 196   8  81 136][ 39 167 193  33 240  79 238 249  54 233  57 201 211 108 220 180  29 206
  87 253 187 208 237  30  44  14 173 244 229 231 210 244][ 44  78 221 167 228  43 199 154  80 174 122 205 211  97  89  26  27 228
 100 110 168 246 201  42 228 175 101  52 229 251  66 160][110 162 215  94 219  18  14 168  51 147  99 240 104 231 204 246 117 214
 160 162  50  87 175 231  63 118 213 207 131 231 174  36][ 74 222  39  60   9 132  60 119 183   7 226  69  44 175   0 213 196  59
 249 140 226  15 210 253 227 251 216  10  18   4 166 122][ 65  93  87  69  32  14 111 176 108 128 106  64 243  51 129 119  50 116
 124 106 225 176 177 108 164 186  98   0  72 179  99  41][229 120 243  84  65  78  99 144 241 162  38   8  18 151  69  63  32 252
  96  74 105 246 176 104  23 184  65  32  98 177  70  40][240 173  73  36 208 106  71 175  48 226 168 249 115 103   0  83  89 255
  69 165 120 218 205  46 248 163 173 116 105 112 214  24][128 143  94  93 176 138 109 183 245  30 118  16 243  35 150  81   3 102
 108  40 120 252  69  63 110 186 116   0  97 208 194   8][ 29  76 163 175 148 182 111 255 116 194  79  86 243 100 185 228 113 110
  56 175 233 148  61 239 169 238 159   0 174 246 241 124][121   2  46 175  29 143  67  53  53  37 207  13 227  33  18  64 216 164
 109  45 156 185  81  28 209 231 216  81  32  15 216  74][238 172 132  17 169 121  20 143 187 183 160 185 142 166  71 159 129  95
 233  16  54  77 202  98 143  82  93  63 194 116 142 158][  4 190 153 187 186 233   1 152  62  11  65 116 183 243 129 104 211 122
  14  16  19 220  91  51 204 164  63  72 152  67   7 169][103  45 225   5 244  42 239 154 114 235  26  72 211 100 221 190  25 206
 117  61 185 240 237  10  44  30 165 228 197 247 210 228][ 98 169 145  90 189 221  64 207 223  57 168   8 166 240 100 180 193  58
 234  16  27  43  90 191 185 214  21 123 216   8 218  62][253  89  29 238  13  15  79 120  21 168 231  78 215  23   9 113 220 212
 125 234 105 183  89  60 243 233 227  20  58 187  16  50][248 112 123 108 112 207  91  80  33  76 246   8  59 221  13  16 190 184
  77 106  73  39 240 207 211 249  32  24  99 131  70 115][121 252  57 242 105 157  86 252 251 251 164  76 191 211  72 176 133 223
 252  74 203  79 250  55 251 221  21 126  10  18 138  59][105  57 218  68 240 140 122  87  43 169 126  76 190 147 196 150 166 111
  70  28  17 250 144  64 190 253  53 224 202 128 139 153][  5 188 151 251 184 229  65 154  54   9 121 112 246 211 160 104 217  42
  46  24  27 250  91  51 141 166  51  72 216  67  33 161][  9 181 109 241 244 159 237 255  95 121  95 246 157 255 252  96 127  10
  55 157 243 248 127 215 238 207 191 228 191 200 241 249][ 67 251 189  31 232 141 189 191 190  93  16 245 172 236 206   2 135 123
 247  21 151  72 170 113  44  50 126 234 140   4 135 221][ 70  52 189  82 232 237 184  75 171 251  57 125 148 254  77  58 135  27
 119  17 150  67 186  64  77  26  91 238 192  65   7 215][ 77  87 213  71 178  26  63 188  41 232 127 228 223 119 137 246  54  85
 252 110 193 144 237  76  38 191 101 132 174 243 137  53][164 236 174  88 221 229 151 206 214 150 228  26 112 253 125  38 217 250
 115  88  42 103 250 127 121  30 135 127 209 121 118 226][229 255 221  99 168  15  71 184  50 186  57 108 215 119 201  19  23  84
 108 110 107 116 249  63 236 138 101 180  88 243 194  49][ 17 203   7 139 214 195 167 229  36  68 194 198 241 194 170  68 120 174
  42 236  83 155  53 125 180  36 174  64  57  10 165 248][239 106  64   0 101  27 234 208  81 248 176 207  11   8 215 191  56 204
 214 127 237 118 196 232  22  88 197 190 239 189  90 132][ 72 169 173 179 157 201 169 135 146 253   2 153 165 173  82  10 129  95
 249  17  90  88 250  49 205  87 191 245 132  12 151 250][ 45  53  97  75 213  31 199 248  85 164 233  76  83  65  29 180  88 200
  66 238 249 178 125  28  47 220 129 116  91 171 114 244][ 73 143   7  37 244  30 110  55 104 232 122  68 255  32 144 246 182 102
 124 108 241 184 165  78  36 255  36 128  74 230 211  41][ 98 174 144 222 122 141 158 238 155 179  32 232 108 250 108  16 183 123
 115   0  38  75 138 255  56 158  93  62 208  96  11 143][ 93  76 156 119 141  62  77 142 238 179 174  16 223 115  27 254 129  70
 108  14   9 101 251  34 201 255  87  20 202 113  73  32][252 103 196  69 137  27  70 168 113 166 174   8  67  97 203 151  17 196
 104 110 104 227 237  14 186 235  69  53  99 243  74   4][  2 174 215 158 218 224 188 103 190  23 106 243  44 238  36  80 231  59
 235 128 118 203 130 119  60  54  94 203 129  64 167 143][202  50 239 181 226 110 185  19  56 239  86 247 157  63  83 107 167 151
 253 149 177 220 177 194 207 103 250 130 164 100 135 123][120 165 188 112 141 109  85  15 227 183 172  24 150  55  64  59 129 150
 104  16  26 107 242   0 219 209  84 123 192  72 198  34][244 116 189 102 137 111  85 200  51 183 167  25  82 117  73  59 153 212
 105  34  40 103 251  18 211 235  85  63 193 123  70 114][  6 236  10 219  87 193 178 196 142   1 220  35 172 221 103   0 107 185
   3 208  14 187  26 247  47   4 138 107 213  26  45 170][136 254 253 119 240 239 111 191  63 191 126 124 255 117 128  49 159 255
 111  40  49 252 249  47 239 223 117 176 194 240 199 185][ 93 127 207 199  94  62 111 220  63 232 254 230  89 231 215 246 118 236
 126 254 129 209 189 202 254 237 167 132 175 246 107 249][183 115 115 232 127 151 219 120  23 236 244 111 120 221 181  48 254 185
 215 247 171 163  96 221  51  93 169 254 127 139 114 243][120 204  92 125   9 207  93  62 165 118 166  12 115   3   2  83  73 164
 233 110  72 141  83  61 243 235  80  17 122 146  78 122][129  49 189 245 236  14 245 119  73 250 181  88 182  57 212  43 140  22
 126   8 201 121 241 200 199 152 118 176  64 104 211 169][104 189  49 101 113 143 119  55 125 168 106  12 254  51   0  16 148  62
  76  40  64 184 241  30 229 253  37   0  74  18 198  43][ 66 178 185 209 242 237 185  23  59 127  54 253 156  63 196  60 135  31
 255  17 179 124 224 210  79  22  60 246 206  12 135 251][ 92  24 218 116  34 106  83   2  49 166 102  41  87 183  67  90  35 244
 109  82   8 215 129  34 211 231  97  21 160 241   6  67][248 121 121  98 160 109  87  85  97  14 189  24  19  29   1  26   8 146
  69  74  88  39 240  32 211 201  32  57  97 211 198  98][ 10 159 122  37  50 138  58  55  44  13 126 229 253  39 130  80  54  63
 159  52 150 152   5 109 238 231  42 193 172 130 143 217][ 45  54 251 247 246 100 249  91  63 255 127 246 157 255 223 106 127 223
  55 156 179 250 239 194  95 239 247 228 167 233 231 241][ 68 255 157  62 153 206   5 191 178 191  46 108 230 242  74 211 145 118
 236  16 107  72 250  63 169 183 117 127 136 112 142  27][ 47 102 234 141 114  50  47 120  52 238  87 247  65  38 159 236 127 204
 151 175 168 150 237 202  84  46 251 132 167 247  50 245][126 242 140 188 169  55  25 222  63 181 142 157 206 238  79 219 255 213
 255 149 140  67 251 240 217 243 223 255 146 117 175  83][ 53  28 121  71  52 190 239  48 125 234 127  64 211  52 149  52  94 252
  54  74 201 188 125  46  37 190  32 128 109 251  66  53][ 42 173  32  25 245 217 164 231  31 117  92 185 170 172 190 132 153  10
 131  21 118 184 102 183  46  87  28 233 214 204 222 222][ 92  55 218 224 242 170 122  81  51 165  63 171  79 207 202  16  55 157
 133 176  22 144 136  66 218 197  33 229 164 195  15 131][184  93  63 236  52 207  87 246 132 200 252   8  55 125  33  48 216 242
  95 107 105 171  80  47 243 205  36  16 120  59  82 187][223 144 254 117 131 126  56 163 185 215   6 151  77  62   6 255  39 215
 249 133 181 221 181 198  95 123  94  67 175 228 173  86][ 89 197  87  79  16  78 103  61 100   8 234  64 115  51 136 119  48 196
 108 234 105 185  33  45 245 170  96   0  42 178 224  40][249 252  28 126 105 157  86 252 235 122 164  12 255 219  11  51 133 241
 220  74 239 103 250  63 243 217 101  58  74 242  74 155][ 82  31 123 175  50 106  63  55  61 200  90 228 253 102 129 112  54 247
  93 227 225 144  37  76 164  38  46 130  44 242  39 121][253  78  74 103 116  10 106  48 113 162 119 204 211   1 147  17  50 236
  68 110 232 244 141  14 230 233  33 128 109 163  90   0][151  70 111  75 114   2 235 216 117  82 211 215  81  76 191 105 127 204
  23 255 239 150  45 254  98  42 171 196  61 179 112 245][249 109   2 173  13  70 231  98 100 226 202  11 178 176  19  99 248 228
  74 227 108 167 209  14 245  36 139  25   9  60  59 138][  5   6 237  71 100  42 237  48 108 182 127 224 211  32 157 111  11  68
 102  46 128 244 101  12  68  58  97 132  69 251  82 160][162 172 191 216 205 237 149 207 222 150 164  24 182 252 101  47 201  58
 122  25  99 111 250 243  29  26  93 122 208 104  86 174][ 67 251   5 155 122 141 185 188 174 125  16 237 172 142 198   6 134  99
 127  85 215  72 238 117  44  16  62 234  28 134 131 221][194 247 184  26 170 240  21 143 234  95 158  53 172 190 206  90 135  71
 236  17 214  75 231 115 122  53 126 255 152  80 165  95][174 190 176  17 235 251 150 222  27 255  60 249 142 189 195 156 143  95
 215  19  51 126 234  51  14  87 125 255 210 117 143 243][ 84 190 174 182 159 203 147 188 158 253 151  15 230 237  90   3 179 103
 109  21  34 105 187  63 249  71 125 115 164  46  21 123][ 42 141  96 155 245 217 230 231  31  69  92 179 163 172  54 196 201  42
 147  21 118 184 102 255  46  86 158 233  86 140 220 222][120 220  56 108   9 205  87 175  36 102 174   8 179  23   2 112 201 180
 104  10  73  47 123  55 227 239  84  57  88  50 198 122][ 58 189  59 248 251 253  85 239 159  93 236  57  46 255  98  16 239 155
 135  16 126  11  50 247 251 213  28 123 178  72 166  91][ 85 124 137  39 172  47  71 152 102 234 139  76 211  81 217  26  16 228
 124 126 137  97 217  40 224 140  37  52 232 243  82  32][128 120 185 245  36 205 181  23 126 235 114  24 182 159  64  42 165  59
 123  17 195 252 243  98 197 143 118  32 192  88 197  43][ 40 186 168  25  93 221 145 152 215 125 180  45 162 220 198  61 204 186
 199  21 159 106 122  21  79  87  49 251 211  12  94 255][149 119 111 229 178  31 238 124 124 232 122 230 247  14 145 113 118 237
  94 254 229 176 117  78 254 201  39 128 109 178 107 185][194 168 172 146 205 237 144 135 154  51 128  25 164 184  84  11 129  99
 123  17  54  77 218 241  13  18 220 123 144  72 151  14][184 116 123 108 116 111 123  80 121  78 247  88  27  31   5  48 254 184
  86 234 233 182  48 142 215 249  32  32  99 137  70 243][ 16 205  31 175 146 199  79 189  20 132 202 194 247 103  32  64 118 126
  13 234 121 153  41  63 225 167 175 128  48 186 165 104][ 67  48 249 243 242 100  57  23  58 219  87 247 157  63  80 106 167  31
 127 145 147 220 243 194 207  47 254 192 172 128 163 251][ 88 151  31 235 176 238  67  57  52 193 207 100 215 103 168 112  84  86
 108 120  57 153 121  31 233 167  37  84  40 130 164  49][110 180 180 242 173 125  80 154  27 191 161  24 142  61  78  31 137 147
 253  16  58 102 219 144 159 219  81 127 210  77  70   6][225  75  31  71 228  30 102 181 105 170 126  76 242  33 149  51 132 102
 100 110 193 248 225  40  39 184 100   0  72 250 202  45][ 58 148 232 108  83 114 215 107  17  71 236 191 107 109  22  16 121 222
 145 161 108 187 117 143 123 239 149  23 247 236 118 254][188  93 121  98 192 109  87 214  49   6 236  24  19  23   1  57  40 154
  69 106 120 190 113  34 243 205  48  16 225 209 198 234][145 223   3 143  87 198  38 228  36  64 250 199  96  66  32 212 120 236
  10 226  77 151  21 127 180  36 170   0  57  50 161 152][190 113 106 122 221 217 214 200 139  86 181 155  75 204 127  27 249 209
 211 115 174  39  62 176 115  81 141 127 247  63 254 214][ 81 219   3 139  92 135  39 253 228  72 194  70 241 214 168 100 120 172
  42 238 219 155  45  61  53  36 166  64  56  26 244 252][ 51 175  10 168 216 153 186 231 126   1 216 143 167 168  54   0 248  43
 194  21 158  59 198  63 184 101 158 123 213  14 187 142][125 181 120  99 149  63  82  89 117  97 255  28  91  57  30 176 253 141
 204  60 189 178 121 134 255 221   1  84 235 143 234  22][138 207 199 159 211 144 173 239  62  23  74 247 173 230 162 196 119  11
 163 133 114 216   7 127  44  38 190 128 183 212 165 248][ 61  48 216  99 149  62  90  88 117 225 239  28 219  59  79 248 124 220
  20 250 157 178 121 130 207 221 129  68 235 235 106 178][106 174 132  18 169 249  52 143 187 191 168  25 174 172  70 158 129 119
 233  17  54  77 202  98 143  86  93 123 194  84 143  94][ 45  54 255 245 244 232 233  91  63 223 127 246 157 255 221 106 127 255
  55 156 179 248 231 194  94 239 255 228 167 233 231 241][198 237  26 218 153 209  30 196 171 146 132 136 232 194 231 247 197 251
 250 210 110  71 202 243 187  17 143  59 146 115  47  12][237 119 157 103 168  15  71 184  54 250  39 108 215 119 201  51  23  84
 124 110 233  84 249  62 237 207 101 180 120 243   2  49][253  73  30 238  13  95  87 120  69 234 231   8  83 211  41 251 216 244
 124 106  73 183 121  24 243 235 225  52  58 187  90  34][ 66 192  46 124   9 148  88 103 175  17 228  17 172 143  52  84 196  51
 249 140  74  15 146 213 211 251  90  27  82   0 171  10][ 97 206 223 127  96  46 103 183 248 142 122  69 243  99   1  83 181 102
 108  46 224 252 139  47 100 175 117   0  64 240  64   9][165  53  45 111  29  31 194 184  68 232 225  76 211  92  29 161 216 196
  74 110 237 162 121  28 163 217 129  20  89  43  90 180][ 23 140 139 159 148 246 110 251 119 195 203   0 243 242  58 108 113 110
  58 143 157 145  61 127 139  46 159   0 168 242 176  36][ 82 181  59 250 187 237  89 207 191  29 168  25 174 255 108  80 167 155
 255  16  26  75 186 215 219 213  30 127 144  64 135 107][253  81  46 174  60 139  83  32 245  37 199  61 119 241  42  80 216 132
 125 103  60 133  81  63 240 231  96  83  36  15 208  66][ 47 237  65  33 240  11 234 237  54 224  90 201 211 104 208 164  27 204
  87 253 223 216  77  30  44  78 173 244 239 174 218 148][ 77 112 223  69  96 110 101  16 121 170 102 104 215 115 193  63  54 116
 100  42 161 244 161   8  69 186 101   4 202 241  67  33][  7 113 249  71 242  94 239 152 121 234  63 236 217 126 221  62  22  93
  85 255 193 240 253 106  44  28  45 164 205 243   3 245][105 125  17 103 241  15 119  53 105 168 106  76 254  51  65 148 182 118
  76 106  65 248 241 126 175 252   5  50  74  50  66  59][  9 181 109 241 244 159 237 255  95 121  94 246 157 255 252  96 127  11
  55 157 243 248 111 215 238 207 191 228 191 136 241 249][194 168 188  91 141 233 176 135 255  23   0  24 172 248  76  43 129 115
 233  17  54 109 138 113  15  18  84 123 208  64 143  14][248 160  55 122   9 213  80  72 163  17 161  25  59 223 104 155 201 179
 217 144  14 103 218 177 211 217 145 127 243   4 102   2][249 185  83   5 119 155 102  99 251 168 106 104  46 176   4 148 162  44
 226  10  68 185 144  63  54  28  69  51  75  44  75 143][224 165 185  96 136 109  85  47  98  63 173  24 150  51  72  58 129  22
 104  24  58 107 243   2 203 143  84 127 192  72 198  34][ 89  21 151 182 177  14 127  49 248 137 203  68 254 243   8 242 180 119
 124  44 209 201 145  74 249 247 110 128  10  98 163  35][254 227 190 184 201  55  89 220 187 189 164 153  79 239  79  27 221 221
 255 209 142  67 235 240 219 241 223 127 130 117 166 122][124   7 218 102 240  46 111 158  57  15 111  29  95  99 155  80 183 206
 101  46  56 176 153  47 230 255  37   4 202 243 226  32][  9 171  83   1 112 156 104 119 125 200 114  64 188 146 132 180 190  45
  86  28 199 184 132  77  60 252  54 192  66 132  99 173][108  48 180 227 173 125  80 152  75 191 181  25 206  29  73  27 137 209
 253  18  30  98 251 144 207 219  81 127 210  79  70  82][109  32 255  69  96 126  97  16 121 170 102  72 211  49 197  63  50 116
 100  56   1 244 177   8  71 251 117   4 194 241  70 160][151  68 109  99  44  34 235 152 108 250 147 215  81  77 157 107 127 197
 127 255 169 197  77 122  68  42 235 132 189 243 112  49][177 205   3 142  88   6  38 237  52   2 234 226 112 226 160 240 120 236
  10 230 109 159  69 127 176  38 142   8  57  58 168 140][ 62 255  97   7 242  91 183 237  45 228  90 239  71 108 159 148  54  94
 199 103 197 176  45  60  60  68  37 149 111 191 158 213][195 251  73 131 106 137 171 148 174  89  18 228 189 134 210 102  38  89
 127 207 195   8 238 117  44  16  42 232  12 146   1 125][ 88 165  59 248 243 233  17 231  58  29 104  25 191 247 104  80 179 187
 197  17  58  26 154  87 249 197  62 107 144  64 167 235][ 43 233  66  33 244 155 234 103  63 160 114 232 211 200 208 164  58 236
  86 125 205 248 197  62 174  92 173 224 111 140  90 140][184  93  31 238  61 207  87 246 165   8 238   8 255 119  33  49 200 242
  95 106 105 171  80  63 243 239  36  17 112 187 102  42][190 125 110 122 207 125 151 216 129 222 188  43  91 253 123  27 221 241
 215 243 218  35  58 186 115 201 237 191 247 127 118 211][  7 119 225  71 114  30 238 184 105 232 123 236 217 124 221 182  62 205
  84 239 197 240 253 232  46  92 167 132 111 183  67 245][196 255  56  62  72 213  31 234 254 158 172  13 165 250 103 115 197 123
 202 210 230  71 254  59 233 147 175  57  24 113  47  94][212  71  62 174 158 107  23 168 116  38 135  59  71 121  11  89  54 197
 237  99 124 231  77  31 242 227  65  85  36  57 156  66][ 41 179 177  65 120 221 145  24  75 125  60 237 186  29 198  52 142  24
 213  85 143  32 227 145  78  89  33 250  94 142  86 247][ 93 220 149 115 179  94  54 183 121  91  98 124 158  55   0 185 163  91
  20  18 181 252  89  98 175 223 116  66 202 113 203  59][ 97 183  27  71 112  15 118 117 105 168 126  76 126 115  12 180 180  78
  70 110 209 248 145 111  63 189  37   2  72 130 202 169][184 207  68 167 150  10   6 173  84 162 218 226 115  97 128 133 120 230
  76 234 120 249  77  46 240 166 165  20 109 250 184   8][173 119  36 109  61  15 198 184  70 232 173  76 211  88  25  33 220  68
  92 111 237 160  89  28 229 217  33  52  90  63  88   0][ 41  12 121  71 116 191 239  50 117 234 126  72 243  48 151  52  94 238
  22 206 201 184 117 110 101 175  48   0 111 219  82 236][249 213  93 111  34  74  71 188  49 108 230 104 115 119 136  83 118 212
 108 110 105 146 233  45 243 235  97  16  34 178 230 121][114  20   7 190  93 167  68 103 147  14 233  29 102 241  32 213 216 162
 225   5 120 171 210 159 177 246 216  26  80 108 246 110][253  73  90 238 108  95  87 240 225 234 231   8  83 243  35 115 216 228
 126 106  73 183 248  40 247 233 101  25 114 251  74 162][ 42 189 160 153 245 249 176 231  31 117 124 185 172 172 126 132 137  26
 147  17  54 248 114 247  47  86  30 107 214  76 223 222][ 73  29 211 125 226  46 103  55 112 138 122 100 247 243 129  80  50 111
  36  12  65 184 145  14 228 175 119   0 232 240 227  41][ 45  97   1 106 108  77  67 152 227 216 165  12 211  81  89  63 216 136
  84 126  75  34 250  16 199 153  33  60  90 171  82 240][193 183 185   1 168 100  21 159 122 127 155 253 212  46 206  91 215  87
 109 181 246  74 255  83 236  22 127 254 152 208 133  83][ 61  96 248 103 116 126  79  88 113 238 253   8  83  81  91  58  88 204
  22 254 137 246 249   8 119 237 165   4 235 251  98 226][212 183  62 182  14  71  23 232 214 246 143 159 127 237  90   3 181 245
 233  99 108 101  59  63 249 199  77  93  32  43  53  82][193 205  11  75 220 143  39 237  68   0 206  64 242 209 160 100  88  40
  42 110  73 155  73  63 124  44 167  72  16 138 240 168][ 61  33 232  99 213 127  83  88  85 228 253   8  83  93  27  56 216 204
  69 126 152 178 121  10 219 205  33  85 227 171 114 242][144 205  47 175 150  66  79 252   4   4 218 131 247 103  32  65 120 228
  29 239 104 137   9  63 241 227 175 144  52 187 180 106][ 95 183  64 161 242  51 122  89  59 105  27 239  15  14 218 144  54 143
 149 181 159 154 141 214 190 197 175 228 175 134 171  17][ 13 141 163 158 149 230  70 139 118  67 202   0 243 240  61 112 209 234
  26 141  31 137 222  63 233  46 151   8 152 114 240  34][193 117  17  67 163 124  55  23 105 234  59 120 158  22 196 182 166  87
  92  10 177  60 177  98 165 152  48   2  72  83 131  53][ 25 149 109 241 246 143 233 255 127 121  94 246 157 223 248  96 127  10
  55 157 243 248 111 215 238 223 191 228 191 136 241 185][ 50 189 123 248 243 225  85 239  31  29 124  59  63 191  98  16 255 155
 151  16 122  26  50 151 251 197  52 107 241  72 166 251][ 95  17 174 116   1  86 121  16 161 221 215  37  88 191 182 239 228 245
 253 253 157 195 179 192  83 123 126 199 171  38  41 119][ 77 119  23 101 176  14 102  53 104 168 123 100 215  51 136 244  22  68
  76 110 241 176  65  14 172 252  37  84  74 242 194  33][139 199 142 159 152 146 172 255  54  31  70 215 233 230 186 197 125  11
 171 140 114 220 103 119  44 103 254 193  51 212 173 252][ 42 175   2 186 217 129 147 231  31   5  88 139 174 201  34  16 217 171
 131  21  30  58 194 255 252  20  26 107 243  14 183 202][184  52 123 232 103 111 121  82  57 102 244  26  31  23  33  57 254 157
 151  42  41 183  48 206 211 253  50  35  99  65 103 243][236 174 235  87 192  46 111 159 115   7 110 144  83 103 153  29 121 222
  34 136  50 244 249  99 111 174 213   4 227 241 198 224][249 252  56 126  41 205  87 254 246 238 172   9 247 251   3  48 145 225
 124  74 110 103 251  59 243 207 101  57  96 240  74  74][145  71  95 231  50  15 110  52 124 232 115 194 247   3 145  97  54 237
 126 238 225 180  69  78 244 171 103 128 108 178  33 169][ 74  50 208  24  43 217  16   3 191  85  38 189  14 134 198 222 134  25
 236  16   6  75 166 209 154 209  16 251 230 132  15  95][146 207 238 118 178  34 158 167  52 134 218 247  97 110 183  81 247 247
  37 225 236 223   5  47 250 231 255 129 229 112 173  89][207 255 236 180 234  80  31 189 171 254  28 173 221 238 223  59 135  69
 253 119 231  67 190 240 250  89 237 191  14 245 143  87][ 78 244 249 179 242 236 187 148  58  91  81 245 253 223  88 106  39  91
  55 151 179  92 250 227 207  23 190 232 140 211 167 243][ 13  48 251 245 228 168 233  91  63 211 127 246 157 255 209 106 127 191
  55 156 147 248 231 194 222 255 243 224 167 200 231 241][ 28  76  19 254  23 231  35  96 148   0 203   2 125 211  33 193 248 177
 139 226  40 131  24 222 177 231 138   8  50  59  37  42][228 164 185  99 184 109  81  11 122  63  45  24 214  53  72  58 145  30
  72  56  58 103 249  18 201 159  21 126 192  72 198  34][174 180 247  87 193 123 229 223 115 115 123  88  88 245 157 191  89 222
 226 152  51 246 251 226  31  62 213  98 203 125 230 180][217 112 120  64  75 253  49  80 169 108  61 157  31 151  70  54  38 153
 221 132 199   5 180  82  83  73  32 170 107 135  15 247][108  77 251 108 236  79  87 244 192 206 238   8 115 241  35 114  88 236
 114 106  73 179 240  40 119 173 101  24 114 251  70 226][226 168 148 184 201 228 144 207 155 191 160  25  38 178 100 159 201  51
 232  17  62  79 210 211 153  18  95 127 208  76 175  14][ 60  97 251 107  92 111  83 216  83 228 253   8  83 221  27  56  88 236
  87 122   8 178 249  40 103 205  37  21 227 251  86 226][153 207  94 205  54 155 103 245 116  32 126 226 115 209 160 229 114  44
 174 106  97 184   5  31 116 233  38   0 119 186 248 169][198 245 233 240 236  68 253 191 187 250  16 237 221 255 221 123 183 223
  63 245 227  69 190 208 239  27 239 172 140 244 151 115][  2 188 168 153 245 249 176 199  31 117 124 185 172 156 126   4 139  27
 147  17  54 120 114 247  15  22  30 107 214  12 221 222][ 72  34 255 101 112  74  97  19 121 175  54 104 155  55 197  59 162  28
 100  56   1 252 161  72  79 251 117 128 194 160  71 225][184 124 191  60 137 229  21 127 246 198 132  29 247 239  99  25 217 121
  73  33 104  71 250  26 233 211 207  61  24 112  38  90][ 97 164 153 184  77 237 192  75 206 115 104   8 182 240  96  98 201  42
 114  25   7  42 210 147 157 150  27 123 208  72  83 174][ 61 231  72  35 252  31 206 252  82 234 185 236  83 104 155 176  93 204
  68 254 205  50  77  62 108 143 165 244 125 187 218 129][212 244 171 164 137 101  87 248 146 230 135  27  87 247  74  19 181 213
 121  99 104  71 187  31 249 167  77  61  32 121 181 114][  1 227   3  17 116 159 232 119 125 137 114  64 191 128 148 180 186  47
  70  13 199 184   5  79  36 124  50 192  74 128 235 173][ 56 189  58 249 211 203  85 231  30   5 236  51  63 191  32  80 255 187
 151 129  90 155  16 191 251 199  62 107 177  88 165 235][244  68  44 189 138 111  87 170 116 246 199  31  87  45  27  89  49 197
 105 163 120 215 121  30 243 227  69  21 161 121 148  66][197 221  87  71  32  14 102 180 104 168  50 108 215  51 137 119 182  84
 108 106 225 240  57 108 164 184 101   4  72 179  67  57][236 112 184  97 173 127  83 152  67 191 181  24 219  29  73 186 153 212
 253 122 138 102 249 178 207 221   5  61 194 251  86  50][173  68  21 237  44  47  67 184  84 186 241  68 211  17 153 235  89 204
  20 106 169 244  73  28 196 235  97  52 122 187  82 160][120  82 245 109  98  74 101  56  49 142 114 232 247 119 137  83  54 212
 108  42 104 212 229   9 198 235  97 128  38 176  70 113][ 41 233  66  17 116 155 232 103 119 160  82 234 163 200 214 164  24 172
  86 157 206 248 197 158 174  94 133  97 111 140  90 140][205  73 157 242 137 108  69 151 225  26 167  24 246  51  65 123 193 246
 120  74  89  76 251  34 197 186  84  72 130  81 196  42][123 173 128  30 157 246  70 175  83 205 204  13 235  96  18 148 217 226
 232 156  62 203 251 191 171 255 149  91 138  84 254  78][ 49  76 233  71 116 191 239 182 117  97 126  66 115  56 157  52 120 238
  22  77 203 184 101  47  36 174 176   0 103 219 208 172][212  68  78 173  44  10  79  56  36 134 214 163 247  99  11  83 114 196
 125 238 104 197  65  12 240 227 227 148  36 179  48  96][ 93 127 211  68 178  74 103 188  97 232 254 236  87 113 129 183  54 244
 108 106 233 243 165  42 240 172  37 148 238 243 194  49][ 23 183  65 161 242  19 106 249  33 105  27 239  13  14 220 148  54 141
  21 247 223 154  13 252 188 204 175 228  45 134 138  85][ 41 169 128  63 157 181  66 143  86   1 204   0 242 241  48 244 216 234
  18 157  27 154  90  63 173 253 132  72 154  76 248 136][ 96 160 149 248 109 237 144  75 203  59 161  24 190 156  68  59 137 145
 234  17  15 111 250 209 153 146  81 127 208   8   7  46][ 25 148 109 249 118 155 233 127  95 121  94 246 185  15 188  96 127 142
  55 141 211 184 101 215 206 239 186 196  63 136 241 185][ 23 107 106   5 114  27 239 184 109 236 126 239  79  76 151  20  54 237
  87 111 196 176  45 110 116  44  37 132 111 183   3 245][ 71 123 107 101 112  30 238 184 105 232 122 196 217  76 157 176  54 237
  84 239 197 176 189 108  38 109 175 132 109 183  75 213][ 88 173  26 248 147 233  87 231 186  13 172  57 191 247  98  80 179 187
 205  16 122  11 128  23 251 199  62 123 176  64 175 107][ 56 205  62 254 188 207  87 246 197  12 254   8 119 119  35 113 234 242
 110 104 104 171 115  63 243 239 100  17 114 248 230  43][  1 167  26  65 112  15 115 254 125   8 126  72  94  50 132  48 180 143
  70 108 245 186  33  95 127 188  32  68  72 128 227 133][ 34 157  32 153 221 221 176 231  31  85  92 147 172 188  38  64 205  59
 179 145  54 184 114 247  47  22 158 235 151  12 149 222][ 81  31 211 101  50  66 111  55 113 200 122 224 119  51 129 112  54 255
  36 232 153 152 133  14 240 230  38 128 172 242 163  57][ 79 115  59 108  40  84  91  24 225 204 215  36 217 223 222 114 214  85
 125 254 201   3 179 192 211 249 170 136   6 167 118 113][ 45 111  36  39  61  31  71 184  79 172 190  76 211   9  19 164 156  68
  78 111 200 176 105  60 231 221  37  52  82 191  90  33][188 223 248 254 188   5 223 252 146 142 188  43 115 125 123  18 221 243
 213  99 232 103 122 171 123 207 229 189 247 251  86 123][ 50  50 121  97 123 205 185  16 171 125  61 173 158 157  86  48 166  25
 213  81 130  48 242 209  71  89  32 242  99 142  71 243][ 29 166 218 227 182 182 107  22 117  13 255 114 219  35 138 252 119 142
  46 156 191 216 237 226 206 239 178 192 163 195 232 161][248 236 184 126  61 205  87 254 247 174 164   8 127 251   3  16 153 234
 125  74 106  39 250  59 243 207  53  57  98 248  70 106][ 56  20 123 232 163 127 117  83  61  70 247  26  31  63  39 253 255 159
 151 170  56 179  49 206 211 255  18   3 227 213 230 243][ 41 189 136  59 221 253  65 159  22  93  76   5 163 227  74 212 201  10
 234  28  31  10 251  51 239 245 148 121 154  76  94 218][ 19  91  99   5 114 154 239 244  45 236  90 231 105  12 151  68  54 237
  23 239 193 176  37 204  52  44  37 128 111 182  83 253][ 17  89 107 101 116  14 238 180  96 232 122  68  81   8 149  32  62 237
  21 239 197 176 181  76 100  45 175 132 109 179  83 216][ 60 105 251 111 188  79  87 208 196 172 253   8 211 221  49  58  88 252
  71 122  72 179 121  40 227 205  37  16 227 251  86 226][ 34 152  32 155  85 237 176 231  31  93  80  19 172 156  38  68 205  59
 147  17  54 184 114 247  15  22 154 235  20  12 149 223][  9 144 121 249 118 171 233  87  95 113  86 246 189 159 244 104 111  11
  55 157 147 188 101 215  78 223 186 196 191 136 161 249][ 88 191  30 248 185 207  85 247 183  29 172  41 175 247  34  16 229 179
 205 144 122  11   0  63 251 199  62 123 176  64 175  75][212  66 220 231  36  42  95  16  32 170 135   1 215  35   3  91  54 197
 125 238 104 197 193   8 210 235 230 144  44 243  33  97][  1  34  82  65 118 159 232 119 109   9 122  64 172 130 180 164 186  41
   6  13 199 184   5 205  36  28  50 192  78 130 107 141][ 41 183 165  59 185 253  80 159  23 125  76  21 170 247  74 244 217  74
 244  20 159  88 251 183 239 215 148 127 154  68 222 223][104  77 123 124 236  77 119 246 224 142 252   8  51 247  33  48  72 254
  70  74  64 171 226  41 119 239 100  57 113 250 198 234][120 205 126 254 218 205  87 247 229  13 254   8 119  55  35 112 234 242
 111  72  64  43  34  61 243 175 116  25 114 152 230 107][237   6 148  79 173  62  70  25 117 251 167  92 210 113 156 255  81 132
 108  46 189 244  89 130 134 254 193  20 202 235 216  36][ 49 129 249  73  86  27 239 237 118  33 126   2 115  49 156 112 123 142
   2 168 218 184 109  23 103 175  54  68 117 138 224 168][205  21 149 225 165  46 109  25 123 187  27  84 223 115  88 239 149  68
 125  60 185 240 217 130 205 251 231  84 138 224 209  33][ 61 207  64   5 244  11 207 252  65 236  62 238  67 105 215   4  94 236
  70 111 220 176 109  62  44  14 165 180 111 191 210 197][189  78 216 243 244 186 111 148  87  55 247  18 219  67 219 120 123 206
  46 222  62 244 237 162 222 239 182  64 167 217 232 224][  9 239  51 101 116  15 239 246 124  40 122  72 159  33 144 176 188  12
  70 108 192 186  97  15 109 255  33  68  66 136  99 169][236 116 184  97 189 127  87 152  83 186 180   8 219  29  73  59 153 220
 221 122 170 118 249 178 239 217   5  53 194 251  86  50][152 199  94  77  22  90 117 119 116  70 110 130  99 225 162 241 114 172
 170  40 108 184  37  31 118 235  96   1 119 188 124 200][ 72 176 144 178 169 253  17 135 171 127 132  29 142 182  74 159 129  19
 236  17  22  77 243 144 207 209  92 127 130  68 143  91][201 192 111 165  36  14 109  59 236 234  86  68 215  44 146  99 246  68
 125  47 237 181 181  14 196 251 235 132  44 160  81 113][106 184 180 216 237 221 152 223 139 125 180  61 172 156  70 174 143  51
 255  17 150 111 242 241  31  91  92 251 214  12 143 223][202  57 185 244 236  68 189 127  59 250  16  95 188 191  80  43 167 127
 119  13 225  95 178 194  95  91 255 174  14 228 151 251][106 168 146 152 137 253  16 207 159  21 132  24 174 210 102 158 129  58
 234  16  30  75 154 177 155  81  17 123 146  12 142  14][ 50  43  34 200  85 209 210  97   7 132 236 139  32 140 102 132 248 184
 131 193  78  59 114 189  27  68 137  43 115  14 124 206][120 181  61  97 138  77  85 191  34  61 172  56  23  55  72  27 129  22
 237  16 122 104 251  21 235 195 117 125 224 192 198 123][ 49 103 105  69  52  91  79 188 119 236 190 204 227  97 147   4  24 108
  76 110 201 176 105  62 170 221  37 181  66 186  94 109][146  15  71 197 150 162 110 102  21 130 218 226  32  35 161 197 104 230
 143 200  40 155  65 238 176 166 202 131 180 121  52  40][139 160 251 241 246 168 249  83  63 217 119 210 157 143 208 104 111 159
  55 157 147 252 226 194 206 221 186 224 165 136 227 241][154 119  49  65  83 237 249  87 173 108  61  94  30 157  84  52 166 153
 223  29 131  37  48 210  87  24  40 242  67 205   7 243][ 60   1 242 226 147  91  86  65 117   1 247   2  79  63  45 125 250 159
 151 242  24 178 113 168 211 255  82  19 227 211 238 162][ 88  77 196  13  26  26  70 174 116 164 202 128 227  98 129 212 114 238
  40 106 108 216  69  46 168 166  69   1  50 176 232  12][ 96 233  57 105  12  77  81 142  66  52 164   8 146  17  65  18 137  16
  64 120  74  98 251  17 205 137   5 125  80  24  70  42][188  69 110 238 204 103  95 120   5 142 245  11  91  95  41  57  88 240
 215  98 104 163 120 156 243 203 225 149 115 251 246 242][182 126 254 238  94  71 214 252 145 234 184 107 119 125  41  18 189 245
  85  99 104 103   8 174 251 199 237 191 125 123  18 155][  9 144 127 249 118 171 233  87 127  65  86 246 189  11 180 104 127 143
  55 157 179 188 101 215 198 239 186 192 191 136  97 249][104 159  62 250 248 137 117 247 166  13 236  41  47 247  34  80 166 179
 239   0  90  11  10  61 251 199  52  89  48 130 166  75][ 24 136  46 124  69 214 113 119 244  68 230  22 179 135  50  97 104 168
 170 140 236 187  54  29 195 239 242   9 115 136 108 218][213  86 220 229  36  46  95  16  32 202 158  37 215  51 203  91 246 213
 125 110  40 197 193   8 210 235 226 144 172 243   0  33][ 41 175  57 105 116 223 233  55 120 105 124 108 183   1 144 176 136  46
  70  28 209 184 229  15 108 255  48 192  74 128 199 249][ 44 116 189  97 237 127  87 152  83 186  52   8 223  29  73  59 153 220
 213 122 136 114 249 152 207 223 101  53 194 251  86 179][ 49 129 125 105  20  15 226  41 118  33 226  64 243   9  28  96 120 140
  74  40  42 184  69  29 237 237  34   4 117 136  80 168][196  55 189  97 176 110  17  19  50 255  46  60 151  55  65  58 135  23
 109  56  49 220 241   2 207 199 117 244 192 224 135 115][164 238 254 241 180 250 125 135 247  23 246  17 131 195 219  90  91 238
  46 156  46 244 229 130 238 255 183  69 166 248 236 224][130 152  48 155 125 237 176 207  31  89  80  19 172 158 100 200 205  59
 179  17  50  60  82 247  13  22 154 227 144  12 149 223][ 79  50 184 161 169 124  89  25  43 255  23 189 223  55 202 190 135  23
 253  20 151  64 249 128 207 217 117 247 138 196 143 119][ 17 227  82   9 118 147 234 119 109   9 122 230  45 130 180 228 126 169
   6 141 215 184   5 221  52  44  34 192 111 134 105 141][ 25  74  94 223  70 182 123  80 124   5  71 150 253   3 178 105 102  46
  58 202 160 156  53 237 199 235 218   1  54 131  41 168][ 56 147  30 250 185 197  89 115 135  29 253  33  63 255  42  80 205 187
 143 144  26  11  26 213 251 199 184 217  50  10 172  91][ 60 105 251 109  60 203  87 240 229 168 254  40 115 213   1  16 216 244
  76 106  72 161  97  40 243 205  37  17  99 251  70  43][129  73  99 229 116 206 239 244 116 200  82  70  49  29 145  32 124 236
  22 239 225 184  53 110 101  40 162 128 109 176 114 248][ 19 109 106  30 211 208 190 231 253 197 254 167  40 234 182 196 110 251
 131 209 230 187 132 239  58  37 158 139 239  84 171 222][245  77  86  69  34  14 102  48 104 170 123 100 211 114 129 247  50 100
 108 110 237 208 141  14 164 170 101 132  42 243  72   5][135  36 123  80 228 127 237  91 121 194 117  88 153  61 157 189  31 155
  87 172 185 246 117 206   3  94 208 164 198 240 243 180][ 33 239 105 101  52  91  79 190  87 236 190 172 243  44 150  52  24 204
  92 108 201 184 101  30 238 222 165 180  68 184  86 124][ 49 219 106   5 118  27 239 244  65 232 126 238 115  40 151  36  62 236
  70 110 197 176 101  44 102  12  37 132 111 186  82 221][101  53 145  65 245  79  64  31 106 232  42  72 146  17  65 182 145  28
  64  56  17 112 241  26  45 156   5 118 200 104  66 168][ 60  81 124 238 236  79  87 248   4 164 253  10  83 125  41  48  88 240
 119 106  72 163 123  44 115 175 229  21 113 251 100 178][ 10 188 191 177 147 253 181  23 159 231  94 159 188 189  98 140 205  59
 219  17  51 220 112 206 239  87  30  51 130  76 141 251][ 84 139  29 126 137   4  79 184  39  28 169  13 243 103   8  82 213 211
 109 206  90  67 251  53 203 251 196  88  16 131 166 122][ 43 185 112  88 125 221 240 239  79  93  56  11  42 156 118 180 141  11
 151  21 215  42  98 245  63  92  16 235  87 140 222 223][ 60  17 254 239 213  95  82 216 101 129 255   2  91 249  41 114 120 220
  55 122  24 178 121 160 219 233  36   5 243 187 228 130][ 93 109  82  37  48  10 102 160 100 164 234  32 195  99 129 212 114 236
 104 106  76 144 197  44 164 228   7   1  34 179  74   0][244   5  28 175 156 111  67 104  84  36 235   8 211  99  41 209  88 206
  74 106  41 179  89  62 253 231 167  21  88 123 232   0][ 32 237 120  79  88 205  71 190  51  44 236   8 179  39   4  20  24 218
  69  72  74  58 243  63 101 140  20  56  97 144 198 170][222 211 173 167  47  86  29 156 131 254 159 231 205  13  75  75 230 213
 253 199 201  69 251 160 211 241 239 150  46 127 148  83]