[199 189 113 242 184 141  94 189 169  26 185 249 254 255 236 115 135 243
  93 102 242  11 138 255 186 158  15 254  20 242 131  31][168 143  35  53 228 204 229  55 104 236 122  73 171  45 144 147 136  46
  39  13 241 184 224  12 101 249 116 128  71 252 214 233][118  57 144 190   9 225  82  75 131 188 169  41 174 254  65  90 200 243
 255 130  10  75 218 249 147 247 139  59 144 103  38  18][ 66 159  22 190  57 245  20 230 175  93 248  13 174 242  38 212 197 243
 238  65  78  11 202 247 177 244  26  27  82  84 175  79][ 84  99  19 108  26   3  71 200  34 164 227   8  87 211  73  80  48 220
 104  98  72 131 137  28 241 132  37  60  32  51  38  34][248  96 114 120  45 205  80  73 235  20 165  24  47 155  72  25 136 153
 205  16  74 103 210 145 211 217  16  59  98   0  78  10][201 153 124 127 167 220 127 182 238  88  70   0 189  63  18  98  38 119
 253 200 208  24 241 253 231 235 114 193  54 148 135 123][ 80  14 223 191  54 162  42  34 172 131 202 226 253 227 161  66  98 247
 127 128   0 221 131 239 148 166 250 128 164  99  33   9][ 32 237 121  73 116 203 231 252 116  36 124  40  51   1 180  52  26 168
   6 104 195 186 100  63 102 140  36  96 119 154 214 232][  1 184 187  95 233 220 241 215 255  91 127  64 188 251  76  60 165 126
 114  24 147 120 186 113  79 255  86 106 202   2 195 187][ 33 232 115  91  84 215 227 112  85   5 117   2  50 200 180  52  88  56
   2  88 227 190 116  31  37 140   0  64 115 138 102 164][ 80 188 218   3 178 234  50 194  46 161  74 160 157 146 193  80  55  63
 204  16  22 152 132 118 140 133  50 227 164 195  15  13][ 92 233  27 190  25 205  83 224 171   4 169   9 239 215  97  16 128 241
 237  66  74  11 218  61 241 213  11  59  16  35   7  34][193  56 151  93  41 206  97  27 238 242 162  88 214 146 192 255   1  36
 104   8 129 101 241  80 133 186  81  48  74  32  67  36][ 43 117 186  76 201  61  94 223 123 166 236  12 170 240  87 188 220 234
 210 110 204  34 242 251 179 221  21  59 218 252 202 140][141 144  50 154 183 149 176 219 222  91  81  86 156 216  62 236 181  11
  18  17 183 173  26 247  11  95  26  78 218   4 169 135][ 86  53 219 224 178 234 123  19  63   1 122 168 159 215  65 112 183 191
 253 144  18 145 128 198 219 253  58 198 162 195  35  51][ 11 224 226  83 116 152 232  85 109  73 118 134 171 140 158 180 122 138
  22 220 151 184 165 229   6 125 146 192 207 134 219 212][237 184 213  85 201  30  97 186 242 242  34  92  90 113 209 191   1 100
 104  56 161 244 251  12  13 250  69 116 202 228  82  32][ 35 134 226   9 244 187 234  87 111  65 127 199  40   8 158 196 123 138
 150 157 151 184  69 223  62  60 146 192 255 206 248 204][ 66 180 150 186 139 241  52  71 191  19 128  57 172 246 104 219 163  51
 234 145  54  75 146 211 153 246  94 123 144  68 175  31][120 239  86 110   9  24  86 166 161 156 172  40 111 243   0 151 160 246
 236  98  72  75 130  45 243 241  68  59  98 242  78  11][ 34 115 120  88 104 157 144  76 202 240 112 169 182 220 215  57 142  57
 211  71 198  98 194  17  70  25   1 186  93 159  91 211][130 144 146 155  53 175 184   3  30   9  83  18 172 158  32  72 205  59
 147 145  50 156  81 247  13  22 154 194 144   8 145 155][205 120 255 229 164  94 105 178 233 252 246  96 159  23 145 123 134 212
 124 124 233 216 225 140 207 251 231 196 130 177  70 113][252 105 214 116 201  91  84  64 243 170 160   8  43 209  69 191 168 252
 236  66 108 103 138  40 147 217  69  59  99  57  78   6][242  48  11 156  79  67 176  72 151 162 193 155   6 158  97  73 120 157
 107 163  44 199 211 210 149  34 219  63  25  41  62 146][  9 238 151  81 112 142 226 182 126  11 114  68 254 192 128 177 149 110
  70  78 227 252 145 111  44 190  54  64  72  16  75 169][132  12  14 158 132 163  46 226 148   2  91  18  96 234  57  73 121 106
  34 131  48 164  10 255  32  38 218   0 148 123 176 128][215  96 131 140  27 102 139  64 172 192 195  18 209 198  61 126 112 165
 124 253  45 135 181 202 145  56 138  30   4  39  51 100][231 125 187 254 232  45 182 204 168 154 184 105 190 253 109  19 142 115
  95 103 195 103 138 105  53  24 111 186  88 123   3 171][188  78  74 190  84 131  79 112  20   0 244 198  51 193 177  81  88 232
   6 234 106 174   8  63 242 233 160   8  61 185 112 168][  3 119  97  69 114  26 171  48 125 236 122 228 201  36 148  52  62 204
   6 238 161 176 101  78  36  62  35 128 111 182  99 245][201  89 179  53 229 156 189  55 248 206  66  69 188 184  22  51 132 111
  49  13 228 248 178 104 229 121  94   0  74 116 147 239][221  28 239 109 147 114  87  63 117 198 238   2 123 119 151 245 113 254
 188 168 253 216 117 142 235 239 197   1 163 244 252 110][253 125 234  70 178  30  94 252  33 232 188 236 123 119 145 182  22 254
 221 110 233   3 252  42 242 125  37 184 110 247 138  57][112  16 159 101  40  78  65  23 228 184 166   8 215  55   1 123 192 148
 108   8  73 236 243  12 193 235 112  16  96 160  70  42][ 56 172  54  58  45 253  82 230 239  31 188   9  46 185  50  24 137 163
 239  67  14  43 106 181 211 219  80  59  82  77  78  75][253 112 156 165 108  15  86 184  51 186  32  72 223  83  73  59 149 220
 117 122 233  86 217  24 239 203 101  60  40 179  66 162][248 252  60 120 169 221  80 246 235  31 164  24  46 154  70 145 133 187
 204  16 254 111 242 181 251 219  20 123  82   4 207 203][  2 180  50 138 215 229 178  79  14   5  89  51 108 222  46   0 251  27
 147 145  22 184  26 223  41   4  26  75 213  78 165 199][222 110 102 178 203 224 190  64 173 150 151 163  13 207  99  11 174 253
 239 215  68 199 138 192 210  65 139 171  39 119  47 210][ 11  49 107  77 114 159 187 113 237 232 119 228 152 156 150 180 182  45
  87 109 197 176  52 220   6  29  42 128  79 134  75 213][227 221 113 126 248  15  94 253 185  74 185 105 126 255  44  55 151 243
  93  98 236  47  10 255 187 254 101 190  80 242 135  95][161 107 106   5 228  31 236 115 124 174 114 207 163 136 150   1  60 172
  70  15 252 188 100  10 102   8  36 160 101 188 218 205][ 57 165 121  97 244 159  67  57 117  33 127  72  91  41 152  52  58 142
  21  60 185 184 113 159 238 221  33 100 103 138 210 161][188 182  46  57 155 255  81 251  23 254 246  55 107 253  10 129 125 186
 199  48  58 220 115 159 251 199  37 199 243  76  60 219][124 112 188 102  45  12  87 152 233 186 183   8 223 123  73  59 132 212
 108 106 200 103 251  40 243 249 101  60  98 243  66  35][ 76  56 155  65  40 109  33 154 174 168 174 104 150 183 193  58 133  52
 110  24   1  33 243  64  79 189  37  60 192 226  71  57][128 249  26 177 238 201 180 231 138 122 112  59 140 152  98  11 170  59
 163  67  86 120 138 241  84   0 127 239  93  44 143 131][207  96 231  69 108  50 234  24 125 242 215 214 200  76 223 239 127 204
 126 255 165 244 237 194  22  58 203 132 207 247 123 244][210 182 164 149 250  32 184 235 190 243 147 183 204 238  90  75  55  95
 255 181 178  77 143 215 156  50 223 238 132 100 165  81][ 75  97 118 204 107  22 122 125 175 192 198 131 221 223 188 114 118 189
 255 236 196 131 166 220 247 121 139 152  38 166  35  89][120 105 114  69  81 223  71 112 113 164 238   8 107   1   7 180  56 236
 196 106  76 187 244 174 243 221   0  17  99 191  78 206][  1 135  91 239 180 170 107  55 116   9 123  64 243  35 152 112  82  14
  12  44 185 184 101  63 236 174 178 192  40 130 224  41][192 180 157 121 105 237 113  27  59  59  99  88 190 151  72  57 133  31
 124  24  51 124 243  85 205 251 112 110 200 192 195 179][  8 120  24 249 110 175 184  90 158 186 116  34 157 159  97  73 231  57
 223  16  66 119  67 208 198 209  59 174  54 216   1 155][231  62 244  83 173  61 240 154 251 251 183 124 202 248 223 191 131  68
 254  31 183 101 239 226 158  90  81 254 206 237  91  85][ 39 179  82  67 211 146 104 113  57   1 125 244   8 195 172 180 126 138
 130 152 151 154   4 213  62  28 128 199 235 134 234 149][ 32 245  56  66 189 207  85 253 107 169 189   8 214 253  76  48 157  30
  70  56  75  42 248  31 255 157   5 124  80 154 198 171][ 51 166 232 163  20 187 232  67  86  15 223 183 163   8 158   0 121 139
 135 149 190 184  69 143 206  69 186 129 229 206 252 204][ 93 145  45 161  58  31  25  57  36 108 151 165 215  23 154  96  86  21
 255  45 157 129 101  28 202 225  43 212  60 170  61 113][221 102 152 246 189  28  71 152 115 191 167  28 223 112  91 223 145 196
 108 126 254 103 249  34 249 255  37 124 138 251 200   0][ 45  85 108  73  84  31 231 248  86  98 117  14  80  57 159  33  24   8
  18 110 225 176 125  31 103  15  33  36 127 187  80 244][ 14 176  22 155 245 253 184  71 189  91  83  23 172 222  62 205 239  59
 155 145  55 248  82 245  15  82 218 195 158   4 173 215][215  54  83 161  51  42 104  67  57 226 227 253  15  14  73 153 183 141
  69 181  45 213 149 198 144 209  26 198 171 197  43  84][138 146  22 147 231 157 188 103  61  31  87  55 172  62  38 205 239  59
 187 129 182 156  19 245   7 118 218 195 158  12 173 223][246 133 108 254 219 211 158 105 159  68 221 171 109 222  46  33 251 249
 223 227 126   3 110 255 179 119 139 251  53  15 151 215][232 217  83  68  65  78  99 240  97 128 230   8  90 151  97 244 120 212
 246 106  73  43 177   0 127 249   0  76  98 162 102  58][  5 190  29  91 253 189 240 255 255 123  61  88 158 248 200 189 133  11
  94  24 183 120 106 119 143 223  55 110 218 193 203 133][178 165  83 168  81 129  74  99  37   0 104  10  47   3  32 213 232 171
   6 192 122  26  80 157 177 240 130 106  48 128  98 170][246 249 111  16 203  91 149 111 169 244 164 187   8  60  70  55 172 149
 249 241 117 111 182  76 123   0  77 127 101  52 150 246][ 79 224 196 161  60  18 104 153  39 241 151 197 217 194 218 214 126 140
 127 221 159  83 207 208 222 121 175 244 174 134 186  20][ 82 249  59  56  91 197 183 238 171  85 172  15  60 159 102  16 164 217
 243  65  67  11 178 113 115  69  13  63  89  20 167 250][162 174 172 184  45 233 144  75 158 247 144 187 174 236  82   9 201 171
 235   1  54 111 194 211 157  22  91  63 212  76  31 218][  2 148 114 153 211 241 176  71 108  71  90 179 140 154  38 192 239  59
 147 129  22 186   4 211  22  52  26 203 221  68 169 207][ 39 149 113 202 223 245 242 121  95  65 125  18 104 220 126 164 122 155
 146 176 151  34 126 215  31  28 130 111 247  14 232 230][210 181  31 184 203 227  52 111 191  23 232  50  44 183  32  81 233 191
 235 128 122 203 147 215 249 182 222  91 144  64 167  10][ 37 172 231  27 220 187 170 206 126 115 123  86 232 232 156 164 121 106
 114 157 183 252 111 247  46  30 159  64 221  95 249 140][231  46  42 154 125 189 162  65 206  47 155  29 230 200 114   9 201  35
  75  23 190  39  90 243 132  16  10 123  88  79  25  70][210 118  19 156  34 192  28 119 185  14 240 253 172 198 161  85 182 187
 206 162 225 135 128  79 176 180  46 138   8 112  39  29][237 124 181 114 169 125  82 218 251 251 181  92 222 217  77 191 143 213
 252  18 173 103 251 226 159 219  85 126 202 117  75 183][252 176 244 114 173  13 216 221 251 187 177  56 142 249  77  27 143 213
 236  16 186 103 218 128 155 219 117 254 194 120 195   3][111 177 241  86 233 125 159 216 203 253 189  40 248 252 207 190 143  87
 253  83 151  99 250 241  27  93  77 255 198 127 159 119][ 64  49  27 244  26 205  51  80 174 128 227 104 247 215  41 112 182  57
 123  66   1 129 154  29 209 133  35  24  40  35  39  51][ 53  72 105 229  52  14 107 144 100  72 247  64 147   1 145 112 122 200
  20 238 201 176 116  44 229 233 160 128 109 187  82  33][ 41 237 217 103 180 187 111 190 118 163 126  64 251  97 144 240 123 238
  70  56 155 184 233  63 238 239  37  68 238 250 202 169][253  66 246  24 188  54  91 200 255  78 244  55  74 200 191  92 243 192
  14 126 174  39  47 254 114 127  35 159 211 247 125  69][106 233 105  24  73 209 159 230 167 244 140 137  41 142  86  80 201 191
 251 193  78  91 254 245 127 119 159 123  55   4 190  94][150 124  62 190   9 205  93  97 191 138 165   8 252 255  33  19 176 115
 123   3  96 103  26 251 241 251  79  59  16 114  35  74][223 190 196 186 235 177  26 200 191  95 153 253 204 238 106 218 167 235
 255 151 182  71 142 243 154 119  75 255 158  71  47  87][ 61  85 120 103 244  94 111 184 113 230 255  44  91 121 159  52  62 204
  20 234 233 178 125 174 230 239  37   4 103 251  78 225][178 191  99 158 219 215 158 238 159  12 208 231 104 220  55 165 252 251
 147 241 254  11  62 255  59  22 143 155  87  13  62 223][217 146  44 189  40  92  89  31 164  95 150 181 183  23 138 123 196 148
 253   4 237 197 227  17 195 225 242 145  40 128  12 123][187 221  99  76  97 222 207 244 117  78 246 228 123 124 188 181 124 244
 214 238 249 190 117 191  55 122  96 194 127 150 246 253][130 144 190 154 101 253 176  67 191  95 113  21 172 158 102  73 199  59
 191  17  54 109  58 209   7  18  90 203 208  12 101 223][239  98 228  71 236  27 238 216 123 174 247 255  74 104 223 191  95 204
 230 127 164 246 205 234  62  30 229 181 239 191  90 197][142 180 179 155 245 253 184 195  63  95  81  55 140 222 126 237 255  27
 147 145 183 180 250 243  13 116 154 203 150  77 181 215][231 122 233 211 236 121 235  24 126 254 151 254 211 252 215 187  95 236
 127  95 171 246 239 226 140  91 239 172 140 249  86 245][118  68  75 139  76 107 107 232  13  36 235 139 198 206  57  80 120 221
 123 227  24 179 219 254 181 164 139 127  53  59 119 194][112 173 156 184 184 237  85 207 170  63 172  25 183 183  66  26 129 243
 237  16  26  75 210  51 249 199 126 121 144  80 143  74][  6 144 146 139 159 245 176 203 142   1  73  18 140 210 108 236 247  27
 138 145  23   9  26 211 137  20  26 111 152  78 173   7][237 197 110  79 252  26 111 189 165 112 247 198 219 103 158 115 126 230
 127 238 249 241 109 125 126 171 231 196 103 178 224 112][238 172 244 115 236  63 124 187 255 187 179  24 207 107 156  59 175 247
 110  16 184 239 235 198  31 251  87 214 195 225 227 133][ 96 188 145  88 219 237  33 207  59  61 168  88 190 179  64 156   1 155
  67  16  50 107 210  87  29 148  16 126 208  64 135 171][  9 157  59 125 245 238 245  55 109   9 110   0 190 191  36  48 164  58
  18   8 209 184  48  95 111 189  18  66  66  64 227 171][217 181  45 239 186 127  93 191  62 125 158 244 255 126 154 113  87 151
 253 173 255   8 127  31 239 239 254 213  52 194 141 121][126 253 112  82 253 221 214 232 139 252 188  11 106 221  95  52 157 249
 215 115 206  99 250 255 123  93 141 127 211  63  94 255][165 106 252  69 100  31 247 156 123 170 118  76  82   8 215  59 157 204
 102 110 229 244 253  74  70 155 101  36  73 249  74 197][ 72  49 153  69  56 237  97  19 238 168 170 104 190 151 193 178 132  52
 108  24   1  41 243  74  79 189  33  56 194 162  67  57][204 143  26 186 236 136 175 173 168  20  15  16 253 226 249 195  99  99
 106 222 115   9 142 227 108 177 175 108 140 243 169 160][252 113 188 102  45  78  87 152 233 186 191   8 223 123  73  59 132 212
 108 106 200  99 251  32 243 249 101  60  98 243  66  35][141 107 154 187 172 185 109 152 222 156  85  32 207 195 235 205 215 104
  46  94  70 244 106 176 198 217 101 236 154 251 137 133][ 54 165  96  74 223 109 207 105 107  36 169  11 107  76  28  16  58 129
  83 111 122  35 252  95  55  28   1  61 117 126 198 230][242 156 255  85  19 118  81  51 117 206 238  18  43  62  22 116 113 190
 253 160 189 252 245 142 219 255 208   3 227 228 116  95][240 123  86 126 107  24  84 100 169 152 168 109 111 226   5 215 162 247
 236  98  76  75 130  45 178 240  96 187 106 118 110  15][ 11  18 106 109  52 159 235  48 109  72  87  70 249 220 182 164  62 169
  87 239 197 180  52 220  71 121 170 128  79 134  91 229][ 10  57 150 243 175 237  60  87 143 185  92  34 172 159  97  75 206  59
 159  17  18 248  83 224 199 209 126 178 146 220 133 155][ 17 125 115  81 114 251 162 198 124 200 122  96  60  30 165 188 162 123
  22 216 165 184  53 110  53 140  50   2 225  17 103 173][189  76  79 252  76 162  75 114 212 194 117 214 115 195 177  89 120 232
  23 174 105 231  22  14 210 235 227   8  63 249 112 128][ 11  87 101  69 112  30 239  48 125 236 126 228 217  37 151  37  62  76
  23 238 225 176 101  78 100  62 163 128  79 167  83 245][242 185 144 190  57 197  86 203 155 184 160   8 174 254  65  16 201 251
 253 192  26  75 218 187 179 213 143  59 144  43   6  27][116 240 252 240 172  45 212 221 235 187 177  56 142 217  76  27 143 215
 125  17 154 103 202 208 155 219 117 254 192  72 195   3][ 35 134 226   9 244 187 234  87 111  65 127 199 136   8 158 228 123 170
  22 157 151 184  69 223  46  60 130 192 223 206 248 196][120 184  54  58 137 253  86 230 235  23 172  25 174 189  98  16 137 243
 205  65  14 107 186 181 219 215  80 123  82  85 207  79][ 47 225  98   9 228 152 238 245 237  68 254 135  11 140 190  36 122 136
  23 223 223 187  36 192  54 120 134 196 111 158 250 212][120  24 187 116  32 108  81  23 226 173 166  40 183 183  64  58 128 182
 108   8  24 104 226   0 211 229 112  25 224 160  70 107][  2 149  50 153 211 241 184  71  60   7 218 183 140 158  38  64 239  27
 139 145  54 187   4 215  20  52 154 195 149  68 173 207][219 127  58  14 234  38  63  86 172 202  78 229  61 135 161  82 102 127
 251 206 225 159 177 106 244 229  58 136  40 247  35 249][199 237 159 110 232   5 143 236 170  26 184 104 252 243  45 147 151  83
  95 103 224   3 138 127 240  30 111 190  88 114 163 169][ 37 199 101  67 252 135 239 248  86 249  61  82 208  73 252  37  93   8
  18 126 243 176 109 156 111  26 165 244 223 155 208 160][132  12 142 158 140 162 175 233 150  19  91  18  80 234  57  73  89 106
  51 163  48 244  11 255  40  38 239   4 148 123 176 128][  9  60  22  93  17 190  98 178 125  10 102  68 254 242   1 245 177 110
  64  14 161 248  16 111 133 255  67   2  74 101 107 173][211  36  43 129 130 104  41   7  56  99 135 146 156   2  90 121  99 143
  89 157  50 221 181  70 213  36 154 196 132  64 163 100][190  65 237  76 172  83  77 223  95 198 188 131  11 205 183 121 114 200
 175 103 207  99  55 216 114 121 197  29 119 252 244 126][ 61 117 104 103 213  95  95 184 113 224 255  10  91 125 159  52 122 204
 148 110 233 178 125 174 247 239  37  20 103 255  82 244][ 66 177 150 186 155 192  16  79 174  21 128  57 172 246  74 219 167  27
 234 145  22  75 130 209 153 247  94 123 144   4 175 159][236  42 167 228  48 106 107  18  61 174 242 233 159 135 145 218 130 229
 125 126  40 215 193 202 193 255 171 148 130 229  70  97][  6 144 146 155  53 173 186   0  30   9  83  18 236 222  40  72 213  59
 147  19  18 156  88 243  13  22 154 194 144  11 145 147][199 252  25 147 162 169 189 135  62  83  12 180 156  54 194  57 167  27
  94 157 179  76  98 115 172  22  94 234 156  81 131 253][ 39 231  33   1 189  31 142 232  79 248 155 206 202 108 221 164 153  64
  86 127 197 112 109 222  44  92 143 246  77  63  83 229][  9 184 187  91 245 157 243 215 127  73 127  68 190 217  76  48 181 122
  54  24 147 184 186 115  79 253  50 104 200   2 195 169][ 92 105  19 238  25 205  82 104 171   4 161   9 239 215  65  16 128 241
 236  66  74   3 138  61 241 241   9  59  32  35   7  34][127 227  72 160  56  19  74  88  39 228 181 141 139 131 210  84  94 140
 223 254 206   3 205 212 218 217 171 252  46 135 122  84][ 45 112 156 229 109  15 119 184  99 170  44  76 223  19  73  50 148 204
 124 106  73 246 217  24 231 219 101  52 106 243  74 162][167 252 240 217 125 183 250 202  95 127 244  31   8 152 119 172 221 201
 147 221 167  38 126 243  31  30 147 238 223 157 120 215][ 33 110 249  37 100  47 229  29 122 238 114  77 211   8 215  56 157 108
 102  47 228 244 237  10 101 175 117  36  73 248  67 201][122  97 114 204  95 151 218 105 169 128 229  10  91 203  52 116 122 189
  91 238  72   3 246 221 243 249 139  61  55 166 103 162][217 219  94 117 178 142  62  53 172  44 179 229 207  70 128 209  38  53
 236 238 240 157  13  93 168 227  47 196 108 130 163  17][ 98 223  16 186  57 189  16 190 143  93 184 125 174 254 142 212 199  19
 237   1 134  43 202 247 171 246  58 251  26  84 143  95][120  32  82  98  77 205  80  73 235  52 165   9 171 219  76 152 184 152
 204  34  74  99 218 145 211 217   1  59  99  10  78 130][ 95  50 177 145 170  60 188  87 187 251 157 255 156 254 207 174 167  95
 253 149 151  65 186 192 156  80 255 238 142 116 139 213][ 55 127  98  70 242  14  94 252 121 232 184 236 115 105 149  53  30 236
  85 238 237 163 204 110 178 188  37 176 111 243 202  29][ 56 117 106 110  93 223  87 125  99 108 253   9 107 221  14 180 216 186
 196 106 205 163 249 191 115 221   5  59  99 158 222 254][202 248 114 126  35 220 126 182 187  74  70  32 189 223  36 112 166 115
 253 194  98  13 178 255 227 249  94 139  38 148   7 123][200  90 190 245  36 222 125  55 233 222 118  48 191  23 147 251 166  55
 253  24 232 220 163 136 207 251 118 128   2 144  69 121][210 180 174 151 218  35 184  75 190 243 211 179 204 238  90  75 119 223
 255 181 178  93 143 211 156  34 223 230 132 100 161 209][253 120 188 114 173  60  84 220 251 250 180 124 222 248 207 191 143 213
 252  26 173 103 250 226 155 219 117 191 202 245  75  23][ 30 126 118  64 162  27 190  97  44 166  59 231  77 206 197 128  55 245
 229 179 208 209  45 204  58 199 111 199 101 167 167  97][199  32 230   5 172  58 232  72 125 242 215 150 201 204 223 239 127 205
 127 191 165 245 237 194  22 122 203 132 143 245 123  84][223 126 245  23  44  60 250 152 251 250 182 252 207 232 223 191 175 197
 252  31 165 101 239 226 150 219 119 190 206 253  75  85][208 189  31 252 155 227  52 111 191  19 232  50 172 179  32  83 233 191
 234 128 122 203 211  87 185 182 222 123 144  64 167 170][ 30  86 114  67 130 147 191 113 172 166 123 231  77 198 230 140  55  53
 143 182 208 149  44  70 154 199  47 199 229 167 165 117][143 144 176 154 147 151 176 217  95  89  85  86  28 218 110 236 245  27
 146 145 183  45  59 247  11  95  31  78 218   4 169 151][ 39 181  66  11 245 191 178  75  79 105 121  79 168 216 190 164 156  42
 146  21 151 184  28 221  46  28   1  99 223  78 218 149][152 249 146 185  39 201 181 199  30  63  84 179 172 147 226 141  34  59
 135  66  66 124   2 241 196 193 126 167  54  92 141 203][ 73  56 151  85  11 220  32   3 235 250 162  88 142 144 196 255   0  36
 104   8   1 109 179  64   5 250  81  18  74 132  67  36][186 182  37 177  19 255  80 123  23 239 214 183  42  61   2  21 253 189
 245 176 191 222 113 159 219 215  17 215 251 140  52 127][ 66  15 159 173 188 162  42  23 172 137 218 230 253 163 177  66 230  39
  63 157  17 153 131 237 180  54 170 192 140 226  49  25][169 251 117  67  35 219 167 164 108 112 114 224 249  20 156 165  46  88
 210 107 243 188 109 189  44 200  38 246  87 158 199 237][193 180 157 113 104 236 113  18 122 123 100  88 150 151  64 123 129  31
 112  24  51  92 178  83 205 187  80 108 200  64   3 179][ 82  47  91 224 178 162 122  83  61 129 250 224 157 151 160  80 182 191
  93 144  26 153 128 206 248 244 170 200 132 130 163   1][226 172 164 184  45 233 144  75 158 247 128 185 174 172  66  11 137  59
 235  17  62 111 195 211 157  22  91 123 212  76  31  90][185 149 123  97 246 191 123 115 117  33 126 114  31  25 176  52  63 184
  22  60 179 184  37 158 111 221  33  68 231 136 194 161][ 95  51 203 163 178  26  62  25  43 233 155 231 205 174 203 208  54 141
 253 244 149 144 141  66 186 229  47 196 173 166 139  85][230 110  40 186  45 173 211 194 223  63 145  29 166 200  95  25 201 235
 207  71 174 111 202 243 149  18  88  59 208  93  22  79][ 37 236 231  27 220 187 162 206  94 243 123  82 224 104 157 164 121 110
 122 157 183 244 111 255  44  14 159  68 221  95 241 132][166 113 224  82 203  93 183 200  27 246 117 159  72 220  95  45  29 216
 147 215 194 118 254 240  31  24 197 175  71 127  86 247][160  28  17 168 245 239 144 102 153 170 184  94 142  56  32 145 201 183
   6   0  57  47  80 222 157 150  82 118 217 104  11 131][  5 175  56 115 180 189 248 183 255 121  60  88 158 184 222  56 135  43
  78  29 151  56  42 119 238 158  55 100 216 211 203 133][ 42  82 103  91  49 223  89  80  23  77 119 253  91  29 190 172  30 152
 151  20 187 188 117 159   3  95  48 194 255 141  84 245][190 113  97 138  79 193 145  76 131  84 209 139  72 221 105 142 120 185
 243 243   9  39 250 208  81  16 136 127 119  31  54 242][ 79 190 134 186 251 177  26 200 191 127 153 255 204 238 239 220 231 233
 255 215 183  67 142 246 158 118 139 255 158 103  43  87][ 27 157  42 188 178 147  62 231 190  66 218 183 237 238  50 192 247 235
 159 133 252 153  21 255 250 103 191 195 188 116 169  95][230 172 244 115 237  47 252 251 255 187 179  24 206 235  92  27 239 231
 110 144 186 127 203 194 159 250  87 246 199 232 227 129][233  93  91  76 113 220  98 112 121 200 108  72 122 211 164 245  52 188
  22 106 225  58 176  77  55 185  32  40  91 130 106  41][234 234 104  92  75 217 147  74  27 230 164 185  42 220  70  20 143 249
 227  67  78  39 238  51  83  85  17  59  83  45  78 254][ 24 217  59 254  83 200  55 231 173   0 110  32  60 159  32  80 162 123
 131  64  64 153  18 109 243 225  22   3  96  16 167 186][ 80 116 159 190  43 205  20 109 191 138 217  32 254 243  41  83 178 115
 127   3  96  71 154 219 243 243 111  59  16 114  39  11][ 41 131 232 110 221  31 223 125  67 109 253  13  75 233  30 144 220 202
 198  44 156  34 250 145 119 221   5  61 243 254 206 198][ 57 245  56  98 125 207 215 125 111 233  61   8 254 253  76  48 153  26
  70  40 203  51 120  31 255 221   5 116  82  26 199 171][134 144 150 153 237 221 184 207 191  89  80  23 140 222 126  77 239  27
 187 149 183 124  18 241  15  18 222 207 158  12 173 215][138 210 150 155 101 156 184 133 191  29  83 119 172 222  46 204 239  59
 187 145 214 156  19 241  15 118 222 195 150  12 165 223][183 107 236   7 236  27 238 204 123 172 247 175  67  72 223  11 122 204
 230 231 204 243 237 232  62  90 229 181  69 191 222 196][142 106 170 186 100   1 184  72  30 207  81 179 173 204 255   8 254 105
 151 215  70 118 138 226  84  23 250 169 133 253  63 216][ 97 189  49  67 180 111 103 183 109 105  43  88 146  17 136 181   0   6
 126   8 179 248 241  54  37 188  16 112 202 218 194  45][166 237  80 138 252   9 238 236  31 176 249  10 108 232 125   1 251 203
  23 227 114  51  74 251  60  24 143 252  21 251 211 128][ 44 161 148  83 221 123 193   9 107 181 165  24 194  96  78 158  25 142
 232  16  30 112 249  16  15 214  81 119 195  78 222 198][ 41 112  48  40  93 173 240  88 207  73 117  13 190 216  63   8 152  41
  82  69 134  54  82 209  84  89   0  58  95  15  91 214][ 79 190 230 154 251 241 186 200 191 123 153 247 204 238 254 220 247 255
 255 215 183  67 142 246 158 119 235 255 158 103  43 215][ 92 104  26 110  25 201  82  64 163   0 169   8 239 211  97  16 144 185
 204  98  74   3 138  29 209 229  33  59  48  35   6  34][ 30  94  86 139  50 179  58 210 141 133  90 231 109  78 167 196 119 179
 142 181 166 153  13 254 186  84  15 195 190 207  45  85][ 47 165  98 200 244 155 234 247 109  64 252 143   9 140 182 100 122 136
  23 191 222 187 100 214  62 125 166 204 119 142 242 212][252 235  18 234  29 213  82 232 199  44 169   9 106 217 101 144 216 248
 207  66  10  35 202 191 219 213 131  59  18  11 126   2][205 175  26 184 236 216 175 191 234 214  12 148 237 227 251 231  35  98
 106 254 119  77 190 255 238 245 239 109  14 240 169 224][ 82 120 122 254  43 212  94 230 185 202 102   1  47 223  37 113 166 121
 253  67  64 193 178 233 243 255  10  11   2  53  39  95][170 234 224  19 109 153 184 204  27 127  80 191  40 204  94  12 171  11
 227  21 198 126 174 243  14  80 222 235 199  28 223 206][ 71 177 161 147 187 220 184 215 187 249  17 253 156 222  76 174 167  95
 253 149 151  73 186 208 141  84  31 254 142   4 135 255][ 90 111 242  86  98 224 187 214 181 142 222 162 105 255 231  44  62 251
 247 209 128 235 134 234 114  70 190 139 103 215  39  15][ 99 158  16 186  58 173  26 190 143  25 184 109 174 250 132  84 135  59
 127   5 134  11 202 247 168 244  58 250  24   4   3  31][158 222  94  96  98   2  59 240 180  46 118 181  29 135 162  17  38  61
 199 230 224 149   0  94 114 163  35 133  45 177  47 211][242 148 109 149  19 239  80  39  61 103 242 159  50  61   6  80 233 183
 255 129  56 157 113 223 159  54 152 211 101  12 212 126][223 124 253 119 172  62 252 156 251 250 182  28 223 236 223  59 175 229
 252 223 229 101 239 226 151 251 119 190 196 245  75  85][ 97  60  81  65 181  63  64   6 109 225 171  92 154  48 212 188 128 142
 108  56 157 250 245 228 143 254  16 118 202 204 218  44][205 239  26 172 232  49 173 255 170  54  60   8 253 227 235 151 151  71
  74  42  97  67 138  95 252 223 111 189  26 240 171 169][ 25 116 177  37  53  47 227  22 116 236 106  68 255  49  17 180 144 108
  68  45 129 176 113  10 229 223  39   4 202 118  67 235][ 65  52  17  69  48  93  98  19 120 169 237  72 190  19 196 180  22  60
  76  24 131  56 241  78 181 188  32  56  74 128  67  41][226 140 159 186 249 233  16 231 159  63 201 185 166 167  96  89 201 187
 239 144  58  79  66 247 157 182 222 123 144  72 181  26][125 125 253 100 172  78  87 144 233 170 182   8 223  59  65  51 140 244
  92 106 201  99 249  40 243 249 101  62  98 243  66  35][ 82 175  91 224 242 130 122 119  61 137 250 226  61 135 160  80 246 191
  95 184  57 139   0 238 248 188  46 200   4 130 163  41][  9 180 153 113 129 237 113  19 126 123 110  24 158 183  64  56 145  31
 120  24  19 252 243  19 205 191  16  96 200  64   3 179][134 132 143 159 156  34 175 233 150 147 211  82  81 226  57  75 121 110
  59 179  48 213  11 202  88 166 239 196 149 105  48 160][ 66 160 150 186  25 193  48 111 175  17 128  41 172 214 104  80 196  59
 235 145  22  75 194 213 157 240  90 123  16   4 167  14][ 88 144 187 116  32 204  81  23 163  29  46  40 191 183  64  90 134 183
 109   0  26  73 162   1 211 245 112  73 224 128 134 107][133 188 187 122 240 189 243 222 126  11 124  92 190 216 236 112 183  59
  22  24 147  62 186 115 127 221  55 110 216 131 227 169][166 109  26 155 236 161 190 196 140  16 217  10 204 202 121  72 254 107
  19 211  82  50  74 240  52  16 174 232  20  91 177 129][ 26 107 114  58 194 224  59 214 181 142 246 163  45 207 163  76 110 251
 135 209   4 143  38 234  88  70  62 137 231 215  37  93][231  36 230 145 236  58 232  74 127 243 215 151 201 172 215 107 111 205
 127 189 188 247 229 194 158 122 219 244 133 109 115  84][198 237  56 251 234 169  62 135 190  19   9 144 189 227 216 105  39  91
  91 158 114  76 142 115 238  30  62 232 148 209 129 168][124  32 114 106  77  93  82 120 227 172 189   8  75 221  73  20 152 152
 196  98   8  35 202 145 211 221   1  63  99 175  78 130][ 89 170  26  60   9 189  80   6 235 217 166  28 174 144  82 182 128 162
 236  13 142 111 150  49 154 249  17  59  74   4  75  13][ 83  27  87 175 182 130  42 119 172   1  90 230 117 163 160  96 102 111
  63 220 145 153   7 236 252 172 170 192 173 130 161  57][250 124  16 254  57 205  82  73 155 178 161  24 174 223  65  17 205 187
 221  18 122 111 218 191 179 209  21  59  82   8   6  27][194 189 151 190 219 225  20 111 190  51 232  48 172 183   0  83 201 191
 235 144  58  75 211 119 189 182  94 123 144  64 167  58][106 156 247 100  87 230 209  35 121 227 186  31  58  60  20 114 232 183
 253 129 185 171 209 206  93  46 146  19  77  64 118  58][141 107 158 217 172 185 111 216 207 222 124   4 207 195 251 111 147 104
  46 126  70 112  46 176 238 217  69  45 146 249 205 197][ 35 135  98   9 212 187 234  67 127  65 127 199 136 200 182 228 121  42
  18 157 151 184  68 223  46  60 130 192 223 206 248 196][109 115 217 101 172  15  87  56  97 238 190  76 211  35  75  18  28 196
 108 110 201 176 249   8 231 221  37  52  98 242  66  99][ 72 139  82  32 226 139 111  49  37  12 118 236 127   7 144  84  54 183
  38 238 208 156   5 127 124  38  32 192 103 130 163   9][100 177 156 240 172 141  89 223 170 185 176  40 151 155  68  26 135 151
 127  17  18 107 194  80 219 153 119 252 192   8 131   3][ 39 117 172 129 156  31 142 200  94 224 152  78 211  40 221 170 217  65
  90 243 221 112  93 136  44  30 143  52 205 123  89 132][ 73  56 190 240  45 253 121 150 235 255  54   8 159 191  71 186 133 119
 253  24 142 105 178 240 207 219 115 187 194  68  79 123][  5 161 185  51 180 173 111 159 127 233  58  72 183 106 223  56 147  74
  76  29 151 184 239  50 236 222  55 100 200 211 195 140][160 104 122  95  76 197 167  80  94   6 100   2 176 211 167 108  88 122
   2  74 226 188 114 251  69  62 146  40  19 153 116 168][ 98 249 125  80  75 221 149 255 235 124 180  40  56  28  70  55 143 177
 211  32 195 106 254 213  63  26  81 255  83   4 198 255][194  58 189 240  40 237  57  23 187 187 176 120 190 191 196  59 135  23
 125  16  51  79 195  64 221 146 122 250 192  64 135  59][ 91 143  34 188 179 146 126 231 189 202 218 227 237 238 179 225 247 239
 159 229 253 153   5 255 178 231 190 129  46 116  57  77][252  36 106 238  93 213  67 104 245 132 229  10 107 219  60  49 248 185
  23 226 104  39  24 159 243 249 131  59 115  47 126  34][ 59 233  96  79  93 159 206 232  69  64 249  78 107  88 190 164  88 168
 146 111 207 163  92 189  50  89 128  24 127 143 122 140][ 60  98 106 224  84  19  75 120  33 164 237 143  19  15  51  16 124 168
   5 238  72 150 116  30 243 205 161  61 117 171 118 224][130 143 102 155 146 177 188 231  28  21  91 183 172 142  62  65 111  43
 131 149 182 152  79 247  44  32 154 195 149  76 189 223][ 61 185 113  74 249 223  83 248  71 108 237   8  91 213 143 180  88 248
 198 106 155  50 121 189 127 253   1 127 115 175  70 246][102 110 173 186  45 173 147 196 159  63 128  13 174 204  91  27 137  65
 239  71 166 103 202 241 209  18  88  59 192  29  23  75][ 62 183 172 234 157  77  94 221 135 189 189 137 235 253  73  16 221 155
 223 177 218  67  91 157 251 213 141 191 210 250 214 210][161 238  99  93 116 159 235 114 121  76 120  76  50  72 150 181  26 168
   6 108 231 190 100 127  38  62  32 128  87 140  82 205][175 238 100 218 245 185  94 188  91  23  53 186 235 105 222 165  23  75
 151 239 230 100 110 255  46 223 213 239 127 215 218 205][ 10  57 210 195 237 189 120  83 143  57 126  34 172 191 100  86 230 187
 191 152  18  56  98 224 143 216   6 170 150 202   1 139][ 61  85 122 103 213  95 119 248 117 232 255  10  91 125 159  48 120 220
 150 106 233 178 125 174 127 239 165   5  99 251 118 226][ 21 204 231  27 156 187 162 204 126 241 219  66 203 232 157 228 121 110
 126 189 191 244 111 255 188  94 175  68 221  95 241 164][205 119 123 101 106  76 175 120 168 232 124 108 221 215 217  50  62 124
  84 107 193  18 240   8 116 137  47 172  76 178   3 249][151 125  79 119 130 230  46 148  36 194  74 231 113 247 129 112 102 255
  63 222 233 144  29 106 164 168 174 128  45 243 161  57][223 115  67 162 242  18 106  93  49 232  83 239  89 206 218 144  54 205
 149 255 221 146 141 206 186 237 175 196 173 166 171  85][182 237  86 150 252  11 238 236 159 178 240  10 108 232 125   1 251 203
  23 227 112 115   8 255  60 154 207 188  85 123 243 129][252 109 188 245 141 110  87 190 144 182 174  25 243  61   3  11 201 246
 125 106 104 237 251  46 235 235 213  21  97 121 214 106][150  74  90 188   2 130  62 224 180 132 194 231 109 199  35  81 118 249
 143 231 100 135   6 236 240  96 170 137  37 183  47 217][110 241  40  42  93 213 147 200 135 252 149   9 194 220  94 166 152 144
 251 115 206  35 250 149  91  81 137 127  87  15  30 214][230 172 246 115 237 173 252 203 255 187 179  24 207 234  92  27 235 231
 110  17 186 111 203 226 158 255  87 254 196 232 227 131][203 127  59 190  99 244  61  87 185 206 116 173  61 223 163  49 134  59
 151 231 229 135 178 238 243 217  42 138   6 244  39 251][ 49 221  42  45  20 159 198 117 196  64 250  71 243 120  51  96 216  42
  30 109 205 185 116  63 232 237  36   0 125  10 120 220][ 47  97  40  35  52  27 206 168  75 224 154 205 211   8  83 160 152 205
  85 119 205 240 221 140 238  93 141 181  77 191  90 212][ 82 163 223 116 170 232  61   7 171 189 190 168 175 167 192  90  38 191
 237 144  26  75 227  65 222 245 126 251 162 192 167  43][ 61 127  39  77 176  86  71 117  36 204 206 196 243 102 177 245  88 238
  94 238 201 155 117  44 185  42 231 144   1 250 118 252][ 15  87 101  69 116  30 239  48 125 232 119 196 217  45 149 165  22  68
  87 238 225 176 101 204  38  58 227 128  79 183  81 181][ 73 173  57 117 156 205 119 191 126 101  14   8 183 189  82  32  21  30
 123  13 242  56 247  63 111  31  21 124  82 200 213 122][148 132 141 189 156  34 169 250  22 179 211  82 209 227 121  75 121  78
  46 187  57 247 203 154 220 162 255 212 181 233  48 160][176 233  89 104  80 201  71 244  49   4 100   8  51 147   0  16  24 184
   6 106  74  62 112  63 247 137  36 104 113 146 198 170][  9 177 145  89 209 239 113  19 127 105 107  72 158 183  64 188 145  26
  82  24  19 184 179  81  77 158  16  98 202  64 195 179][166 173  33 154 221 193 199 207  87 117 220 155  32 204 126   4 217 138
 147 213 123  42 126 183  45  20 141 127 215  31 246 246][ 74 189  55 245 117 232 185  39 169  65 126 177 173 189  16 135 170  63
 243   1 113 248 146 205  69 243 218  75  70  68 151 250][164 141  74 186 252 161 239 228  28   2 248  26 117 234 121   1 123 203
  23 227 114  54  88 242 124 150 175  40 149 123 241 128][ 61 125 234 125 244 223 215 248  87 232 252   8 115 249 181  48  88 236
  23 106 233 178 125 190 111 239  37 172 119 187 114 227][147  22  73 141 162  42  61  95  61  78  88 247  13  38 159 125  54 145
  21 165 181 148  37 206 180  54 234 134 189 117 167 117][214 252  50 186 155 209  22 204 191  87 160  27 110 222 111  81 163 187
 235  81 102  79 186 243 187 209  30  59  80  85  39  94][196 172 157 251 184 169  47 171 190  18   8 208 253 227 233  67 151 123
 127 186 114  76 138 115 236 158 111 236 148 240 129 161][ 64 185 158 176 168 140  61  87 174 185 184  24 151 159  64  90 167  55
 127  16  82  73 146  64 217 249 127 248 128  64 131 155][ 33 238  99  89 116 155 233 119 127 109 116 204  33  12 150  53  58  42
  66  44 226 190 100  93  38  58  48  96  87 140  86 237][103  44 238 177 236  58 249  67 191 243 154 147 157 172 215 107 239 143
 127 149 180 255 231 194 156  26 251 212 133 108 115 213][174 235 106  48 237 217 184 238 138 125 116 185   8 204  94 139 171 203
 227  85  86 122 174 241  94  81 125 239  71  12 223 214][248 170  42  48  41 221  81  91 227 127 164  29  46 136  82  30 129 134
 236   5 158 111 166  17 218 241  16 123 106 132  78  95][ 25  37 147 101  53  63  70  19 117 235 255  68 255  49  17 180 144  78
 220  46 137 176  81 142 163 253   5  16 234 254 202  41][ 99 249 113  66  75 221 181 103 203 104 189 104  40 156  22 180 140  51
 243  65 213  43 114 245  55  28  81 186  83   6 199 255][ 62 246 236  83 207  91 254 188  95 247  60 134 105 105  94 175  59 194
 247 251 246 100 127 245 110  91 213 247 255 247 222 214][ 82 121 250 252  59 192 153  68 169 204 240  41  60 223  37 120 230 249
 221 193   0  11 178 233 243 249  10 155  20  51  39  91][ 91  31   6 173  51 150 126 114 189 200 218 231 239 106 176 241 246 229
 253 231 237 153   5 239 176 247 235 130  46 164  41  29][ 30  94 214 152 242 179  58 214 159 135  94 231  44 206 167 196 103 251
 143 144 166 149   4 254  58  85  14 131 183 221  45  93][ 71 248 179 210 218 205 186 213 190 249  19 213 156 222  76  46 167 123
  95 149 147  77 186 243 141  22 159 238 140   2 167 119][ 25 221  62  44  52 203 199 119 196  72 250  34 243  88 178  96 122 162
  94 107 237 169  53  63 240 173  34  16 125 186 249  11][ 60  43  62 254  93 211  82 120 213  12 245  40 107 217  33  17 216 184
 135  98  72 163  74 189  83 203 225  59 115  43 126 130][ 79 190 162 187 186 177 186 208 191 251 219 247 205 254 254 232 247 255
 255 215 183  83 142 247 158 247 235 239 158 103  59 215][ 90 111 227  92 114 208 190 111 113  77 220 162  41 254 173 164 126 251
 183 129  70 138 166 235  50 119 190 139  39 212 175 237][138 143  51 188 229 204 189 103 252  77  90  49 172 172  50 197 162  43
 163   5 240 248 162 229 197 114  90 139   6  68 165 235][ 60 120 114 106 125  91  83 216  65 172 245  40  90 221 175 180  88 248
 198 106 200  35 104 184 115 221  33  59 115 191  70 163][201 175 127 252 168  80 125  63 235 246  12 148 173 227 242 103 131  47
  46  44 245  73 182 223 238 223  79  45  22 228 165 220][ 88  18 255 244  34  40  89  51 161  29 230 169 175  39   0  90  38 149
 237 128  24 156 227   1 209 227 240 209 162 128   6 107][  7 174  98 137  84 187 234 194 111  65 222 199 138 200 182 192 123 171
  22 157 150 186   4 221  62  28 138 192 221 142 121 132][ 59 172  98 232 116 155 234 115  69  66 248  19  11   8 182  96 122 137
  23 167 252 187 100 222  62  93 130 204 119 142 112 204][237 119 121 101 116  79  71 184 121 236 254  12 211  53 199  48 156 204
  68 110 233 178 249  10 247 221  37  52  98 250  70 113][215   2  71 165   2  34  40  24  52 226  67 247 213  70 153  91  54 141
  63 191 181 212  13  76 148  34 235 132 173 227  33  80][194 161  16 186  89 193  16 205 175  17 129  57 172 210 104  82 192  27
 235 145  22  15 202 213 153 240  26 127  16   0 175  10][ 10  79 242 206  75 176  63 222  53  14 220 227  41 231 175 212 126 251
 135 192 138 138  38 235  54 118 158 139  55 214  36 237][  1 174  59 123 244 173 235 223 126  11 120  68 183 217 240  96 183  43
   6  28 179 186 152 119 108 143  55 104 216 192 227 169][ 17 219  87 237 150 130  46  53  52  64  90 230 245 195 176 224 118 253
  62 204 209 152  69 109 236 168 174 192  45 130 161  57][213  77  79 101 130 106  47 145  52 194  90 226 209 119 145 113 119 253
  61 250  73 208  45  76 228 170 239 132  37 242  33  33][253  96 208  39 141  31  86  28 113 162 227  29 203  24  30 184 152 132
  76  60 188 246 213 130 167 221   5  49 235  62 202   6][140  47 251  76 172 121  69 255 223 214 124 165 175 160 247 127 147 106
 110  62 197 105 182 192 234 217  69  45 214 252 197 221][123 249 120  64 253 221  87 222 235 252 188   8  58 157  87 180 157 250
 213  88 206 107 250 189 127 221  21 255 227 149  78 239][221 108 190 119 172  62 253 220 250 250 182  25 223 252 223  43 175 229
 125  31 172 103 235 226 215 219 127 180 196 117  83 109][120 125 187 100 173  76  87 246 233 162 174   8 191 191  65  50 166 247
  92  74  73  43 240  40 243 249  69  56  64 243 194  42][ 91 175  83 234 242 130 174 119 188   0 218 230 125 103 160  80 118 179
  31 238 240 155   4 255 252 172 170 192  45 130 163 169][113  36  89  69  16 126  66  10 122 224 234   8 147  18  84 176  16 140
  72  40  15 186 213  15 151 189   0  52 104 128  74  12][226 188 151 187 185 237  48 231 191  31 201  57 174 247 104  89 201  59
 239  16  58  79 202 247 205 182 222 123 144  72 135 154][118 229 232 164 141  65 207 232 130 182 141 139  71 237  89   2  89 196
 121 247  72  99 202 138 249   7 205  61 181 127  84 226][137 175 159 108 168 121 125 255 239 246 124  12 173 227 227  55 131 111
 110  44 101  73 162 219 226 219  87  45  18 244  39 205][ 88 179 154 104 121 140  81  23 171  29 172   9 174 151  66  82 164 191
 237  16  26  11 130  65 219 245  48 107 130   0 175  75][ 67 158  17 154 122 173 154 190 174  25 152 109 190 242 132  84 135  19
 127   5 131   9 202 247 140  52  59 250  24   2   3  25][214 235   6 174  91 192  26 105 175  28 137  67 108 203  44 210 232 177
 235 195  70   7 138 253 179 240 139 251  26   6  47  14][ 37 243 233  65 246  15 239 253  35 232  60 238  17  85 220  48  62 220
  23 254 211 122 236  88 110  12 165 236 239 162 210 241][ 42  44 242 202 124 189 122  86 141   9 252  26 172 139 244  52 206 187
  95 152 146  62 226 227  62 220 130 234 214 139  65 141][ 60 109 107 108  85  71  79 120   1 164 236  10 115  71  49  48 120 184
   7 234  72 178 112  28 243 205 161  49 115 187 118 234][182 237  86 183 174  11 254 236 158 162 241  18 111 232  57   3 251 205
  95 227 104 247  11 254 184 195 239 182 117 123 113 137][ 45 121 113  74  89 221  87 244 111 236 252   8  58 157  55 180 140 248
 214  90 203  59 124 188 127 221   5  59 115 191  70 255][136 188 151 243 225 236  49  23 190  31  66 117 188 183  64  89 135  59
 255  16  51 220 210 115 205 246 122 202 138  64 135 187][  3 159 172 155 250 241 189 175 158  95  86 181 252 230 170 109 199 115
 187  21 183  88 111 245 108  23 127 198 148  93 141 253][ 41 205  99  71 116  27 235 252 117  96 127  70 115  97 157  52 122 236
   6 238 225 176 109 127  38 174 161 128 127 187  98 188][ 73   1 239 101 180 186 105  55 116 193  94 196 249  47 144 100  86 230
  61 141 153 216 229 205 238 255 190 128 174 196 240 120][ 77 182 123  97 176  46 127  51 113 239 126 228 215  55 130 112  55   6
  92  60 209 152  37  78 110 190  37 196 162 226 194 113][ 64 120 190 240  45 252 113  87 235 221 190  13 190 159  71 122 165  51
 253  16 150 105 178  96 219 217 114 123 192   0  79  91][  9  49 144  65 225 189  96  18 107 105 124  76 158 176 213 188 133  10
 118  28 147 184 210  80  15 157  16 106 202 195  75 165][ 39 191 227  65 247 179 170 219 123 225 120 230  72 236 221 164  63 110
 146 252 183 250 172 206  46  28 143 230 207 230 123 181][ 26  93 246 190  50 242 188  71 245  65 222 163  44 254 167 101 110 251
 159 129  38 153   4 239 112  36 190 131  47 212 169  31][ 42 207 234 205 123 176 190 199 141  13 220 227  41 238 183 196 238 187
 135 129 206 139  38 235  54 117 174 139  23 212 172 253][ 70 249 171 210 186 197 191 197 174 249 145 105 220 222 108  42 183 121
  95 215  83  69 186 209 185  20 175 254   4  18 167 243][ 94 188 182 186 153 197  22 237 171  91 165  25 238 223 106  27 165 219
 249  19  90  79 154 245 251 211  94 123 146  87 175  90][219 148 181 119 163  62  93 183 249  90   7  84 255 119 152 255   7  87
 125  46 177 204 185 237 195 251 120 128 174 245 129 121][ 35 174 103  89  85 255 233 119 125  85 108  20 168  12  20 165  43  42
   2  13 163 188 118 221   5  26  80  64  87 140 214 252][ 18 254 179 158  19 148 180 103 189   7  94  23  44 191  34 132 167  59
 131 133  66 157 178 239 183 117  30   3   7  84 167 235][ 92 124 190 247 173  62 252 222 251 250 182  56 255 249 217 107 231 229
 125  11 232 101 235 224 247 255 127 156 198 241 195  75][129  47 177 213 172 127 124 119  95 238 250 117  46 174 214 243 163  47
 110  12 245 248 227 200 218  88 116  51 200 236 229 125][189 233 115  78 119 217 215 244  81 100 116  42  42 221 183 180  58 248
 134 106 205  58 108 191  55 217   5  59 119 191  94 237][214 172 133 245 172  42 105  27  62 179 210  82 213  35 208  79 105 206
 127 153  57 220 227 212 204 178 255 196 164 232 176 160][217 219 123 108  54 203 215 116 229  72 254 106 115 221 176  96 126 240
 110 107 201 187  37  61 240 169  32   8 125 186 108  41][ 98 230  16 186  89 233  16 207 175  21 169 121 172 210 104  81 193 147
 202 144  86  15 202 117 145 144  26 123  16   0 175 134][145 143  86 236 210 130 110 119 181   2 122 226 109  99 160 213 118 167
  78 174 240 155   4  79 180 238  42 128  47 242 171 137][128  12 254 221 108 168 248   7 253  27 114  16 188 170  52  91 239  43
 123   1 162 252 195 195   6  59 242 128  68 200  97 137][245  75 205 174  44   0  71 184 128 202 132 230 115  99 169 122  80 196
  60 110 105  71 203 170 240 227 229 152  60 251 112  57][ 42 239  98 204 113 150 239 246  25  12  92 231  40 238 183 196 126 235
 151 205 194 155  36 239  54 124 174 138  55 150 246 253][252  45 236 110  76 127  71 200 114 230 165   9  83  97  19  27  24 204
  73 110  40 114 249  56 243 201  65  53  99 251  94  98][ 15  63 166 186 185 183  58 216 191 204 219 165 205 238 115  72 255 249
 255 215 159 195 170 246 218 215 171 235 158 231  47 213][170 235  40  56 237 217 188 239 154 124 116 171  45 141 242  11 171  59
 231  21  70 122 130 209  95  81 255 239  87  12 223 218][144 248 158 177 171 204  49  71 190  27  66  17 189 151  96  91 167  63
 125  16  50 221 147 115 201 243  94  67 128   0 165  27][ 66 178 154 172  56 172 121  19 171  13  79 173 175 131  66  82 134 167
 109   4  26   9 130  65 214 181  58 201 136 130 143  27][ 96 179 154  96 112 140 121  23 171  13 108  45  54 131  64  16 134 191
  69  24  18  10 130  65  95 181  48 233 192 130 134  59][129 203  75 237  48 130 110  53 116   0 210 230 241  67 176 225 126 236
  62 238 201 152   5  77 164 168 162 128  45 144 169  40][ 47 189 161 155 221 253 146 223  31 121 153 127 152 252 108 173 221  91
 211  17 183 106 122 181  47  86 157 254 219  78 154 255][ 33  36  66  69  69  47  97  91 113 166 224  29  82  65  21 157  24 172
  66  44  40 246  84  28  85  30  81  36  83 232 114 224][ 57  46 224  71  53  59  71  54 119 172 254  44 139  33 150 180  26 238
 204  14 140 184 229 136 194 223   1 145 238 255  90  69][ 40 249 124 111 124 223 247 252  87 232 126  34 115 249 149  48  90 254
  55 104 200 186 111 189 103 239  37 128 119 186  86 235][ 38 241 112 202 253 221 182 237  95  41  56  42 142 220 124  32 221  27
 147  81 210  58 120 247  63  28   5 127 213  10 215 151][ 17 189  27 233 146 175 163 127 116   1 106  68 183 115  32 112 247  43
   2  56 179 184  17  31 237 143  39  64 248   0 161 169][ 66 173 167 177 236 169 233  23 175 251 154 211 157 175  80  75 239  47
 127 149 178  89 195 192 204  90 254 224 132  76 145 249][158 248 162 176 139 217 184 198 155 247 132 187 172 158  70 141 175 123
 211 209  86  79 178 240 155  81 221 255 135  28 159 222][129  47 177  93 168 103 125 119 127 234 120 117 172 174 214 115 163  47
 110  12 245 217 163 200 130  24 118  34   8 196 231 125][160 161 113  73 221 207 197 111  91  33 237  24  18  17  28  52  88 154
  66  56 123 186 113  23  45 156   4 124  81   8 214 164][209  23 157 237 170  39  28 123  30 186 218  96  20  51  33  91 245  23
 127 160 225 207   3  90 217 170 127 148  24 224  33  41][126 253 169  98 153 221  86 248 211 252 173  13 106 253  79  48 157 208
 213 115 207  99 250  63 123  93   5  63 203 127  94  87][ 83  31  71 172  50  22 110  51  57 202 210 230 175  42 144 244 246 229
 125 231 237 155 133 239 176 246 234 130  44  36  41  29][203 161  99 117 112 158 105  55 125  65  86 208 249  15 144 244  54  46
 125 157 243 216 165 207 238 249 186 192  46 132 211 121][133 205 223 185 180 170 110 171 254 146  74 208 245 226 185  65 115 107
  40 122 115 192  15  95 172 162 239  68 156 240 161  32][129 175 191  93 172  98 125  55 127 250 106 117 188 174 244 115 163  47
  46  12 213 217 147 216 138  56 119  34  24 192 165 125][230 224 180 186 137 237  20 207 187  23 160  25 174 254 106 155 129  83
 233  17  62 111 218 243 185 211  94 127 208  84 143 206][ 10 157  23 254 179 228  49 119 191  93  78  33 188 247  32  84 167  59
 253  16  19 137  50 253 235 246  62 203 130  68 165 123][ 82 115  19 172  27 193  30 109 175 140 176 111  44 202  36 208 248 177
 207 227  76   3 130 221 176 244 139 187  24  54  47  23][ 58  42 226  62  99 209 184  64  43  93 117 171  45 205 167 156 186 185
 135 193   6 186 134 249  18  81  56 163 247 143  63 223][ 45 197 103  79 116 139 239 248 117  96 123 198 115  97 157 180 122 236
  38 238 225 240 109  63  38 174 161 128 127 187 114 188][246  98 238  18 203  49 152 200 203 247 181 191  72 204 255 159 175 197
 227 247 156 103 174 192  26  89 201 255 199 127 126 198][ 45 125 121 101 116  79 103  56 121 236 126   8 211  61 149  49  60 236
  86 110 233 176 249  14 103 205  37  36  97 186  70 241][252 121 159 116 131 203  55 198 232 226  38  40  62 181  65  59 162 116
 232  82  97 253 176  40 251 195  69  51 104 113   7  59][ 43 249 114  66 253 221 247 245 111 237 124   8  58 221 214 180 186 250
 215  88 194  58 186 253 127  93   5 187  87 150 206 239][ 43 232 114 218 116 152 250 212  89   9 245  26 171  11 188  32 222 171
  23 218 174  62 108 239  54 220 146 234 215 139 227 141][164 233 112 201 245 143 190 199  95  41 120  10 140 136 116   0 255  11
  19  81 210  58  88 247  45  28   7 102 213   8 211 129][ 37 117 249  69 116  15 231 216 126 232 121 104  82  81 205  48  30  92
  86 106 193 178 249  90 103 140  37  36 105 251  66 177][109  98 192   2 100  25 234  72 123 165 125 140 139 200 223 180  90 136
  70  14 142  54 238 130  22  92  17  45 231 175  90 196][ 79  56  34 184  61 181  90  90 175 204 216   5 143 238 115 120 215 249
 255 213 142 155 242 252 143 221 139 234 150  39  51  87][ 82 236 232  69  31  91 253 119 111 230 190 143 107  13 214  38  46 228
 253 141 204 127 245 223 243  95 157  51 103 180  95  94][ 58 207 106 220 123 146 190 247 141  13 220 167  41 238 182 196 238 251
 135 197 206 155  38 239  50 117 174 139  55 214 173 221][ 57 149 115  78 118 195  79 125  69  64 255 226 123 117 184 117 126 146
  14 234 235 171  13  31 240 236  32  24 127 138 224  61][ 25 173  19 105 145 143  71  63 116   0 234  64 183 115   0 112  17  46
   8  56  59 184  81  31 233 174   7  80 216   0 225  42][154 106 162 178  19 249 186 198 159 231 148 187  46 140 119 140 175 187
 219  17   6 207  34 243 155  87  25 187 199  13  31 222][ 70 247  17 154 201 237  22 207 175  29 169  61 140 194 106 221 197  19
 202  18  87  11 218 117 181 144  30 127 152  83 143 150][124 169 186 250 137 229  86 232 171  29 173   9 126 255 104  16 145 211
 249  82  90  35 154 177 251 221   5 127 210  71 174   2][ 15 187 180 147 253 189 152 223 139 249  24  92 156 248  92 174 143  91
 211  29 151 104 218 240  15  93  31 254 154  95 155 149][ 35  51 104   8 125 189 216  88  79  89 185 205 170  88 222 180 204 137
 223 245 143  43  87 213  26  88 136 250  95  14  90 149][ 59 223  98 140 118 146 174 246  13  12  92 231  40 174 182 196 126 235
 151 205 198 155  36 255  54 108 174 130  63 158 250 221][ 48 109 127 103 116 207 103 112 113 228 110   8 115  53  16  48  56 252
  86 106 201 184  57  44 119 175  37   0  97 170  70 234][186 223 114  94  87 219 247 244 221   4 116  42  42 221 183 181  62 250
 134 106 228 190  44 255  55  89   4  43 119 191 238 237][ 37  36 248 107 125 255 210  74  87 233 185  72 146  88  95  56 217 136
  70  49 143  34  77  24  78 221   1 127 217  75  90 134][ 40 241 127 111 126 139 247 125 103 160 119  98 123 221 188  32 126 188
 118 106 194 176 111  29 102 233  37 128 119 138 198 185][120 125  45 108  13 111  87 254  34 238 172   8  51  53   3  48   8 244
 105  74  72 107 241  62 243 207  69  61  99 121  86 122][ 39  45 230  19 215 178 170  66 123 193 121 199 104 232 214 164 190 107
 146 149 151 248 140 237  46  28 143 226 205  70 123 132][ 77 255 233  67 248  29 191 190 122 255  60 236 253  36 219  54  23  94
 117  94 227  88 253  55 108  31  61 244 206 213 131 253][ 18 149 250 158 114 208 188 239 191   5  92 183  44 255 174  64 126 187
 151 129 118 139  38 255  50  39 190 139  53  68 173 219][104 181 251 110 245 236 103 255  97   9 108   8 114 243   8  48 153 222
  70   8  91 186 240  47 127 191  52  72 226 194 198 171][192 169 143 245 172 170 233  55  62 179  82  82 151 163 144  75  99  46
 127  25  49 252  67 196 204 186 254 192 132 200 145  40][200 179  26  48 113 140 113  85 168  93 100  13  63 151  66  16 164  41
 197  84  82 154 146   5 211 225  56 233   8   0 171 219][218 158 158 183 186 232  58 134 190  31 154 177 237 255  33  90 167 119
 253 145  50 205  11 255 249 231 122 211 132  65  37  91][ 92 120 190 245  45  14 126 220 239 187 182   8 255 251  65 122 167 245
 125  91 200 227 155 224 211 255 119  30 194 113  35  11][114 115  19 172  57 195  30 105 137  76 185 237  14 206  38 212 220 185
 207 227  77   3  66 221 176 208 139 187  24  38  47  87][  1 143  86 205 130   2 108 119  36   2 122 230 185  35 176 213 118 239
  14 238 240 152   5  77 164 170 238 128  45 240 169 136][207 148 181  86 169 100  29 175 169 219 131  56 124 127  76 255 135 215
 253   0 241  79 187 224  27 122  93 158 138 116 163 119][ 41 175 118  91 124 155 226 214  95  37 124 206  42 200 182 164 122 234
 198  92 146 186 109 255  62  94   1 224 127 143  90 173][  3 185 183 215 241 205 181 103 253  69 106  85 188 190  36  96 166  59
 178   1 246 248  48 239  37  30  30   2   8  72 133 223][ 66 153  63 220 242 196  53 119 191  73  94  96  60 247 164 117 166  59
 191   0 115 201  34  93 123  54 126 203   8   0 165 123][ 75 192 118 253 115 154 120  55 109   3  86  48 173 155 148 244 166  47
 255  13 226 156  37 221  38 254  26 194  38 132 235  45][253 223 205 254  42   8  79 188 147  90 165 252 115 227 169 115  86 230
  44 110 105  71 239  59 240 235 229 188  56 240 208  49][ 60 191 105 104 185 205 215 253  66 125 188  13 147  77  91  16  24 194
  77 125 154  43 253  53 235 205  37 125 247 151 214 227][ 56  43 224  71 181 251 119   5 101 165 127 169 171 169 150 180  58 238
 228  78 156 184 237 160 230 253   0  51 231 207 222 236][110 248 148 184 137 205  84 207 171  23 168  25 174 255  72 154 129 211
 237  17  90 107 218 241 155 211  87 127 208  92 143  26][ 34 185 104 185 110 201 184 103 155 245  84 187 164 141 242   9 171  59
 147 145  86 122 130 209  78  16 222 235  85 140 151 219][ 35 183  99  65 242 178 171  81 121  97 127 228  24   7 148 180  54 142
  18 252 179 154  37 223  46  60   2 194 239 134 227 245][ 95 223 101 251 170 208 255 148 173  86  95 231 249  79 223 230  39 119
 255 223 195 144 173 226 230 109 174 128  47 215 181 125][ 45 197 103  79 116  27 239 248 117  96 122 198  83  96 157 165 122 204
 118 238 225 240 109 255  36 250 231 132 127 187 112 180][ 75 187  44 158  59 213 187 169 142  92   5 169 252 212 250 230 199  51
 251  95 198   9 254 245 111  49  43 251  22  14  13 127][252 115  88 104 218  83  90 216  97 169 189 234  91  95 205  52 126 157
 206 240  26  51 205 220 126 197 161 255 231 179 238 161][108 229 184 122 217 237  83 152 227  21  44   8 223 243  73  48 145 218
  81  90  26  99 250  51 235 221   5 125 210 211 198 162][ 89  93  87 205  23 134 110 182 100 128 110  70 125  19 161 244 118 244
  56 234 193 152  17 236 167 239 166   0  42 243  96  40][120 125 171 119  77 207  87 182 177 230 174   8  50  53   3  48 136 246
  97  74  73 186 240  42 119 207  20  49  99  88  86 122][116 245 123  98 210 198 127 244  49   0 231   8  86 215  40  49 124 252
  83 234 123 187  56 111 123 175   0  64  96 131 230 178][162 233  48 145 245 143 190 231  94  57 112   2 172 136 116   0 233  43
  19  81 242 184  16 255  45  24  31  98  85   8 209 136][ 53 117  95 101 114  15 103 216 116 160 115  98  87  23 137  49  62  92
  86 106 225 240  89  12 101 138  37   4 105 179  67 177][199 144 252  86 237  60  92 175 235 147  39  24 220 250  92 255 131  87
 121  25 151  77 219 227  15 123  85 126 142  96 203   6][ 31 126 231  71  50 122 123 216  33 198 118 230  91  93 159 191  54 221
 213 247 141 244 173 232  82  73  37 130 239 247 102 117][154 222 127 253 114 210  61 119  52  78 214 167  61 183 162  81 102 191
 151 128  96 158  37 239 114 231 190 131  37 148 167 251][207  88 237  89  20  22 235 152 126 123  86  84 217  70 223 124 117 204
  61 223 163 212 125 122  69  47 191 196 172 145 115 116][180 227 105  69 108   9 199 248  82 190 180 109  67 201 223  26  26 204
 102 111 200 118 239  17  84   8 101 188 117 185  86 227][181  69 101  69  20  27 238 184  93 226 250  70 211 104 157 167 122 196
 126 238 233 240 101  13  36 106 231 132 111 248  80 164][  3  44 162 154  95 181 186  66 159 133 201 135 168 200  55   4 169  43
 211 149 134 171  30 255  62  20 154  43 197  71  59 206][  2 205   0 158 148 161 142 231  22   1  88   2  96 106  48  64  89  98
  19 193 114 168   8 255  40  38 142 192  21  90 176   8][ 68 233 157 219 156 192  39 217 166 144 171   2 245 195 105  98 113  82
 106 250  83  65 155 113 125 164 167 108 144 171 165 160][ 33 105 115  71  84 207 227 112 101 128 126   8 115  49  20  52  56 254
  82  74  72 186  49  47 119 188   0   0  99 138 102 168][ 71 231 237  67 240  63 239 185 122 251  31 220 217  38 220  54  55 204
 125 191 241 208 253  70  44  14 239 228 236 242 211 245][178 239  66  94  83 145  94 228 177  68 252 143  41 207  55  20 126 233
 151 230 108 175  14 255  50  76 132 171 119 182 110 222][ 33   4 113  73 116 175 235  16  92  41 127  64 211  16 148  36  92  40
  22  60 131 176 101  31   5 188  34  64 217 138  67 160][ 41 189 243  90 245 237  99 215 123  73 124  72  58 241 132  52 153  58
   2  24 147 186 248 119  63 190  20 106 194 202 194 165][118 253  24 186 153 205  23 236 175 125 169  29 142 246 106  16 205 155
 206  82  31  11  90 115 185 148  15 127 144  83 143  91][  0 140 159 247 180 142 109 183 190  43  94  80 191 163 144 104 231 110
  62  24  17 216 161 103 237 190 118 192 128 192 193  41][ 94 159 158 182 170  40  62 183 172 133 219 165 237 231   2  82 167 119
 237 135  16 201 139 229 216 231 111 195 164  99 173  83][ 82 162 150 184 187 201  16 111 191  29 160  57 174 238 100 147 167 187
 239  16  50  75 130 213 153 214  95 127 144   4 167 139][ 82 100 234  69  87 223 253 103 109 164 174  11  42 152  22   0 168 165
 121 129 204 187 245 221 247  13 154  51 101   0 222  78][254 121  97   4  77  91 214 232  81 228 228 143   3 156  87 148 120 220
 211 227  77 118 244 146  23  73 193  47 103  61  94 214][ 98  41 106 232 124 141 122  82 175 200 124   1 191 207 115  80 206 185
  31 220 138  26  82 220 223 253 171 232  30 163 114 208][ 67 202 118 221 118 170 120 103 237  21 122 178  44 138 180  84  38 175
 119 141   6 152 135 205   6  62  90 194  39 132 163 141][ 66 251  33 147 186 201 159 191 142 253  24 237 172 172 194   4 135 115
 223  85 211  72 234 247 172  20  63 254 148  20 149 125][  3 185 184 178 253 189 186 222 202 185  28  28 188 248  86  34 143 107
  91  93 150 105 154 243 175  93  29 126 204  72 155 143][228 232 128  24 205 141 192 200 210  51 160  24 130 192  72 159 201 204
  98  88  26 102 218  48 157 146  85 124 209  57  90 128][ 50 223 114  94  87 211 182 230 221  70 124 171  40 220 182  37  46 251
 131 194 228 187  52 253  55  26   4  43 119  30 230 255][190 102 104 170  60  35  91  88  23  14 153 159  75  77  27   0  94 137
  85 191 170  39 109 159 210 205 169 189 119 143  86  64][179  49  83 174  59 199  95 105 137  76 249 173 111 214  34 212 222 185
 149 230  79   3 122 221 177 208  11 186  48  38  39 119][ 82 181 155 174 176 205  22 119 171  73 201 109 182 190  96  16 164 187
  21   1  23  27 176  83 187 148  26 123   8   2 135  91][130 156  51 254 115 192 177 103 188  75  98  51  60 215  40  96 183  59
  19   1 115 157  50 239 113  38  26  74  16   0 165 251][ 41 188 211  91 245 191 226 215 123  75 124  76  40 248 180 180 191 106
  18  28 151 184  48 255  47  62  20  98 203 206 202 173][178 172 162 186  77 245 154 206 159  23 192 155  44 204 118 140 233 235
 211 135  46  79 138 243 147  87 154  59 215  93 190 206][207 175 236  65 240  30 239 179 122 249  31 220 217  32 214 182  61  76
 116 191 249 208 253  70 108  31 175 196 207 230 219 180][159 243  98  69  35  18 239 252  97 192 214 230  89 204 159 167  62 236
 213 239 201 147 173 201 114 105 231 132 111 182  43 253][157  76 119 102   4  78  99 120 244 130 227   0 115 241  41 117 120 244
  60 106 105 181  56  46 209 238  99   0  67 243 100  32][131 251  41 159  58 141 159 180 159 124  16 237 172 196 194   5 134 123
 223  71 243  76 234 255 172  16  47 250  20  22 135 125][ 34 217 118  94  87 213 190 230 221  68 252 163  40 220  54   1 252 251
 147 195 230 171  50 253  51  30 206  11  87  30 103 222][ 65 157 155 223 244 140 107 183 254   9  94  96 188 243 160 100 231  43
  62  24 147 152 162 111 237 190  54 192 128 128 161  41][ 71 164 248 114 207 188 248 143 251 179  45  24 156 250  94 122 163 207
 112  29  54 110 218  99  79 191  95 127 193  64 203   2][221 114 152  50  40  13  88 152  63 186  55 125 223 195 203  89 151 141
 109 126 106  86 203  18 214 243 113 252   8 145  11  17][  9 133   2  77  21 150 108  55 117   3 110   4 171  32 176 244  80 174
 138  12 221 184  85 159 166 255 146   0  26 204 248  12][137 173 184 178 189 141 152 207 222 177 136  29 190 216  82   2 131 107
  91  29  54 105 154 247 233 221  31 120 192   8 155 138][ 42 106 167  88  73 213 160  71 175 157 100   0 168 134 100 191 233 186
 227 144   2 219 162 241  15  80 146  43   2   4 231 174][ 40 233 115  79 117 223 227 236 127   9 250  72 122 217 188 180  56 184
  70  74  67 186 105 255  55 188   0   0  83  10 118 172][ 37 249 119  74 209 206  71 253 113   8 239   0  82  87  44  53  88 248
  82 234  89 178 120 125  97 186   5  64  75 147 226 160][182 252  24 186 185 205  83 236 187 127 169  25 238 246 106 144 157 219
 204  82  47  15 122 119 185 150  15 127 208  87  15  91][180 235  97 101 110  11 196 248  82 164 176 234  67  77 213  33  58 220
 101 111 200 114 236  28 124   8 101  60 117 186  86 161][112 180 153 178 232 108  21 199  58  63 160  57 150 183  72  26 129 223
 117  17  58  94 210  34 217 215 126 123 128  80 167 235][129 222  93  61 122 141  62 254 190  90 112 245 181  75   2  81 135  75
   6  70 231  94  90 119 110 139 118 168 120 144 131 155][172 237 241  85 228  43 237 254 115 171 116  88  91 163 212  61  91 206
  38 216 249 254 237 226 126 158 245 100 231 249 194 168][ 25  69 229  69 132  31 237  63 108 226 250  66 211  32 149 228 122 132
 126 172 201 184 117  14 165 238 231  20 111 184 209 108][ 68 249  31 205  88  68  39 249 230 188 174   6 208 215  97  98 113  84
 106 250  67  65 187  93 125 128 167  60  24 168  37 176][135 121 173  81  36  22 237 152 118 250  86  68 209  22 215 125  52 204
  62 223 235 212 125  80  69  27 255 132  28 177 113 252][ 82 171 150 186  59 201  16 111 191  29 160 185 172 174  96 216 231 187
 235 145  22  75 194 245 153 146  90 251 144   4 175  27][ 44 253 177  65 213  93  71 158 115 185  44   8 146 113  77  60 153 218
  66  88  91 122 251  50 111 221   5 116 194 217 198 162][  3 163 133 153 232 240 169  47  30  95  81 246 160 174 222 239  77  11
 179 149 183  88 239 211  12  54 218 238 149  68 189 245][ 32 105  26 232 124 141 122  87 173 136 120   1  61 155  49  80 236  57
  23 220  67 155  18 220 119 217 162 168  24 130 114 138][104 189  57  86 217 237  87 103 163 229 108   8  50 181   0  48 136 122
 113   8  72 186 242  63 119 157  20  59  66  88 198 250][208  89 251 253 114 200 181  23 252 200  86  98 188 151 161  97  38  63
 190  81 225 253 178 104 245 161  38 130 108  16 165 123][ 11 120  62  25  79 221 176  71 238 113 132  11 190 152 103 174 168  41
 250  17   7  43 146 209  31  25  27 123 219  12  11 142][194 187 157 186 169 201  48  71 174 189 128  57 174 150  64  19 131  59
 239  17  82  73 130  81 221 144 126 123 144   0 135  75]