[ 90  29 122 247  50 226  63  49  52 230 151 163 189  31   3  73 118 183
 159 227  96  81 153 253 244 227 171 129  37 241  37  91][ 39  98 174  15 204  31 238 216  86 226 211  78 211 232 223 235 221 204
 122 111 205 247 223 136  52  62 199  60 221 255 120 132][208 164 156 240 169 237  80 207 187 187 164  24 158 191  64  27 133 147
 108  16  58  79 210  80 219 219  85 127 208  64 131  10][190 228 105 106  89 213  83 232  83  84 165   9 107 221  94 180  89 216
 209 234  78 103 254 183 243 217 129  63 115  15 126 126][ 24 123  90 173 106 162 185  86 164   4 218 231 189 135  33 192 110  61
 207 193   0 153 129  72 212 161 170 129  36 145  39 155][  7 140 150  23 229 183 238 167 223 219  82  80 232 232 189 237 217  98
  50  15 245 252  11 255  44  62 223  66 218 120 249  12][ 42 174  32  27 253 189 218 207  31  13  28   9 174 204  54 132 141  43
 195  29 150  44 106 191  47  86  29 251 210  78 159 223][ 11 177 125 219 246 153 189 255  95 121  92 246 189 190 252  96 127  11
  55 157 211  56 111 213 110  95 190 228 190 136 145 253][ 50 249  99 136  95 211 182 229 157  64 216 139  40 220  54 132 252 185
 147 225 223 187  20 253  57   4 143 195  85  14 246 222][188  96 177 242 173  77 213 200 219 186 177  24 158 217  89 171 153 216
 125 123 106 103 250 162 217 216  85  60  66  57  67 162][150 164 231  93 202 227 173 238 246 246 246 178  96 231 213 111 107 238
 123 190 107 255 239 127  29  42 255 134 231 244 244 228][103 169 188  17 141 125 149 143 202 247 140   9 148 188  87  42 137  87
 249  17  22 105 255 241 205  23  95 127 197 120 159 214][ 27  90   6 173  50 162  40  82  52 228  82 231 173 135 163 196 118 173
 189 196  13 217   5 141 144 227 186 128  46 133  33 217][ 67  27 148 128 184 143 140   7 207 169 154 236 142  42 229 198 199  35
  78  21 148   9  65 216 172  20  63 250 156  88 137  13][ 87  93  79   4 206  66 110 184  32 194 218 199  81 126 145  99 119 228
 125 239 229 129 189  78  62  46 239 132  45 242  48  85][184  96 241 101  36  11  73 120  81 162 247  74  27   9 213 180 122 140
  21 106 201 180 229 136  70 221 161 180 103 186  82 168][ 72 156 190 117  17 252  17  39 185   7 111  17 174  55   2  80 129  55
 233   0  58 216 241  15 203 247  18  83 130  64 135 122][ 32 224   1 137 109 133 168 204  14 185 176  74 132 154 112   8 201   9
   2 209  18  62  82 240  13  20 154 126 144   9  81 138][165 228  72  75  94  83  71 109  82  99 237 154  83  64 158  52  91 136
   2 170 127  54 109  23 126  12 129 125 119 138 254 228][237 180 165 103 137 127  70 184 119 250 231  92 219 117  75 188 153 204
 236  46 191 244 249  27 239 223 101 116 202 127 202 118][242   4  53 189 156  38 144  47 132 182 138  87 195  40  53  75 201 135
 109 161  56 237  83 159 185 242 223  22 145 104  48  10][244 237 243  71 240  10 231 236 114 162 235  72 115 245 201  48  63 254
 100 122 121 243 233  46  61 142  37  68 225 243 230 160][150  80 182 184  15 101 152  72 159  26 209  50 140 222  41  73 238 145
 191 147 170   7  19 209 145 210 218 154 145  25  33 147][  3 141 245 211 150 234 175 167 124  99  90 210 176  36 148 100  99  79
  50  29 179 248 117 231  45  62  94  66 197 217 149 124][116 115  91 226  50   3  71 248  32 164 145 238  87  71 233  16 126 220
  76 242  73  23 137  60 240 128 165 188  36 179  38  49][109 177 185 106 217  84  83 152  83 125 173  24  90 221  74 180 209 222
 213 122 155  66 250 183 123 221 133 127 210   7 214 115][107  31 231  70 245  62  79 190  81 206 126 204 107 108 159 166  23 230
 148  47 165 160  61 174  42 127  84 144 239 255  88 125][126 176 249  80 153 253 209  75 123 253 173  24  10 188  78 190 137 155
 212  16 158 107 250 208  27 221  17 127 195   4 206 230][103 235  40  10  61 221 146 232 203 240 168   9 226 220  95 178 201 101
 232  87 207  43 254  61 155  29   5 127  80  47  90  70][104 238 181  84 249 236  69 159 115 191 174  88 246 241  64 126 129 230
 108  24  58 122 251  35 239 254 117  88 194 208 198  43][ 52 235  65  75 221  31 198 252  87 168 184  78  99  64 221 164  88 216
  66 250 219 114 125  63  45 204 133 116  91 187 210 172][ 88  59 214 229 122 139  48 120 167 168 126 225 111 199 193 214  54 245
 238 240   0 209 131  77 222 163  97 137  34 167  45   9][250 115 112 230  43  89  30 188 139  60 181 175 108 159 207  87 166 213
 253 226  78  67 234 249 242 240  73 191  54 183   6  95][211  72  55 172  46 146 238 240 236  64 210  66 253 202 181 226 102 229
 126 207 205 165  39 237 176  40 170 128  28  59  49  44][118  96 246 246 111  40 252 202 187 178 179  26 207 235  93  90 235 197
 127 131  40 103 218 194 150 254 223 188 165 241  99 128][ 32 177 186 242 245 205 183 213 155  73 125  59  52 253 104  32 157  59
  19  17  18  42 186 243 127 149  52 106 210  74 135 251][ 71 191 130 143 219 183  62 223 191 225  75 197 236 226 110 212 215 111
 251 149 151 217 219 251  62 116 143 234 154 118 171 151][  6 164 112 243 254 169 248 235 255 179 185  26 142 234  92 136 175 139
 127  25 178 105 203 214 156 222  31 254 197 137 211 129][119  97  40 172  29 205 211 105 135 196 153 143  98 200 123  16 216 168
  79 231  78  35 218 159 240  21 137  63  93  46 122  86][164  12 110 222  84 226 235 113 148  70 119 147 113 207 181  73 120 168
  19 238  48 190  42 255  66  43 226 201 117 169 116 240][167  32 253 209 236 173 249  82 251 249 181 222 156 143 213  59 239 131
 127  29 147 111 234 192 158 218 255 252 207 201  67 241][ 53 237  97  79 221  91 198 237  87 168 248  74 115 120 157 164  88 206
  86 251 207 186 109  61  63  76 165  52 127 186 218 140][ 22 140 142 191 147  34 188 239  50 151 202 147  97 106  42  75 249 247
 161 145  60 216  11 234 185 230 222   3 161 113 167  10][168 227  88  97 100  79 103 188 112 172 182  24  83   1 138  48  24 132
  68 106 104 180  97  31 231 141  37  53  98 144  70 168][213  28 159 181 178 106 191 183 120 234  82 116 223  54 129  99 167 103
 124 111 225 220 181 110 236 235 127 128  12 240 131  57][112 105 123 100  52 206  75  80  97 136 254  10 115 219  53  48 120 236
  68 234 201 183 112 110 241 172  34   8  97 187  98  42][225 129  21  91 205 180  96  43  95  17 105  80 224 211  44 244 217  10
  50  24  19 122 219 215  15 184 146  78  18 136 240 164][214 108 245 231 111 106 254 216  57 162 243   2 207 127  29 219 254 213
 127 227 168 247 201 234 151 250 207 150 167 247 103   7][197  80 215  69  98  14 103  24 121 234 118 108 223 115 129 255  54 244
 102 122 161 244  61  72 180 170 101 132 234 243   3  49][ 10 159 114 157 115 252 186 238  15  77  92 167  44 174 182 196 239 235
 183 197 150  57  39 253  30 119  26 195  31  13  45 223][197 123  24 103  32  14 119 184 104 170  55 108 214  19 203  51 146  68
 108 110 229 116 201  41 228 185 101  52  72 179  75   9][ 33  12 111  71 116 190 235  50  92 194 126  66 241  33 181  36  74 102
  18  10 161 184 117 111  69  62  34   0  69 235  81 236][  0 183  17 177 146 235 176  55  30  33  90 242 149  55  64  64  39  59
   3  17  19 184  65  87 141 134  62  96 152  72 133 185][ 77  56 189  39  36 127  97  24 106 249  63 108 222 112 207 186 145  68
 108  94 149 112 249  16 205 219  97 118 200  35  67 101][189 228 105 106  89  87  75 232  83 116 165   8 123  69  27 181  89 200
 192 238 111  38 126  63 115 201 129 125 115 191  94 240][ 16  95  31 173 150  66  79 253  36 132 218 230 247 103  33  64 118 244
  13 238 105 153   1  47 241 165 167 144  52 186 180 121][223 110  66 164  54   2 110  80 169 192 210 199 111 131  51  83 118 229
  93 239 169 151 132 234 240 233 170 128  44 183  57  17][124  69  90 110  17  79  87 248  37 140 239   9  91  83  11  17  56 196
 205 106  76 163  25  44 243 233  37  21  99 179 238   2][252  86 220  71 226 122 118 184 113 186 191 250  91 119 205 191  63 212
 204 170  41 247 237  74  54 239 101 151 239 243 206 183][109 124 157  21 168 123  22 152  58 250 166 108 214 118 203 187 145  84
 124 122  45  68 251  40 238 187 101 180 202 241  10  49][ 22 166 206 171 250  35  43 216  54  53 211 247 209 103 218  73 127 205
 127 247 186 208  77  54 220 167 175 229 181 163 168 145][120 188 181 250 233 237  81 222 191  59 168  24 190 247  64  50 129 251
 125  16  59  75 250  51 217 223  23 122 144  64 135  59][201  62 158  53 162 174  52  55 188 219  66 245 189 179 131  91 167 119
 109   4 181 221 147 111 204 227 126 192 136  80 129  27][182 239  98 168  95 209 146 238 147 132 184 171  43 204 119   0 250 251
 135 211 110  43 198 255 186  85 143 123 117  29  63 206][ 25  31  92  37  50  59  22  54  76 166 190 239  47  40 163 192  54 167
 140  36 140 185   5  30 242 231  33 149 126 252   9  13][146 163  14 169  58 195  56 103  38  45 210 177 167 135   2  64 230 159
 237 132  94 153  67  21 211 225 186 209  32   0 165  75][179 196  64  95  86  49 207 238  93  67 241 182  96  32 190 229 123 138
   2 174 167  54 109 255  52  62 146  12 127 220 120 140][253 112 253 116 109  77 213 184 225 250 183   8  91 124  95  59 136 212
 116  99 237 103 251   0 215 251  85  60 107 189  86 114][ 38 106 197  26  78  97 174 200 154 114  17 239  64 236 253 143  63  73
 179 231 131  99 142 241  20   0 207 174 221 127  55 245][110 180 180 250 205 253  80 139 155  55 165  24 142  63  76 159 201  19
 251  16  58 110 250 209 143 219  85 127 210  72 198 150][137 125  31  93  51 222 180 119 236 200 250  68 188 150  36 177 166  49
 204  64 229 169  48 109 163 249  34  18  72  32  43 159][244  81 127 236  44  78  87 184 225 234 163  10  83  95  25 115 248 212
 125 234  73 231 249 136 243 235 229  20 105 179 102  50][206 218 188 243 170 204  29 156 187 127  54  53 252 247 207 123 135  83
 253  82 226  68 187  50 235 219 117 247 130 209 133 123][111 253 165  86 137  77  87 185 211 254 172   9 122 253  79  55 153 212
 121 126 234 103 250  57 251  30  69  62 194 126  86 118][ 13  37 250 241 246 160 233  91  63 147 127 146 157 255 209 106 127 255
  55 157 147 250 239 194  78 255 255 228 167 201 227 241][ 82 176 236 189  26  66  25 104  54 245 198 131  85  87  10  91 119 213
 125 180  40 205 219  93 219 163 223 213  33 160  39  90][ 53  65  69   7  20  31  70 184 100 224 235  76 211  64  29 180  88 196
 120 110 205 176 125  12 164 170 129  20 105 187  90  20][ 64 160  23 105  11 201  48 104 238  49 160   8 190 150  68 248 162 157
 234 144   3  11 195  85 157 176  18 127  80   0  39 170][192  20  26 165  34  40 121  22 168  27  51 176 157  31   0  91 166  21
  93 129  48  92 128  64 196 249 122 192 132 193 131   1][121  32  20 100  13  79  65  57 101 172 231  12  83  19  10  86 216 132
 108  40  73 247 241  29 211 251  65  20 106 162  74  34][183 148 166 158 156  55 202 248  86 242 223  86 211 232 191 173  93 236
  50 255 173 246  95 191 170  78 207  52 255 255 120 148][189 167 204 109 148  30 110 191 119 162 254 215 195 104 158 193 125 204
 230  44 236 244 221 158 254 239 229   5 239 252 248  16][146 201 174 175  18 194  59 224 132 192 210 163 117 158  34  66 110 245
  63 209 104 159   1 238 248 225 174 193  53  42  37  91][253  69 127 103  54  10 111 184 117 226 247  66 211  99 153 113 122 196
  62 234 233 180 109  14 246 235 227   4 109 187 112  32][ 67 141  44 181  44 172 248  35 173 225 138   1 164  46  22  98 193  39
 121 133 148 137 211 197 143 190 218  83   4  64  25  14][105 207  44 126 189 157  87 182 199 236 188  13 227 105  23  83 201 230
 108 110 236  42 107  61 235 255  37 121  82 254 216  75][ 73  93 219 244 226 142 119 182 121 203 126 100  62 179 161 114 166 127
  54  72 193 152 176 107 119 191 116 128  10 240 225 121][ 35 161 101 153  92 151 169  79  94 113  82 194 176 140 180 164  76  44
  50 157 211 252 119 221  13  58 154  64  85   8 209 236][ 85 123  89 161  50  14 127 144  58 236  62 237 159  23 195  80 182 221
 125 118 199 208 233 126 246 205  39 164  40 147   7 121][216 115  78 233  10  73  25  64 164  52 239 175 135 135  66  83 110 145
 207 194  10  23 245  16 212 129 170 189  53 131  39 114][ 11 254 227 153 118 243 187 246  31  75  92 247 189 206 182 196 127  59
 151 133 231 156  36 255  46  95 187 166  63 220  57 253][ 80 181 151 252 187 200  21 111 190  81 233  56 190 247 104 114 163  59
 106   0 115  73 146  87 153 182  30  90   0  64 167  58][ 21  97 173 171 140  71 207 216  70 240 137 194  81 124  89  42 121  76
 123 239 201  99 125  56 241  14 239  52  61 251 112 224][181  13  98 170  84 179 194  97  85   4 241  23  67 200  54  65  88 168
  23 231 188 167  12 159 184 236 131  72  61  47 120 196][134 170 172 155 140 145 188 175 158 183 128 151 224 232  94 139 201  75
 235 213 182 108  95 241  14  83 223 127 149  92 157 206][ 82 124 220 172 155  99  20 206  62  38 232 171  61 182  33  88 251 185
 219 160  10  11  83  93 241 231 219  63 177 112 167 202][ 86 140 175 190 154  66  29 233 178 223 135   1 117 255  43  91 241 247
 125 181  58 195 139 109 249 167 255 149 160  96  37 115][179 105 110  95  86 195 247 236 212 212  68 147 112 221  55  37 106 234
  83 237 102 239  38  63 119   8 128   9 119 156 118 238][119   2 102   8 254  50 120  89 109  84 247 135  73  78 191 125 119 133
 159 189 172 199  47 220  18 106 203 196 183 165 120  85][255 204 106  68  86  18 107 240 113 226 118 146  89 143 212 117 123 204
  53 238 236 246 172 194 122 233 165 196  39 173 114 228][ 77  33 189  53 161 110 101 159 254 255  14  16 223  55  91 251 129  70
 124  29  17 216 251  32 237 255 119  84 130 112 149  98][  8 180 241 211 228 173 113  23 123  59 125 120 190 177 192  28 135  58
  23  24 147  56 226 226  77 156 116 232 194 200 195 169][227 113 114  68 109 157 244 103 233  68 252  13  42 154  54  51 168 171
 194  69 196  43 176 205  55  88   0  43  67   4 234 206][218  96 238 118  11 122  17  64 177 182 135 155  75 204  79  11 163 245
 233  35 108 229 175   0 211 227  81  23  99 117   7  70][199 190 215  83 235 188  56 151 249 211  34 212 204  34   4 255 135  87
 234  20 183 236  87 102  14  58  84  66 202 196 139  21][ 16 140 190 187 130 226  29 175  54  23 202 147 245 119  40  73 225  83
  41 129  56 205  27  55 233 167 222  65 176  80 165  10][ 77 249 153  35  56 205  19 188 174 249 138  13 247 215  72  82 128 109
 104  86  67  73 219  49 233 197  37 124   8  19 131  91][115  64 255 245 108   8 237  80 249 146 178  90 223 187 213 123 107 197
 127 139 201 103 231 192 214 251 250 152  37 248  99 161][ 53  65 103 237   6   2 111 120 101 224 243 198  83  67 185  97 126 228
  30 238 201 177  45 140  52 232 167 132 109 187 112  32][229  97 172  47 140  31 206 248 222 242 169  77 210 232  95 235 216  76
 122 111 205  99 223  56 245  59 199  60  88 123  90 144][ 37 175 232   3 252 187 198 255  82 173 248 104 131 248 214  32 217 234
  70  81 158 170 205  63 110  28 165 255 221 222 218 141][222  71 110 183 162 194 127 180 188 166 215 179 253 207  59  75 118 245
 189 231 248 213 137 236 240 227 255 129  36 241 181 113][  3 129 146 154 205 148 172 111 254  19 241  80 136 250  62 236 221  11
  26 141 215  43  94 213  15  62 218  78  89   4 233 140][103 224 144 210 109  61  64 200 223 187 181  88 138 216 253 188 217 136
 206  26  46 103  74 176 159 222 149 127 218 127  90   6][120 189 149 250 233 237  81 222 191  57 168   8 190 247  72 182 129 251
 252  16  27  75 218 181 249 215  21 122 154  65 135  59][239 180 245  85 188 123  86 154 123 251 180  56 219 124 223 191 147  76
 124 122 191 116 239  54 174 223 101 247 206 245 218  69][109 121 149 101 168  91  84 158 123 250 182 104 159  53 195 191 151  84
 252 120 173  80 231  24 238 219 101 182 202 244  74 117][ 47 245 233  67 252  95 207 152 123 249  61 108 217 116 223 188 151  78
  84 126 147 112 253 114  46  29  37 252 222 247 210 245][ 86 223 255  53 178  98  63 183 188 206 222 165 253 119 131 114  39 119
 253 227 224 201  37 110 240 167 127 129  36 241 165 123][124  93 122 108 240  74  87 248  36 140 254  45  83 115 171  16 120 244
 197 106  72 163   8  44 243 237  37 149  99 243 110  35][253 115 105  68 100  28 207 184  97 236 189 204  83  13 223 182  28 204
  85 111 201  54 252  10 115 105 165 188 111 191  82 241][118 104 246 231 111 106 254 200  57 162 242  10 207 106  29 219 254 213
 255 227  40 247 201 200 151 250 207 151 165 251 103 135][ 64 188 157 240 201 237  81 199 171  59 160  24 190 191  68  27 129 179
 127  16  18  75 210 113 221 146  84 123 208  64 135  43][189 105 148 210 173  29  68 232 203 186 181  72 202 209 205 191 136 216
 236 122  77 103 202 160 147 217  69  63  66 187  90  39][246  68 222  70 194  50  94 232  49 162 187 186  67 107 205  59 127 213
 238 226 108 247 141 106 122 174  69  21 229 243 234   4][ 54 182 231  95 134  99 167 255  86 162 218 226 112 245 141 108 123 222
  55 138 153 250 111 127  29  46 247 198 229 250 244 173][210  79  46 183  22 130 239  48 148 134 215 179 245  79  56  67 126 247
  63 231 232 149   9 238 240 227 234 129  37 187 181  64][  5 188 209 211 228 185 234 150  90  59 125 120 153  45 220 168  47  90
  22  26 147 120 236 226  14 221  48 224 207 217 195 161][ 45 255 120  43 252 155 214 253  86 173 188 237 195 104 222   0  95  74
 198 115 222 106  77  61 108  21  37 255 221 254 218 133][125  97 117 118 109  93  68 248 193 186 181  72  95 249  89 191 136 212
 117 106  73  99 250 128 147 217  69  62  99 191  90 163][ 77 114  89  39  34  14 119 156 104 234  55 108 223  81 139  48  54  76
  76 110 197  52 189  40 228 157  37  36  72 179 195  17][ 36 164  84 147 253 233 232 107 191  55 185  26 140 234  92 132 235 139
 110  17  54 120  75 214 157 158 159 117 213  72 223 128][217  72  23 204  44 144 238 212 236  66 210  66 253 194 177 231  98 229
 126 235 237 167  39 235 176 120 170 136  22 189 113  45][ 95 118 210 227 162  46 126 216  41 186 191 253 207  35 207 158 183 213
 253 126  17 241 137 224 150 223  99 228 238 247  11  17][223 124  86 162  34  42 122 208 169 234 179 239 221  66 131 223 183 229
 125 255 165 213 136 200 144 251 235 132 174 247  43  21][221  88 219  69  98  74 111  16 113 234 118 228  91  87 129 253  54 252
  52 238 225 212 181 106  54 239 101 128  46 179  66  49][214  88 180 184  15  69 152  74 159  26 144  51 140 158 101  75 238 145
 191 209 168   7  83 192 145 242 218 191 180  57  37  19][ 11 161 121 249 246 155 233 255  95 113  94 214 153 159 252  96 127  11
  55 157 211 184 111 215 110 223 191 228 190 136 209 249][184 227 123  65  96  75  69 117 113 164 102  24  19   5 130  49  56 172
  68 106 104 245  32  14 119 137  37  21  98 160  70 224][ 26 185 188  82 203  84 149 253   2 213  45   0 124 247  74  55 135  95
 177 208  87  74 186 225 107 209  79 111 130 118 175 254][130 176 160 145 229 249 184 207  59 127   4 185 140 140  94 140 145  27
 211  17  54  92 186 243  15  22 157 231 130  68 159 222][139 146 237  85 166  18 189  31  82 119  87 247 241  44 158 107 127 198
 181 143 239 212 239 163  70  47 253 132 173 252 220 117][208 218  12 185   0 140 120  55 188  21 194 149 167  15   2  65 230  53
 237 133  78 156 211  21 197 227 186 209  40   0 141  90][ 13  37 250 241 246 160 233  91  63 147 125 146 157 239 212 106 127 191
  55 153 146 250 231 192  78 255 255 228 167 200 227 225][118 124 252 184 234  97  30 218 139 222  24 175  92 255 103  26 167 209
 245 211 130  67 186 240 251 199 111 191 180 117  39  83][182 101  96 232 221 141 198  73 201 160 169  26   3 201 117  16 216 168
   3 115 122  39  64 158  51 216 133  61  83  43 222 130][ 45 106 225   3 246  43 235 216  86 234  81 231  81  65 217 140 127  76
  23 255 129 180 109  58  12  14 173 228 255 191  82 241][ 67  50 145 165  40  30 104  23 107 233 146  92 143  18 192 246 134 197
 124  12 141  72 225 192 140 248  31 158  10 164 131  13][199 114 200 148 106  65 188 200 171 114  16 239 108 206 111 219 166 221
 191 199 199  87 142 241  22  32 235 175  61  53   9  93][ 33 221  99 108 116  70  78 120  81  66 112  74 115  89 180 181  88 168
  22 106 233 178 116 159  55 232 160   8 127 186 114 168][ 82 143   7 189 154 226  62 166 188 176 130 131 141  38   1  67 102 247
 237 193  56 201  65 172 185 227 222  81 164 117  37  10][165 126 175  56  92 247 146 222 222 248 176  93  82 220 127  59 205 105
  86 119 167 103  58  60  59  11 101 190 217 121 122 215][  5 140 151 159 244 170 166 174 222 147  75  66 228 232  61 228 209 110
  34  11  52 248  14 255  44  62  87  66 212 123 241 140][215  12 195   4 214   6 206 170  57 130 202 194 112 242 181 112 119 228
  61 175 232 223 133  78  56  46 143 140 173 240 112  12][ 80 173 147 220 154 192  61 103 190   5 202 176 189 183  32 116  35  63
 232 128  82  25 163  87 249 166  30  75  34 192 167  40][ 50 249 107 152  87 195 167 228 149  68 220 167  32 220  54   4 120 185
 147 241  67 187  54 255  61   4 142  75  85  30 246 254][ 82 233 186  50 157 221 183 198 234 245 142  11 190 188  86  34 161 119
 249  81  86 105 186 112 249  21  31 123 193  16 151  78][ 74  97  39 204   9 196  25  72 167 244 128 137 120 215 105  86  72 245
 251 216  74  67 250 209 217 176 139 126  50  39  38 114][ 66 180  18 187 243 236  56  75 191  27 243  18 140 190  76  88 167 155
 255 144  18  29 154 215 157 158  26  78 128  64 163   3][ 23 191  10 171 155 167  62 255  62 169 202 197 229 234  42  80 244 111
 123 245 182 155 153 191 190 229 143 194 152  70 171 151][  2 174 160 155 249 253 186 207  31 127  84 153 172 140  86 132 129  43
 211  21  54  28 106 183  47  86  24 251 210  76 157 222][167 132 196  31 188 123 205 174  94 119 181 144 195  32 158 111  91  70
  10 174 173 244 109 191   4  62 211  20 215 253 216 228][212  95  79 167  38   2  79 176  36 134 199 230 119  71 137  83 118 244
 125 238 105 213 105  44 240 163 231 144  36 179  36 121][ 76  50 211 195 227 120 179  24  59 239 127 230  76 247 239 204  55 108
 166  24 147  80 187 192  14  87  35 134 170 231  77 245][ 71 232 249  83 244 184 238 150 122 123  54 218 145  56 221  42  39  90
 118  93 151 124 239  99  14  31  60 236 205 217 219 189][104 255 147  85 241 189 102 151 123 169 126 108 162 177 196 180 133 126
 100  24 147  58 242  35  47 222  53 106 202 208 202 189][ 81 253 147  76 211 201  54 103 126  65 106  40 190 247   0 244 179  59
  74   0  83 187 176  95 189 180  22  42 104  66 163 170][231 108 247  87 100  46 235 146 123 162 115  80 208 227 213 127 119 108
 114 186 161 244 253 234   5  62  83 132 197 241  99 165][183  68 106 186 212 179 206 102  85 130 249  23  67 200  62  96 121 168
  23 183 236 182  12 158 184 207 167 200 253 187 248 132][221  69 127 231  38  10 111 184 117 226 247  66 211  99 153 113 122 196
  62 234 233 180 109  14 246 235 231 132 109 187 112  32][ 53  65  99 197   6   2 111 120 101 224 243 198  83  67 177  97 122 228
  54 238 201 178 101 140  52 168 163 132 109 187 112  32][156 134 204 171 146  35 107 184  54  55 215 247 209 103 154  73 127 204
 111 254 186 212 205  95 236 167 239 196 175 163 168 208][214 141 134 183 144   2  14 175 178 146 138 129 225  98  25  67 121 231
 105 247 124 201 143 110 248  38 207  20 160 115 185   8][ 60 214  85 107 188  43  70 184  22 186 177 104 211 113 137 191  93 212
  76 122 105  98  73  60 168 203 101 244 250 251  80  33][118   3 102   8 206 114 232  73 173 212 155 131  72  76 191  90 126 133
 255 183 148   3  39 208  18  42 203 205 181 231 116  84][ 11 219  98 138 247 209 190 238 143  77  92 167  40 174 183 196 238 235
 183 215 134  59  38 253  62 124 142 203 159  31  61 223][ 72 137 129 165  45 236 161  55 174 137 154  64 182  49  16 194 192  38
 109   9  81 168 195   1 205 180 250 144   0 104  81  42][ 23  39  66   5 210  50 174 115  49 168  91 230  77  34 156 132  55 207
  68 254 241 209 141 206  60  38 175 196 175 231 171 181][118  33  40 172  61 205  87 104 143 228 141   9 247 220  51  16 216 168
  89 103  78  35 216  29 241 213 137  63  80  47  86  82][ 47  30 255  83 227 254 179 144  43 207 127 229  88 247 239 254  55 124
 182  30 135 144  46 226  78 127  33 198 207 231  79 245][108  56 180 243 141 125  80 154  75 191 173  24 158  61  77 155 137 210
 253  16  26  98 251 176 207 219  85 127 194  89  78   2][180 237 218  71 208  11 102 236 114 162 235  72 115 225 201  48  57 254
  96 106 104 243 201  46  60 174 101   4 105 243 226 168][165 174 238  61 204 175 109 127  54 254 242 223  83 233  82  25  89 236
 111 189 188 254 223  30 126 171 245 100 233 232 208 210][ 93 125  60 165  49 158  95 176 170 248 174  13 223  87   3  51 166 117
 221 110 201 193 185  28 227 233  47  48   2 179   3 115][ 40 181 168 224 253 237 242 223 163  41 249   9  18 189  92  16 205 155
 215 145 154  58 218 145 127 221 165 111 209  74 246 211][178 244 101  95  31  99 149 237 215  87 133  18  96  92  62  39 121 146
 219 163 107 103 123 159  49  88 205  31 119  94 244 254][ 78 233 180 222   9 192  73 136 175 145 129   0 236 211 105 214  65 113
 121 216  10  75 219 241  25 250 207 126  18  39  36  42][208 190 188 117 160 236 113  23 250  31  54  25 183  59  64  27 161  54
 108   8  58 109 131  35 207 251 112  81 192 192 199  11][ 48 140  90 125  16 236 113 182 176  31 110  25 179 151   2  25  32 186
  69   8  58 156 146  39 199 175  48   1 112 129 198 170][104 240 189 254 137 109  85 141   2 243 165  25 247 125  72  58 129  83
 121   3  75  70 251  51 203 219  93  61 144 120 134 122][212 124 255 244  82 198  55 246 184 194  98 242  61 215  33 123 167 125
  17 194  97 221 146 110 125 162 103   2  41  49  39 187][ 37  79   0  45  28  15  78 184  84 232 234  77 211  96  19  16  92 196
  74 111 237 178  93  62 164  60 133  20  88 191  90  20][ 39 160 249 241 236 169 233  83 255 243 177 218 157 138 212  58 239 139
 127  29 179 126 238 208 222 154 255 252 197 137 211 160][ 57  79  74  69  53  26 110 117 113 128 126 162 107 104 150 244  50 236
 132 108 204 184  37 175 178 239 160 129 103 166 122  12][245 229 137 174 156  39 206 248  86 162 137  74 211 241  89  32  89 198
  93 239 249   3 221  62 248 142 175 188  60 251 178  32][208 209  15 173  12  74  71  45  37  78 230   6  83  23  34  83 112 196
 108 234 105 151 113  13 241 162 226  20  57  56 228 114][ 77 249 189 103 169  94 101 157 234 249 142  64 255 247  72 242 128  86
 124  88  19  73 251  32 237 245 119  84 130  50 133 107][ 80 189  25 170 240 205  87 255  42  41 168  13 183 247  64  16 148 251
  93  80  91  11 216  63 249 213  45 122   8   2 131  27][ 10  59  82 201 123 129  56  86 165   4 246 231  44 135 161 212 110 189
 207 204   0 155 129 200  86 161 170 128  47 132  41 153][ 38 163  36 170 221 181 210 200 206  29 241  77 198 232 126  88 201 137
 239 213 158  35 202 149 156  85 171 127 217  15 126 198][194 120 150 176  13 228 184 198 159 187 146  18 140 158  97  75 205 185
 191 145  42  79 210 194 149 146 222 187 128  92  37  27][ 40 175  96   9 252 155 199 191  95 173 248 237 163  40 150 132  31 234
 199 117 254  58  69 191  44  86  37 245 247 222 222 205][ 72 184 149 241 201 173  49 135 174 191  40  24 172 179  64 222 133  63
 235  16  18  73 210 113 205 215  94 107 130  64 135 171][184 224 126 116  96  31 117 118 241 150 102  25  19 129 130  17  34 188
 199  40 104 255  16  14  87 139 112   1  99 144  78 186][ 92 123 250  71 246  30 127 156 123 172  63 238  95 125 221  54  55  93
 245 122 208 240 169 234 126 221  37 164 231 243 199 177][121 189 144 120 249 253  84 239 171  49 172   8 191 243  64 182 129 250
 252  24  27 107 218  49 187 223  21 123 194  64 138 170][ 99 122 252  69 172  91  84 158 123 250  62 104 159  56 215  58 135  93
 124 112 133 120 229  24  46  95 117 247 206 180  86  77][ 11 176 121 249 118 153 249  95  95 113  84 246 189 159 254  96 111  27
  23 141 147  56 103 213  78  93 186 228  62 140 145 249][ 77  91 232  39 230  40 110 144 104 225  26 231 217  42 219 218  54 199
  61 223 133  16 213  96  92  45 238 132 173 247 121  81][167  71 101  71 118   2 239 184  81 224 125 206  81 109 159  53 126 236
  19 239 233 178 109 206  36  46 229 132 111 183  82 244][125  77 120 102  60  30  71 184  97 168 191   8 115 121 145 112  24 228
  92 106 201 163 105  46 115 237  37 144 103 187  90  33][213  82 222 229  32  42  95  24  32 234 134 165 215  39   3  91 118 196
 125 238 104 197 193   8 208 235 227 148  36 243  32 113][ 29  88 251 103 114  90 111  16 112 226 119 224  91  87 149 240  54 252
  20 234 201 148 189  42 230 239 165 128 111 179  98 185][229 109 172 190  44  13 199 232 218 166 160   9 246 232  83   3 217 228
 122 111 108  99 218  59 245  26 205  56  80 123  82  66][185  68  98  76  13  83 192 120  81 230 245  10  99  73 191  45  88 140
 134 175 236 103 125 159 211 219 193  61 119 188 116 230][ 38 160  80 145 253 201 232 105  63 181 177  26 140 138  94  24 251 137
 239  17  22 122  83 212 157 158 159 119 213   8 223 134][ 15 104 234 133  70 178 186 214 126 227  94 199 153 140 215 232  55 109
 179 221 133 184 165 226  86 109 186 128 239 245  25 253][168 205 117 201 188 135 239 253 196  40 180  18 185 195 188 101  74  10
  94 234 243  43 107 255 112 152 166 248  87 154 224 169][ 33 255 211  77 242 158  54 246 123 201 122 108  62 179 132 244 182 126
 198  88 195 184 144 127  46 188  36 194 202 146 203 189][199 122 235 132  66   1 188  67  58 226  80 239  21 142 247 104  62 237
  51 199 199  86 166 194  20  36 175 172   5  48 179 213][  6 180 146 144 243 172 184 195  63  27 249  50 140 186 104  88 175 155
  95  16  18  63 146 211 159 150  26 238 129  65 163 131][ 80 237  83  77 210 218  39 103  62   1 106 160 189 183 160 244  50 191
 138 128  83 155 160 127 181 164   6  67  32 128 167  40][ 95 105 210 162 226  58 126 208 169 226 191 207  79 226 219 158 183 237
 127 254 157 211 140 224 150 253 107 172 174 247  43  85][ 38 216  22 158  79 229 146 232 132  24 209   2 236 222  41  75 220 121
 179 227   2  35  26 245  17  50 203 111  17  43  53 146][217  76  55 223  44 148 239 212 205  74 214  66 249 194 181 231 110 228
 126 234 233 167 103 249 176 250 234 152  23 185 113  45][ 50 175 227  79 214  35 175 207  54 163 218 226 209 229 148 100 125 222
  43 152 153 186 205 123  60  38 151 196 229 234 244 172][124 114 180  34 109  29  86 200 207 190 177 109 138 200  79 154 201 200
 238  83 206  99 202 176 146 217  69  63 216  63  90 135][  8 185 151 249 201 205 181 199 174  29 104   8 172 183  96 222 129  59
 235  16  18  72 210 241 205 212  94 123 210   0 135 171][ 34 253 106 154  94 195 187 228 150  68 220 135  48 220  54  32 120 185
  19 225  99 187  54 255 113   4 142  75  93  26 117 254][ 37 237 233  67 244  91 239 188 107 248  61 232 209  92 223  52  31  76
  84 127 215 112 237  62 110  93 165 244 254 179 210 245][124  91  82 108 243  27  86 244 161 128 254 237  91 243  33 144  94 244
 197  98  73 163  16  44 242 237  37  29 123 191 106 147][ 94  95 238 102 178  82  63 182 160 204 222 229 253 239 147  82  54 247
 253 230 200 153 189 236 242 239 239 129  46 247 173 123][ 32 181 120 232 252 173 243  95  11  41 253  24 150 189  92  16 221 155
  87  25 146  58 216 223 127  29  37 124 208 202 210 163][127 204 236 109  52  62 250 158  91 235  94 151 251  44 151  98 173  70
 181  45 175 252 117 175 111 127 189 132 231 253  80 116][197 113 249 101  98  14 103 188 120 232 118 108 223  81 139  49  54 204
  70 110 193 180 189 104 100 169 101   4 104 178  67 113][ 33 239   0  45 156 143  78 188  84 172 232  77 227  96  19 148  92 238
  74 110 236 186  93  63 173  28 133  52  88 190  90 216][219 142 142 181  40 142  41  35 172 150 130 213 173 162   0 203 231  37
 105  13  96 205 131  76 196 179 219 144   8  36  25   0][147 173  14 171 152 135 126 237 182 160 202  69 119 234  50  81 244 111
 123 253 126 219  11  63 248 239 175  84  56   2 169 138][ 73  57  17  33  40 140 105  22 105 233  42  76 191  18 192 182 134  39
 124  12 141  24 241 224 133 252  50  50   8 128 131  77][ 61 119 108  97  54  63 107 216 101 232 127 198  83  97 147  36  62 204
  22 127 137 176 125  12 110 207 165 196 239 251  90 241][182 244  61 219  43  71 149 249 158  26 181  50  84  87  44  47 143  17
 223  98  99 103  59 215 121 146 101 246  81 104 165 243][149  68  14 191  12   3  78 120  20 102 211 151 115 104  59  65 120 196
 127 231 236 133  77  63 240 227 235 144  61  59  56  88][236  56 184 243 173 253  82 152 203 189 189  24 159  29  73  58 137 210
 253  88  30 102 250 178 207 221  21 127 194  91  70   3][ 49 189  25 170 240 207  87 247  34 104 104  72  55 119   0  16 149 251
  84  88  91  26  88  63 253 197  37 104  40   2 130 187][178 132 108  95 140 107 149 170 197 118 189 179 195 109 159  15  73 214
 237 163 120 101 111 149 195  50 211  21 213 123 212 106][214  70 238 189 166   2 127 190 188 150 150 151 215 107  59  75 119 197
  61 239 232 197   7  78 240 227 255 148  36 241 177  81][ 53  65  99 205   6   2 111 120 101 192 251  70  83   3 177  97 122 228
  54 238 201 178 101 140  52 168 163 128 109 187 112  32][230 118 249 228 234  68  29 223  19 234  60 239 125 255  73  58  55 213
 181 209 194  70 139 218 127   7 253 190 181 240 167 123][182  44  82 228 213 143 214  99 217 162 168  26   2 184  52   1 233 232
   3  35 120 191   0 174  51 222 133  63  81 121 214 130][161 197  85  73  93  31 194 248  69  96 252  78  82  25 156 180  88 136
  18 110 233 190  93 159  54  30   1 116 127 138  90 140][193  12 159 189  40 236  56  39 188  91  66  81 180 190   0 107 164  39
 125   5  53 205 179  79 193 162 122 200 128  64 161  75][244  68 246 124 139  34  86 238 241 150 160  27  99 120  13  27 121 199
 104 226 104 231 219 106 187 234  69  31 225 113 230   2][199 108 247  85 108  46 235 194 250 146 114  82 177 226 213 111 107 108
 114 138 161 244 230 234  20 190 211   0 197 241  99 172][ 35 255  64  11 242 159 190 246  95  97 120 239  41  40 150 164  63 107
 150 215 199 184  28 255  46  12  45 224 255 158 203 221][212 189 153 170 178 164  63 152 190  25  89 242 157 215 104  64 119  91
  29 211  19   0 154 115 249 132  47 236 188 115 161  49][118  21  98 204 223  98 218  75 129 194 219 131  72 254  63 104 125 149
 155 183 152   3 156 202  19  44 139 143 181 103 116  86][117 237 128 167 188  35  71 174  86 162 136 106 247  97 217 160  89 238
  76 111 121 178 205  62 248 143 173  52 188 251 208  32][114 169  42  90  25 213  82 236 167  21 140   9  42 210 110  84 201 250
 233 208  94  11 186 245 155 117 154 123  18   6 238  14][248 172  30 124  49 232 114 114 176  15 102  57  63 243   2  25 160 178
 237   2  58 233 130  39 211 227 112  81 226 193  78  10][ 84 249 184 103 184 140  87 157 226 169 142   8 215 241  72 114 132  86
 124  88 218  73 251  32 235 237  37  92  32 146 202  43][ 79  58 243  70  99 244 187  80 170 204 125 230 124 246 231 238  54 125
 182 222 133  17 174 224  22 109  43 170 143 247  45 245][ 29   7  82 103 180  26 102  49 124 160 123 192 211  97 145 244  50 228
  76 110 152 176  77  14 172 239  37   0 226 163 202  33][208  72 239 109   0  74 101  51  52 110 230  48  83  55 163 123  96 196
 108 168 105 215 161  10 213 163 242   1  33 240 100 122][ 72 171 181 245  41 158 105  55  45 173  78 212 189  39  16 247   4  55
 253 140 209 216 241 205 135 251 218   0   2 132 135  56][ 23 175 194   7 210 182 174 115  53 171  91 214  73  34 148 212  53 239
  22 188 181 152  13  78  60  46 175 196 175 230 171 148][100  59 218  82 202 237 127 222 179 159  44 189  20 231  75  26  15 218
  67 208  18  66 250  96 127 132  53 109 162 241 134 243][222 112  62 240  43  93  84  32 189 250 167  57 223  31   3 123 167 213
 253   2 108  69 187 192 211 243  91  31  34  53   7  83][214 230 197 193 152  39 111 184  55 182 227 215 195  99 217  93 125 204
 111 190 186 214 205  87 254 174 199 196 169 243  96  48][221  68 125 229  36  10 111  56 124 226 118  66 211  35 145 115 122 196
  62 238 233 244 101  14 230 235 227   4 109 176  96  32][172  97 123  97 118  74 107  48 113 160 118  26  83  21 216  48  58 220
  86 250  97 180 245  74 119 169  33  68 103 179  70 176][221 207 134 166 188   2  78 173  50 162 138  65 243  98  24 195 113 100
 104 239 104 197 137  47 184 166 239  84  12  50 249   8][101 120 149 103 100  47  98 152 107 250  51 108 214  81 201 191 145  68
 116 122 129 244 217  40   4 186  97  54 200 243  67 177][201  44 253 113 224 106 105  19 122 247  38  24 159  35 195  59  35  14
 110  28  49 252 161  66 204 159 119 100 192 224  71 232][172 196 188 126 137 108  86 172 246  23 173  25 230 121   8  27 153  82
 232  34 122 103  90  55 235 243  85  31  82  83 206  10][ 94 219 234 102 242 214 127 180  49 200 222 229 121 255 147  80  54 253
 189 238 201 155 184 238 250 253 175 128  47 183 174 123][152  44 215  55  67 248 112  66  57  18  99  89  47  59   1 155 163 171
 199   1  36 222   2 235 150 243  80   3 234  68  42 143][244 123 120 102  44  25  86 248  67 172 189 239  83 201 195  18 156 204
 196 102 204  35 204  42 242 201  37 189  97 187  94 195][ 88 207  67  77  19 134 111 231 180   4 238 128  41 167  32  84  98 190
 105 200  74 153  49 127 115 164   6   1  35 146 167 104][ 66  60 146 145 233 236 184  70 190 155  74  17 172 158  97  74 229  59
 187  17   2  93 210 194  29  22 154  99 144  92   5 155][ 56 169  24 106  57 221  82 205 239  57 172   8  63 211  64  48 128 186
 204  80  30  43 218  53 251 221   5 123 242   2 202 138][ 34 249 104 216 221 197 195 239 223  65 244  11  34 204  54  20 216 170
   3 213  91  42 114 255  61  28 133 123  81  12 246 254][ 17  69  75 205  20   2 111 120 100 192 251  70  83   3 177  96 122 204
  22 238 201 178 101 204 180 168 162 132 109 187 112  32][ 97 105 244 101 108 139 124   7 107 161  42 136 187   8  84  50   6 191
 125  17 196 120 197  88 111  92  21  48 103 144 194  12][ 41 255  82  13 246 159 230 246 125 232 126 237 190   8 150 132 182 110
  70 111 229 184  21  63  46 124  37 192  78 159 203 157][221  82 220 230  40  46  95  16  32 234 167 101 215  51 195  91 102 245
 125 110 136 197 193   8 210 235 226 144 172 243   0  49][ 87 105 202 162 242  58 126 208  57 224 255 207  95 238 255  26 254 237
  95 255 157 243 140 104 254 205  47 236 237 243 107 209][  5 239 121  67 246  91 255 252 111 232  61 234 211  93 215  32  54 108
  87 127 193  48  45 126 110  29 165 244 117 187  87 225][ 41 253  25 107 240 143  71 247  37 104 108  72  55  51 128  48  22 234
  86 110  91 154 120  61 237 140  37  96  98 146 194 233][162 253  42 216  92 197 151 239 150  72 208  10  48 220  52  32 220 187
  19 193 251  43 114 255  57  20 142 250  89   8 182 254][249 195  90  69  38  30 102 188 104 168 114 108 215  32 157 179  54  68
 108 110 197 176 133  12 166 169 101   4 105 179  75   9][ 74 185 146 242 233 217  48 199 175  25 110  32 172 183  96 214 135  59
 234  16  19  73 146 241 143 213  30 107 138   0 143 155][124  95 122 102  52  30  87 184 113 172 127 104 115 121 147 112  58 244
   4 106 232 176 105  47 114 239  37 129 103 187  94  41][ 62  80 100 236  13 119 212 120  69 230 213  15  67 125  63  45  88 212
 181 175 204 183 127 157 211 251 193 191 119 255 116  86][ 21  94  93 233 178 171  43 158  28  34  82 230 151  19 161 105  55  25
   6 120  33 148  81  60 204 134  55 196 188 217   1 177][116 115 137 171  60 141 146 216 142 125 153 237 215 204  91 128 220   9
 239  85 142  35 203  16 140 197  43 252 216  27  19 211][ 57  95  90 108 211 159  94 245  33 140 252 205 123 107  35 144  62 234
 197 110 200 171  80  14 250 237  37 153 123 190 234 153][ 91 221  55 222 173  21 207 182 205  74 222  66 250 126 181 231 204 242
  62 235 233  47  99 253 177 250 222 154  22 121 241  45][203   8 158 181   9 190  56  35 188 215  70  21 172 178  34 207 163  39
 120  12  52 205 179 192 199 251  90   3 138  68  41  78][200  26 254 253   0 236 113  23 240   7 102 149 175 167   2  91  96 164
 237   0  32 220 243  67 199 227 242   1  32 192 100 122][ 11 128 105 249 118 155 233 127  95 113  86 214 153 139 176  96 127 139
  55 141 147 188 103 215  78 207 186 196  62 136 241 249][194 100 209 228 240   7 109 222  26 178 152 250 189 247 105  19  95 221
  23 184  98  86 128  90 237 156 191 172 148 240  35 169][172 181 177 209 245 175 251  91  27 171 253  24 158 253  92  20 157  26
  87  25  50  62 120 223 109 158  21 124 210  72 194 162][ 61 124 251 103 118  90 107  80  97 224 127 226 115  87 145  48 126 252
  20 234 201 176  61  12 102 237 165 128 111 179 106 185][149 141  14 167 148   2 238 113  68 240 147  82 211  42  50  99 106 229
  31 227 253 185  45  12 248 227 239 212  53  42 249   0][197  77 156 191 172  34  95 191 172 242 158 215 213  43  19  75  71 199
 125 175 236 196 205  42 228 227 255 148 172 240 185  25][172 116 115  65 116  74  99 112 113 170 119 122  91 149 137 181 122 252
  86 234 105 246 160  78 119 248  33 132  99 177 102 161][ 33 237   2  37 213 143  70 119  94 236 106  77  50 160  50 144 152  46
  66 108 204 185  16  63 189  28   5  16  88  28 218 200][147 255  46  46  58 147 190 252 182 204 218 231 104 232 182  65 254 235
 223 231 230 139  15 253 120  37 175 137  61  54 185  93][126  83 227 172 195  18  78 120  17 206 211 231  75 231 185 220 126 228
 165 230 220 147 133 200 178 102 229 132 175 255  48  84][ 41 189  91 107 240 207 103 247  55  73 108  72  55 119  32  48  31 122
  22 104 115 154  24  63 237 143  36  64 120 130 194 187][ 36  86 173 191 136 107  29 158  22 183 216 177 247 103   9  75 221 243
  39 131  56 208  75  34 197 135 253 145 176 249 148 242][229 235 105 102 124 143  79 248  99 172  52  72 115  81 153  52  24 232
  84 110 200  54 108  61 117 136  37  60  98 179  86 233][ 62  16 234 206  85  54 218  88   3 202 221  35 120 255  61 120 252 249
 183 165 136 131  42 200  19 127 171 142 183 127 112  87][  6 188 154 145 248 164 184 194  63  27 248  48 140 186  68  88 239 155
  95 144  18  62 194 211 157  31  58 238 144  65  35 131][ 21  45 106 225 150 162 235 210  36 229  94 135 149  15 147  96  54 253
  29 255 146 153  37  44 236 141 171 192 173 131  17 217][136 174 184 113 176 191 121  23 123 191  62  17 159 167 194  24 167  47
 100  28 182 220 160  86 207 223  52  97 194 192 135 235][ 15 124 227  14  98 176 191 208 234 204  93 230 121 206 247 228 118 233
 151 207 135 147 174 235  18 109 171 170  15 247  47 245][221 120 249 101 114  30 123 152 121 226 118 252 223  29 211  59  54 221
  84 110 225 244 181  74 198 233  33 132 111 177  67 249][  2 254 255 229 238  74 181 119 200 186  88 227 148  61  84   3 175 117
 115  33 224 252 195  72  37   2 127 134  69 120 133 171][214  94 222 183 170  34 188 190 184 190 147 247 205 102 139 203  39  71
 253 167 228 197 143 234 152  35 255 135  44 245 171  17][236 124 184  98 173 125  87 150 115 191  52  24 159  29  89  59 137  92
 213  90 170 116 248 162 239 217  53  53 194 249  70 107][214 116 190 244  41 109  28   2 191 243 166  25 158 191  65  91 167 213
 253   2  40  71 147 194 211 243  91  63 128 113   7  83][ 34 160  80 129 109 205 232  73  47 181 177  27 140 138  86 152 234 137
 223 145  22 122  83 212 159 152 155 127  85   8 127 134][120 105 164 172  29 143  71 236 207 164 160   9 231 249  17  18 216 228
 108 107  72  99 218  61 241 219  69  57  80  63  82  34][  3 255  99   3 214 151 174 244  79  97 120 199 104 236 190 132  62 107
  19 223 215 184  60 255  46  28 143 224 127 159 251 220][117  64 107 101  20  10 111 120 100 224 255  66  83   1 145 112 120 196
  94 234 201 178 101  12 116 168 161   4 109 187 114  32][201  68 253 229  36  42 109  48 124 226 247  64 219  35 145 123 114 196
 124 174 233 244 229  10 198 235 242 128 100 240  97  41][ 65 161  57 161  48 204  75   7 105  97 234   8 183  18  16 240 128  39
 124  12 159  24 240  99 165 253  18 112  64   2 195 108][ 73 164 172 117  57 188 105  35 227  33 142  24 155 163  80 122  64 182
 120 136  28 216 241 133 207 255 210  81   2 128  70  44][197 173 153 233 176  36  79 154  22 152  80  80 149 163 233  75  87  95
  29 250  59  80 137 114 232 160 175 236 152 241  33  33][164 252 205 179 248 207 127 222  50 191  96 189  21 199  73  27 133  89
  67 214  50  94 218  50 109 130 117 236 160 145 134 243][222 158 222 183 170 178  60 183 190 183 150 245 237 103 131  75 103 119
 237 132  60 205  15 236 202 227 255 151 166 245 173  95][221  68 142 189  12  58  78 184 116 210 211  87 211 104  27 107 121 196
 124 231 237 245  79  46 224 227 235 148  44 249  56  64][216 254  22 184  27 236  80 194 183  29 224  57  47 179   2  89 161 179
 237   0  46  13   2  55 211 247  80  91 162 133  46  75][ 41 149  57 233 180 255 228 191  94 113  61  88 211  56  24 224 209  10
  18  56 243  56 121 151  47 223  21 116 216 138 208 160][146  90  54 252 102 134 190 100 157  12 210 103 108 223  53  65 252 253
  63 227 200 151   2 237 243 122 234 138  29  59  53 155][ 42 251  98 136 119 209 190 229  15  69  92 167  40 206 182 228 254 187
 147 197 215 186  36 253  62  92 142 235  31 158 253 223][ 65 185  26  90 121 157  48  87 251  29 100  28 172 210 102  20 166  59
 194  16  86  42 146 247  47 148  22 107  88   0 139 159][ 35  72 235 222 118 176 255 216  71  66 125 130 121 207 253 224  94 235
  23 203 195  34 238 235  38 125 170 136  55 243 112 236][221  18 157 229 160  44  91  16 160 234 183 108 215  55 201  90 166 213
 125 126 137  69 193   8 211 235 103 144 168 241   2  51][172 160 181  89 221 253 225 203 123 119  36  24 130 241  94  60 201  10
  98  24  51 110 250 211  79 222  21 127 210  12 222 246][ 18  90   7 172  70 134 174  98 156 130 210  99  60 219  33  65 252 253
  51 227  65 151   2 236 176 162 202 136  29  57  49 155][ 11 128 121 249 118 169 233  87  95  81  86 214 189 143 176 104 111  11
  23 157 147 188  39 213  70 223 186 192 190 136 113 249][218 212  63 245  46  30 189 172 188 122 147 179 221  30 188 235 167  85
 253  39 224 197  41 213 209 235 122 150  36  48   1  57][  7 124 235 222 118 176 191 216  90 194  93 231 121 238 191  32 126 235
  23 207 231   2 174 235  98  45 170 168  21 243  43 253][ 40 189  53 211 181 239 213 239 159  59 189  24 158 125  12  53 137  27
  91  57  51 233 120 255 233 222  23 118 210  72 195 162][230  95 234  94 122 176  30 248 149  12 252 247  96 230 175  84  94 242
 191 238 228   7 142 255  50  61 166 139  61 243 104 157][212   7  45 167 172 107  95 186  22  62 155 123 247 119  73  75 209  86
 125  43  40  65 201  61 225 163 235 148  48 123 149  99][206  30 190 188 169 112  20 139 159 223 151 181 206 254 231 203 195  71
 237  17  60  69 239 130 138 243 127 159 134 117 173  87][ 40 141 120  77 116 251  75 127  87  77 124 140  51  37 182  52  94 186
   6 172 155 186 101  63 110 255  32 192 127 202 230 248][ 17 253  51  28  23 219  54 231 244  96 234   8  62 152  32  48  32 174
  88  65 101 187  52  63 177  36   4  19 105  16 199  14][200  12 186 191 129 236 120   3 185  95  99  21 174 175  34 218 129  43
 173  21  54 220 146 227 195 247  90   3 128  68 237  90][ 82 205  74  92  18 130 111 228 181   4 238 129 105 195  38  80  98 236
  41 238 104 153   0 127 114 173 134   1  35 146  96  74][ 41 239 115  79 240 143 103 247 109  40 108  72  63 115 128  52  54 234
  70 106 211 184  40  61 109 156  37   0  98 146 198 169][160 225  25 217 126 197 133 239  30  56  80 106 180 208 100  32 217  27
  23 105 114  58  66  31 125   4 191 254  80   8 147 171][ 33 239  65  71 244 219 238 252 101 168  56 104 115  64 148 181  24 234
  86 106 201 186 109  61  38  88  37 180 111 186 210 172][ 60 120 185  96 101  93  85 212 107 254  52   8  31  29  65  59 141 220
 213  90 202 112 248 160 203 219  85  53 194 251  70 123][  3  54 146 152 243 184 173  71 185   7 104 176 172 182 164 220 183  59
 130 145  19 152   2  66 140  54  26  66 192  68 175 173][ 61 117 126 101 118  90 107  80 101 224 127  98  83  89 149  48 122 252
  20 232 141 176  53  12 118 173 161 128 111 178 114 177][239 221  96 206 108  17 223 248  87  66 220 170 121 253 191 100  94 208
 183 111 200  39 239 187 114 127 225 184  55 255  80 125][ 53 105 235 166 176   6 126 208  96 200 251 199 215 234 211  58 254 237
  95 247 205 243 140 104 248 205 175 196 173 179  99 209][ 73 169  49  35  53 205  99 166 104  69 106   8 191  22  16 112 176 175
  88  77  75 184 240  45 229 253   2  48  96   2  71 104][ 29 255 123 103 118 139 255 240 125 236 126 238 123  77 213  32  54 252
  87 111 192 176  45 252 126  12  37 164 101 187  87 233][ 38 200 216 190 108 161 222 232  15   2 121  10 253 202  61  64 219 201
   6  67   2  35  74 253  20 255 171 184  84 123  81 137][ 52 111 105 103 116  11  71 248  64 172 125 171 115  77 145  17  94 252
   7 110 200 178 108  44 116 141  37 180 101 187  86 241][165  54  87  85 100 126 236 112 125 154 119 112 218 177 189 189 125 188
  70  42 161 244  32 204   6 154 113 132  75 241 106 165][120 169  58 106  57 201  83 237 231 173 184   9  47 217  64  16 144 184
 204  80  94  43 202  53 251 205  37 123  98 138 198  11][ 35 239  98  19 213 149 174 237  30  65  73 199 232 200 126 132 253 107
 147 223 215 186  28 247  46  28 143 106 223  30 251 220][  2  60 154 154 215 236 176  71 190 145  74  19 172 190  97  72 227  59
 179  17  18 216 146 242  29  20  26  75 144  64  37 218][238 124 190 244 201 236  85 199 187 179 100  24  30 255  69  91 161 255
 117   0  42  86 146 226 211 251  85  43 128 113 199   2][111 176 181  81 217 125 209 206 251 119 164  28 130 245  79  62 137  30
 250  24  59 103 251  18  31 222  85 126 202  77 214 246][ 99 205 177 254 173  28  78 191 205  74 254  74 238  56  53 246 204 246
 126 203 205  43 123 249 179 254 222  26  16 250 240  44][170 184 187 240 125 237 177 199 187  31  36  57  14 157  68  24 137  27
 211  17  50 111 210 147  95 215  16 123 194   8 214 242][ 91 219 106 108 112 150 126 181  33 200 222 229 121 207 183 112 118 253
 149 238 201 154 180 237 123 253 174 136  47 182 106 121][  9 223 115  15 114 219 191 240 125 200 126 230 127 156 183 164  54 107
  22 111 197 184  36 127  54  44  36 130 111 158   3 221][ 88 184 152  48 131 201  81 167 187  53 164 185 175 183  66  26 129 147
 205  16  30  73 146  49 219 199  28 123 160   4 143  90][194  28 188 247  42  44 185  10 190 154  19  50 244  63   5  75 167 119
 125   3 160  69 203 234 197 186 122 146 132 113   1  11][ 88 189  54  50 145 172 116 167 175  55  42  29 174 187  66 144 167  39
 233  21 118 233  16 247 251 215  30  67 194  68 139  75][252 114   9 170  60  15  83 216   6 236 177 205 215  69  75  16 220 136
  77 119 138  39  89  30 249 193  33 252 112 187  18  81][162 249 105 201  92 201 129 239  30  97 240  43 178 156  52  49 200 186
  83  17 122  58  66 157  61  24 158 250  85   8 214 191][  2 189  30 177 240 237 185 195 190  25 106  16 156 182  96  72 229  59
  27 144  50  24  18 247 205 149  26  98 144  64 167 139][120 235  24 108  61 201  82 236 227 172 184   9 231 217  64 144 152 224
 237  64  74  43 202  61 251 213  37  57 114  42  94  42][  2 134 166 155  35 225 184  71 190  23  74 179 172 238  46  72 239  59
 163 145   2 220   2 243   5  22 218 139 148  84 165 202][197   4 253 101 164  46 111  17 120 234 127 120 211  33 145 122  58 228
 108  42 169 240 229  10 198 255 116   0 228 241  66  97][ 52  73 173 191 140 110  71 158  22 255   2 133 215 103  89  74 217  70
 109  95  26 200 219  34 237 167 253  84 176 123 148 122][112  70  99 237  54  10 111  48  33 164 254 226 115  71 149  84 126 188
  29 232 200 178 229 140 183 237 161 128 103 178 102 113][199 158 134 183 168  46  60 191 191 251 146 245 237 110 159 219 167 103
 253 133 181 205 207 226 136  50 255 148 140 244 169  85][ 73   4 253 229  36  46 105  18 124 106 126  80 219  51 153 123 118 244
 124  42 169 180 229  42 198 255 242 128 196 241  65  33][216 220 188 254   9 236  85  39 167  19 162  24 255 159   0  91 193 247
 253   0 106  77 211 181 219 243  86  27  48  64 133  26][ 71  63 165 151 168  46  45 191 170 251 154 196 220 118 223 111 167  71
 125 157 145 201 255  96 173  62 255 148 140 244 131 125][189 105  99 166  52 134  79 244 112 192 248  69 255 203  81  48 124 237
  93 255 201 242 216  46 249 205 167   0  41 179  98 232][ 33 157 105  77 116 235 235 127  85  65 124 198 113  45 180  32  90 154
  18 168 147 184 117 125 111  46 160 192 253 138 208 188][157  95 119  69 118 139 239 240 125 236 118 238 121  77 181  37  54 252
  87 111 225 176  37 236 116   8  37 128 103 187  85 249][ 36  77 107 103 116  75 239 240  64 164 123 238 115 101 145  16  62 252
   7 110 193 178 105  46 100 140  37 132 109 187  86 240][197   4 253 101 180  46 109  19 120 175 118  88 215  33 145 122  54 230
 108  56 185 244 241  10 199 239 112   0 196 224 194  33][245 197 105 202 204  17 207 248  86 240 189  10  81 232 254  33 123 192
  51 234 235  50 127 191 126  15 229 124 117 186 208 100][ 71 155 165 151 168  46 173 191 170 251 154 197 220 118 216 254 167  71
 125 157 149  73 255 224 141  62 255 150 140 118 161 125][ 43 165  67  64 213 223  66 101  99 225 237  12  26 209  84 180 216 172
  82  28  25 178 208 206  63  92 133 126 203 142 218 180][220  86 220 183 174 104  87 156 138 247 151 191 215 109 203  75  23 213
 237  99 236 101 207  34 226 227 109 149 172 251 141  83][120 251 120 106 112 137  83 253  99  44 252 109  55 211 200  16 158 184
 196 112  90  58 200  63 251 205  37 249  96 130 198  43][206  22 180 182 169  60  23   9 155 255 151 189 206 238 207 207 199  87
 237  23 188  69 235 162 138 243  95 219 138 127 157  87][ 35   8   7 188  76 134 168 103  20  10 208  66 180 155  49 192 236 187
  55 133  73 187  83 205  21  34 250 136  29  40  49 168][  2 180 154 187 210 225 184  71 190  21  73 179 172 254 104  72 227  59
 163 145  18 216   2 243 205   7 158  75 148  64 165 154][ 84 201 237 167 190  74  67 184 162 252 154  41 215 119  73  83   3  68
 125 126   8  64 235  44 237 227 101 212 164 187  20 115][220 107 168 163  60  13  79 152 230 172 151  77 247 193  91   2 144 100
 109  95 202  97 235  40 233 197 175 188   0 179  23  97][170 178 176 186 107 225 176 199 187  31 176 185  44 223 102 152 175 187
 199 145  50 111 138 243 223  87  26 235 211   4  39 203][ 20 189 189 243 157 255 215 231 255  49 172  24 222 125  12  60 137  19
  94  16  59 233 123 255 187 222  23  87 208  72 199  38][213  79  78 174 114   2 110  96  49 128 243 227 101 194 179  81 118 229
 116 238 236 151 141 110 178 162 170 128  37 179  42   1][ 18 219  22  89 147 148  60 247 172  89  78 101  44 183 164 197 166  59
 155 192  87 152   2 125  47  32  30 195  26 148 169 159][131 185  27  24  83 205 176 231 190  85  96  25 188 154 102  16 167  59
   2  20  86  56  18 119  95  28  18 106  88   0 163 218][200 180 155 186 153 228  16   7 187  91  97  17 174 255  96 216 193  43
 169  17  54  77 146 195 203 247  26  75 128  68 173  67][ 66 168 155 152 201 228  48   7 235  89 138  25 172 190  68 122 129  35
 123 145  22  73 178  97 141  52  90  75 128  64 167  70][120 251  88 106  48 137  82 252  35 172 188 109  63 217  66  16 158 184
 196  66  74  43 200  61 250 197  37 249 106 138  78  11][ 90 189  23 182 147 204  52 231 171  21  42   9 174 190  96 151 161 115
 233  65  87  73 146 245 185 242  94  75   0  84 167 110][ 11 128 239 251 100 169 249  84  95  81  87 214 189 143 252 105 111  11
  23 157 147 188  38 241  70 217 186 224 191 137 177 225][198  20 189 255 138 108 189  11 190 147  19 147 245 127   9  75 167 119
 121 129  48  68 211  67 197  34 122 152 132  97 133  83][134 178 156 155 106 229 176 201 158  31 209  51 220 222 104  75 247  25
 251 131  50  69 138 211  21  19  90 239 144   3 173 147][ 16 153  30 187 178 195  61 231 190  21  74  49 188 183  32  64 227  59
  27 128  82 137  26 117 233 135  62 195  16   0 165 219][ 93  52 155 228 160 108  89  19  41 235 190 124 159  55  65 122 135 213
 125  24 153  77 145   2 219 253 127 220 168 224 131  51][ 33 239  65  71 244 155 230 247 101  40 122 104  99  40 148 180  24 234
  70 106 221 184  77  61  46  28  37 176 111 154 218 172][165  18 222  85 236  58 228  25 253 218 115 244 211 248 189  59  95  20
 110  42 189 244 103  64   6 186 115 132 205 233 106 149][ 41 207  83  77 112 159 230 247 109  40 122  64 123  96 148 180  58  34
  70 106 209 184  45 125  46 222  36  64  83 138 202 173][109 176 181  80 205 221 208 200 203 241 164  12 138 156  87 190 137 152
 250  28  15 107 250 144  31 217  85 126 203  12  94 246][ 97 201 185 238 252  76  79 173  74  65 232   8 247 248  48 114 216 239
 122  75 205  42 250  41 241 253 198  56  16  58 240  40][ 41 121 184 101 101  77 119 148  75 232  60   8  59  29  85  50 140 208
  87  90 203  48 249 160 239 221  37  52  66 187  70 171][131  31 115  77 114 150 175 115 125 200 126 230 125 126 182 100  62 185
  22 238 225 184  36  79 102  44  34 128 111 160  33 253][ 90  43 142 156  11 145 144  71 171  21 132 173 172 202 102 158 162  35
 233  21  86  75 134 241 154  81  90 187  22   4 175  79][180 197 105 210 204 157 239 232  86  50 189  26  83 201 124  32 121 200
  51 250 122  54 111 183 127 207 133 124 117 187 240 160][ 65 164 128  49 149 237 104  15  58  57   8  25 166  32  80  16 129  14
  89  29  50 120 211   7 141  30  20 121 136  72 211 138][176   3 107 109 118  10 104 113  97 128 242 194  19  15 148 112 126 188
  21 172 169 178 101  14 247 237 162 128 101 168  98  40][ 65  20 255 229  36  46 105  19 124  11 126 112 151  51 145 122 102 148
  61   8 161 156 241  66 199 255 242 128 196 224  65  33][ 33 173  97  75 212 187 227 223  75 225 124 202  59 232 214 164 122 170
  22 124 151 186 108 255  62  12 165 100 255 206 218 236][232  56 183 252 233 236 117 199 187 159 100  24  62 247  69  91 129 255
 245  16  50  94 242 225 215 251  84  43 194 112 230 170][139  31 111  77 112 134 239 119 125  76 118  68 185  63 180  97 126 185
  23 236 225 152  53 255 103 187 170 128  95 128  97 249][ 88  57 187 244 161 236  89  23 169 203 142  60 159 191  64 122 164  55
 253  16  25  72 176 130 219 245  62 217 136  64 167  59][129  10  31 189  52 162  41  87  20  10 210  98 180  51 161  96  72  42
  62 136  41 158  65 239 132 166 186 128  20   8  48 169][220  50 188 164 168 124  93 152 154 255 150 157 223 111  91  91 151 215
 253 117 190  69 255 160 203 243 125 253 164 249   5  83][ 90 171 170 184  11 209 152  71 171  21 140 175 172 206 102   2 166  51
 233 149  86  11 134 241 218  81  26 187  22   6  47  79][ 16 168 191 251 169 232  17 198 187 159 160  56 174 255  64  26 131 123
 237  16  26 111 226 225 203 246  86 123 192  80 135 171][121 141 177 238 221 205  71 173  74  97 232   8 247 241  40 112 216 254
 124  73  91  58 248  61 253 253   6 120  80  10 212 170][ 43  35 104  94  93 189 200  92  83  77 253  13 235 200  95 156 220 138
 198  28 142  98 254 145   7 221 144  57 211 142  94 204][214  76 111  30  67 230  43  96 176 198 199 135  97 231  51  91 117 245
 177 239  41 215  60 110  81  35 203   1  33 119  39 112][124 112  51 106   9 212  87  64 161   6 173   8  14 215  37 182 160 177
 201  98  72   7 178 224 211 249   0  59  98  19 102  34][ 33 153 111  73 116 207 235 252  76 105 122  70 113  61 188  96 120  58
  18 104 147 184  53  63 109  44 160 192  93 138 208 184][189 109  71 229  84 135  78 240  53 192 230  76 115  67  81 181  88 232
  94 238 233 247 112 174 187 217 133   0 107 187 122 184][173  18 245 125 236  62 237  25 125 210 119 244 219 104 223 191  95 140
 126  45 189 244 111 128   4 250 115   4 239 237 202 149][ 49 207  74   5 116 155 230 231  69  32 250 234  99 104 150 160  58 162
  70  97 220 184  69  63  62  12  37 209 109 142 218 140][ 49 207  83  77 114 155 230 247 109   8 122 100  35  32 180 180  62 168
  70 108 193 184   5  93  54 172  37 128 125 162  99 173][136 160  19 184  89 229 177 199 190  21  96  25 188 150  96 152 161  59
  19 144  22  15  50 119  93 213  26 107 208   4 167 202][ 38 164 232 250 252  97 157 205  26 119 153 187 193 238  94   8 223 219
 215 145  26  98 202 243 127  87 191 255 213  90 183 210][137 188  26 177  81 157 161 119  62  33  68  28 181 129   0 128  44  58
 130  12 115 184  80  55 205 149  18  96  88   8 139 152][139 177 249 249 238 153 233  91  95  81  84 246 157 207 253 105 110  25
  23 157 195 180  38 209  70  89 250 236  62 136  49 249][189  76  95  69  36  31 110 248 101 226 183 206  91  67 189 245 127 228
 126 238 233 181 125  30 178 203  65  52 127 187  90 176][181 236 109 194 220 103 207 232  86 242 173  10 115 104 125  33 121 194
 114 255 106 111 127  63 125  15 133 124 245 251 112 234][ 57 149  89  77 208 239  71  55  36 161 110   8  83  55 128  48  16 190
  20  40  89 154 113  30 111 173  37  96 178 194 198  40][ 33 173 107  75 214 187 226 223  71 225 124 194  51 232 182  36 120 170
  18 253 159 186 108 255  62  12 165 100 247 206 242 236][113 147 236 237 252  34 237 191   4 249 218 231 209  46 158  99  94 206
  63 236 221 218 101  12 238 171 254 212 173 234 240 217][125  86 220 205  36  62  78  24  77 162 183 230 219 107 149 239 118 212
  60 110 169 181  45 138 150 235 227 148 127 251  72  53][105  11 120 101  48  47 105  51 101 232 127 108 147  19 146 112   4 132
 124  44 153 184  97  30 198 253  33 212 106 160  66  49][ 97  32 152  18 121 236  97  15  42  81 161  25 180 147  76  26 128 143
 121  25  19  74 210  65  21  60  26 120 136   0 219 154][220 240 253  97 130 110  51 152  58 179  39  24 223  23  72  59  51  85
 124 122  49 116 185  66 221 203 101 116 224 163 135 163][126  57  48 162 139 253  19 205 139 245 173   9  14 223  99 150 132 179
 253  81  30  11 250 176 251 213  13 127 146  71 143  83][ 16 135  31 187 154 225  61 175 182  21 203 177 245 247  40  65 231  19
  43 145  50 201  11 117 233 199 190  73 144   0 165  10][105 120 184  98  45 157  80  18 235 232 164  12 190 152  87 182 136 172
 220  92 207 111 242 160 203 217   5  58  74  12  90  30][126  56 180 226  45 221 242 200 207 253 181  11 142 221 103 190 170 153
 255  83  22  99 250 240 155 209   3 127 210  15  79 199][ 41 241 121 103 116  15 119 189  97 232  63   8 211  25 220  48  28 220
  84 106 201 176 249   8 103 157  37  52  67 186 210 233][233 107 145 101  36  15 103 180 121 170  54  92 147   3 193 151 144  76
  76 110 233 244 193  10 228 217 101  48  74 176  66  41][ 73 172 255 101 180  46 109  55 120 139 126  24 159  35 144 123 131  94
 108  24 177 252 241  10 239 255 116  64 192 224 194  41][198 240 153 186 234 101 187 200 158  50 129 153 212 222 105  75 223  89
 123 243  50  71 218  82 221 146  75 126 156 107  37 146][233 243  56 101  52  31  81  55 105 237  54  92 151  25  82  50 140 140
  84 108 204  56 240  13 231 249  48  52  74 128 202  75][185 109  71 237  29 222  70 255 213 192 228   0 243  81  17 181  88 224
  94 106 105 239 113 175 227 219 133  16 106 184 114 184][203 107 228 149 164 152 236 151 121  27  82 228 189  42 213 175   7 103
  93  93 231 216 197 224  46 122 254 128 142 212 219  13][129  91  91  77  98  14 111 112 100 200 118 228  51   3 161  48  62  44
   6 110 193 188  37  12 100 169  32 128 109 160  98 185][ 37 229 121  69 116  15 239  48  65 232 127  72  83  81 156  52  90 204
  22 110 217 178 125  14 111 141  37 228 101 171 210 225][ 92 209 187 246 202  68  85 152 178 127 103  29  95 247  74  26 149  87
 245  66  24  82 186  33 219 231 117 237 160 179 134 115][218 171  42 184  11 209 156  71 171  21 140 171 172 206  98   2 166 179
 235 145  86  11 130 241 242 113  10 251  22   4 175  79][108  57 250 101 244  78 115  48  97 168 127   8  87 113 129  48  28 252
  68 106 153 176 240  46 255 237  33  64  96 163  70 161][125  76 215 229   4  63  78  16 101 226 190  78  91  43 181 255  60 228
 124 238 201 181  49 200 243 255 195  16 107 251 104  20][  9  92 127 237  53 134 237 118 125  74 254   4 185  31  52  97 236  36
  31 238 233 189  49 239 103 251 242   0  95 128 112 184][ 90 188 187 240 147 228  17  71 171  73 142  25 190 159  64 114 167  63
 253  17  27  79 178 227 219 245  30 123 130   0 167 123][101  32 232  13 140  62 236  25 127 195 247 142 211 104 223  42  31 204
 122  61 157 112 255   0 142 174  85  20 237 235 218 212][104 133  25 238 117 207  99 107  83 105 233   8 255 209  40 240 152 186
  22   8  27  58 216 159 253 253  33 120  82  10 196 170][ 24 170 187 242  56 233  17 194 190 149 184  40 190 255  64  24 131 187
 237  16  26 107 234 115 217 215  51 123 192   3  39  43][  9  28  30 253  52 190 105  54 252   7  78  20 191 163  34  96  64  58
 186   8 176 156  49 174 199 175 186   1  26 136 185 168][233  21  56 115 113 156 113  55 105 105  46  92 158  19   2 112 132  52
 124   8 213 184 176   5 231 249  48  82  74 130 202  59][ 88 145  59 226 147 220  17 197 173  65  15  48  94 215 104 244 183  51
 221 144  19 129  58 228 251 197  26  75 170   2 165 123][  2 184 176 155 239 245 184 207 159  29  80  51 172 222 102 140 207  27
 147 145  22  94  90 241  13  16 218 235 146  12 141 223][113 145 109 165 180  14 235 189 102 225 218 197 211  44 154  98  94 198
 125 125 217 184 253  37 236 173 175 212  44 138 208 216][233 107 221  85 164  31 101 148 121 238  54 108 191   1 147 191 130 100
  76  78 233 252 225   8 230 219 117  48  74 240 202 105][252  92 123 104   1 116  87 194 241  66 236  24  26 223  37 180 144 248
 128  98 105  39  50 170 243 249   0  11  99 113 110  50][199 183 208   1 244  63 110 151 107 233  59 252 138  40 222 188 183 135
 252  61 149  52 221 210  46 124  37 246 206 214 203  21][173  53 249  67 244 239 107 159 115 237 125  56  19  55 221  52  31 154
  22  24 179  58 120 122 111 157  37 228 195 208 198 249][220 112 249  99 226  74 115 216  50 190  55  56  95  23 201  57  55 221
 237 114  32 244 169  66 223 203 103 229 162 179  39 163][124 121 114 224  29 221  82 196 203 164 180  11  14 221  99 180 168 241
 223 114  14  35 178 176 251 221   5  63  67  31  94 202][166 160 233 163 252  73 155 137  18 253 185 187 211 125  88  10 221 219
  85 179  90  98 235  18 205 197 175 253 245 107 150 243][200 156 158 249 177 236  57  23 190  27 118  48 188 191  32  89 167  59
 189  16  50 204 178 227 207 247 126 202 130  64 165  59][172 177 123 226 247 221 249 217  83 125 125  59  25 157 122  32 255 155
 151 145 146  58  60 208  95 221 134 239 247 142 246 243][ 94  17  55 250 147 224  57  65 173  69 139  51 108 215  40 238 166 179
 253 145  19 129  58 205 211 247  26 195 162   6 165 115][  3 134  62  48  48 188 120  39 253  95 126  21 174 168  54  88 165  35
 237   5 182 189  34 199 206 255  50 195 194   4 207  79][139 128 235 249 102 137 233  95  95  81  86 214 157 143 240 105 126 137
  23 157 131 188  39 209 198 201 186 196  62 136 113 169]