[109 117 185 103 237 109  71 152  74 250  61  72 214 117 217  58 145  84
 124  58 217 112 251   2 237 159 101  60 202 123 214 115][ 25 191 112  35 179 153 246 189 123 233 124 237 175 108 214 180  55 111
 196  79 199 184 236 255 174 220  37 234 111 134 203 221][123  94 111 204 126 178 107 114 197 200 254 230 121  71 183 244 126 228
  31 172 173 139  37 191 114 239 162 128  63 255 112 125][155  73  78 189  36 146 238 244 236  64 210 198 253 202 179 227  98 101
  62 239 205 129   7 237 176 107 234 128  60 191  57  12][223  75 198 164  34  10 110  16 161 132 214 197 207 195 179 219  38 229
 253 238 200 213 133 232 242 225 234 128  46 183  41  17][189 100  40  98  93  95  67 232  83 228 165   8  83  81  91  52  24 136
  80 110 108 118 125  31 243 201 129  61 114 191  94 226][181  81 207 173 172   2 111 220  32 194 210 198  81  86 185 123 126 196
  60 239 233 199  61  40 176 170 239 132  45 243 240 176][ 41 176 151  93 121  95 180 233 127 248 226  72 254 244  37 245 249 124
 234  32  65 251 251  93  61 190  71   7  83  32 103 174][118  68 214 182  79  40 236 202 251 178 187  26 207 234  93  90 107 197
 127 131  40 103 219 226 149 190 223  61 165 121 115 130][ 47 132  85  91 221  52 108 191  91  91 109  80 216 114 188 253 217 142
  50  56 179  26 250 215  47  62 215 110 154 200 242 164][248 252 180 112 173 253  85 198 251 254 180  25  47 189  65  27 137 246
 237  16  42 111 242 178 219 219  85  59 227  92  70 107][225 173 172  59 140 172 180 135 250 159 152  93 164 232  94  11 201 106
 107  21 246 104 202  33 237  11 254 249 200  88 219 139][ 34 174  32  27 121 249 154 199 159  69  88 169 171 236 166   4  11 187
 195 145   6  10  78  63  46  22  13 251 215 206 143 222][239 181 165  86 189 127  71 173 115 251 191  56 218 124 220 190 153 214
 252 123 249 102 235  62 171  95 101 254 194 119 222 101][134 138 174 187 140 131 188 239 158  23   2 151 164 236 118  11 175 107
 235 149  54 236  95 247  12  82 223  75 149  92 189 206][ 60  83  90 110  81 134 118 112 165 136 253  79 123 211  41 144 120 248
 199 226  72 147  24  12 243 233 161   9 123 179 110 146][254 188 180 248 237 253  80 202 219 187 180  24  10 189  68  31 201 210
 255  18  58 111 250 179 219 219  85 127 211  89 214   2][188 255 119  79 186  95 127 252 127 174 255 104 251 119 140 181  55 221
 238 234 225 240 105 127 255 255 101 132  99 243 198 161][ 67 175 138  10 186 183 186 223 190  13 206 229 237 234 182 192 247 111
 235 149 150 139 143 127  62 117 175 201 140 214 171 205][ 87 219  19 174  57 204  18 232 175  72 203 105 246 214  40 246 212 245
 124  99 203  67 170  61 177 176  75 186  16  59  37 127][169 249  18 216 121 157 112 117 175  24 100   8 174 147 226 181 132 184
 194  88  70  27  50 213  31 216  16 107  90 136  74 141][169 141  97  73 244 139 239 191 125  96 122 200 179   9 148  53  94 170
  86 110 249 184 101  63 108 220  37  64 119 136 210 172][219  93 111 236  63 214  31 244 213  72 214 163 123 221 183 101 222 245
 191 111 237 139  36 175 243 251 238 155  54 190  52 127][172 116 181 243 173 111  69 218  95 186 185  88 222 113  73  45 153  90
  95  42  41 118 123 178 197 222  85  54 194 121  81  34][117  70 237 239 142  34 207 184  80 178 147 194 211 105 153 107  95 197
  61 239 249  98  93   8 224 174 239  28 181 251 240  32][248 188 190 116 169 220  85 103 187 191 164  25  47 191  66  27 161 183
 237   0 106 111 162 163 251 251  84  59 226  84 135  75][ 34 177 160 131 221 205 176 207  43 245 232  11 172 188  92   0 217 155
 243 145  18  58 218 241 173  84 159 127 192  14 215 218][109  80 253 117 237  78 245 152 251 251 183  24 219 252  93 123 129 213
 121  11 197 103 251   0  87 251  85  28 193 121  70 115][193  62  31 181 162 174  52  55 188 251   2 116 189 178 128 123 167  55
 108   1 181 220  17  78 140 178 126 194 136  80 131  25][221 124 255 101 162  74 111 178 120 234  62  96 219  55 145  51  55 244
  92 106 225 244  37  46 228 171 101 132 101 241 195  33][ 45 239  65  79 212  31 230 188 117 160 104  76 227  64 157 180  24 200
  66 110 201 176 125  61  47 156   5  20  91 187 210 164][ 95  92 107 100  33  86 127 240  53 206 214 165 123 191 183 117 246 245
 253 238 237 151 181 238 243 255 207 130  46 247  38 127][205  84 215 101  34 106 103  24 121 234 118 236 223  55 129  63  54 212
 108 122 161 244 241  72 228 250 101 132 234 241   3  49][ 22 166 142 171 250  35  58 217  54 191 215 243 213 231 202  89 127 221
 255 182 176 211 207  86 220 167 239 205 165 227 175 129][236 225  90  97 240 202 103  49  96 172 103   8  19 131 194  16  16 140
  68  90  90 250 224   0 239 233  37 117  98 130 198 226][  4 165 212 147 223 169 236 235 191  49 187  26 206 234  88  12 107 139
  78  24  50 121 203 215 156 150  31 117 213  74 217 128][ 22 164 236 183 138 194  61 233 182 247 133 147  93 111  74  91 119 247
 249 181 124 193  63  95 218   7 223 213 165 228  47 210][163 203 112  72 109 217 212 101 207  92 244  12  42 136 182 181 200 160
 198  76 206  43 102 253  54  88   2 123  91 140  90 204][109  52 149  61 169 127  22 154  58 250 172 104 214 119 201 187 145  70
 124 126  61  68 251  42 237 251 101 190 202 245  66 115][ 56  72 152 190 137 141  84  67 159  14 224   9  47 219  35 208 136 171
 231  20  78  15  82  59 243 255  20  57 114  60  72  10][  3 197 210  30 215  52 172 239 127  91 122  86 200 234 190 165 255  75
  54 141 183 250 142 225  62  62 222 206 207 212 235 141][167 106 230  95  76  31 174 252 214 226 242  78 243 200 191 111  92 108
 122 111 237 247 223 186  52  58 199  60  93 255 120 148][121  48  12 101   1  94  65  20  97 101 231  28 131  17  18 124  72 140
 104  12   9 190 241   5 135 249  80  81 107  12  74 126][220 212 220  71 162 123 118 216  49 178 191 250  91 127 205 159  63 212
 206  98  97 117 137  98 118 203 101 183 239 243 202 147][ 88 188 189 178 169 237  85 159 187 251 160  24 191 247  64 123 133 247
 125  16  59  79 250  49 217 243  95 126 152  80 135  59][245  80  23 204  77 118  70  96 205 138 227  66  66 242  37 255 248 228
 106 106 105 167  18 206 145 186 194  26  26  59 120  36][ 31 251 239  71 246  26 239 223 107 233 126 230  89  45 221  50  62 207
 117 223 209 248 173 232 126 111 231 132 239 247 242 249][ 90  51  78 173 122 130  57 119 166 132  90 163 237 199  32  64 102  61
 239 193  66 153 131  93 212 165 170 137  36   2  37 251][252  86 211  71 226 106 126 248  49 162 191 241  75 119 201 159 127 212
 205 226 121 215 201 106 246 199 101 135 231 243 174 177][220 117 245  85 170  90 175 184 124 242  18 242 253 119 201 235  55  87
 252 250  97 213 175 110 239 163 111 132 167 241 165  49][ 16 143  11 175 150 195 111 245  20   4 218 231 247 103  32  64 126 122
  23 238 104 152   9  63 225 167 175 128  52 250 181 120][162 248  36 156  13 221 144 236 142 108 208 175 170 220  54   0 200  57
 255 199 206  47 119 253  17  16 154 187  85  28 116 223][ 56 255  24 106 240 143  86 255  49  12 104  77  55 123  32  16 157 251
  69  98  90 154  88  63 251 197  37 105 120 146 198 155][ 11 245 125 249 246 157 237 255  95 121  95 246 189 255 248  96 127  11
  55 157 211 120 111 215 110 223 191 228 190 152 209 249][111 161 165  68   9  77  89  57 219 246 165   9 250 253  94  55 157 196
 121  44 200  71 251  25 219  90 197 126  66 174  86 118][104 185 248  99 100  77 113 149 107 185  52  40 191  53 192  58 134  28
 117  88  19 120 251  49 207 217 117 120 194 130 198 187][238 106 240  66  79 121 218 200  75 180  53 154  10 205  87 190  43 216
 194  82   6  38 238 242  31  92   5  63 247 255  78 228][213 239 204 183 182 138  86 165  54 162 202 163 247 104  27  64 113 230
 125 231 108 245 205  62 250 231 237 145  36 250 152  10][181 236 109  95  92  83  71 236  82 246 228 154 115  64 219 117  91 200
   2 234 110 118 111  63 126  11 197  61 119 185 126 236][ 40 129  87 205 121  95 241 105 239 168 242   2 252 151  36 244 234 189
 238 160  65 187 115 221 151 190  83  19  83  10 101 168][124 184 189 254 137 237  85 222 187 251 160  24 255 247  72  58 137 251
 125  18  27  75 250  49 217 211  85 122 208 112 135 114][ 19  43 208 169 186 155  92   7  15 169 152 237 143  42  67 220 199  43
 204  21  94   8  65 152 170 212  29 183 158 220 137  13][125 105  10  44  61 159  66 104 239 224 172  12 231 216  51 240 208 228
  92 111 205  35 218 159 178 221  11  58  88  47  91   6][ 15  61 251 243 254 164 233  91  59 251 125 246 157 255 221 106 111 255
  55 157 179 122 238 194  94 255 255 236 167 201 227 241][ 65 128  20 124  75 201 176 104 239  81 224   8 190 186   4 244 162 157
 106   0   5  43 194  85 149 250  82 127  88   0  11 142][218 203 206 165   2  66  29 232  22 212 214 163 125 111  43  66 126 213
 191 231  72 215  11 205 248 227 239 133  37 162  53  91][ 84  60 149 165  58  75  16  43  61 226 178 233 159  55   1 179 167 149
 236  33  61 205 211  14 152 210 111  30 232  32   7  17][253  69 125 231  52  10 111 184 117 226 119  66 211  99 153 113 122 196
  62 238 233 180 109  46 230 235 227 132 109 187 112  32][200 148 189 117  50 234 113  55 116 103  70  49 183  55   2 120 131  62
 237   0  49 220 241   7 207 231 112  65 160   0   6 123][147 242 103   5  38  27 173 252 251 118  19 247  73  76 222 175  63  69
 119 239 229 245  45 245  20  10 255 134 111 181  51 253][ 94 207 150 190 179 150 126 182  49 135  78 165 109 231 171 213  55 247
 173 198  96 217 137 239 186 231  95 131 162 244 175   9][ 86 153  91 224 178 206  58 182 175   1 106  96  60 183  32 112 166 127
 127  82  19 153 145 125 255 165  46 194 168   3 167  59][128 182  17 177 178 235 176  71  30  59  82 114 148  51  64   8  39  27
   3  17  51 220   1  86 140 134  58 102 152  72 129 171][ 50 108 214 116  53 232 224  70 235 131 168   9  46 187  85 158 168 237
  77  16  46 225 128 232 176 212   6   3 193 113 123 138][165  78 196  95 110 115 239 104  85 242 245 242  81  98 183 111  91 228
  54 238 233 246 111 250   4  42 243 132 127 249 120 132][ 77 247  25 163 184  79 119 184  58 236 191 236 223 119 203  48 151  93
 204 102 193 240 249  30 237 215  37 180  72 242   3 113][ 20 217 220 185 138  66  23 175  54 151 230 163 149 191  96  75 107 215
 111 210  90 205  91  48 237 227 127  69 181  16 165 154][229  44 243  87 100  46 107 152 121 162 127  80  80 227 221 126 123 236
  98 250 161 212 253 234   7  62  67   4 199 243  98 164][167 239  68 154  84 147 138 232  22  69  88 199  96 200  58   0  89 106
  19 117 182 170  14 191  40   6 143 236  93  15 120 212][ 34 168  17 145 109 205 176  66  14 185 144  26 132 152 112   8 201  25
 115  17  18 126  83 240  13  20 155 126 208   9  17 138][220 152 220 255 186 106  83 152 182 158 183  48 247 119   9  91  51 213
 109 242  40 193 139  63 201 227  99 213 160 161  37  35][178 201  42 184  29 209 212 103 151  76 240   3  32 156  54  64 200 185
 155 209  94 171 114 157 187 213 142  91  17  12 244 222][218  48  82 160   3 102  16  75  61  59 227 186  78  30   8  89 254 157
 253 160  56 215 145 194 147 225 155 199 161   1  39  19][154 184 186 186 215 229 184 207 191   7 208  19  44 223  42  72 251 187
 147 145  50 143  26 247 219 215 154  75 146  68 165 219][240  67  23 172   8  74  71 104 161  10 226 232  70 198  32  83 216 245
 108  98  73 135 130   9 177 242  64  30  80  50 102 117][ 87   6 102  24 126  50 248 120 249  86 119 183  73  78 191 125  63 133
 215 181 182  71  47 221  18 122 203 206 183 165 123  85][232 164 189 101 164 110 113  55 120  63  54  24 151  49   8  59 129 134
 108   8  58 252 241   3 199 251 112  81 192 192 198  42][ 80 163  10 168 184 225  57  75 166  13 207 161 149 135  98  80 230  31
 239 148  26 139 131  85 217 225 170 201 160   0 165  83][129  96  95 241  98 136  57  23 236  17 114 112 157 131 128 123  34  47
 110  28   3 220 135  65 196 184 122 192   8 128 161 169][ 52 237 223  99 240  43 110 220  50 178 171 200  83  99 201  26  63 222
 100 250 121 210 201  34 252 142  37 100 225 243 194 160][189  13  98 250 212 147 202 113  85   0 117  22  67 202 182 113 120 168
  22 252 188 183  44 158  58 235 163 200  63 175 120 132][144 199  14 190  26 130  30  40 148  20 219 167  97 238  42  65 126 241
 175 226 104 133  11 253 240 227 235 137  52  43  37  81][104  49 253  97 224  78 121  29  41 189  63  40 223  55 200  59 134 213
 125  56  16 112 241  64 207 249 117 196 224 130 198  51][ 66 235 110 158 124 153 255 103 173 140 156 173 172 204 182  16 166  35
 223  69 198  43 162 253 254  25  46 251  84 134  23  79][ 77 244 149 165 185  28  76 190  59 251 154 108 223 115 136 246 151  71
 124  60 163  64 219 197 172 254 111 246 138 244 131   5][109  96 188  99 109 111  83 152 115 191 181  24  95  89  75  59 153 212
 124 122 138 102 251   0 219 219 101  61 194 251  70  99][ 80 181 151 252 187 232  53  79 190   1 170  56 190 183  64 118 163  51
 104  16  51  73 146  71 249 182  30  90 128  64 167  43][ 45 239 104 111 124 159 207 184  71  40 252  76 243 104 151  48  88 200
  70 111 207 186 109  63 238 253 165 188  95 187  90 136][220  16 190 241  42  67  81  24  54 189 151  48 215  87  72  91  82  21
 125 114  56 197 233  20 203 227 123 213 160 161  37  99][108  48 176 225 173 109  81 154  27 187 177  25 142  29  77  27 201 145
 253  16  26 102 219 144 207 219  81 127 210  73  70   2][ 39 173 161  91 252 183 175 239  94  91 121  86 240 108 188 165 221  74
  18 189 179 122 127 255  45  30 159 108 213  76 242 252][188 174 231  95 206 235 237 255 118 191 118 178 113 103 156 109 121 254
 103 152 186 252 111 127  77  42 247 196 231 224 244 232][185  96 225 101  36  11  73 120  81 224 246  74  91   9 213 180 122 204
  21 106 201 244 245 136  70 217 225  36 103 186  82 168][116 255  91  74 226  75  87 252  96 136 249 104  83 211 237  48  62 248
  70  98  73  35  10  61 112 136  37  60 113 251 230 177][ 53  69  69   7  20  31 110 184 100 224 235  76 211  64 153 244  88 196
  90 110 237 178  93  30 164  42 129  20 105 187  88 132][ 87  23 195 133 178  42  46  27  56 227  75 231 221  38 155 122  55  79
  61 191 149 208 157  74 164  46 175 132 172 247 161  85][121  95 111 110 126 178 207 242 225 200 252 230 123 237 183 245 126 230
 117 239 233 171 166 255 114 235 226 136 111 247 114 249][ 35 162 101  25  93 151 168 111  94 113 210 198 160 136  22 164 221  11
  50 157 151 250 119 213  13  30 154  70  93  12 249 220][199 156  23  82 224 230  37 167 185  87 107 244 212 119 140  31 135  87
  96  16  51 220  59 119  12  58  86  70 136 209 163 125][132 245 190 250 251 205  55 221 159  93  53  61 124 215 106  19 151  27
  87  16 114  77  58 119 235 145  37 123 208  90 135 243][208 210  14 189  40 130  89  55  54  21 194 181 183   7   2  81 230 133
 237 133  90 221  67  21 208 227 186 209  32   0 173  75][239 181 245  69 173 123  84 154 123 251 188  56 218 124 223 191 147  94
 124 120 191 112 239 178 174 223 101 247 206 245 218 101][224 172 252 112 237 237  84 207 219 187 180  24  22 189  69  27 201 243
 127  16  58 111 242 241 219 154  85 127 208  88 214 138][188 236 101  95  79  91 133 236  86 246 164 154 115  84  15  63  73 204
 226 234 104 118 127  61  45  74 213  53 115  60  86 238][229 121  44  30  77  31 206 252 222 242 240  76 243 232  31 227 220 108
 122 111 237 103 223 185  53  59 199  60  88 127  90 156][ 40 189  89 107 240 143 119 255  55   9 104  77  55 115   0  16 157 251
   7  16 123 186  88  63 111 207  52  96 248 130 194 155][105 124 149 101 169 123  84 159 123 250 188 104 159  53 193 190 131  84
 252  56 173  72 231  24 238 223 117 182 202 244  74 125][ 47 245 129  71 253  31 199 188  83 232 189  76 210  84 221 182 156  76
  84 126 223 114 249  62  45  28 165 244  74 191 218 245][118 108 210 182  79  40 236 202 187 182 186  26 207 234  93 218 107 197
 127 131  40 103 202 226 149 254 223 189 165 121 123 130][212  79  14 191  12  34  78 184 148  22 218 151  81 107  59  75 124 197
  47 231 104 197  75 175 240 227 235 148  60 251  60  80][ 93  61  60 231 176 158 127  48 172 248 143  12 223 119   3 114 166 253
 253 110 197 193 249  44 243 233  47  52   2  51   3 115][148  79  79 175  22   2  79 252  36 132 218 230 119 103  33  65 126 228
  29 238 104 145   9  45 240 161 166 144  36 187 180 104][ 94 223 255 117 178  98  63 183 188 206 126 228 253  55 131 114  39 119
 253 194 240 217  33 110 227 167 111 128  32 241 165 123][109 125 241  71 228 126 103 152 123 234  61 104 214 117 221 182 151  94
 116 126 145 112 233  42  47 156 101 180 206 251 210 117][ 45 255  64  15 252  31 198 253  70 168 248 237 227 104 158 180  92 206
 198 126 223 186  77  61  46  93  37 244  89 254 218 157][104 181 168 226 253 237 210 223  35 169 249   9  18 253  92  16 221 155
 215 145 154  58 216 147 127 221 189 255 209  74 214 211][103 132 132  91 205  61 192 138 223  59 173  24 202 248 127 254 217 194
 106  28 190  99  95 243  30  94 215 125 219 125  90 132][ 92 126 254 102 162  62 127 176  41 174  63 237  95 119 201  27  55 117
 253  98 192 213 169 106 243 239 101 134 230 243   7  51][ 65 251 149 165 184  30 108 191 123 249 162 108 159  50 196 246 135  69
 124  44 197  88 225 205 174 250 103 150 138 244 131  13][219  72  87 156  44  18 110 112 237  66 210  70 253 202 177 239 226 229
 126 207 237 133  39 233 146 123 234 128  62 181 121  13][197 112 211  69  98  74 107  20 121 234 118 232 219  55 149 188  54 220
  52 122 129 148 245  74 198 174 101 132 238 243  66  49][200  47 245 101 170  90 109  59  52 174 214 224 217  39 145 231  39 213
 253 168 225 220 229 206 207 235 247 132  38 224   5 121][120 248 149 250 233 205  85 222 187 251 160  24 190 247  64 190 129 251
 253  16  27  79 250 179 249 247  85 122 146  80 134  59][ 97 161  50  82 101 253 225   3 237  85 103  24 174 136 126  60 136  42
 106  28  22 168 182 229  79 248  18  72 194  12 211 204][220  93  87 190  11 210  22 228 148 198 203 163 127 247  35 193 114 245
 173 102 108 135  44 172 242 227 100 155  54 255  37  83][105 112  17  68  45  93  64  88 235 248 165  76 174 208 196 182 128 132
 248  74 199  99 250 145 147 216   1  58  74  47  74  53][ 72 166 181 213  42 122  41  51  60 174 146 248 157  39 128 243  39  53
 252 136 161 216 229  76 205 179 123 144   4 224   7 121][ 72 241 249  97  96  76 123 144  43  49  63  40 159  23 200  50   6  92
 117  88 131  56 241  64 207 249  37 228 102 130  71 179][101  80  23 220  77  84  82 104 205 202 243  74 106 250  37 255 216 228
 110 106 109  39 178 200  19  58 194  27  24  59 120   7][ 37 111  12  45 156  31  78 184  84 224 200  77 227 104  19 144 216 236
  74 111 237 162  93  63 172  28 133  60  88 191  90 148][161 206 119  93 116 143 231 244 253  58 114 112 246  17 176 183  38 100
  94 110 225 253   1 255  36 186 101 144  82 185  67 169][231 108 247  85 108  46 235 210 251 130 114  82 112 226 213 127  99 108
 114 202 161 247 190 234  21  62 211   0 199 241  99 172][ 40 217  56 250  29 205  87 246 198  12 228   8 182 209  34  65 200  58
   2  66  74  43 122  61 227 249  16  59  82  24 244 171][ 61 115  18  46  57 151  86 120 165 136 249 109 107 211  41 145 220 248
 204 102  77 163   8 189 242 249  33 154 122 183 106 147][ 95  88 255 100  34  86 126 240 113 202 246 129 123 191 183 115 254 245
 253 238 237 211 181 232 243 251 231 130  47 247  98 123][ 61 243  97  74 115 215 215 248  83 236 117 236  27 221 222  52  28 248
 150 110 203  50 252  61 115  73  37 190 119 158  86 245][250 188 182 118 137 253  84  71 187  31 164  25  46 191  70  27 161 179
 237  16  58 111 146 225 219 211  84  59 194  68 199  75][ 27 175  14 171 152 135  62 253  54 172 202 197 229 234  58  64 244  47
 111 245 190 153 157  63 252 229 175 192  40 134 169 216][122  95 119 236  47  86  95 116 213  78 214  35 106 221 183 101 254 245
 191 227 236 135  33 255 243 251 202 155  55 190  52 111][210 176  82 161  67 102  56  67  61  59 243 187  12  22  12  89 239 159
 255 176  56 223 145 194 159 242 218 199 161  69 167  19][246  68 222  70 194  50 126 232  49 178 171 186  91  99 205  59 127 213
 108 226 108 215 141 106  58 142  69  21 227 243 234   0][118   3 102 136 206 114 248  73 173  84 219 131  72  78 191  90 126 133
 247 181 148   3  39 212  22  42 203 205 181 167 119 213][108 113 181 116 237  76 245 152 235 250 179   8 222 253  89 191 136 213
 125  75 193  99 251 128 215 251  85  62 195  55  70 115][ 20 255 119 103 242  75 239 248 127 162 251 232  91 255 141  49  63 253
 110 234 233 241 169 127 191 238 101 132  97 179 231 177][ 26 115  70 173 122 130  57 119 165  12 222 231  45 135 162 196 102 189
 255 196  66 153 131 221 214 161 170 129  62 132  45 153][ 44  48 188 225 173 109  80 154  75 189 181  24 142  29  77  26 201 153
 253  16  26  98 219 144 143 217  81 127 210  73  70 130][  6 164  84 211 255 169 248 235 255 177 185  26 206 234  92  12 187 131
  95  17  50 105 203 214 157 158  31 253 197  75 211 129][172   7 108 125 236  51 221 107 213 150 183 179  67 105 155 139  91 134
 239 163 188 231 111 142  82 107 241 149 247 252 254 194][ 20  23  29 173 186 139  79  61 164 236 143 236 215 103 137  80  54 176
  93 110 121 128  65  28 224 161  41 144  60 242 129 113][ 56   9 152 190  25 221  84  71 159 142 225  25 175 219  34 208 200 171
 207   0 110  15  82 187 243 245  20  59 114  78 143  10][ 12  50 211 199 227 122  49  24 171 239 127 100  76 247 207 206  55 108
 166  58  19 208 187 192  14  87  99 166 170 231  77 247][ 64 175  19 127 178 200  55 167  62   5 110 160 189 183 128  84  39  59
 238 128  82 152 163 103 253 166  54  75  34 130 165 105][ 83 255 235  71 182 154 239 247 107 233 254 230  56  44 214  52  62 207
  93 223 223 185 173 111 126  44 175 224 109 210 227 253][212  34 174  52   8  60  80  75 161 183 131 153  67 236  91  27 161 133
 105 167  44 103 187   0 211 227  81  29 225  97  38  70][  9 181 125 249 246 153 233 255  95 113  94 246 157 255 248  96 127 139
  55 157 211 248 111 215 238 207 191 228 191 136 241 249][105 177 151  76 121 223 176 105 239 216 224  72 252 242 100 244 216  61
 234  64  71 107 251 221  31 184  67  63  91  38 107 174][ 45 104 148 215 173  63  68 200 219 187 181  24 202 241 221 191 137 192
 126  10  45 103 219 176 143 218  85  63 202 249  74  36][111  49 161  64 125 221 217  88 107 249 157  13 142 221  92 188 156   8
 253  93 155  34 250 208 159  93 129 126 206  15  86 118][152  60 239 101   0 110  97  19 116 226 102  68 147  53 129 123 124 252
 121  40 169 244 241  10  71 239  97   0  97 225  86 242][ 52 255  91 102 210   3  71 252  48 162 249 238  83 119 169  48  62 222
   6 106 105 179  13  62 120 140  37  44 125 243 226 177][220   2 158 253  56  74  89  24 182 188 182 161 223 199   1  91 214 245
 237 240  40 197 203  28 203 227 107 213 160 161   4  99][130 184 176  27 219 217 176 207  23 119   0 185 172 158  70 140 143 155
 211 145  54  92 123 247  15  22 156 119 215  12 143 222][223 104 198 180  34  26 126  16 169 194 151 197 223 194 211 223 230 229
 253 255 141 197 133 232 146 251 235 128  46 247  43  21][119 251  18 174  57 141  86 184 175  72 137 109 239 214  43 244 212 249
 124  99 207   3 218 189 177 241  43 186  24  55  11  21][  5 207  95 119 180 138 111 188 116  10 126 224 243  97 153  96  19 100
  44 110 225 180  45  47 236 175  37 192 108 187 208  33][189 100  96  70  93  23 203 120  81 160 245  78  83  73 157 165 120 204
  86 234 237 182 253 142 114 233 161  60 111 175 122 164][148  92 159  85 158 234 165 170 254 182 162  48 241 112 133  43 105 116
 104 162  97 237 109  46 137 162 119  20  65 113 101 168][156 166 204 163 178  35 107 184  54  55 215 247 217 103 218  73 119 221
 127 254 186 212 205  87 206 167 239 196 165 227 173 209][  3 133 174 154 221 148 236 239 239  21 217 151 201 232 126  66 233 203
 114 149 150 106 222 209  60 123 222  76 221  68 251 196][221  77 127 231  54  10 111 184 117 226 247  66 211  99 153 113 122 196
  62 234 233 180 125  46 246 235 231   4 109 187 112  32][ 57 191 106  49 246 155 254 255 118 105 124 231  57 173 154  16  63 202
 151  93 151 186  44  63 126  79  53 229 239 140 250 217][162 250  36 157  45 205 152 236 142 120 144 171 174 156  22   1 204  49
 255  69 202  47  67 253 145  80 154 187  85  28  21 219][172 243 122  97 112 203 115 244 112 164 246  57  19   5 202  16  24 156
  70 122 106 246 225  22 119 137  37 117  99 152 198 226][222 206 140 183  56 170  30 176 188 182 130 181 239 103   3  67 247 117
 237 231  40 197  73 190 232 247 239 149 164 245   5  65][151 205  14 187 156 147 142 236 150 242 218 199  65 200  51   1  89  42
  31 103 238 173  15 191 160  67 175 212  61  63 184 220][  1 202  27 251  32 172 105 150 254  25 114 116 189 131 168 121 167  59
  62 220 131 220   3 113 196 187 122 192 136 145 161  41][ 90 205 198  30 211 146 124 231 179 145 106 129 108 227  36 215  99 239
 161 204 118 219 158 237 123 119 214   3 162 246 174  12][126 126 236 184 235 113  30 202 138 254 156 175  76 254  99  26 167 247
 253 211  12  67 170 178 251  71 111 191 180 117  47  83][ 45   6 172  85 188  62 237  27  84 191 255  80 211  96 159 107  93  70
 126 188 188 240 109   8  78 191 243 148 195 233 216 229][214  78 108 167 170  34 127 156  22 166 150 183 245 111  19  75 126 245
  61 231 236 213  77 238 246 227 239 145  36 243 181  81][166  97  16 128 109  13 200  77  11 160 177  10 134 152 125  24 216 137
  83 115  74  50 218 208  61 152 143 126  81  26 210 130][ 41 239  96  47 116 159 207 182  87 172 125  76 243  41  19 144  88 238
  70 111 202 184  77  63 238 221  37  52  90 159  90 200][ 47  45 255 241 244 168 233  91  63 155 125 146 157 255 212 106 111 255
  55 157 147 120 231 194  94 255 255 232 135 201 227 241][ 47  30 255  87  99 254 179 144  59 223 127 229  88 119 239 254  55 124
 182  30 135 212  46 226  78 127 115 134 202 255  79 245][ 23  55  74  65 210  62  46 121  57 168  95 199  73  34 222  20  55 207
  84 190 213 208 141  78  62  15  45 196 175 231 171 149][199 187 237  21 166  18 172 187  86 127  86 247 209  44 222 235 111 206
 188 207 255 252 239 161   6  43 253 196  47 173 216 213][ 53  65 115 229  54  10 111 120 100 224 255  66  83  65 185  96 126 204
  22 234 201 176 101 140 244 232 163 132 109 187 112 160][ 88 146 188 241  40 110  89  26  54  63 182  56 159  23  64  91 197 149
 253 176   8 197 225  16 219 227 113 213  34 128  36  35][ 87 163 130 178 187 157  26 141 171  81 137 253 206 194  74 214 183 203
 237  21  23  75 138 243 184 212  31 255 138   6 139  85][ 52 163 172 171 220 132 200 233 134  29 217   3 211 232  90   2 201 195
 111 149  30  43 203  49 237 101 175 253 213  10 254 194][ 20 237 119 103 242  11 239 253 127 160 251 200  83 231 141  53  62 253
 110 234 232 242 233 127  61 174 103   4  97 178 231 160][ 61 115  83  46  40  31  87 248 165 204 253 237 111 207 171 145 222 233
  76 110 205 163 106 188 178 249  33 152 122 183 106  81][160 242 126 113  96 139 117 244 113 182 118 184  19   5 134  29  40 156
 199 106  96 244  48  30  87 139 113   5  99 184  70 226][217  73 119 221  44  20 239 244 205  90 210  66 233 202 181 239 238 228
 126 202 237 167  39 249 178 250 194 146  22 185  97 109][149  76  12 191  12  18 206 188  20 242 210 199 243 104  51  67 121 228
 127 231 237 245  77 190 240 227 239 148  61 249  56  24][145 239  14 169 144 143 110 253  52 232 202 199 119  67  18  65 244 175
 127 239 252 153  25  63 248 231 175 196  56   2 176  74][231  80 150 140 109 117  84  72 205 202 249 110 110 218 175 254 216 225
 238  99 205  39 114 202  16  58 195  26  88 127 120  23][130  59  38 157  45 221 180  99 142  90 208  61 174 156  54   9 140  49
 255   5 198  45 114 209 133 112  90 187  80  12  23 219][109 127 249  71 246  94 183 180 123 232  62 104  95 117 205 182  54 126
 116 122 209 240 173  42 110 221  37 166 230 243 199 225][116  72 214 157  77  12 236 200 187 182 178  10 206 234  77 222 235 197
 238 131  72 103 219 192 149 182 223  31  37 120 127 130][ 98 188 190 246 201 237  48  71 171  31 168  25 174 191 100  27 161 179
 235  17  50 107 146 113 223 146  86  59 192  64 143 139][113  96  40  99   4 109  80  21  64 105 239  25 147  29  26  56 216 156
  85  61 141 182 209   2 215 237 176  81  97 138 218  18][ 29 120 219  69 114  90 107  20 120 226 126 224  91  23 149 248  54 220
  20 234 193 148 181 106 230 239  38 128 111 179  99 185][ 50  91 110 236  47 135 222 116 213  12 214 167 106 157 183  65 252 245
 191 227 236 183  33 237 243 122 202 131  55  62 116  95][189  68 102  78  77  83 195 248  81 230 245  10  67  73 191 165  88 228
 210 238 236 231 124 191 115 235 193  61 119 191 126 228][212  66 222 229  32  42  79  24  32 230 166 164 215  99 147  91 118 196
 125 238 104 197 193  10 208 235 227 148  44 243  32 115][130 227 140 161 207  45 168 207  46  61 155 223 140  14  90 138 175 139
 235 213  22 125  25 209 157  16 155 245  20  15 157 214][180 148 253 190 138  97  21 233 134 158 181 187 116 127 107  27 201 211
 239 163 106  71  75  49 211 131 125 191  49 123  36 211][200 225 241  99 112  73 123 144  43 160  55 136 159  23  72  50  38 157
  94  88  67 176 241   2 207 221  33 100 102 131  71 161][ 15  88 227  85 102 186 187 214 127 227  94 231 153 172 215 172  47 109
 183 157 133 188 165 226  70 111 186 128 231 245  81 253][ 94  95 238 102 162  66  63 180 161 204 222 229 125 111 131  82  54 247
 253 230 200 153 185 108 242 231 239 129  46 247 173  83][214  48 210 224  67 102 184  66 189  59 242  51  12 150 100  88 239 157
 255 144  56 223 144 194 155 246 218 199 129  65  39  19][242  72 255 236 100  66  94  96 105 202 246  35 123 255 181 114 254 245
 127 235 200 135 161 232 243 251 234 131  39 179 102 107][107  59 245 117 184 219 116  55 111 249  54 104 191  60 196 191 135  55
 252  16 133 120 229  24 175 219 117 179 198 132 206  61][121 248 145 122 233 221  84 207 187  51 172   8 191 243  64 190 129 250
 252  24  27  75 218 177 187 223  21 122 202  80 203  42][ 95 125 214 166 163  54  94 240 169 202 158 231 125 255  67 254 246 245
 253 231 205 195 152 232 242 255 239 138  47 247  43  85][ 33 239   0  45 156 143  78 191  23 172 232 205 163  32  18  16 220 106
  66 109 204 186  81  63 172  28 133  48  88 158 218 204][117 233 220 118 173  25  84 136 203 188 189  40 194 248 223 190 136 196
 236  74  76  99 235 160 154 219 117  63 194 251  90   7][104 185 181 248 237 237 181 199 142 191 168   8 190 185  69  27 137  51
 107  16  18 107 210 113  93 146  85 123 208  72 199 171][244  68 246 124 143 118  84 234 241 150 160  27  75 248  13  27 121 197
 104 226 124 231 219  42 187 235  69  31 227 113 230   6][229 237  44  30 157 141 198 236 206 178 169   8 246 248  94   3 153 226
 122 111 236 107 218  63 185 154  69  60  80 122 218 132][ 74  34 181 117  33 190 105  51 173 175  14  88 189  39  80 254 132  55
 249 140 145 216 241 192 207 255  90  64   2 196 135 120][ 41 253  89 107 240 207 103 247  55  73 120  68  55 115   0  16 157 251
  23 108 115 186  88  63 109 143  36  64 120 130 194 185][ 11 177 125 249 246 153 233 127  95 113  94 246 189 175 248  96 127  11
  55 141 147 184 103 213  78 221 186 228  63 136 241 249][ 31 166 194   1 210  59 186 227  61 167  91 247  73 226 214 132  55 239
 198 181 180 221  45  78  60   6  63 196 231 230 175 197][ 87  70 238 132  10  34  78 152  37 198 219 231  67  98 189  90 126 196
 109 239 204 135 141  72 240  32 239 148  45 247  56  84][195 156  15 189  48 236  56  39 188  83 194  85 181  62   0  75 163  39
 125   5  39 205  19  87 133 178 250  16   8   0   1  26][125 105 177 102  45  92 214 184 235 168 191  72 219 249  85 246 128 244
 252 106 201  35 251 160 179 249  37  59  66 187  74  35][214  10 134 180  40  14  88  42 189 182 130 213 239  99  17  91 167 101
 125  37  44 197 147 206 152 242 203 150 136 164   1  16][ 92 123 250 102 243  30 127 180  41 174  63 236  95 255 193 150  54 253
 245 106 208 240 184 234 126 253 101 166 239 243 143  51][225 108 215  85 108  40 233 198 250 146 114  82 176 242 213 255 107 108
 106 200  33 246 230 106   4  62 210   0 197 241  99 172][ 88 175  83  95 146 200  47 167  54   5 110 160 173 231 136 244  54 187
 234 136  82 152 170 127 189 164  54  73  34 130 167 105][ 39 255  96   3 252  31 206 188  71 232 152 205 211 104 223 164 156  78
  86 127 221 114 125  60  46  92 173 244  76 191 218 213][ 36 181 248  80 244 173 243  95  27 105 253  25  18 253  92  48 221 154
  23  29 186  58 248 215 127  29  53 252 209 200 214 243][227 177  30  76 121 221 178 105 239 232 173   8 236 218 100 180 216 189
 234  64 199  47 250 223  23  60   3 127  88   2 107 151][169 205 119 203 188 131 239 253 197  56 252  66 249  83 188 101  78   2
  94 234 243 171 107 253  42 216 166 208  87 138 224 173][125 255  16 174  57 157  95 184 133  72 252  77 255 211  35 240 214 249
 221 110 207   3  88  61 226 253  37 184  26 191  10  81][ 33 133  57 201 188 205 197 191  78  61  60  24 182  21 168  96 131  26
  18   8  83  40 123 181 237 156  20 126  82 136 213 169][189 108 105 110 120 143  79 248 119 232 164  72 115  81 153  49  24 232
  84 110 233  54 108  63 243 137  33 180 112 179  66 105][172 112 184 103 108  15  87 152 115 170 181  76 215  89  89  58 157 220
  68 122 201 118 217  10 199 217 101  52  72 251  74 163][137 206 126  85  68 191 117 242 253  62 118  24 111 129 179  31  35 100
 106 110  96 245  38 111  70 171 113   1  66 249  75 168][215  78 238 181  44  34 127 178 188 166 222 135 245 111  51  75 103 229
 127 175 236 213 205 234 240 163 239 144 172 249  57  89][ 52  51 248  99 246  59 250 216 123 181  61 191  75 109 223  24 191 221
 199 118 150 112 173 242 222 221  37 245 229 251 206 209][236 112 184 225 173 127  80 152  67 189 181  24 155  29  73  58 141 212
 253  88 138 102 249 144 207 217  21 119 194 251  86 163][ 49  65 127 237  54  10 111 120 100 224 246  66  83   1 177  96 122 228
  22 234 201 176 101 140 244 169 163 132 109 187 112  32][100   7 236  79 172 107 213  43 199 183 191 161 195 105 159  75  89 214
 237 161  24  99 239   0 202 191 245  29 213 235 220  98][130 176 176 145 195 253 176 207  31 119   0  25 172 158  78 141 141  27
 211 145  54  94 218 243  15  22 157 127 208  76 143 223][222 121  62 245  43 222  92  32 173 250 135  17 223 255   3 123 166 117
 253  98 108  69 187 140 211 251  79  19  34  53   7  83][ 65 248  21 101  40  14 105 182 107 224  42  76 191  50 133 246 134  95
 124  12 197 216 241 108 173 254  22  18   8  16   3  44][191 220 236 117  52  62 251 158  83 255  86 151 243  44 150 111 189 196
 181 189 175 252 117 175 103 127 253 132 231 253 216 245][221  68 127 229  36  74 111  56 117 226 246  66 211  99 145 113 122 228
  62 234 233 180 117  78 228 235 227   4 109 178  96  32][228  59 218 114 218 233 123 210 179 149  44 189   4 231  75  26  63 219
 195 210  18  82 186  98  95 133  37 109 160 241 134 211][ 85 143 156 101 168  46 124 183 164 191 190   4 211  35 131  90 133  70
 108  14  28 249  83   8 206 239 117  21 232 242 200   1][ 29  15  91 103 180  26 102  49 116 160 123 224 211  97 145 240  50 236
  76 126  24 176  77  14 236 239  37   0 228 235 202   0][141  28 222 221  71  62  53 114 252 146 110  82  92 179  33 239  39 117
 250  42 160 245  19  74  87 171  83   2 106 241   9 161][ 39 255 107  74 122 223 175 248  72 232 125 238 120 220 191 180  30 120
 146 110 193  51  60 125  62  13  37 188  95 191  66 245][ 53  76 106 184  84 163 198 242  84 130 249   7  83 232 183  64  89 232
  22 183 236 182   4  62 114 175 163 192 253 251 120 128][141  90 155 251 160 164  63 152 190  25  80  84 252 215  41 121 183  59
  62  94 163  68  58 113 193 255  62 204 152 209 161  49][214 166 197  65 154  47 110 184  55  55 199 246 193  99 216  93 119 220
 111 190 186 212 205  87 222 174 231 196 167 227 164  32][ 52  14 236  95  44  43 201  10 199 182 191 145 227 105 159  15  73 102
 237  42  40 229 111  58 198 255 241  21 247 251  92  98][ 63 113 104  98 117  29  74 216  65 232 189  12  27  89 223  52  92 200
  85 126 207  50 252 156 243 217 165 188 111 191  90 149][208 188 159 190 170 232  52 231 190  23  32  49 182 247  96  91 163 115
 105  16  50  77 146 115 217 163 126  91 136  64 135  27][176  44  74 228 221 137 198  98 217 162 160  26  34 137 117 145 232 232
   3  99 120  47  16 190  51 220 133  59  81 121  94 138][178 223  30 172 126 135 158 228 156   8 210 103 116 216  36  65 254 181
 127 231 228 139   3 255 176  58 170 146  93  58  33 155][117  64 105 101  36  10  99  24  96 224 247  74  83  33 145  48 122 196
 124 106 201 176 229   8 246 169 225   4 101 187  82  96][211 205  53 220  44  21 205 255 205  90 182  66 234 104 181 231 204 246
 126 234 233  47 119 249 179 250 198  18  22 248 241  45][ 52 127 250  99 246  31 255 252 107 172  61 174  95  77 223  34  55 125
  71 122 212 240 173 104 126 205  37 181 229 187 199 227][198 125 173 180 184   5  31 223 146 250 144 219 181 191  81  75 199 223
  29 245 251  79 208 106 249 128 255 188 156 113 167 185][130  80 182 157  45 205 180  71 190  91  66  17 172 156  38  73 196  49
 251   1 226 173  18 211 133  50  90  11  80  28 133  90][ 95  89 195 166 227  20  94 182 169 202 222 231 109 254 211 246 238 247
 253 231 205 195 166 232 178 255 238 138  47 247 170  93][236 116 185  97 173 127  87 156 115 191 182  24 159  29  73  59 157 212
 221 122 168 116 249 162 231 217 117  53 194 249  70  35][ 19 106 235 161  22 130 175  86  58 228  90 199  21 142 243 104 126 109
  23 221 130 158 164  66 244  13 175 164 165 112  49 249][ 53  13 234 229  20  34 235 114  68 193 250   2  83  40  51  96 120 237
  23 241 157 187   5  14 248 237 171 132 189 235 120 128][189 219 108 111  77  87 215 248 197 220 148  46 115  93 159  39  92 224
 247 111 237 102 127 189 115 203 229 185 119 191  84 247][ 87  89 243 158 238  52 110 150 233 202 218 102 236 254 247 254 238 231
 126 207 205 195 230 232 178 124 206 138  12 247  41  77][194  56 154 144 225 164 184  70 189 155 242  48 140 150 101  88 237 191
 255 144  24 223 208 194 157  54 154 202 128  65  39 155][206 255   8 131 205  61 191 222  47 127 159  31 140 142  90 138 173 203
 207 215 118  21 185 243 253  17 159 247 144  95 157 211][210  90  38 236 102   6 190 100 189  10 210 103 112 187  53  64 252 245
  63 231 232 151   0 237 244  42 234 130  61  59 112  27][ 34 149 253 197 238 106 180  39  89 234 154 123 148  60  22  35 175  55
 127  33 244 233 225 206  47  62  95 215  69 108 215 223][172 181 177 209 245 175 251  91  27 171 253  24 154 125  92   4 221  26
  83  24 179 186 120 223 109 222  21 118 211 200 210 161][193  53  58  12 121 253 150 105 238 232 189  12 254 216 102  48 216  57
 122  99 231  35 218  95 245  29   3  59  88  11 139 151][  9 144 105 249 118 169 233 127  95 113  86 246 189 143 244  96 127  11
  23 157 147 188 103 213  78 223 186 228  63 136 177 249][  3 104 235 151  86 144 170 214 126 193  94 194 185 140 247 104  46 239
  51 223 135 184 164 224  86  45 190 128 229 215  57 253][124 163 168 171  60 141 210 184 134  45 153 101 215 201  90  66 216  68
 109 117  26  43 203  53 205 197 175 253  80  11  92 195][ 94  91 234 102 242  82 127 180  49 200 254 237 121 255 131 210  54 253
 253 238 201 155 185 238 250 253 165 128  47 183 174 123][231  20 142 182 200  38 140 202  50 211 129  87  84 115  27  11 221 199
 121 183  53 199 219  98  88  38 223  12 137 113  59  16][ 34 160  80 129 125 201 232  73 175 181 177  26 140 138  84   8 235 137
 207  17  18 121  67 212 157 152 155 125  69   8  87 130][ 36  19 173 189 136  99  21  29 134 183 129 189 215 111  75  27 205 215
 235 163  24  66 203  16 197 131 253 189 176 120 132 242][ 74 185 151 186 235 236 176  71 170  29 105  57 172 254  96  26 165  51
 235  17  22  75 146 113 221 178  90 107 144  68 175 219][124 145 189 104 137  77  85 171 102  61 172   8 215 117  73 122 145  84
 108  48  90  97 251  17 203 255 101 125 208  40 196  98][ 75 161 182  85 129 188 120   7 173  17 110  16 174 183  20 126 164  55
 121  28  18 217 178 193 143 249  82  66 130   0 139  46][ 43 255  97   5 244 159 207 181  77 236 126 237 243  40 150 132  30 110
  86 111 213 184 125  63  46  92  37 144  94 191 218 221][117 123  88 102  60  28  86 184 107 172 189 108 103 249 207  48 186 228
 236 106 204  35 233 171 242 253  37 187 107 187  74  15][254  91 214 222  75 146  86 240 161 136 254 231 104 247 167 215 118 244
 167 226 200 131 142 237 114  98 101 139  47 183  44  31][ 85 215  94  69  50  14 110 188 104 168 122 108 215  35 136 115  54  68
 108 110 193 176   5  12 164 169  37   4 108 178  75   1][ 85  66 222 229  36  46  95  16  32 234 151  36 215  35 131  91 118 212
 125 110 168 197 193   8 208 235 230 148  44 243   0  33][121 239 121 103 240 142  71 247 113 172 108  72  55  51 144  49  18 238
  68 106 250 250 232  61 239 173  37  32  34 146 198  41][ 61 207 121 111 240 219  79 182  69  76 124 174 115 101 179  48  94 234
   6 110 201 186 108  63 102 237  36 144 127 251  66 249][ 10 160 251 241 244 168 249  87  63 153 119 146 157 143 208  40 111  59
  55 153 146 220 226 192 206 221 186 232 133 200 227 161][ 53 109 105  71  84  67 207 248  65 236 125  10  83  77 147  48  88 236
  23 238 200 182 108  62 119 141 165 164 101 187  86 224][168 108  86  49  67 191 112  82  49  18  98  93  47  11   3 155 163 173
 199   4  36 255  16 110  86 195 112   1 107 212 106 155][165  70  97  79 108 107 207 216  81 234 241  74  83  69 157 181  88 232
  86 110 169 166 109  60  39   8 161 188 119 187  82 164][173  75 101  71 108  91 207 252  87 234 240 200 115  69 149 181  24 232
  86 110 233  54 109  61  38  10 165 180 119 187  82 236][133 106  29 177 230 139 166 209  30 178  81  98 149  83 161 105  63  24
   2 123  99 244   9 120 164 128 111 164  60 217 129 161][ 41 237  81  79 240 143 103 247 101 104 108  72 119 115 128  52  24 106
  86 108 241 184 104  63 109 158  36  64  90 146 194 233][124 173  36  62 157 205 199 232 223 190 160   9 231 248  82  19 137 226
 109  75 122 107 202  61 249 214  69 121  80  43 210   2][ 87 107 202  34 242  42 250 208  40 224 187 205 223 206 223  24 191 237
  95 247 156 211 140  96 254 205  47 228 237 243 107 209][ 72  83  61 190  44 141  87 184 140  12 217 229 247 207  41  80 214  83
 111  67 202  33  75  53 224 245  34 152  24 155  20  57][116 107 248  38  60   9 211 200  74 172 189  45 147 200  95  18 152 204
 108  87 206  35 234  48 250 141  37 189  65 187  86  67][ 88 239 115  93  19 140  47 247 182   5 110 128  41 231  36 212  52 186
 200 204  82 153 162 127  63 172   6  65  34 130 167 104][222 158 222 183 170  50  60 182 190 151 134 245 237 103 131 219 103 119
 237 134  52 205 143 110 138 227 127 147 166 245 173  95][214  94 198 182 170  34 189 162 184 190 147 247 205 110 143  11 167 103
 253 167 228 197 143 234 184  98 127 150 172 117 171  87][ 57 169 152 122 185 221  80 207 235  57 172   8  63 243  64  48 129 186
 124  16  78 107 218  49 251 221  21 123 226   0 202 138][ 32 165 170 115 244 205 101 167 123  85 109  24 242 233  90  48 153  42
  66  28 122 248 250  55 111 159  20 105 192 216 214 234][221  68 206 181 172  42 124  22 188 250 150 215 247 107  19  75 230 101
 125 239 173 197 199 168 230 227 239 128 172 249  57  25][172 100  83  65  81  78  98  80 113 168 115  88  27  19 201 181  58 156
  70 250  97 180 161 198 119 220  32 164  99 129  66 161][109   6 190  85 228  62 245  23 248 159 127  21 144 169 118  75 193  38
  34  28 180 240 162  64  79  59 118   1 192 232 253 195][231  85 186 140 237 124 151  75 201 202 253  60 222 248  47 255 220 229
 254  39 173  35 242 202 177  60  75  26 216 125 250 215][221  76 141 183 172  58  78 184  84 242 210  87 215 104  19 235 243 228
 124 231 237 212  77 174 192 227 235 148  44 249  56   0][246  74 247 236 102   2 254 100 233 128 242  98 110 155  53 246 254 245
 127 227  72 183 128 232 177 250 206 130  69 179 114  41][ 33 237  34  39  93 143  71 247  92 108  74  77 162  32  18 148 152 106
  66  77 205 184  89  63 173  28   4  48  88  30 210 222][212 166 205  81 152  39 108 168  54 179 227 208 211  99  93  89 125 204
 106 190  56 214 205  87 156 170 199  68 225 225  96   0][217 207  76 167  22  10 110 188  52 162 202 231 247 115 145  81 114 228
 125 239 104 148 205  63 244 175 239 128  44 178  48   8][210 120 190 244   9  92  84  34 191 250 166  25 223 223  64 123 163 245
 253   2 104  69 179 194 211 243  91  31  32  32   7  83][246 121 205 183 206  96 188 142 178 242 128 187 241 252  83  11 233 247
 251 211 109  71 223  32  93  35 255  57 173 113 191 218][100 131 236 165 172  42 221  15 138 189 190 137 195 109  94  66 216  70
 237  53  28 105 195   0 235 183 229  85 196 250 212  66][ 94  28  87 222  19 242  46  99 189 130 203 242 104 246 165 253 115 189
 158 170  41 215  52 206 177 230 219 131  39 117  45  36][165  54  91  80 116  62  96 114 121 170 119 120  18 147 189 189  61 188
  70  42 233 247 128  78  22 154 113 134  75 233 106 133][236 211  81 238  60  13  79 184  31   8 113 236 255  71 137 212  86 216
  12 110 235  38  75 191 228 241  33 156  62 187  64  49][115  89 235 190 236  20  94 246 233 202 248  66  59 254 183 114 236 239
  61 207 205  75 246 233 179 255 238 136  13 243 242  77][123 217 106 238 112 214 126 180 161 200 254 197 121 255 151 208 118 255
 181 206 201 155 176 237 123 253 174 136  47 183 234  89][ 28 251 121 231 118  11 255 248  94 172  63 239  95  77 217  32  62 253
  87 111 192 176  45  62 126 205  37 180 101 187  71 241][ 93 115 137 163  60  15  83 152 166 236 147 205 215 205  91   0 148  68
 109 117 142  33 201  48 233 197  45 124 112 187  23  83][ 42 181  53 211 181 255 241 111 255  35 189  24 158  61  20  44 153  26
  91  24  51 233 120 223 171 222  23  86 210  72 195 162][ 45 120 188 101 229  79 119 148 107 186  54   8 155  61  93  59 141  92
  85 122 200 244 249 160 207 219 117  52 194 251 198 171][131  38 147 177 227 249  40  67  57  91 105 248 174  38   5 157 167 187
 134 149  53 216  34 194 132 214  90  66 192  68  43 237][ 82 207  66  92  19 134 111 231 180   4 110 128  41 135  36  84  96 186
  11 204  90 153  48 127  51 236   6  73 115   0 231 170][221  50 156 229 160  46  91  16 160 234 183 124 215  55  75  90 166 213
 125  62 153  69 193   2 219 235 103 148 168 241   3   3][ 36 173 165  89 221 237 225 235 255  85 104  24 146 249  92  60 137  10
  98  24  51 120 250  23  15  30  21 110 210  72 214 246][  2 185 147 187 203 193 177  71 174  21  73 177 172 246  98 222 167  59
 163 145  18  75 186 241 141  54  90 107 144   4 167 255][ 41 207  87  79 112 223 103 247 125  72 126  64 250 115 132 180  58  98
  70 108 227 184 105 127  45 158  36  64  83 138 194 173][ 21 105 163 163 180 142 239 208 108 232 155  69 215 198  81  40 191 237
  93 255 217 209 173 100 248 204 175 228 172  51  35  97][244 106 214 196 102   2 174  64 248 128 242 194 109 139  37 218 254 253
 106 235  72 247 128 232 176 162 202   0   5 243  43 168][116 111 121 102 116  11  71 248  64 172 125  41  55 201  91  16 190 236
  69 103 200  50 232  44 240 141  37 188 101 187  86 227][235 213 108 206 108  19 207 252  71 106 156 174 123  93 191 165  94 208
 255 111 235  35 111 191 114  95 165 188 119 190  80 125][ 49 157  42  13  85 143 103 247 252  76  74  77  54 160  50  16 160  42
  66  77 214 185  16  63 177  12   4  18  89  12 210 202][211  90   7 173  70   6 174  80  60 130 210 231 125 243  49 192 126 253
  51 231 225 149  17 234  52  34 234 128  45 121  49 153][  9 255 115   5 118 219 255 244 109 232  94 238 127  92 151  36  54 108
  86 111 197 184  37 126 116  12  37 128 111 191 211 253][ 99 205  57 222 172  28 207 191 205  66 218  74 242 184  52  98 204 231
 126 235 205  43 243 249 177 190 222  26  20 248 240  44][149 192 127 247  38  26 236  49 188  50 147  82 221  74 184 227 102  37
 125 235 241 245  45 204 168 235 239 212  36  42 161  33][127  81 254 236  45  94  86 108 203 197 248   9  79 252  63 114 220 245
 188 103  29 163 242 136 147 251 205  31 209  63 120  70][116 235 122 102 116 143  87 252 113 172 254  45 115 233 203  16 190 236
  68 110 204  50 168  47 242 237  37  60  97 187  70  75][120 169 154 106  57 217  82 205 227  45 172  40 175 219  66  16 136 187
 236  80  30  43 202  49 251 221  37 123  96   2 206 139][199  30 197 183 170  50 172 191 184 250 147 245 205 110 153 239  39  71
 253 167 245 197 207 226 132 118 255 132 142 245 139  85][ 49  65 107 229   6  10 111 112 100 224 242  70  83   1 145 112 122 196
  30 238 201 176 101  12 244 168 162 128 109 187 112  32][160 171 105  73 252 201 209 111  94  69 240 105 178 156 228  16 202 170
   2  16  82  42 226  31 108  20  52 125  84 136 214 235][ 57 205  68  71 220  27 198 174  69 224 190 202 115  56 150 164  24 226
  86 238 205 186  93  61  38  78 229 176 127 254 218 140][148 191  94 250 234   1 191 248  30 158  52 247  85 227 235  11  63  91
   7 230 114  71  10  63 104 131 239 172  29 243 165 177][ 68  50 189  97 176 110  49  19  40 237  54 124 150  55 193  58   6  21
 109  24  17 220 177   0 205 143 113 228 192 225   7 115][242  96 210 140  77 106 248  72  41 164 179  11 142 154  87  94 234 205
 239 227  12  39 211 192 149 184 138  63 101 123 127 134][ 17  92   3 253  22 135 175 240  52   2 202  66 113 243  49 100 124 252
  50 235 105 180  21  63 245 166 234   0  57  57  49 184][  4 106 173 183 172 106 173 140 162 246 147 161 215 108 209  43 137 108
 109 147  12 208 239  40 204 199 255 177 164 115 151 224][ 86 186  42 178  45  29 185 232  63 127 151  15 142 174 107   3 237 129
 223 181 238  75 185 209 219 215 207 119 144  44  37 123][221  76 175 181 172  58  78 182 253 234 146  80 223 104 145 235 211 229
 124  99 173 197 237 170 160 255 255 144 172 249  89  97][199  30 135 151 168  54  44 191 188 251 147 245 205 110 159 219 167 103
 253 135 181 205 207 238 140  50 255 148 140 245 169  85][231 120 141 183 205  38 140 138 154 243 130  85 212 243  89 219 201  71
 121 159  41 199 219  32 205  58 223  28 136 113  26  18][220  20 188 190 169 112  84 154 177 222 131  53 207 254  75 219 193 199
 237 151  44  71 251  34 211 243 254 159 128 117  44  83][106 169  50  81 217 141 104   7 235  33 170  24 171 137  84 148 136 175
 123  24  30  58 208 199  15 252  16 113 194 132 202 142][  2 188 154 177 240 237 185  71 190  25 106  17 156 190  96  72 237  59
  83 144  50 152  18 246 205 151 154  98 128  64  39 155][ 67 143 237  61 188 104  78 175 239 119 138 137 231  42 158  82 195 198
 108   4 156  73 231 125 254 191 246 145 132 208 222  76][ 46 200 226 222 108 144 223 220  79  64 124 130 121 239 253 100  94 235
  55 203 194  34 238 241 102 124 174 136  55 255 112 205][100 234 173 163  40  78  75 156   6 189 130 133 247 167  73  90  69  84
 109  87  74  72 219  32 205 167 253 116 160 187 132 122][229   4 253 101  36  42 111  48 120 162 247  64 211  33 145 123  50 228
 108  42 169 244 229  10 199 251  96   0 228 243  66  33][132 127 255 183 182 201 183 150 158 142  82 247 181 189 225  11  46 123
  39  83 224 252   2  42 236 131 111 128 196 121  21 251][226 214 122  94 122 176  58 250 149  14 252 230 104 230 175 245 127 242
 175 226 230   7 174 255  50  63 162 155  63 213  44  29][196 252  15 179 172 235 143 178 150 250  18 123 213 245  65  11 131 127
 125  83  97 212 202  44 205 130 239 176   4 121  21 115][232 120 190 244  73 236  81   2 187 179 164  24  62 191  65  91 161 245
 125   0  40  79 178 226 215 251  81  43 130  97 102  34][166 176 180 147 203 237 176 207 187 251  17  61 140 222  78  11 141  27
 243  17  22  94 218 208  15  16  95 239 200  68 143 215][ 67 205 235 222 110  16 191 252  90  66  92 198 121 238 255 228 126 235
 183 207 199   6 174 251 118  61 174 168  23 247 115 253][206  54 188 178 169 112  21 137 187 255 151 189 207 238 203  91 199  87
 237  19 190  71 235 162 202 243 255 223 128 117 181  87][134  20 157 255 138 108 189  27 190 147   3 211 245 127   9  75 167 119
 123   1  49 196 211  66 197 162 122 144 132  97   5  51][221 105   3 163 180 143 111 248  55 224 139  76 223  87  89 180  63 228
  92 255 201 145  57  62 249 205 167 100 170 179  35 112][156 123 123 231 118  15 111 240 116 232 118 239 123  77 209   1  62 252
  23 239 225 176  13 238 116 201  37 160 111 187  67 177][  9 207 119  77 112 159 230 247 109   8 122  64 123  96 180 244  62  42
   6 104 195 184  37 127  46 254  32   0  83 138 195 173][ 49 239  68  69 244 155 198 231 101  32 250 232  99  40 150 180  56 230
  70 106 220 184  77  61  46  78 165 177 111 158 218 140][ 97 201 185 238 236  76 207 175  72  65 234   8 247 248  48 114 200 231
  58  75 221  43 250 169 245 254 222  56  24  58 240  40][183  84  69 161 184  35  79 158 133 242 154 254 211  38 153 239  95 197
  93 255 169 197 125 190 164 210 239 180 188 253  16 116][224 239 123 110 116 203 111 244 112 204 112 169  51 205 145  16  26 236
   7 110 104 190 200  63 116 172  37  40 101 187 102 248][145   8  15 172  70   6 168  82 180 138 210  70  53 163 161 196 124 236
  58 236  97 159  16 202 148 166 234   0  57 248  57 136][  0 157  30 185 178 192 189 103 174  21  74  49 188 183  32  64 163  59
  59 145  82 153  18 117 233 165  30  67 144   0 165 218][253 214  81 235 118  31 110 184  63 120 117 238  95  67 137 245  62 220
  22 110 235  52  77 159 182 249  33 180 127 187  72  49][252  65 120 238  93  93  83 120 199 164 189  11 123 221  59  80 216 224
 125 110  78  39 248 155 243 237  37  61 115 186  68  66][  3 223  50  91 179 157 188 247 172   9  78 228 172 183 164 228 166  51
 202 204 214 137  32 125  46  85  62 194  26 212 169 191][ 22 189 181 243 189 239 209 199 255  49 189  16 222 125  12  44 137  19
  92  16  59 233 123 255 139 222  23  87 208  72 199  38][ 45 121 184 101 101  95  87 144 107 232  62   8 155  25  81  58 140  84
  87  90 200 112 249 160 111 221  37  52 194 187  70 171][ 68 235 169 167 172  12 239 148 226 172 154  73 247 237 211   2 128 103
 109  79 192 104 235  32 237 229  47 185  68 179 215 233][ 52 111 123 103 116  79 103 248  32 172 121 233 115  69 145  16  58 252
   7 110  73 178  72  46 244 140  37 164 101 187  86 241][129  95 123  77 114 142 255 117 125 204 126 230 121  95 183  52  62 249
  22 238 193 184  36 111 102  44  38 128 103 178 103 249][ 93  58 154 228 160  44  89  19 160 202 182 108 151  55  65 122 134 213
 125  56 153  69 129   0 219 233 101 156 168 225  11  35][165 173 249  87 244 235 231 255 115 227 116  24 115 117 156  49  91 222
  22  56 123 252 109  63 111 142  37  68 231 248 198 232][ 82  96 188 164 109  13 120  72  43 177 177  11  46  31  72  26 252 145
 223 181  10  99  17 213 211 209 203  55  16  46  39  34][149  42 158 229  38  34 170  66  52 134 242 198  85 130 161  73 122 237
  46 250  44 213 133  74 148 163 235   0 173 225  41 128][ 88 187 152  42  57 141  82 221 171 173 168 109 175 195  74 210 166 255
 236  80 158  11 218  53 248 245  37 123  72   2 143  27][177 204  30 253  60 131 165 127  20   8 214  98 179 209 160 100  88  56
  54 200 105 190  99  31 228 174 162 136  60 136  56 169][168 191  61 185 124 139 161 119  94   5 112  81 181 129  32   1 200  58
   3   1 114 186  80  63 101  17  50  96  80 136 213 168][120 251  88 106  56 201  82 253 231  44 188 105  63 217  66  16 152 184
 204  80  74  43 200  53 251 205  33 121  96 138 206  11][ 51 143  74 138 158 129 142 237 196   0 217 194 113 202 184  64  88 170
  19 235 218  43  14 253  56  36 174 200  53 138 240 168][  2 185 155 154 219 229 176 198 191  81  72  17 172 150  96 112 167  59
 227 144  22  11 178 115 157  20  26 107 144   1 167 254][244 197 105 202 204 217 239 237  87  49 189  26  83 233 124  96 121 202
  51 250  90  50 127 183 127 207 133 108 119 187 240 160][103 176 181  80 221 253 192 202 235 249 160  24 130 152  93 191 137 156
 122  17  31  99 250  16 157  26  85 126 200  12  90 134][ 71 150 165 151 168  46 173 191 186 251 155 212 221 110 217 111 167  71
 125 141 181 201 255  96 172  62 255 148 140 244 131 117][212  95 188 167 174 107  87 188  20 254 159 255 215  61  11  75  39 215
 109  99 248  85  73  46 248 227 109 148 172 251 149  83][ 16 205  59  92 145 212  38 231 244   4 234   0  32 134  36 112 232 187
 194 192  90 139  50 127  51 164  22  75  81   0 166 174][183 237 109 194 222 147 207 248  87 240 157 138  83 108 222  36 127 192
  23 255 255  99 127 223  58  14 133 252 183 174 208 100][165  18  94  84 100  58 228 120 249 218 243 116 211 248 189  59 222 128
 102  42 173 230 102  72   6 186 115 132 205 241 106 149][ 71 158 135 151 168  62 172 191 190 251 155 212 220 118 157 255 167 103
 125 141 149 201 255 224 140 126 255 150 136 100 177 117][ 90 171 186 190  11 217  16  71 171  21 136 137 174 238 102  22 162  51
 233   5  14  75 130 241 155 213  94  59 146   4 143  78][ 43 173   3  64 221 221  66 103 225 201 236  12  58 209  20 180 216 170
  82  12  25 170 210 238  63  92 128 122  75  14 250 180][205   4 253 101 164  46 109  19 120 235 118  80 215  51 209 123  22 100
 108  40 185 244 241  10 207 255 116   0 192 224 195  33][232  60 183 114 233 237 113  71 251 147 100  24 190 247  69 191 137 127
 241  16  35 126 242 226 223 251  87  43 194  81 199 170][221  76 183 247 172  62  79 182 252 234 146  80 255 104 145 251 231 231
 124 107 169 229 233  42 185 255 127  16 164 241 128  97][244 247 220 167 172 104  87 189 130 190 143 189 215 119  75  91  83 214
 125  99 120  68 203  34 228 227 237 157 164 243 148  83][ 57  38 222 101  50  26 105  51 117 166 102 148 147  35 146 208 106 172
 108 172  44 252 229  14  70 239  48   1 231 160  74 136][ 99  48 180  96  77 221 208  64 203 249 160  12 142 152  86 190 136 168
 106  17  15 107 210 144 155 216  21 127 200  12  90 158][ 20 173 191 242 189 237  83 195 239  57 187   8 190 253  76  32 169 147
 126  16  27 169  59  55 153 222  23  83 208  74 197  34][121 137  49 238 253 204  71 175  74  97 234   8 247 248  56 112 216 255
  53  65  91  58 250 189 253 253  14 120  80  10 209  42][131   8 139 159  68 160 233  82 180 131 211  82 181 147 176 232 104 175
  50 141  57 158   0 234 148 166 250 128  13 137  49 168][214  14 110 156  67 102  59  96 180 230 199 147  73 102  51  89 118 245
 177 231  40 215  60 206  81  35 203   5  37 117  38 240][212  82 253 183 170 108  93 156 154 247 134 189 215 127  75  91 151 215
 253 117 173  68 255   0 207 227 125 189 164 249 133 115][ 49 137 106   5 214 155 230 231  69  37 250 171  99 168 182   4  58 234
   6  97 220 185  69  63  62  14   4  81 117  14 216  14][204  44 252 101 180  46 117  23 113 175 190  24 151  51 145  59   6 230
 108  40 184 252 225  10 239 255 117  16 194 240 198  33][136 172  19 184  81 237 176 230 254  81  96  25 188 155  32 129 169  59
   2  13  51 188  18 119  77 157  18 104  90   9 195 170][189 105  67 230  20 198  78 244  53 192 230  76 243 195  81 181  88 232
  94 238 105 250 241 174 251 217 133   8  42 187 114  40][ 56 205   6  92  19 194 102 230 180   4 234   3  34 147  37 213 104 224
 193 194 104 139  18 125  49 226   2  11 115  52 102 170][246 116 188 168 236  99 159 200 155 254 177  59  84 254 111  27 223 213
 255 243 172 103 202 208 219 147 207 255 149 123  52  83][130 232  26 154  91 225 177 198 158  21  96  59  44 214 102  24 235  59
 147 144  22  31 146 247  25  21  26 107 144   0  39 238][ 89 185 155 228 161 108  93  23 171 233 174  92 159 183  64 122 167 183
 253  16  25  75 176   2 219 253  54 248 136  96 139  19][189  68  85  69 100  31 110 248  45 226 183 206  91  67 189 119  63 196
  94 238 233 181  61 220 182 218  97  52 127 187  74 176][ 17 207  82  77 118 155 230 119 109   8 122  98  43  40 180 244  58  40
   6 108 199 184   5 125  54 172  32 128 119 138 233 173][168 152  24 249  85 141 161 118 158   1 100  20 183 129  32 129  72  58
   2   8 115 188  82  55 197 151  18  64  88   8  89 184][ 44 113 248 101 116  79  87 149  67 168  62   8 159  25  81  50 156 220
  84 122 200 176 241   0 239 221  37  52  66 186 214 171][137  95 111  77 112 134 239 119 117 204 118 198  57  31 181  33 126 249
  23 239 225 188  52 111 103 168 162 128 111 176  99 249][ 55 143  10 138 158 131 206 237 134   1 217 194 113 200  56  64  88 170
  19 251  90  43  14 189  56   4 175 204  53  10 240 136][157 110  95 229 118  31 110 112  53 234 182 206  91  67 145 181  62 228
  86 238 233 180  25 238 246 203  97   4 111 187  72 177][173  18 213 125 236  62 237  25 125 210 245 244 219 104 159 191  94   0
 102  46 165 228 111 192  68 251 115  12 207 253  74 149][121   0 206  53 112 218 121  19 117 101 230 149 171   2 146 216 106 172
 236 140  44 156 229  12 198 255 176   1 103 132  94  76][ 20 148 157 187 154 100 177  73  62  27  89  51 213 247 104  72 247  27
  59 145  18   0  75  83 201 133  58 205 144  67 165 147][181 236 109 210 220  71 235 232  86 242 168  10 113 104 125  33 121 194
  51 255 126 126 127  63 125  15 133 124 245 171 112 224][137   2 238 117  48 186 121  19 125 231 102 149 171   3 150  88  34 172
 238  12 180 252 101  14 198 255  48  65 239 132  78  72][ 52 205 105 110  84 207  71 248  84  44 125  10 115 213 177 113  88 232
  23 106 232 178 120  63 115 173 165  40 113 187  84 226][199  76  37 215 172 111 111 186 236 250 146  72 210  36 153  47 133  70
 125 111 233  65 125  44 169  26 237 148 136 249  80 113][ 45 162  40  75 253  61 202 153  67 125 189  29 203  72 222 180 221 136
 198  46 158  98 235 145  79 221 161 253 211 207 218 196][242  97  22 224  13  15 200  72 169 176 169  11   7 139 105  26 232 149
 109 114  72   3 211 208 145 208 139  63 113  11 114   2][181 229 175  66 220  71 199 204  86 177 169  26  82 248 125  42 217 202
  82 249  58 103 122  22 121  14 133 125 209 123 244  34][208 201  31 190  58 194  55 164 174  21 194 161 253 247  40  67 166 115
 125 195  98 141  11 125 241 227 126 129  48  18 165  43][134 112 191 186 234 229 155 200 158  22 129 155 212 222 105  75 223  89
 123 243  50  71 218 114 221 146  75 126 152 123  37 146][ 16  40 183 249 169 232  17 198 187 151 224  56 174 255  69  26 131 123
 229  16  26 239 162 226 139 214  86 123 192  80 135 171][ 80 155 108 167 184   2 191 189 100 205 218 231 241  46 218  66 108 215
 109 245 222 154 231  37 252 161 174 196  45   2 164  89][ 51 173 226  11 212 179 234 207  71  97 124 198  49 232 190 164 121 170
  18 189 159 186 108 255  62  12 167 228 253 206 250 204][233 133  25 239 245 206  69 253 115 105 108   8 247 241  56 240  88 174
  20 104 123 186 240 159 253 249 132 120 122  10 210 170][ 37 229 121  71 116  15 239  49  97 232 127  72 211  17 156  48  26 204
  22 110 201 176 237  14 103 141  37 164 101 170 210 225][ 90 188 187 240 147 228  17  71 171  81 138  25 190 159  64 114 167  63
 253  17  27  75 178 227 219 213  30 123 130  68 167 123][169 200  26 219  85 221 225 231 222  93 100  20 182 145  34  41 200  42
 130   8  51 188 114  53 197 155  18  97  90   8 137 186][ 61  92  87 197   4  63 110  48 101 226 190  78  91 107 181 189  60 228
 124 238 233 181  49 204 243 251 193  16 107 251 104  48][153  92 127 237  36 134 239 119 117 202 254  68 185  23  49 229 108 116
  23 238 225 189  49 237 231 251 226   0  79 176  97 184][ 24 170 187 242 185 233  17 198 190 151 168  56 190 247  65  56 131 123
 237  16  26 233 234 115 217 215  55 123 192  65  39  43][116 116 185 160 206 103 159 200  26 178 129 155  85 255 105  11 221 221
 123 243  40  71 217 144 217 130 207  60 149 123  39 178][108  25 122 100 116  78 115  48 105   8 126   8  87  51 129  48 182 244
  68 106 153 176 177  46 231 253  32   0  96 163  70  35][ 53   0 236  13 140  63 236  25 127 210 245 140 211 104 223  47 127 140
 126  47 157 112 255   0 134 187  65  20 253 251  90 244][  1  91  91  77 114 138 170 116 108   8 122 228  49   2 180 116  62 172
   6 236 193 184   5  77  36 168  34 128 125 162  97 189][ 77  53 117  65 160 108  47  16 173  73  59 100 220  55 196 246   6  23
 124 122 145   0 177  64  45  60  38 192 138 211 131 113][185 109  71 117  93 223  71 244 245 192 230   8 115  83  17 181  88 232
  94 110 105 239 113  47 243 217 132  16 106 184 114 168][ 90 171  42 184 171 145 152  71 175  21 140 175 172 206 102   2 166  51
 235 149  86  11 134 241 210 113  26 251  22   4 175 223][125  76  87 101  13  63 107 120 237 226 174  76  91 104  21 255 124 228
 126 238 173 181 125 200 151 251  65  20  75 251  74  20][105 120  56 100  61  29  82  52 105 236 165  13 182 153  66  18 140  46
  68  76 207  42 240  40 195 217  16  58  72   8  74  91][  9  28 138 253  52 182 105  18 244   7  78  20 185 227  50 224  96  42
  26 136 179 156  48 239 197 255 186  64 138 137  57 160][233 107 220  69  36  26 101  55 121 236 118 108 183  35 131 151 134 102
 108  76 225 248 225   8 166 251 100   0  74 240  74 105][209 219  45 167 188  12 239 181  36 236 210 229 243  15 210  66  76 197
 125 207 217 152 237  37 236 169 174 144  44 130 176 121][200 188 190 117 180 174 125  23 249 159  62  16 191  51  64 123 135 119
 125  24 184 252 225  34 239 255 116  64 194 192 199  43][254  32 210 218  75 225  17  64 171  29 181  58  12 159 109 159 170 145
 207 208   2  71 162 209  19 144  18 123 195   5  39 167][ 73 209  56  98  49 156  80  53 105 105  47  92 223  19   2 112 134  53
 252   8 221 185 176  29 227 249  48  82  74   2 202  27][125 121 123  96 117  95  87 212  65 236 188  10  27 221  83 176  56 248
 213 122 201  35 176 170 243 205  37  61 103 187  94 123][214   4 239 180  67 102 171  96 176 198 199 147  65 239  51  90 121 181
  49 167  40 215 184  74  81  38 203   5 161  97  38 242][148 100 155 169 138 103 155 200 158 179 129  19 213 215 105  74 209  89
 123 242  58  71 154  18 217 134  75 124 144 115  37 162][  8   0 110  49  52 248 121   3 253  71 118 181 175  13 146  88 130  46
 237   5 190 252 100  71 198 255  50  65 198 132  78  90][148 112 249  97  34  79 115 216 122 250 119  56  87  23 201  57  51  93
 108 122  97 244 185   2 221 139 101 100 224 177   7 163][ 32 221 121  79 116 207 231 254  84  44 124  74 115 117 181  48  88 122
  22 106 195 186 105  63 109 142  37   0 113 155  86 233][ 92 209  19 234 147 217  18 196 173  73 143  50  94 215 104 240 183 147
 221  82  83 129  26 247 251 197  26  91  50   6 173  59][ 88 219  31 254  40 192  31 188 166  30 194 160 255 231  41  83 231 247
 109 194 106  13  11  61 241 227 110   9  48 178 165  43][126 121  50 224  61 221  82 192 203 228 180  11  14 157 103 182 168 249
 223  82  14  35 178 224 219 217   1 127  99  31  94 198]