[148 100 255 241 130 107  37 182 188 183  54  48 223  55   8  27  35  87
 109  42  48 244  33 102 197 130 118  68 224 241 135 107][192 182 158  49 210 242 180 207 126  83 106 112 132 186  76 123 187 159
 234 144  55 223 135  87  28 150  94  71 200  64 175 135][ 78 248 119  26 107 144 176 144 239  29  49  37 140 219  79 159 134  17
 238  83  86 105 154 241   7  88  82  79 210   4  39 199][111  48 244 147 236 253 233 219 239 241 183  30 159 216 213  58  43 131
 127 157 147 118 223 208  92  25 123 252 207 201  75 144][200 180 191 113 168 236 113  23 183 127 230  56 191 183  64 123 133 190
 236  24  59 220 242  19 207 243 112  81 194 192 135 123][201 143 118  30 236 188 228  55 253  94 118  93 238 232 150 247 130  38
 108  13 244 104 163 117   6 122  80   8  82 196 219  76][ 89  25  26 124  75 200  17  39 233   0 230  40  62 147  32 112 162  53
 232   0  65 139 146  29 211 233  16  27 122   0  35  58][ 93 253 157 229 137  78  87 188  58 242 166   8 223 243  73 114 145  69
 124 106 105  65 249  10 251 255  71  52  72 114  67  34][120 112 187 117  41 239  81  72 251 254 180  40  94 223  65  58 179 125
 252  16   3 117 186  16 219 219  33  55  66  33  71 115][ 72 243 188 121 173  92 148 159 238  61 172  25 238 249  74  90 129  87
 233  16  86 105 219   1  79  55  84 127 210 216 205  75][ 93  49 149 101 129 110  65  27  33 162  47  88 159  51   1 254  16  20
 120  40  25 208 209   8 129 255  65  20 234 224   2  32][229 196 215  85 236  26 238 169 251 242  33  68 192 226 253 255 113  68
 106 238 229 101 191 202  44  26 199  44  91 240  74 132][ 46 115 100  69  83  74 107  56  33 228 103 133  73   7 159  21  62 132
 195 238  96 176 117 204 102 122 128   5 111 183 102 240][247 217   6 158 141  15 134 232 140 190 146 175 110 201  58 199 220 228
 255 103 108 103  91 253 178  50  69 158  30  63  56  91][ 76  57 116 123  47 217 176  66 207  28  84 171 172 217 163 198 162  51
 239  83   2  41 202 177  86 113 122 187  86  15  13  11][229 117  29 103   8  78  71  56 224 234 169  88 210 113   9  51 152  84
  88 106 105  35 248  14 161 170 101  60  72 115  66 176][114 165 152  96 219   7  28 239  50 177 136  27   6 153  72  16 185 159
  89 177  90  75 209  22 249  13 157 127 201   0 186  10][ 65 180 157 123 168  44 117 191 254 123 163  92 215 115  72 123 133  23
 108   8 187 109 219  19 237 251 119  84 200  64 131  51][114  40 131 188  79 197 144  78 159 145 128  11  44 254 100 130 233 243
 251 129  14  75 146 241 153  82 219  59  16  12  61  10][240  66  62 244  40  78  85  56 160 158 166  17 119  79   3  91 132 245
 109  98 104 229 163  12 211 227  97  17  96 176 102 107][160 253 120  89 124 139 195 246  81   0 108  40 178 209 148  37  72 122
  18  88 243 170 116  63 111  30   4 122  87 137 214 172][ 82  32 150 252  27 135 144 104 191 128 160   8 206 251  32  80 249 249
 235 160  40  67 154 220 217 242  79  59  16  32  43 130][ 95  66 238 197 138  54 189  17 168 214  71 151 201 206 127 238 102 117
 187 189 148 213 183 192  87  43 203   4 175 247 169  84][196   6 247  85  32 102 105  18  61 134 242 208  91  39 133 121  55 215
 108 162 168 212 101  78   7 190 240   4 225 241 102 112][ 17  95  99  69 114  27 175 117 125 232 126 228 123 102 149  52  62 236
  84 238 225 176  37  78  36  46  33 128 111 182  99 253][ 96 177 253  64  73 205  81  72 235 181 168   8  18 151  68  50 136 212
 106  88  19 107 242   0  95 152  69 126 193   2  70 114][120 149  31 101  58   7   7 127   0 168 154 108  87 117 136  51  28 246
 125 107 249 155  89  13 249 167 109 148 104 226 130  51][  0 176 152 241 232 165 177 215 186  59  16 120 148 147  64   8 141  27
 115 145  18  94 210  87  77 150  63 236 136   0 131 131][247  66 210 172 110  22 126 112 105 202 242  79 111  74 151 115 254 229
 253 231 205 215 197 201 182 250 207 144  47 182 107  20][111 167  98   2 233  52 250 105 105 221 121 157  73 236 222 147 157 109
 245 255 148 114 174 100  62  89 111 237 199 231 234 196][ 82 213  31  62  19 220  53  39 172  77  78   4 236 246  42  85 164  55
 248   0 117 137  48  77 177 243  94   3   8   4 173 126][ 56 172 186 253 157 207 119 238 118 166 238  10 123 253  49  48 249 254
  99   8  42 251 123  63 251 207   5  61 241 120 102 234][ 72 188 186 112 177 236 113 151 251 155  46  16 190 191  64 122 165 119
 125  16 146 105 176  96 235 255  54  75 194  64 167  43][ 69 229 168  38 217  89 207 232 234 240  45   8 241 248  91  50  19  77
 120 127  70  99 190  59 251 141  13 125 192 115  11 230][201 253 141  19 152 216  39 158 246 223 110 156 147 166 194 123  65  78
 234  94 243 204 246  34 236  33  54  76 200 209 199 252][212 104 190 240  10 232  81 134 255 183 166  24 183 149  65  27 163 213
 109  80  42 101 155  32 217 130  85  61 224  81   7  42][249  65  74  46  91  15  94 236  52  64 227 143 127 203  43 209  62 237
 219 230 109 131  93  61 243 233   1  24 121 191  42 146][249  72  31 125   4  79 103  32 244 138 226   8 243  17  33 251 232 244
 108 106 105 181 113  42 145 235 112   0  64  57  64  40][238  44 183  80 137 253 145  66 187 183 160  24 170 183  69 159 137  51
 234  16  58 111 242 240  27 218  80 123 194  69  71 230][248 219  93 102  42  76  95 188 160 252 182 236 119 119 138  83  38 212
 109 110 201  75 170  41 242 169 101 152  40 178 198 121][  5 255  85 243 246 173 166 180 174  56  56 104 222 249 201 162 183 123
  86 123 243  48  10 119  44  28  37 228 216 123 129 161][230 176 188 114 233 229  25  89 171 191 181  57  30 215  74  27 141  19
 205 144  18  71 154  80 219 145 125 255 192  64 135 179][ 30 169 181 123 153 221 176 239 254  21 168  16 232 254 100 170 169 115
 234 209  54 105  58 245 187 215  95 123 209  64 143 174][224  61 241  68 192 108  71 247  96 226 108   8  50  55 197  54   0 126
  64 106  65  58 242  32  37 168  68  56  64 242 198 168][ 62 120 146 248 203 241  24 194 191  20 224 161  44 223 101 221 239 185
 239 210  30  75   2 241 147 208  75 123 146  21  46  22][124 229  56  98 157  77  71 172 115  53 173  24  83  81  74  16 153 198
  76 122  74  99 249  23 251 221   5 125  98 154 198  98][254 240 212 182 235  77  84 232 163 190 161  61  79 247  75 155 159 213
 237  98 109  71 219  26 155 211  69  63 106 119  14  87][ 97 217 119  77  81 222 226  52 120  72  98  72 112  24 148 244 144 244
 112 125 229 184 149  77  37  62   0  64  73   0  74  60][ 52 243   0 171 253  13 130 200  22  61 185 111  66 192 236 128 249 200
 198 243  30  99  74 177 152 148 135 127 217  27  94 134][116  53 189 100 168 108 199  59 224 240 170   8 215  53   1  50 128  87
 120 106  17  99 243   0 241 168 101  28 193 243 199  96][218 165   7 176 153 205  80  35 191  49 139  25 142 179  64 211 129 135
 249 129 126  73 219  87 155 247 223  87 146   4 175  66][235 224 183 144 205 245 164 199 234 127 136  24 140 152  84 191 193  15
 250  17  87  79 234 209 141  80 223 127 128  68 183 236][132 140 198 151 192  34 108 239  58 179 194 146 100  98  41 223 115 198
  42 170  57 223  29 110 188  38 223   4 172 112 171 164][230 237 142  54 136 166  79 200 182 150 174 141 241 231  79  27 217 103
 121 222  40 207 218 106 235 143 207  57 136 115  42 146][198  34 244 161 230  43 248 192  47 182 179 191 206  78  87  31 191 193
 255 183  48 103 201 192 158 154  75 247 197 111  71 199][ 73 122 182  23  71 156 246 213 235 223 102  69  46 216  87 158 165 111
 122  95 198 241 186  96  55  94  22   2  75 118 235 207][  1  52  59  65 228  45  97  23 108 106 106  85 150  24  20 120 132  12
 110  44 145 176 241  66  69 188  48  64 200 201 194 241][ 76 125 243 178 234 224 175 156 186 192  24 229 253 231 217 107  19 123
  29 211 131  64 158 224 108 145 175 168 140 243 135 185][190 105 230 229  69  91 238 228  57 162 182 139 107  78  23 147 250 237
 223 231 108 247 193 200 179 217 199 181 103 254 122 206][ 82  57  46 228  57  22 123  80 173 140 255 141  74 207   7  30 188 237
 239 238  24 195 146 204 211 255 203 154  75  35 111 242][ 52 220 255  71 214  74 247 246 121 231 126  16  82  53  36  54  59 118
  18  24  49 188  57 106 127 175 116  68 227 242 230 235][167 127 172  62 232 233 150 216 219 250  25 237 254 252  83  56 135 123
 247  71 230 102 206 123 236  23 109 187 220 127  27 215][ 73  31 157 101  48  14 103  55 121 170 122  76 246  49 128 115 148 102
 108  44 225 248 209  14 229 255 101   0  72 226 195  41][216   8  27 116  67 232  48  71 225 136 230  40  62 151   1  58 162 189
 228   0   9 191 128   8 211 225 112   3 226   0 111 171][136 188  57 249 176 197  89 150  55 121 100  24 151  23   0 121  71 155
  31 216  59  92 113  55 237 193  48 100  50 129   4 122][251  81  20 109  41  30  92  48  33  42 178 236  91  28 132 247 228 149
 253 110 205 151 209 156 150 251  96 146 107 166  10  21][ 80 184 145 248  75 233  17  71 190  31 160  56 158 151  64  24 163 155
  79  16  26  79 130  83 221 148  26 127 144   0 167  43][ 10 165  36  16 217 181 168 239 182 181 137 155 136 139  84   0 169  11
 211 145  54  90  90  87  95   6 159 109 195   4 183 130][230 180 253  91 184  61  91 154 123  55 173  28 194 103  76  56 153 154
 108  62  58 102 251  83 207 158  17 126 192 193 198 118][ 34 207  66 140 124 129 158 238 158   4 216 207  44 232  55   0 254 235
 151 231 196  43   6 255  48  20 143 185  21  62 121 204][ 90 156 190 250 139 228  53 199 191  23 142  19 188 191  96  90 231 115
 185 144  50  77 178 227 219 247  94  75 130  64 165 123][186 254  10  70  19  86 119 252  49 206 254 103 106 247 167 148 248 252
 229 226 104 215 169  47 115 231  37 131  99  54 110 251][ 56 254  81 108 114 203  95 252  49  14 124 169  63  71 129  21  54 249
  69 226 104 150  40  61 241 194  33 172  50 179  38 249][ 19 143  67 141 150 166 235 119 108  65  90 198 113  34 180 100 122 170
  26 173 145 152  37 255 188  44 138 192  61 138 241 108][ 94  37 210 161 247 106 122  65  41 133 187  19 206  59  85 218 251 221
 255 177  24 211 193 194 159 252 143 199 167 103 231 130][ 34 205  42 186  93 209 182 230 158  69  72 131  44 140  34  64 234 187
 131 193  70  26  22 253 127  21 158 107  20  28 189 222][168  32  29 235 236 237 225  23 108  57 247  16 147 137  84 137  72  46
  98  24  27 188 211  16  69 185 178  64 203 136 250 168][248 233 189 118 137  76  85 141 161 182 164  24  51 215  64  59 128 244
 104  74  72  71 250  32 211 249  85  61  66  48 198  42][ 55 227  67  67 144 143 110 249  47  41 187 204  67  67 140 148  60 132
  68 254  91 144  73 117  58 220 133 246 107 147 194  36][124 184 189 105 157  93  81 155 102  53 164  24 147  21  72  50 137 212
 236  24  27 105 251  17 207 219  21 117 210   8  70  59][118 184 253 117 222  75 209 202 127 189 242 123 115 121  12  27 233 246
 111  48  56 251  91  61  95 250 117  83 225  41 198  83][222  64 223 244  46  72 109 248 169 182 179  90 223 223 221 250 107 197
 125 202  73  71 235 192 151 251 239 156  39 241 103  97][219 173 135 180 145  70 110 239  51 227 138  25  95 246  80 209 185 239
 125 181 125 219 153 254 187 239 223 102 162 116 170  78][ 70  49 187 160 255 102 185  67 169 221 210 179 140 190 102  74 239 157
 255 177  20 203 178 192 223  48 158 207 132 100 167 211][ 69 245 185 115 186 237  23 188 122 251  40  72 254 116 201  50 151  83
 104  82 243 104 251  55 237 159  53 124 192 210 135 121][ 88 178 178  52  67  90  49  88  58 172 102  44  78 179 130 221 178 157
 236  32   0 215 179  92 216 227 113 167  98  36  39 243][225 225  97  65 212  13 207 156  82  33 162  24 147  17 212  36  88 206
  16 120 235  58 245  39  45 156 133 116 101 152 210  40][216  29 127 116 178 226  63  54 245 194 254 224 125  55 161 112  54 247
  12 224  33 157  37 110 250 239  54 128 235 241  39  57][157  71 113  71  50  91 238  40 125 164 115 226 203  12 157 229  50 213
 142 235 229 176 109 206  38 219  35   5 103 183  69 101][ 95  97 117 198  11  91 239 200 111 228 175   8 223  83  73 247  50 213
 250 234  65  83 189 248 181 248  11  54 107  55  39 116][ 77 165 177  97 245 126 105  19 121 227 107  16 159  51 216 124 179  30
  60  60 147 184 249   2 173 255  55  68 202 194 195  96][144 143  94 126 218 131 188 239 180  21 226 147 100 103  32  81 110 179
 163 224 112 219  11 127 125 163 254  65 113   0 173 250][  3 221  51 158 121 213 180 103 207  73 120  96 172 158 164 224 206  59
 158   1 199  43   2 255  33  52  30 139  88  28 169 159][ 79  50 250 131 238  62 249  89  59 207 191 255 223 110 215  94 127 205
 255 183 149 119 237 194 222 253 175 212 175 231 235 209][202 180 188 113 169 124  61  31  59 127  30  61 140  63  78  62 135  23
 253  21 182  76 243 195 207 255 126 247 130  68 135  95][  1 115  37  13 108 155 161  88 206 252  80 237 244 204 215 132 158  40
 122  77 199  97 238  93  12  24  43 184  92 142  89 221][ 56 178 155  61 121  95  97  89  58 253 101 108  78 213 194 158 177 124
 228  48   1 247 169  25 223 243 113 181  66  36  15 251][ 23 112 249 107 234  71  31  88   7 230 181 206  93  86 203  60 150  25
  21 126 193   6 125  88  81  76  45 174 189 179  39 245][218 209  87 190  11  64  60 109 181   5 195 179 108 119  40 209 102 147
 169 160  98  15  51  95 243 227  94  11  54  20 165 122][109  52 133 179 237  47 168 152 154 187  17  92 212 241  89 175 157  93
 243  63  51 118 218   0  13  19 255 252 138 123  27 176][ 80  48 157 229  40  78  93  58 170 186 166  76 215  55  65 122 132 213
 125   8   9  75 251   0 213 251 117  52 128 240   6 123][ 35  46  70  29  92 153 160 230 254 136 114  75  32 136 116 208 232 107
  34  69 166 250 134 127  52  62 218  11  69   8 123 140][189 121  29 101  48 127  67  20 117 232 182  92  83  17 129  57  16 228
 108 122 169 241 113  46 251 203 101  16 106 249  66  57][128 143 126  90 218 146 189 231 188  21 124 178  32 238 166   1 110  51
 130 160 114 155  34 125 127 163  42  65  81   0 173 171][124  38 150 106 153 103  82  73 163 182 169   9  75 227  73 155 153 221
 233  50  24  67 202   0 219 211  69 127 226  99 102 130][ 80 241 125 101  40  79 117  53  38 164 174   8 247  55   0  50 162 247
 109  96  72 217 241  29 243 235 101  17  96 146 134 123][156  78 174 127  22 162 227 146 118 143 199  18 113  97 147 104 121 254
  41 155 170 244 109  62  85 167 187   1 229 113 116  42][115 142 202 191 210  38  78 159  55 195 194 215 115  98  11  88 121 238
  53 156  47 222  73  43 186  39 181 129 169 240 248  88][120 161 156 112 137 105  81 143 178  55 164  25 159 179  74  26 145 158
 237  16  26  73 210  16 203 199  85 125 226  64 142   2][ 85  91 113  69  26   6  15 188  96 232 186  72  91  51 197 118  84 196
 124 250 201   3 233  46 185 236  37 180 115 179  66  41][ 86  37 210 161 245  42 250  65  41 133 251  19 206  59  85 222 251 221
 255 177  24 243 193 192 159 252 143 199 135 103 239 194][116 116 181 101   8 108  71  56 224 242 168  72 211  53   9  51   0  84
 104 106  73 101 243   8 161 168 101  52  64 115  70  32][ 64 170 155 250 178 169  51  87 174  13  73  41 172 135  96  80 167  59
 205  16  18  25 128 119 221 132  58 107 144   2 167 171][ 36 235  90 178 159 137 150 200 143 176 169 137 198 200 107   2 219  88
  74 115  78  99 218  49 185 144   5 127 208  59  94 130][236  30 231 117 241  58 238  23  56 131 126 244 205  39 129 220  23  87
 230 172 177 252 113  78 109 255  54 128 195 244 239 177][230 162 208 129 238  41 248 200 175 183 179 191 206  14  76  26 255 149
 239 179  16 119 201 208 156  18 203 247 197  45  71 213][253  65  14 174   9  71  78 232 164  64 229   9 115  83  59  83 248 229
  89 238 109 135  89  45 243 233 193  25 121  51 106  18][201 253 173  83 184 188  38 182 246 251  14 244 179 181 208 123  69 126
 254  94 230  76 255  35 111  43 116 248 202 213 211 249][ 64  48 185 101  40  76  81  19 170 169 166  24 151 183  64  50 132 117
 121  24  25  73 241   0 207 249 117  56 128 224   7  58][124 168 142 182 137 198  95 232 182 178 166   9 247 243  67  18 217 101
 121 190 106  67 219  44 217 239 207 121 136  35  42  66][249 172 135 180 217 199  78 231 183 163 194  25 111 243  64 209 217 239
 121 148 124 223 218 191 187 215 223  97 162 100 250  74][168 189 189 119 252 239  87 183 242 251 174  24 247 253   0  50 137 118
 124   2 121 248 251  47 239 223 117 113 192 120 198 250][ 97 149 145  69 209  78 102  63 120 226 106  72 242  55 132  55  17  86
  64  40  49  56 240  11  37 190  68  36  72  96 194 184][ 88 189 186 242 147 236  52 247 171 153  46  16 190 191  96  82 165 123
 253  16  18  73 146 231 251 253  22  75 194  64 167  27][208 241 125 101  40  79  85 181  36 172 226  40 247  55   0  19 166 245
 109  96 104 248 241  13 225 235 100  17  96 176 135 123][220  78 220 183 162  42 125 151  54  55  14 181 223 103  11  91  39  87
 237 162  48 212 137  99 238 231 117 133 164 241 141   3][ 56 172 250 253  93 207 119 239 118 167 236  10 115 249  32  80 121 254
  99 136  42 251 179  63 251 199  21  33 113 104 102 170][ 96 177  57  64  89 205 225  24 234 248 168  72 146 157  68  50 136 148
 114  88   3  42 250  16  93 152  33 124  73   2  70 179][ 96 152 189 101  60 203 225 163 174 185 250 104 215  61   0  26 139 213
 111  17   9 248 195   5 205 191  99  84 192   8  71 163][ 92 237 120 102 189  75 215 232  98 164 172  40  79 249  89  50 179  92
  76 123  66  99 175  63 248 205  37  61 102  51  71 130][118 113 110 236  56   6  91  64  45   4 255  15  91 155  39  80 248 141
 127 254   8 147 211  72 211 233 138  17 105  51  99 178][228  53 185  99 185 111  87 152 115 250 173  24 211 117  73  59 145 222
 100 122  57 114 249  58 239 223  37 116 234 243  70  50][253 253  25 254 157 125  86 184  82 122 173  24 215 247  73 241 217 210
 108  98 127 103 251  55 251 223   5  61  88 123 202  18][255 217   6 158  13  31 150 232 140 250 146  79 110  88  58 215 220 229
 255 103 236 103  95 253 176  50  71  31  30  63  56  87][218  72 254  94   3 208  60 230 161 134 198 163  45 174 167  87  34 247
 233 192 100 207 166 233 242  99  94 139  39 244  47  78][248 120 197 229  15  78  71 188  49 170 134  74 243  53   1 183  28 244
 125 106 105 212 217  40 243 226 229 144  42 187  18  59][154 206  78 255  66 147 188 231  20  22 118 151  97  75  34  65 109 171
 163 198 108 220   3  61 102 227 254 129  57 144 168 154][237  81 233  75 164  38  79 152 119 234 127  68  83 113 221 120  85 204
  52 254 169 176 253   2 102 173 165 132 239 243 112  48][125 101  59 230 141 127  86 236 101 228 175  10  75 222  75 183 184 197
 216 234  77  99 249 184 179 201   5  63  99 119 238 102][ 92   7  70 103 149  58  66  57 117 164 203 199 203 105  24 208  50 230
 237 186  60 176  93  14 234 239 161  69 239 227 218  18][236 239 220 119 168 105  86 158 171 191  61  57 207 243 203  27 131  86
 237  82 122 103 202  32 238 243 117 123 194 251 206  11][ 50 254  43  78 112  70 151 254  49 206 250 237  98 254 167  16 252 253
 215 230 236 151 169 111 114  54  37 131  65 118 102 223][ 33  51 101  65 244 142 235  25 122 161 106 204  82   1 148  52  20  78
  82 124 147 184 213  12  44  60   5  68 203 142 210 180][ 95  97 166 129 143  84 188  13 169 213 135  19 136 142 127 239 101 197
 251 255  69  65 183 192  95  41 222 197 175 117 185  84][ 90 189 178 250 155 224  24 199 159  21 136  51  44 255  98  66 227 243
 187 145  18  75 146 243 251 247 158  91 146  68 165  90][ 17 141 107 205 150 130 239 119 100   0  94 194 113   3 176  96 122 162
  26 237 209 152  53 125 124  44 170 192  53 138 241  40][ 34 217  42 152  93 193 183 230 142  69  76 131  44 156  54  68 232  59
 131 193  70  43  50 253 117  20 154 107  21  28 181 222][  6 175  65  91 178 160 175 168  62  31 121 228 229 103 140 212  39  75
   7 206 115  24 107 127  44 166 175 224 148 211 167 249][ 34  56  18 216  75 241  24 198 191  20 224  41  44 222 103 221 239 187
 235 144  14  75   2 241 155  16  90 123 146  21  47 159][ 90  54 254 229  50  42  57  91 191 165 254 187  79 143 194  26  54 221
 239 144  16 217 129  78 222 231  59 167 231 192  39 227][ 73 183 151 101  48  14 103  55 121 170 122  76 246  49 128 114 148 102
 108  44 241 248 209  15 231 254 101   0  72 226 195  41][115  95 234   4  50  18  79  52  33 238 158 237 107  46 151 118  54 229
 253 239 205 131 165  78 242  46 173 144  47 182 118  93][228 188 249  81 248 239  99 202 186  55  41  29  80 119  77  24 145  87
 107  62  51  84 249  86  93 142  17 100 216  65  70 242][194  49 191 177 254  98 189  71 172 221 210 179 156 190  96  74 231  31
  59 145  18 219 147 192 221  48 158 207 132  64 165 251][ 66 237 156 158  25 204  36 175 186  23 200  24 172 242   8  86 161  99
 232   1  98  73 130 115 245  54  94  27  16  80 143  46][102 108 234  46 221  34 250 200 250 194 164 141 113 233  95  26  89 196
 241 247 166 103 158 106 127  47 143  29 205 115 122 154][201 137 246  30 238 152 244 175 249  86 116  20 238 248 190 223 131 111
  96  79 244 106 190  97   6 122  82  10  86 244 235 205][ 37  80  60 115  36 223 224 148 126 121 247  92 211  24  30  41 217  12
 126  95 143 244  85  49 199 251 114  80 200  25 216 148][210  28  18 190 186 224  22 103 190   6 200 185 182 183  33  81 227  63
 109   3  42  15 136  59 241 228  58 187  48  80 167  11][218  40 150 188   9 197  16 106 191 152 160  25  46 243  96 210 225 251
 234   2  46  79 146 255 153 242  79  59  24  32  43   2][ 64 188 191 115 232 237 117 151 251 127 166  24 182 183  64  59 129 246
 108  16  59 233 243  51 207 223 116  81 192  80 198 123][ 77 178 153  48 184 204  19 152  58 253  36 125 150 215 202 113 149  93
 204 116 155  74 240  36 233 241  53 254 136   1 134 115][ 40 254 154  58  57 253 145  87 138  79 189 172 190 212 226 132 205  59
 215  17   3 175 250  27 232  21  58 251 216  78  15 251][226  40   3 156  77 193 144 198 159 149 128  59 172 158 100 192 201 187
 235 129  14  75 194 249 145  18 154  59  16  28  53 142][249 219 121 102  42  92  95 184 160 236 182 173 123 119 131 114  38 244
 253 110 201   3 186  41 242 233  97 156  34 179  70 121][192 188 191 113 168 236 113  23 187  91 166  24 183 183  64 123 133 183
 125  16  59  77 243  19 207 251 112  80 128 192 135 123][176  30  69  77  66  39  75 122  49 174 108 237 123   7 129  21  54 252
  71 238  40 146  33 125  87 162 225 128  51 241  38 249][ 93  13  75 238  22 194  79 112   4 192 207   2 119 243 162  96 118 238
  29 238  73 155  57 191 243 229 163 128  62 170  48 112][227 254 188  62 104 141 158 186 251 218  48 237 238 236  83  51 135 123
 255  71 230 110 206 123 228  86  93 187  88 247  11 223][ 50 207  98 142  87 129 222 239  31   4 248 171 108 234  54   0 122 171
 135 197  78  43  14 255  56  20 143 171  53  30 252 202][ 91 251 178   6  45 156 254 213 235 204 182  77  46 200  86 150 164  96
 127  79 198  35 186  97  51  92  39 170  67  54 251 207][254 118 210  36 235  79  86 248  59 238 177 125  79 247  75 152 191 221
 229  98 109  71 219 154 147 215 117 191 106 117  14  83][250  54 180 114 137 253 144  74 171 191 160  24 174 190  69 155 137  51
 236  16  58 111 242 112 155 211  82 123 194  69   7  47][118 140 134 158 201 228  36 231 183 147 170  18  98 226 100 223 233 230
 234 144  60 207 219  98 185  34 223  91 129 112 184  14][ 36 156 255  87 209 206 247 247 112 131 102  16  82 183  36  58  41 254
  34  24  49 252  48  98 111 174  84  64 193 240 230 170][ 89 185 159 246   9 206  87 176 250 234 167   8 247 243  64 114 161 247
 124  74  73  65 187  40 251 251  69  24   8 115   3  34][243  65  92 101 106  30  92  48  33  34 162 200  83  24 144 243 230 149
 125 110 205 151 209  12 150 235  96 144 108 178  74  17][167 167 161  17 221 219 160  75 219 113  41  90 140 200  94 164 137  11
 210  17 215 127 206 211  15  81  29 119 213  12 219 132][152 207  78 191 194   2  60 239  52  22 102 183  97  99  34  91 111 239
 163 134 108 222   3  61 118 227 254 129  57 112 168 154][113  53 185 100 208 110  67  51 112 225 106   8 215  53  17  50  16 214
 116  40  57 122 241  14 249 237  37  12 225 226 198  32][ 82 185  21 154 139 137   4 175 171 145 136 105 166 242  64  31 129  51
 104  17  74  75 202 113 152  16  95 122  16   0 131  15][110  38 177  94  89 121  82 200 227 155 173   8 106 247  77 190 153 218
 197 242  10  66 234 240  95 213 129  59 211 247  94 170][220 110 158 242  42 232  83 130 170 190 182  41 191 247  65  91  35 247
 109  82  42  71 139  32 217 195 113 185 160 209  39  43][ 73  61 152 101 145 126  68  23 105 171 174  24 158  51   1 190 128  20
 108  24  25 216 241  10 135 253  80  18 202  96 202  32][ 69 180 157 115 168 174  85 187 254 123 167  92 215 243  72 123 133  23
 124  24  51 105 251  23 205 255 119  84 200  64 131  51][164 172  88  91  83 139 227 248  23 165 116   8 114 225 108  20  57 250
  66  56  34 242  88 127 127 142   5 109 243 138  78 162][233 249 181 115 145 204  67 148 114 113 162  24 246  53  64  58 129  86
 104  90 107 108 249  39 237 158  85 116  64  19  70  42][ 66 185 191 122 153 221 176 238 255  29 160  48 238 254 100 171 137 115
 234  81  63 105 186 117 187 211  95  95 208  64 175  30][ 67 185  36   9 117 158 224  55 109  72 106  68 184  24  22 244 128  44
 122  13 199 184 213 221  36  56   2  64  74   4 219  28][120 184  61 113   9 221  81 159 230 177 166   8 151 149  64  50 133 148
 236  24  11 105 251  21 203 217  21 117  82 136  70  58][162 176 156 176 235 229  16  79 170  63 160  57 156 151  74  27 133  27
 247 144  18  79 194  81 217 209 127 255 128  64 143 219][121  82 248  69 100  30 116  16 105  10 183 108 210  63 135 122 100 212
 252 106 205 180 209  72 215 169 226 144 107 243  74  19][197 224 213  69  12  90 230 169 122 242 162  64 209 224 213 255 113  68
 104 110 229 101 191  72  56  26  71  60  73  48  67 164][205  52 189  97 161  47 113  25 123 191  39  28 222  49  75  31 145   4
 125  58  48 116 185   2 207 219  69 118 194  97 195  99][211  64 210 164  15  22 110  96 105 194 242  78 238 202 151 115 250 229
 126 231 205 231 149 200 180 250 203 152  45  63 107   4][ 90 161 150 183  11 217  48 206 175  53  42  43  44 190 110 198 163  87
 235  80   6  89 155 241 159 242  94 119  34   4 141  94][ 10 148 156 187  83 247 184  75  46   5  77 165 172  62  34 200 207  27
 163 145  22 152 115 213  77  23 218 195 144  70  47 219][250 255  47  70  31  87 151 252  83 236 148 111  98 220  94  39 156 220
 253  99 235 239 249 191 123 105  45 255  71  62 214 127][ 60 119 104 102 253  27 214 232  67 166 189  42  67 249 221  16 217 220
 198  98 200  99 201 190 122 221 133  63  87 251 254 134][ 56 156 243 246 242 194 115 231  50 143 122  32 125 247  32  16 123 251
   5 144  58 190   8 111 123 166  39  65 227  98  38 171][229  53 253 103 240  47  87 153 115 187  47  24 210 117  77  59  17  94
 116 122  49 244 217  46 111 159 101  52 232 251 194 163][ 18  51 122 225 242 171  57  87  45 165 254 183  13 143   2  88  39 159
 239 144 146 217 145 196 222 231  26 193 229 128 167 218][153 203 111 237  22 130 111  53 100   0  94 194 241   3 176  97 114 162
  30 238 209 152   5  61 100 169 162 192  61 138 240  40][ 34 217  33 152  95 197 181 231 143  85 200   3 172 157  38  68 200  59
 147 193  66  43  50 253  53  20 158 107  87  28 181 254][203 156 194 117 241 186 236  23  57 139 126 244 141  39 128 252  15 118
 230  28 177 252 113 206  46 255  54 192 202 212 235 189][253 126 219  60 242 111  95 250  51 238 116 125  95 255 195  16 191 253
 215  38 237  86 248  58 250 223  53 174 107 245 142 211][101   2 148  69 116  62 226  48 121 169 123  76 218  32 156 182 144  68
 102  60 149 240 213  76  14  62  97  68 203 163  74 133][ 64 109 150  30  25 136  36 111 238  19  72  65 164 226  33 210 160 107
 104   0  70  73 130 123 177 230  86  27  16  80  43  14][ 93 202 135 161  50   6 106 152 164  80 194 197 223 199 153 202 118  69
 125 255 143 213 141  36 232 227 175  68 174 183  57  16][  2 141   7 157  28 141  44 167 158   1  72 195 165 225  48  64  64  58
  43  13  66 136  82  61 165  54 154   8  16   8  49 136][122 188  48 114  41 253  16  91 187 126 181  57  46 221  79 189 141 187
 221   0 174 111 250 191 211 221  17 187  66  68  14  95][188  28 111 127 225 118 123  80  49 238 103 189 121  39 131  29  60 188
 149 174  56 214  49  26  87 235 241 128  35 229 102 243][237 253 156 127 156 111  87 188  82 242 172   8 215 119  75  59 145 218
 120 106 123 102 251  63 235 207  69 124 216 123 194 114][244 217  14 110   9  71  71 232 132  28 165  13 114 211  43  83 216 224
  73 110 104  35  90  61 241 249 197  28  88  59  98  34][ 76 232 154  82  65 205  51 200 187 150  36   8 110 215 109  28 177  91
 232  66  66  69 186 115 219 215  69  47   2  51   7 162][121  48 185 101  40 109  81  23 162 169 166  24 151 151  64  50 132 126
 124  24  25  73 241   0 203 233  53  56 192  32 134  58][ 90 173 166 186 155 224 154 231 159  21 136 179  44 254 102  66 231 243
 187 145  18  75 138 247 187 247 158 251 148  68 165  90][194  56 146 154  75 241 152  71 191  20 224  33 172 222 103 221 234 187
 203 145   6  75   2 241 155  80  26  59 144   4  47 159][217 222  31 190  10 194  57 182 180  70 194 245 253  70  34  81 102 165
 108 231 103 141   7 127 240 163 122 128  56  16  41  89][213 112  56 115 164 223 240 144 126 121 246   8 215  24  27  41 184 140
 126  91 207 244 125  48 199 235 113  84 204  25 217  19][250 105 238 229   5  91 254 229  41 166 246  11 107  11  23  19 250 245
 255 227  76 243 209 232 247 219 207 179 103 190 254 138][ 28 167  91 163 146 106  55 249  58  37 105  16  93 247  72  16  55  31
  33  50  82 144 169  23 237 229  47 100 160  98 135 227][ 65 191 151  69 112  46 103  51 121 169 122  76 254  49 128 114 148 102
 108  44 177 248 209  79 228 190  96  64  74 224 195  41][222  48 148 120 137 125 144  75 175 159 160  57 174 186  76 155 137  19
 233  16  62 111 211 242 155 211  90 123 192  65 143   6][216 248 189 101  40  74  85  52 160 172 166  40 247  55   0  18 130 244
 109 106 104 205 241  45 241 227 101  16  96 176 134 107][192 188 191 122 185 236 117 151 251 123 166  24 182 247  64  59 165 119
 105  16  51  77 186  51 255 255  84 120 192  80 199  58][237 104 210  84 101 124 224  66 121 203 102  16  58 176 245 254 232 108
  50  24  33 246 178 226  23 255  82   8 202 121 122 172][111  32 240 131 236 121 232 200 239 241 189  26 159 218 223  42 107 129
  95 157  19 115 239 208 158 217 155 252 207 201  83 149][ 60 167 248 100 223  59 215 251  83 166 188  10  67 105  29  16  91 254
 196  34 232 231 253  30 123 207   5  61 231 250  94 130][218 209 100 124  11  80  20  47 161  95 196 179  41  63  46  87  96 151
 185 128 126  15 247 199 243 227 222 139  51   4 165  94][ 82 249 158  58 169 213 146 238 174 157 168  41 238 254  96 194 225 115
 234  83  79 107 154 117 185 147  95 123  80   1  45  30][223 223 149 183 171  62 126 190 191 243  10 213 207 110   3 219 167 199
 253 247 117  77 159 234 174 247  95 151 174 245 139  81][246 125 232  12 205  38 199 202 123 142 188  15  96 249  95  30 249 223
 123 247 194 103 155  74 121  46 207  62 193 119 122  46][ 90 235 162  46  61 156 206 228 233  76 221  13  47 204 246 148 176 105
  93  79 206  43 170 233 178 253   6 185  70 182 127  93][115  95 234   4  50  18  79  52  33 196 158 173 107  46 151 116  54 229
 125 239 205 129  37 110  50  60 136 144  47 182 118 125][  2 188 140 186 153 225  16 135 190  23 136 185 172 214  66  24 129  59
 219 145  58  77  90  55 201 151 158 123 144  68 143  26][ 92 103  80 103  58   3  86 232 115 164 185 169  79  75 201 144  50 221
 236 227  72 115 205  62 248 197  37  53 103 179 111   3][105 121  17  97 121 141 163  48 234 168  56 104 150  17 192 178 140  84
  86 120 195 122 208  24 101 137  33 124  75   2  67 161][172  64 146 218 137 247  84 136 151 143 229  17 194 240 111 221 209 248
 170  18  60 199  90 130 195 251  81  31 146 127  44   6][ 50 126  35  44 120  38 159 127  52 234 250 231 116 239 165  16 253 255
 215  39 233 147   9  79 112  46 175 130  73 246  38 249][114 172  22 188   9 229  16 198 191  30 168   9 174 242  98 212 193 235
 234   0  14  79 146 241 153 242  91  59  18  69  47  14][144  78 206  63  18  34  78 135  54  67 194 247 115  98   3  89 123 239
  37 164  44 212  69  47 162 231 254 129 173 240  40  26][  6  61  57 254  58 237 187 128 142  88  25 104 188 223  97  64 166  59
  95  83   3   9  90 249 197 144  43 186 148 107   5  51][ 80 111  27 182 188   2  79 231 152 134 184  74 182  99  33  16 251 227
  78 107  96  15 136 110 184 134 191  56   0 122 163   8][ 92 178 158 177 170 186 120  27 191 179 139 253 207 227 194 218 183  61
 237 148 180 201 139  82 206 247 111 215 170 228 139  19][116  97 122 232  92  66  91  72  36 132 231  11 215 147  11  80 250 197
 127 254  72  67 145  72 241 169 138  25  33  51 106  66][195 254 164  63 104 173 222 190  59 122  48 221 172 107  87  31 135 107
 127  15 230 108 219 127 134  82  93 186  92 213   3 157][ 92  49 142 188   9 207  83 120 182 164 231  13 247 243  67  18  80 236
 233 122   8 195 219  24 219 227 205  57 170  35 110   2][104 183  92 120 169  25  80 191 171  61 180  56 174 179  74 155 131  86
 236  16  58 107 195  53 255 243 116 123 194 128 206  11][ 51  14  71 175  16  34  78  35  52 194 202 199 227 106 177 240  89 231
  28 165 173 144  69  15 160 230 234 128 189 114  48  76][118 106 200 166 108 104  79 140  43 230 188 173 231 232 215  30 155 237
 228  71  77 114 236 168 148 148 197 185 204 251  94  92][ 57  29  75 238  20 199  79 114  20  76 222  66 115 247 160  96 112 234
  23 236  73 154  52 191 242 237 163 136  54 171 116 104][ 64 185 157 229  32  79 101  54  44 249 234  76 247  55   0  18 132 116
 108  40   9 248 243  12 205 242  99  80 192 168   7  56][ 92 121 191 118  25 206  87 176 227 232 166   8 215 247  64 114 128 244
 124  74  73  99 186  40 251 255   5  57  64  51  70  34][  5 215  13  46 184   6  15 185 190 192  73 229 213 227 169  80  86  96
  93 238 226   1  78  31 232 174  47 156  24 243 129  49][219  64 254 132  15  30 108  64 233 226 246   6 206 154  55 251 250 229
 254 231 204 247 149 200 148 186 202  19  45  62 107   4][102 162 200 129 238  41 249 200 175 183 183 187 142 142  78  10 239 149
 239 179  16 119 233 208 156  16 203 255 197 105  71 208][166 178 119  89  89 223 161 232 223 188 245   8 104 208 237 165  25  56
 194  24  34 231 122 221  31  26   5 126 211   8 102 166][217 234 205 101   6  10  71  56 116 162 151 206 243  97 144   3  54 228
 108 110 233 245 237   8 226 233  97  16 111 187  80  48][ 32 173  26 216 220 173 177 103 159   5 124  27  36 213  32  20 249  58
   2  12  18 186  50 119  93 148  16 106 209   8 230 234][125 117  58 110 157 111  87 232 115 194 173   9  83 253  75  48 217 208
  88 106 109  99 251  62 243 207   5  61  96 123 238  66][ 85 181 157 241 168 205  85 187 238  59 167  88 215 247  72 122 133  23
 124  24  59  73 251  19 201 255 119  84 136  64 131  51][125 116 145 101   9 124  71  56  96 226  46  72 211  53  73 182  16  84
 104 106  73 116 251  10 161 239  69  52  74 115  66  48][ 94  96 243 197  44   8 253  72 169 182 183   2 205 175 213 122 238 213
 127 203  64 103 235 192 151 249 207 188   7 241 103 225][  2 250 191 179 230 196 189 199 174  93  82 179 188 159  96  74 239 123
  59 145  82 220 138 225 109  16 190 192 132  16 181 251][160 236  90  65  80 207 227 252 117  36 244   8  50 147 174  21  88 136
  66 106 106 190 120 127 127 136   1 100 115 154  70 234][ 50 143  66 174  87 193 158 239  23   5 120 163 105 238  46  64 253 187
 135 129  90 186  10 255  49 196 142 139 117  14 244 202][ 73 129 244  31 239  24 188 173 235  87 117 128 237 232  30 223  39  79
  98  79 212 104 158 113  38  58  86   9  86 246 171 204][ 97  48 193  69  85  46 234  26 123 169 106  76 208 160 213 244 144  76
 114  12 129 176 213  64   4  60   1   4 202 230  82 180][ 73 239 164 119 169 189 102 182 254 155  74  64 183 177  80 115 133 118
 123  90 226  88 219  55 111 255 116  64 194 209 211  11][125  64 233 231 100  74 111 184 113 226 243 202 223  75 153 114 122 204
  61 238  73 182 237 202 246 239 231   4 101 187  98  32][ 68  20 157 229 168  78  69  48 174 172 166   8 247  55   1 115 128 116
 108 106  41 201 249  12 237 171 101  16   0 162  68 106][248 172 134 190  89 247  80 231 183 131 226  25 107 243   0 145 201 238
 233 128  62 207 218 191 187 247 213  91 162  68 254 138][253 225 112  66 205  93  85 188  99 252 180   8  74 121 222 183 153 198
 228 106 220 106 235 176 127 217  69 127  99  55 222 231][192 188 191 126 185 237 117 183 187  91 166  24 246 247  72  58 165 127
 121  24  51 109 186  51 249 191  84 120 200  64 135  59][ 64  89 159 229  32 207  97  20 174  41 226  64 247  55   0 114 128 116
 108  72   9 248 243  37 233 175  98  80   0   0   7  56][ 32 172  26 184 208 165 176  71  22   1 104  25  52 131  96  16 217 187
   2 145  62  58  66  55  93   4  48 105 209   8 166 138][239  36 244 227 236 105 248 202 239 243 177  26 159 219  93 187 239 129
  95 157 179 103  78 210 158 217 139 252 207 201  83 145][  4 250 159 179 164 196  59 150 190  29  91  85 181 215 104  64 231 123
  59 215  82 216  26 241 205 179 191 192 132  19 181 251][ 81  31  11 174  50  98 107  18  48  74 203 229 245 230 129 112  54 231
 124 142 141 144 165  43 212 164  42 136 168 227  35 121][ 33 239  25 107 184 207  71 191  70  41  44  72 183  53   0  48 153  26
  76 120 219  56  89  63 237 205  36 116  80 154 194  40][ 82 161  74 161 210 166 120  71  53   5 238 151  29 143   2  80 110 143
 111 156  26 219 145  68 222 229 154 193 169 128 170 154][ 67 180 151 177 186  26  56 167 175 113   2 253 204  38 202 223 167   7
 252  52 183  89 183 213 140 242  95 198 142 196 139  93][124 113 158 188   9 207  82 120 167 172 231  13 119 211  75  82 240 252
 239 114  12 195 219  24 219 227  69  59  42  35 110  18][124 121 187 118  25 205  87 144 226 232 174   8 183 211  65  48 128 244
 124  74  73  99 250  44 243 237  37  56 104  51  70  34][ 92  97  90 168  95  74 127  72  36 128 239   3 223 147   3  80 122 221
  95 234  72 147 209  76 245 225 138  13  33  51  46 130][129 141  15 189  28 134  96  39  20   1  66  82 183 225  48  65  64  42
  42  13 115 220  67  63 197  34 250   8  24   8 177  40][ 81 181 157 117 168  14  85 191 234 187 175  88 215 243  72 123 133  87
 108  24  25 105 219   1 233 235 117  84 200 224 131  35][124  73  26 172  95 202  86  96 236   4 202  11  95 207  35  80 248 253
 239 227  76   3 210  92 243 225 171  57  49  59  47   2][112 105 104   5  15  91 198  32 101 164 230 137  67   8  23 144 120 196
 232  99  76 240 213   8  54  97 129  55 101  62  94  70][ 41 233 124  98 105  61  88 152 107  61  61  24 191  29  94 186 135  27
 213  76 134 102 234  49 199 217 113 189 102 135  78 227][112 184 185 114  56 237  81  22 226 189 174   8 151 151  64  50 128 246
 124  24  27 105 241  32 217 201  53 120  96   1 198  34][ 48 191  83 166 210   6  79 241  33 128 232 196 117 103  32 148 126 243
   3 226  88 155  24  47 185 132 143   8  32 242  38 168][ 76 249 158 190 169 209 150 238 174 217 128 169 236 254  98 226 135 119
 236  67  70  75 138  49 185 243 111 251  80  53  45  27][ 57 159 107 239  52 135  79 247  84  72 254 102 115 247 161 112 126 170
  22 236 233 154 116  63 227 239 160 128  55 154 112 233][ 32  62 211  77 115 186 178  66 105 139 122 108  34 224 133 188 178 126
 198   0   5 176 128  42   2 180  48   3 203 123  74 141][ 65 191 151 119 177 174  98  55 248   9 106  76 254  49 128 114 166 102
 108  12 145 248 145  77 165 190  96  66 200 226 195  41][226 238 188  58 137 153 148 175 218 119 128  29 174 232  78  27 129  99
 233  21 118 109 202  51 232  23  93 127 208  92 143  78][194  56  18 154 123 241 152  71 191  13 224 177 172 222 102  92 206  59
 235 145   6  79   2 243 145 148  26  59  16   4  47 223][ 70 251  90 202 122 132 187 220 190   8 254 231 124 199 238  80 118 237
 255 212  82  11 139 119 120  37 171 205   9 130 171 153][124 103  90  70  91  91  22 232 115 164 173 170  67 225  11  20  58 220
 192 226  72 227 141  62 250 197   5  63 103 179 110 162][ 64 247   8  37  50 142  46  53  32  40  74 205 165   2 128  16  22  29
  76 228 196 216 197  13 172 164  46 224   8 130 139  25][116 245 185 110 157 111  87 248  82 134 173   8 211 113  73  50 217 212
  89 106 104  99 251  62 251 207  69  60 240 123 198  98][162 160  55  88  41 217 128  72 223 180 176  24 234 216 204 175 137  57
 234  16 166 103 122 221  25 218   7  62  83  12  71 164][  9 187 206 183 114 130 186 245 190 201 127 229 125 231 170  80  54 111
 255 220 151 217 139 111 126  39  47 192 169 162 171 217][124 251 208 102 171  29  86 184 171 164 168 205 239 239  73 146 150 247
 237 102  70  35 219  57 250 253  37 127 234 183  75  19][101  99 196   7  60  27 110 168 101 160 167 205 195  96 157 150  26 196
 232 110  77 240  77  12  46 122   5  21  79 191  90   4][169 236 117  91  89 223 134 237 220  36 176  72 154  92 132 165 153  56
 194 114 247 175 122  63  45 154   5 122  81  10 199 236][ 87 104 199 165   8   6  75 152  39 240 130 192 215  71  17 254  48 196
 124 254 141 129 189  44 153 236 129 212  38 183  48 100][240 160 148 184  41 173  64  67 187  51 160  24 174 146  64 155 131 191
 108  16  26  79 194  17 153 242  81 123 192   0  11  10][ 72  61 185 119 225 237  53 135 250 191  46  56 190 181  65  58 167 127
 232  16  50 120 186  98 239 151  85  35 192  80 135 107][248 172 150 191 153 189  80 231 191  19 224  25 174 243   0 217 193 235
 232  16  62 207 211 191 155 247 212  91 130  68 222  14][ 98 233  18 188 201 197  20 199 191  13 224   9  46 178 102 212 193 187
 234   0   6  75 146 243 179 244  18  59 146  20 175 207][172  92 180 127 169 253  86 152 207 158 173  25 234 247 111 223 193 122
 234  66 110  68 250 177 199 251  69  59 146 127  76 198][ 86 231 132 142 139  18  14 232 179 150 137 135  96 226  75 150 121 197
 233 231  78  67 207 235 184 102 207 191 163 119 190  70][238 250 157  30 233  85  21 252 154 254 133 189 108 247 111 155 149  93
 229  98 101  71 186 115  83  19 125 191  26  53 143 211][157 177 188  97 164  77 117 155 125 242 118  56 159 252  73  58 187 153
 126  35 253 180 243   2 205 217 103   4 104 248  73  19][120 162 252 109  93  31  83 121 119 166 231   9 123 105   6  25  89 220
 228  40 168 246 249  29 123 239  85  53 115 168  70 162][ 87 237 151 182 139  62  62 174 171 242  10  13 205 246  71 255 167 231
 125 231  85  73 191 224 185 242  79 134 168 119 131  68][224 186 212  61 233 153  52 190 171 127  48 253 174 171 194 159 135  87
 236   4  87 109 195  49 142 243  84 123 202 148 139 159][216  16 189 101  40  78  65  48 232 172 167   8 215  55  64 114 128  84
 108  40   9 101 241  12 201 235 101  16   0  32  71 114][253  89  21 175   8   6  79 184  32 234 131  68  87  51   9 115  84  68
 120 110 233 199 217  44 241 235 229  20   8  51   0  56][ 92 165 142 180 147 134  62 239  54 162 238 133  95 231  66 146  55 237
 249 188 124 219 153  78 250 231 143  69 171 100 171  18][ 76 137 244  15 203  92 174 172 235  21  40 131 237 234  94 214  34 199
 234 195 214  41 158 245  63 104   7 125 115   7 143 134][220  36 156  58 137 121  16  72 187  55 161  25 206 254  75 155 145 151
 237  49  62  71 218  18 219 211  91 127 192  67  15   2][ 56 205 122 238 125 215 215 237 213  12 252   2 123 253  54 100 216 250
 151 234 106 171  42 191 243 255 135  11  87 250 244 226][230  32 104  45 108  27 202  40 114 166 193 169 195  72 223  24  90 204
 225 231  76 150 205  18 198 101 201  61 101 175  94 134][223  95  97 239 182  18  79 184  85 236 223 230  89 109 159 228 126 204
 157 239 237 146 109 174 242 111 175 132 191 247 240 117][229 161  29 225 232  77 105 137 234  51 163  24 151 147  72  27 131 133
 106  62  19 103 219  16 221 169  39 124 192 129 195 160][101 253 189 119 205 207  87 191 114 250 172   8 246 117  73  51 145 118
 120  74 121 120 251  62 237 159  69  48 192 123 198 106][227 238 172  55 232  13 108 191  59  55  32  93 164  43  84  27 133  75
 121  13 230  92 219 115 175  26  92  52  88 208 195 200][138 137  55 120  89 213 120 167 135  25 106  17 168 191  44 231 196  51
 187 208  22   9  18 245  15 249 210  75  18   4 228 158][208 161  63 185 186 203 157  45 188  80 147 241 247  92   8  67 134  19
 127 101 243 205  67  29 169 227 106 208  20   8 133 115][125  64 201 231   4  74 111 184  97 162 255 138 211  99 153 114 122 204
 108 234  73 182 205 200 246 255 231  20 103 187  66  32][229  36 252  69 242  47 119 186 123 186  63  56  82 113 205  63  51  94
 100 122 176 244 233  42 127 142 101  54 235 243 194 161][  3 191 218  69 240 190 124 247  57 203 126 100 188 186 166 116 167 111
 158  28 180 153 160 238 110  62  54 195 194 212 203 143][ 28 173  19  99 147 207 103 241  55  41 239   0  95 247  40 180  53 254
 204 234 123 153  56  31 251 199   5  69  34 227 167  48][197  19  99  61 240  38 111  25  48 201  67 212  81 231 153 113 118 238
  60 254 177 210 181  78 228  40 160 192 168 225 162 113][122 105  40  36  27  79  23 102   0 164 234  11   2  29   3  16 200 252
 201  97  76 251 209  28 243   1 129  51  97  60  86  74][ 88 165 142 180 153 194 126 111 183 129 238   1  73 243  66 210 248 239
 249 188  28 203 131  12 251 231 159  73 162  36 170  74][168 172 120  99 236 121 127 155 115  54  61  24 219  25  91  56  35 146
  85 138 242 116 217  51 103 207  53 101 103 209 206 170][ 26 169  74 169 209 196 120  71  36   1 238 135  25   7  66  80 104 143
 127 156  26 155 209  69 255 237 186 193 169   4 170 218][125 121  59 110  93 205  83 112 224 200 236   8 119 211   1  48 144 248
  92  74  73 163 242  44 243 237  33  57  98 163  70  34][247 118 226 164  45  22 126  68  41 206 247 191  78 138  23 222 250 197
 253 231 236 231 145 202 176 240 206 159  47 119 122  87][194 190 188  51 171 237  21 143  58  63 128 189 174 174  66  27 133  71
 237  21  54  76 203  51 205  83  93 127 192  68 135  91][108  60 180 127 169 253  86 138 203 158 173   9 238 245  71 218 193 114
 236   2  28  96 251 176 207 223  69  59 210 127  76  66][140 177 191 187  54 230  57 216 190 220  83   7 253 215 105  72 247  59
  63 219  34 193  27 253 201 211 239 140  48   3  37 243][240 168 158 184  41 237  80  66 187  55 160  24 174 194  66  27 129 175
 108  16  30  79 210  81 153 242  81 123 192   0  15   6][130 184  18 186  59 225 185  71 191  85 192 177 172 222  38  72 199  59
 203 145  38  79   2 243 145 146  26  59  16   4  39 222][ 20 126 211  77 178 178 178  82 235 141 248 230  42 227 229 212 127 123
 140 144   3 163 128 202 170 252  38   2 203 243 111 165][133 179  87  81 226 138  36 113 248 216 115 244 215 102 140  55  38  54
 102 122 241 249   5  76  44 170 102  66 201 160 227 181][ 68 163 148  88 141 249 176 207 239  29 188  56 174 232 110 142 161   2
 234  17  22 107 162 113  27 176  18 123 210  72 239 135][124 113  26 236  75  79 119  88 165 172 255  11  95 211   3  80 120 244
 239 226  72 131 208   8 243 225  39  29  43  51  46   2][ 64 184 191 126 185 205 113 166 186  27 164  24 182 247  72  58 161 127
 121  24  51  75 186  51 217 191  85 120 192   0 135 106][112 184  57 114  40 205  81 148 227 189 166   8 183 215  72  50 128 182
 108  88  26 107 242  33 219 137  37 120  64   0 198  34][186  32  55  72 109 127 128  74 205  54 177  24  10 152 165 191 200 145
 206  32  44 103  98 208 147 218  82  63 211  77 102 166][169  52 113 117 109  77 117 123 117 226 246  24 159 241  72  63 123 156
 126  40 169 246 243 202 221 248  69  36 107 232  66 178][ 36 160 161  35 205 105 201 201 114 255  17 153 130 205  88  10 153  78
  67  31  26 118 232  18  77  20  21 125 197 111 214 242][ 60 125 122 110 219  67  23 236 115 164 236  42  66 225  43  16 120 220
 192 226  72  35 170  62 251 197   5  63 113 115 102 162][220  48 157 243 170 102  57  25 186 251 135 112 221 119  73 123 183  87
 253 176  49  69 155  64 205 211 255 214 136  97 133  51][102 253 136 190 153 196  30 237 146 151 141 173 236 247 107  82 149 115
 233 210  94  67 154  51 251 247  77 127 144 119 175  91][176  32  53 120   9 249 144  72 207 182 177  24 238 216 108 171 137  49
 234   1  46 103 250  21 153 211  75  63  80   8  15 134][124 113  30 108  89 207  82  88 167 172 239  41  94 211  75  82 240 252
 239  98  76 195 155  28 243 225  37  63  42  51 110  83][ 90 249 150 190  41 209  22 238 174 144 130 169 239 254  98 242 135 119
 237  67  79  75 139 189 171 243  95 127  18  55  45  31][193 185 150 119 177 142  54  53 248 136 107  76 254 241   8  50 178 110
 104 104 241 248 145 109 165 186  66  66  72  34 195 139][120 168 150 187 153 189  80 199 191  23 224  25 174 179   0 217 193 251
 232  16  62 207 194 183 155 247  84 123 210  68 138  14][ 98  56 146 184  91 209  48  71 191  13 224  41  46 158  38 212 224 187
 235   1   6  11 130 241 145 118  26  43 146   4  47 207][ 52 166 153 254 216 111  86 233  23 190 169   9 103 239 109  16 157 211
  78  34 126  99  75  63 185 214   5  63 208 122 198 130][195 186 149  63 106 141  48 142 175  95  48 253 174 174 198 159 135 123
 238  68 135  77 194 241 142 242  80 122  88 133  11 221][ 56 162 190 109  29  15  82 120  87 188 245   9  66 237  12  24 157 252
 229 104  10 243 219  29 219 251  69  61 115 170  78 162][ 37 181 217  65 180  47  99 159  86 169  59  92 211  49 216  36  25  12
  70  56 155 176  93  22 236 142  37 116 248 202 194 160][ 56 157 123 239  52 211  79 119  69  68 252 102 115 119 176 112  94 186
  22 232 233 186 100 191 242 239 160 128  55 138 244 121][208 217  31 245  16 140  65  22 172   8 226  64 247  19   0 114 128 118
 120  72  75 205 243  39 225 169  50  16   0   0   3  42][208  48 191 100   8 108  81  49 224 162 163  24 215  55  64 114 144 116
 108  40   9  97 241   0 209 235  65  16  32  32  70  34][197 160  25 243 168  13  97  24 238  51 163  80 151 147  72 123 129  20
 104  26  19 101 219  16 201 169 115 116 192   0   3  32][224 162 140 177 204  13 236 175  62  59 162  89 149  43  88  26 137  79
 123  13 114  92 219 115 205 158 223 116  64  80 211 138][195 160 246  21 131  30  60 175 187 115  70 144 220 166 222 255  39  79
 253 157 247 220 183 193 157  58  94 196 132 196 139 108][228 237 189 119 185 205  87 191 242 174  44   8 246 245  73  50 145 126
 120 106 120 120 251  63 239 159  69  48 192 122 198 106][ 41  41 234 125 210 143 125  95  55 167 116 130  57 171  50  57  59 191
  83 140   2 250 102 217  79 207 117 165 231 224 230 233][191  95 225 111 182  18  79 188  85 238 223 230  89 109 155 229 126 206
  61 239 253 146 109 174 250 239 175 132  63 247 248 117][125 165   2 174 157  59  70 232 116 162 203   9 195 232  58 128 249 206
 232  99 124 163 221  63 185 231   5 125 105 127 250   6][100 237 189 111 157  79  71 184  82 190 172   8 215 113  73  48 217 252
 112 106 104  98 251  63 237 159  69  60 208 251  70  34][209  68  31  37  32  78  65  48 228 202 130  64 215  23 129 123  48 100
 124 110 105 197 181  12 193 171  96  16  32 177   6 121][220 164 156 176 137  57  16  75 174  63 161  25 142 186  72 155 129 147
 235  17  62  71 203  17 219 211  93 127 208  68 143   2][173 167 113  67 245 159 229 253 123  57  53  92 138   0 220 181  25  10
  66  60 243 248 104 151  44  24   5 116 203 140 210 165][ 72 220 181 191 137 204  20 175 223 127 138  57 238 252  42 203 129  87
 233   3 119  77 219 179 233 247  95  63 144  92 157  90][104 255 153  62 249 205  23 190 154 124  44  45 174 247  67  16 133 123
 233  64  67  74 250  63 237 151  53 123 210 119   7 123][ 64 104 251 100 104 108 115 150  40 174 238   8 247 183 193  16  16 252
 109  72   8  20 225  43 213 190  49  56  64 243  70 107][109 121 123  70 117 221 239 240 235 236 252  72 186 221  85  52 156 248
  87  74 193  58 248 252 119 221  37 184  74 191  71 241][224 168 158  56  41 237  81  66 175  55 160  25 174 210  66  27 129 175
 108  16  30  79 210  81 217 178  81 123 192   1   7   2][109  63 211  69 241  60 226  18 123 201 124  76  10 161 213 190  50 110
 198  28 147 242 180 104  14 124  37  40 202 247  75 181][ 57 157 107 239  52 211  79 119  85  73 254  34 115 119 176 112  94 186
  22  40 219 184 109 191 106 239 160 192  55 138 244 121][209 245 215 103  19  74  54 109 124 194  99  32 124 115   8 177 178  93
 104  98  97 245 153  79 181 174  69   2 105  50 163  42][  2 186  18 154 123 129 176  71 191  13 104 169 172 146  38 212 230  59
 131   1   6  27 130 247 148  52  26 171  16   4 175 143][ 13  46 209  65 180  47 225  19 118 162 106  92 147  32 209 172  25  12
  64  28 185 244 197   2 140 142  53 100 234 233  66 164][ 66 170 146 158 123 129 184  71 190   9  72 245 172 170 102 196 167  59
 235 145  22  25 130 247  28  54  30 235  24   4 171 143][ 56 161  14 169 217 198 120 103  37   1 238   1  17 147   2  80 104 142
 251 156  90 219 193  21 255 229 158  65  34   2 234 138][ 89 244 107 103  48 110 107 188  32  78  79  96 247  87 152 113  55 222
  93 238 233 144 189  47 225 239 166 132  32 211 102 121][202 190 172 179 169 109  21 143 186 127   8 189 174  47  74  27 135  83
 237  21 114  76 219  51 237  83  93 255 128  84 135  91][ 80 184 191 122 185 204  81 198 186  21 164   8 190 247  64  58 163 127
 109  80  26  75 186 113 217 179  85 123 192   1 135  42][195 184 220  31 106 157  56 194 191  83  96 157 174 150  71 251 167 123
 254   4 183  92 159 113 140  48  90 170 216   5  11 221][206 180 157 177 171 100  61 159  59 191   6 185 220  55  72  27 167  87
 253 144  50  76 251 194 205 211 255 247 128  64 133 115][252  56 184  50 139 253  18 144 227 246 165  41  79 221  75  27 167 241
 236  83  14 102 250  32 219 193  69  63 227 127  14  83][191 223 237 103 182 114  79 188  85 230 223 246  91 109 159 229 127 206
 181 239 237 214 109 174 250 239 229 132  63 247 244 117][120 121  25 108 112 205  83  48  96 136 108   8  55 215   1  48 144 186
  68  72  75 186 240  61 247 173  32  56 104 131  66  59][216 168  28  58   9 253 144  72 206 190 177  25 238 216  73 139 137  49
 234  17  14 103 218  49 153 211  91  59  80   9  15   2][ 60 245  59 110 219 195  23 237 147 174 237  40  98 247  41  16 217 251
 194  98 120  35 250  63 123 199   5  63  83 115 166 234][ 66 233 150 190  43 192  30 174 191 156 138  41 239 254  98 210 135 119
 253  67  70  73 138 249 169 243  95 255  16  55  47  79][206 189 184 122 251 229  23 175 187 159 141 185 236 247  72  82 133 123
 233  82 114  75 218 119 235 247  29 251 144  83 135 123][ 60 113 146 101 125  79  82  88  71 172 255   9  66 221  77  16 152 252
 103 106   8 179 219  29 219 205  33  53  83  43  70 130][105  48 245  93 109  29  97 121 239 248 244  76 155  17   4 255 200 172
 126  40 153  98 243 216 135 251  65  58  74 168  98 180][204 182 156 176 171  59  16  75 175 191 137  61 206 251  74 155 151  23
 237  49  62  71 203  16 218 211 121 255 138  68 143  19][212  32  29 241   8  13  65   0 230 186 163  24 215 147  72  91 129   4
 108  26  59 101 219  16 201 225  97  84 192   1   3  34][240  41 145 118 184 204  81 150 162 177 162  24 151 151  64  50 128 214
 104  88  27 107 210  32 217 168  21 120 224 128 198  42][ 34 233  57 216  93 221 210 238  95  68 236   2 162 221  52 100 200 186
 147  64  78  42 114 189  39  92 146  59  83 136  84 238][ 44 164 248 115 196 111 241 155 113 183  55  24 219  57  95  61  59 158
  85 186 184 240 253  66  79 207 245 101 231 225  86 162][139 236  79 189  90 166 107 250  52 194 198 199 249 199  51 101 126 109
 123 236 227 215  53 223 102 235 171 128  46 164  40 216][211 224 174 145 203  28  56 206  62  51  66 144 140 170 220 255  39 207
 123 157 182 221 151 241 157  42  94 196 136   4 171  12][193 161  29 103  25  12  65  61 116  33 163  24 247  83   8 114 144 150
 104  40 107 200 211   5 229 184  16  80   0 128 194  40][127 124 242 182  39  30 126 196  57 206 247  47  79  58  31 223 255 205
 253 231 236 247 153 232 178 255 222 151  47 119 111  87][124 117  26 236  75  79 118 112 165 172 255  43  95 215  35  80 120 244
 207 226  72 131 192  76 243 229  39  27  99  59 110 131][ 38  50 104 175 110  99 187  72 138 254 153 171 213 220  91  10  95 221
 255 227 132 103 239 217  84   5 171 189  85  43  23 211][134  59  87 195 186 134  46 244 188 152 178 246 212  39 165  87 102 119
  78 254  51 201  27 236  56 152 175 196 136 145 161 185][144  17 191 189  62  99 121  89  22 253 215  50 253 215  40  73 119  21
  63 184  50 197  59 221 217 227 235 196  52 160  37 115][  2 184  51 186  27 225  17  71 191  23 192  49 172 214  34 220 195  59
 251 145  50  15  50 247 145 246  26 123 144   4 167 126][252  32  54 120  41 121 208  74 207  54 177  24 143 152  45 171 201 145
 238  34  44 103 242 144 147 211  82  63 209  89 111 134][104 170 148  56 137 237  80 135 191  63 160  25 174 171   2  27 129 251
 237  16  62  75 195  49 219 247  84 123 210  68 142  91][ 40 171 238 125  81 143 232  87  55 173 114   3  41 171  52   0 120 175
  51 136  18 248  67 221  79 239 147 129  99 128 230 138][223 119 250 165 130  50  62 223  56 231  78 247  77 190 235 106 119  79
 189 191 180 209 165 226 250 111  94 131 166 245 169  93][ 52  63  94 100 162  75  87 115 160 206 188 237 119  55 131  17  38 178
  69 106 104   3  16  46 242 131 101 144 104 242   6 123][225 185  83  84 193 217 100 119 123 243  96  88  40 151 132 181  57 190
 226   8 115 126 242 247  31 122  85 106 107 128 202 172][121  92 215 101  43  46  85  50 169 202 238 108 126  51   1 158  39 244
 108  42  73 245 211 104 213 190  84  18 106 243  67  57][  3 137   3 153 244 137 172 199  30 121  80 215 164 138 116 192 255  43
  50 149  87 184  66 215  44  22 158 226  28   8 185 157][216  70 215 103  50  66  46 108  52 130 250 224 125 119 136 244  54 221
 236 226  97 208 173  79 180 230  38 129  99 178  39  57][ 19  44 110 125   4 166 109  59 181 130 102   3 113 235  23 105 121 237
 127 172 168 220  87  93 199 235 251 128  37 224  96 168][ 34 185  57 217  93 205 209 239 223 113 232   8 178 156 116  32 201  58
  27   1  79  43 114 247  47 156  16 123  80   8 212 254][165  41 222  69 240 190 226 208 232 217 188  76 171 176 215 191 162 110
 196 124 183 234 164 104  14 249  34 163 202 197  75 205][ 78 180 149 241 171 100  61 159  59 187  14 113 156  55  72 219 167  87
 253 144  51  88 219 226 207 215 223 230 138  80 135  59][124  34 152 184   9 233  16  74 142 191 185  41 142 216 107 154 137 177
 238  17  14  99 202  17 209 213  57  63 208  73  15   3][ 84 232 159 122  27 200  83 200 186  21 165   8 254 215  72 114 163 255
 105  82  10  75 170 113 217 178  85 123   0   3  39  42][220  53 117 103 160 110  79  57  33 204 191 104 115 119 153  52  54 214
  93 234 185 128 249  14 225 236  33 128 102 227  70  97][192  56 159  56  41 237 113  66 175  63 160  25 190 150  64  26 129 189
 108  16  10  79 210  81 217 176  83 122 192   1   7 106][248 241 251  68  96  79  71 188  33 236 188  40  31  21 200  54  22 212
  85 106 193  39 176   0 115 137 116 188  98 178 198 121][120 161  30 168 153 194  82 111 167   5 236   9   3 147   2  80 200 158
 239  16  90  11 211  21 251 245 134 123  50   2 254  74][120 121  89 108 112 205  83 120  97  40 100   8  55  19   1  48 178 252
  68 106  75 186 240  61 247 237  32  57 104 147  70 171][244 232  17 114 136 201  65 128 162 183 162  24  55 211  64  26   1 244
 104  88  74 103 218  33 217 128  21 120  96 128 198  34][133 220  71 179 226 194 111 248  52 242  66 246 213  87 161 121 119 116
  59 254 241 212  63 110 236 138 239 196  36 177 165 241][ 78 189 177 122 251 237  23 175 187  63  45  57 236 247  64  22 135 123
 233  18  50  72 218 119 239 215  29 127 146  81 135 187][202 188 172 179 169 237  21 143 187 127  12 189 174  55  66  26 135  83
 253  21  50  76 219 115 237  87  93 255 128  84 135 123][  2 170  18 154 123 145 184  71 191   1  72 177 172 202 102 212 167  59
 131 145  22  26 130 247 156  52  26 235  26   4 171 143][105  50  92 111 108  31  80  24 107 248 181  76 211  25 207  50 220 196
 110 110 141  98 233  25 134 217  97 190  90 171  74   5][ 14 191 220  55 242 169  55 191  59 183  60 253 236 247 202  20  55 123
 231  16 178  88 203 127 108 199 125 235 238 196 143 219][ 57 141 123 235 180 211 107 113  86  65 127 226 115 117 176  96 122 186
  22 200 155 184 109  63 110 237 160 192  55 138 240 233][ 82 235  30 190  59 193  94 236 175 164 136 169 239 222  99  82 198 255
 237  67  78  75 203 189 251 245  13 187  32  55  39  75][ 44 252 179  94 249 215 151 236 151 143 173  56 238 247  44 180 149 123
 194  98 114 107 122  63 107 214   5 123 210 115 135 187][ 62  42 240 163 245 127 248 192  63 181 183 171 206 110  79 157 255 157
 223 177  28 243 105 212 159 215 207 119 199  47  79 198][ 82 184  58 186  27 249  16  71 191  21 197  16 172 214  36  92 195 187
 235 145  50  15  58 247 145 246  26 123 144   4 167 126][216 132 157 116 168 232   0  11 166  51 163  16 215  51   8 219 163  23
 108  16  58  77 219   1 153 227 114  84 128  64 129  35][223   6 174 188 129  54 125  95 177 199 207 151 205 239  58  75 117 239
  57 189 188 199 182 194 251 119 223 141 134 244 173  86][  2 249  59  94 117 221 243 246 237  76 116   8  60 159  39  48 172 123
 215  74 194 187  50 253 119 189   2  43  82  18 103 251][ 28 161 240  65 149 111 225  25  99 181  63  26  75  57  92  60  59 156
 117  24 154 240 253 128  79 223  81 101 231 162  86 162][126  64 230 174  77  22  94 232 121 166 247  11  78 122  31 223 254 197
 255 231  76 247 217 232 147 251 199  23  39 127 106  70][211  90   7 188  45 150 138  96 141  72 210 199 239 206  50 193 238 165
 255 231 237 133  23 221 144 242 202 154  28  63  57  93][131 232 220 185 202 141 188 207 191  51  96 153 172 138  87  91 167 203
 123 149  70  92 151 113 220  18  94 235 217  21 139 142][ 99 206 215  68  96  28 108  55 113  42 126 204 106 105 148 254  55 228
 228  14 205 118 167  67  22  62  80  10 107 242 202   4][202 179 148 177 171 121  20 143  47 127 129 189 142  46  74 155 135  23
 238  17  22  89 203 209 142 211  95 247 138  68 143  95][195 225 134 144 201 128 168 207 254  51 194  29  12 186  92 219 225 207
 123 145  54  95 151 209 156  50 223 109 140  20 187  14][ 36 123 218 192 198 201 182 192  94 224 120 235  16 216 229   8  59 232
   2  82  71 114 142  96  28   4  37 109 221 123  75 138][189 221 237 245 180  63  79 191  85 230 254 150 115 109 151 101  95 238
  53 239 249 248 125 174 110 239 229 132 103 253 212 124][ 56 121  91 100 114 203 115 112  97 136 116  40  63  87   1  49  50 252
 196  98  73 179  32  45 247 233  33  19  98 179   6 163][ 84 232  23 122  75 201  19 200 171  16 161   8 126 215  73 116 176 249
 108  82  10  71 154 113 209 176   1 123  80  19  39  34][120 241  27 104  25 207  86 109 167  12 236  41   2 151  40  80 216 148
 239  96  90  11 195  29 251 245  32 123 114  10 230  27][ 88 102 215  69  50  90 110 188 117 162 254 224 105  39 141 244  62 221
 236 234 233 208 109  79 166 230 166 129  99 242  46  61][245   5 113  71 242 122 111 185 113 226 127 112  83 119 157 189  55 222
  84 234 185 240  45  14  47 234  33 132 231 227  98  33][ 34 156  57 216  93 237 145 103 206 113 232  24 182 156  52  96 201  59
  91   1  19  43 114 215 197 156  18 123  80   8 213 250][ 92  51 154 168 187 233  16  74 175 173 153 173 142 238  67  24 158 191
 238  17  30   3 194  16 216 213  43 127 208  79  15  83][109 115 120 103 108  31  83  24 111 232 181 108 219  25 223  50 158 132
  78 110 141  50 233  24 198 217  33 180  78 171  66  17][ 25  12  70 253  76 162 108  39 117 162 234  82 113 187  52  89 105 174
  59 137  56 220  67 223  70 174 210   0 181 192 248  10][ 34 162 208 185 215 169 184  75  31  21 121 147 140 203 108   8 255  27
 131  17  22 122  74 211  12  22 155 111 149  72 141 130][165 107 219 161 214 203 167  65 214 176 112 234 177 200 193   1  62 121
   2 114 101 242  36  40 108 129  39 164 101 185 195 129][ 78 181 149 225 233  36  61 159  43 187  14 112 156  55  72 190 167  95
 253 144  19  88 219 194 207 223 223 230 138  80 139  59][ 10 170  26 184 219 177 176  71 191  21 104 185  44 202 102 148 171  59
 131 145  22  11 130 247  31  85  26 107 210   4 175 142][240 168  16  86 137  72  64 228 225 177 160  24  54 147  72 191  33 214
 104  24  58 111 138  35 153 160  85 121  98   0 198  42][ 10 186 220  27  91 173 185  59 191 181 100 157 237 231  66  20  55 187
 227 148 178  88 254 119  79 215  89 235 243 132   7 217][113  74 251  85 100  62 238   6 250  79 126  92 122 232 151 114 166 238
 100  14 133 243 164  97  54 173  98   9 201 240 107 204][124 121  83 110 123 201  71 248 167 128 232 104 127 215  97 144 186 253
  71  98  74  19 154  61 185 229  37  56  98 179  71 171][192  56 159 184  40 237  81  66 175  61 160  24 190 151  65  27 161 185
 110  16  10  79 242  81 217 144  82 122 192   0   7 107][ 64 153 156  87 169  44  21 135 186 155 166  56 238 243  64  95 131 118
 232  16  16  73 219  97 205 182  85  91 130 112 135  43][133 240 126  83 171 158 180 101 236 219 179 116 222  90 204 187 167  21
 236  50 245 237  59  68  15 155 119  87  72   0 235 135][  8 121  59 252  87 205 179 118 236  76 124   2  60 223  37  32 172  57
 147  66 195 171  50 253 115 157   2  11  81  17 103 251][ 57 141 123 107  52 195 107 241  86  69 126   2 115  69 178  96 126 186
  22 216 155 184  61  63 111 237 160  64 119 138 244 248][188 109 239 117 212 111 239  94  82 230 176 155 177 236  85  11 184 110
  83 255 168 242 252  42 229 201 175 180 229 121  86 248][173 102  44  51 188  31 189 115 220 254  51  21 223   8 215  43 175 101
  92  63 244 252 125 140 237 219 127 116 197  44 211 213][  7 174 131 147 212 165 161 194 126 103  75  84 132 226 250 108 249  42
  42 149 151 220 191 114  12   6 155  70 136  69 177 228][210 184 154 186  25 253  16  75 191  21 193  25 174 214 104  88 193  59
 235 145  26  15  26 243 209 247  26 123 144   4 175  18][194 232 134 145  73 137 168 207 174  51 130  17 164 130  84 159 171  11
 107 149   2  77 147 113 156  18 222 107 136  16 171 142][190 160 245  97 149 107 225   9  99 181 191  26  75  25  76  22  57 156
  77  56  26 244 217 134 155 220   1 119 227 174  86  38][250  64 230 229  71  50  88 106  41 166 254   3  11  59  23 214 250 205
 253 167  76 247 209 202 147 249 195   7  39 228 110  70][100 109  16  73 217  75  70 168  66 182 168   8 194  97  73  18 153  64
  64  98 106  98 203  63  45 150   5  63  80 123  70 130][144 164  22 251  21 167 224  67 159   3 115  18  98 203  52   1 249  58
  34   0  58 254  19 215 145 222 146  74  81   8  96 138]