[  4 118 241  69 112  78 111 184  57 168 126 100 214  55 129  52  22  92
  84 106 225 208 249  78 109 190  37 132  74 243  71 177][ 18 133  19 153 210 226 171  99  60   1 202 178  36 162  32  80 123 187
  10 128  50 155   1  95 188 166 154  64 129  64 161 136][ 67  50 229  21  40  62 236  27 233 250 146 252 216  58 213 255 167  69
 124  45 165 197 197 200   6  58 127 150 140 244  75  29][ 75 249  62  94  43 212  61 182 172  72  70 164 189 223 179  96 134 115
 253  77 197   9 182 253 231 121 122 153   6 180   7 123][ 73 176  16  65 105  61  48  31 107  57 173 124 158  16  76 180 151  29
 206  32 151  52 209  17 134 217  16 118  74   0 139 151][ 49 199  79  79 148  27  79  55  69   0 254 198 115  32 176 100 126 166
  78 238 253 184 101  31 160 174 164 144 125 186 216  44][ 88 205  91 118  18 202  71 182 113 128 238   8 115  51   1 112  50 246
 108 104 104 139   1  47 243 239  36  17  98 176  34  42][ 22  99  66 142  90 128 190 104 173 132 217 167  76 206  43  80 126 253
 255 247  72 131 138 238 188  52 143 201   5  54  39 208][ 92 171 214  36 242  67  52 207  35 181  34 233  79 167 195  22  55 223
 236 144  16 219 137  64 248 198  53 229 162 180 167 137][193  32  21 109   8  79  97  24 118  56  98  88 215 115   8 113  16  92
 106  40  43 244 251  21 133 170  97   4  72   0  66 160][ 60 235 225 226 205  75  79 248   3 180 189 138  75 109 221 150 122 216
 199 254  90  50 251 176  59 201 133 124 103 191  86 224][ 13 141 174 211 132 118 173 183 116 255  94  18 144  50 146 107  97  70
  51 153 176 216  53 224 111  47 254 192 165 209 245 104][252 196  47 110  45  90  70 184 228 230 167  33 211 109 155 243 216 196
 236  98 108 231 251  44 243 227 229  21  98 255 252 114][224 252  29 241 172 143 125  55 185 187 178  88 159  27  68  27 207 183
 125  24 105 237 211  70 205 218 119 120  64 128 195  43][205  52 177  83 236  63 225  27 123 251  55  92 222 120 220 188 149  12
 126  56 179 116 251   2 143 223 117 118 202 107  75 165][ 78  16 158 182 160  36  56   3 174 155  27  48 221 250 105  74 167  23
  61  17  16  65 155 192 136 247 122 206 132  97 161   1][110 240 240 192 237  93 216 140  11 253 180  25 142  92  95 190 159 213
 255  53 150  98 251 208 143  88  93 255 198  93 207 215][ 32 247 153  95 124 141 197 191  86  57 104 108 178  33  72  16 153  10
  98   8 107 122 219  63  44 134  53  56  88  88 210 169][103 227  32  50  61 157 218 200 203 124 177  13 174 200  94 150 141 131
  93  87 206  99 234 181 155 216   5 255  80  15  91  77][237 120 189 114  45 124  80 152 251 250 181  88 222 219  77 191 167 212
 124  90 173 103 250 226 215 219 117  62 202 113  75  51][178 159 102 190  27 215 154 238  23  76 212 167 104 220  54   1 220 187
 151 193 238 171   3 253  59 114 152 211  87  12 188  95][ 90 185 147 250 187 205  85  87 187  25 172  24 190 247  64 254 167 187
 253  16  19  75 178 241 251 244  20 123 146  64 135  59][  9 182  23 107 176 174 107 147 108   9 123 100 255  83 136 112 151  27
  92  60 179 152   9 127 236 253  34 192 136 194 131  33][225  87  90  76 116 157 231 124 121 200 116  76 114 216 182  53  92 236
  22 108 197 186 246  93 118 185  33  40  91 184 106 141][245 180 253 119 184  78  71 188 115 226 175  24  83 113 201  51  17 198
 108 122 121 112 249  46 235 175 101  52 232 242 194  40][246  80 255 252  75  66  22 200 183 134 225 163  76 223  45  91 248 253
 235 226 108 199 154 106 243 162 207  15  49  51  38 210][101  76 253 119  52  15  99 184 126 232 243  72 243 113 145 112 153 102
 126 106 169 244 233  63 236 255  37  16 200 187  66  33][ 50 166 102 168  93  91 188 105 143 164 152 139 203 204  94   0 249 141
 203 165  76  99  71 220 179  85 143 191  85  44 246 214][ 66 181 144 152 249 233  52 239 159  31 184  57 172 190 110   0 201  27
 251  17 114  75 194 247 189  22  30 251 144  76 143 219][184 244  88 122 249 205  84 239 159  63 172  57  46 217  76  21 137 154
 197  16 106  47  90  55 251 223  20 127 114 216 206 139][ 37 184 181 209 237 237 241 210 203 249  52  88 158 157  68  63 141  24
 118  24 147 126 250 240  79 216  85 126 210   9 211 179][129 192  39 149  52 155 161  39 124 113  82  82 169   8 148 229 106  45
 126 137 183 252 101 213   4 122  90  64  69  12 209 236][111 179 232  35 237  60  94 153 107 251 191 205 203  40 223 186 151 197
 253  63 156  96 221 192 206  93 229 247 207 247 218  87][201  16 237  71  32  62 121  24 117 123  87 116 221  23 154 125  54  92
  61 142 161 212 229  66 198 251 240 196 174 131   0 113][245 127 250  70 164  90  87 188 105 234 190 236  91 124 151  51  62 220
  84 106 237 246 237  40 242 249 101 148 109 243  90 117][ 73   8  63  85  21 254 105   7 253  69 102  16 186 146  22 252 128  46
 120  28  63 188  49  79 135 255  16  65 194   4  74 110][120 251  48 106 125 157  82 204 235  13 188  45  46 216  70 148 136 251
 204  80  78  43 218 181 187 213   5 123  90  14 206  15][113 168 146 114 233 173  80 199 251  27 168  24 190 251  72 188 129 187
 108  16  27 107 146 113 155 220  20 122 202  64 202  15][109 117 252 103 188  31  94 184 123 234 254  76 223 121  27 178 150 204
 124 110 237 240 217 142 231 255  37  52  74 242 202 129][117 233 149 114 169 141  66 141 171 185 168  72 166 210  64 150 137 231
 108  88  27 107 218  49 153 220  21 122 200  11 194   4][120 169 130 190   9 212  80 205 163  25 136   9  47 218  74 242 200 247
 253 209  30  75 202 177 155 229 185 255 162   6 174  11][214 249 150 158 203 197 150 236 159 130 224   2 108 254  45  83 252 249
 251 226  98  67 154 249 177 178  79  63  16  51 167 154][177 142  79 158  22 130 203 242 212  10 210 230  49 194 176  97 108 170
  22 207 235 143   6 255 176 170 170 136  61 136 112 169][ 99 168 227  95  91 223 162  40 123 225 100 200 104 228 148 180  16  44
 224  76 135 218 238 125  15  62   1 106  67   6  70 236][124 253 176 251 189 173  94 183 123  42 188   8 255 127  73  16 167 243
 221  82 122 104 219 255 255 223  53 122 194 243 195  11][255  98 132 191 168  39  94 216  55 190 145 157 207 234  91  91 221 197
 253 231 174  71 203 179 218 211 239 188 152 247  42  80][184 115 104 224 124  95  95  92  19 236 244 173  19 141 211  16  92 156
 149 111 200  50 240 156 243 221 165 189 119 190  86 251][163   0 103 217  84  50 233  16 117  97  83 214  81   6 156 236 126 140
  54 156 181 148 101 198  22  46 186 192 175 132 112 116][ 33 111  67  79  80  31 102 117 125 160 106 196 227  98 133 244 122 236
  66 238 193 176  85 109  38 248   4   0 107 186 234 172][124  92  24 190   9 197  95 232 175  26 168   8 255 223  41  80 221 241
 253 226  74   7 218 123 243 247  79  63  16 115  39  19][126  48 237 103  19  90  83  40  55 228 231 171  75  60  31 244 122 213
 253 227 172 242 253 140 219 231 205  23 103  39  86 118][252  48 244 116  41  62  92  56 235 186 181  56 223 127 201  59 175 213
 253  42 168 103 235 192 211 251 113 190 194 241  67   3][ 33 172 231  91 252 187 160 206  94 113 123  82 232 232 156 172 121  42
 114 153 183 250 111 247  12  30 146  64 223  76 243 172][ 35 203 102 157  92 147 172 109  76  96 210 199 168 136 182 161 108 169
 186 197 199 186  71 253  52  40 154 128  93  12 121 156][126 224  64 202 249 193  95 204  23  37 165 173  73 199 235  20  91 200
 203 254  58   3 202 246 250 212 133 127 183 159 230 242][118 253  45 158  31 201 151 232 143 244 136 139 230 220 111   1 218 241
 251  99 106  67 254 189 185  16 141  63  84  63  23 246][ 93 109  18  36  17 159 102  48 229 136 238   8 223 227   3 180  48 228
 204 110  76 177 145  44 243 253   7  17  42 183  11   0][181 107  76   7  30  27 166 108  87 224 242 174  99 104 151 165 120 236
 194  99 236 242  77  60  54  10  69  51 109 191  74 140][ 61   7 122 104 244 190  75  81  97  77 127  76  83  67 178  48  92 172
   4  60 157 186 100  14 238 237  32 196 234 138 234 225][ 45 253 145  67 245  47 103 189 123 233 125  76 210 113 204  52 149  78
  86 122 211 184 249  63 109 156  37 100 202 243 194 161][240 105  68  37   3  14 100  33  33 162 226 139  35   0   1 151  40 228
 232 198  77 223 213  40 149 160  64  16 105  52  42  12][  7  32 232  69 102  59 169  90 126 227  95 198 153 172 215 174  63  13
 119 157 135 244 165 194  86  45 187 164 175 245  83 245][  2 181  50 137 219 225 176  71 172   5 218 179 140 158  34  64 235  27
 219 145  54 155   1 215  52  52 154 203 149  68 165 223][ 86  89   3 143  31  74 246 228 173 160 202   2 226 222  33  64 120 253
 123 227  72 179 153 236 181 164 139   3   5  59  53 154][201  50 149  19  96 252  33  19 255 123 119 244 188  86 202 255   7  10
 110  28 183 212 231  66   4  58 114 194 202 196 129 117][178  99 100 140 143  19 156  77 135 166 144 175 110 136 119   3 126 225
 223 231 236 103  79 216 176   0 207 191  85  62 181 206][124  97 253 100 137  73  71 168 227 180 172   8  83  49  65  51 136 212
 108 106  72  99 232   8 243 201 101  61  96 243  70  34][ 70  18 190 204  44 162 145  80 237 141 215 100 196 210 173  78 212 116
 237  17 136 199 130 192 208 180 171 159 128  35  60   7][143  94 197 183 170  63 188 158 190 115  19 247 237 108 155 139  39  71
 251 135 165 196  95 243   6  66 127 148 254 245 137 221][212 112 191 126  75 198 183 200 190 146 227  25 124 255 105  27 179 125
 251 115  32 231 154 106 217 167  79  15 193  51  39 130][248 184 188 118  41 237  81   3 179 191 165  57 191 247  74  27 129 179
 237  16  58 111 242  51 219 211 112 123 194  64 134 107][126  97  96  74  95  91 215 200  67 228 173 137  74  76  95 180 216 204
 195  98  78  99 255 153  51  93   5  63 119 191  94 246][ 90   3  39 173  51  66  41 119  53 137 202 225 237 167 160 196 118  53
 255 168  24 153   1 204 185 246 171 128  34 134  37 105][252 120 188 118 169 125  85 216 251 186 181  24  95 255  73  59 133 246
 253  18  42 103 250  32 219 251 117  59 226 241  70  51][108  49 243  66 243 251 179 208 235 161  63 168  94 213 205 180  54 253
 228 114  17  51 168  64  31 221   5 103 227 227 135 183][ 49 180  89 123 176 239  71 191  55 107 232 120 243 115 136  16  89 154
  76 152  59 158  89  63 239 142  52 196 248 192 194  57][118 121  83 167  23  78 126 224  45 160 251  10  79  90  45  80 122 253
  95 227  72 147 217 236 183 252 139   3 101  59  99 130][ 50 135 102 172 223  27 210 107  77  36 250 171 107 104  30   0 122 135
 203 229 220 187  69 221 186  84 139  83 117  14 126 206][205  91  87  87  40  30 125 180 249 250 182 104 255 115 133 255 166 117
 124 106 225  69 235 104 166 250  99 144  74 177   3  57][ 79 223 191  18 176 118  31 191  56 255 158 244 220  54 202  63 151  87
 156 191 177 219  57  98 232  23 126 198 136 117 167 125][ 44 102 213  97  61 123  82 136 123 179 173  56 206  17 205 191 155  84
  76  50  42 116 201  16 143 216   5 119 194 251  78  39][ 69 184 149  81 136 141  67 152 170  57 160  76 246 210  72 118 129  70
 104  90   3  64 219  49 141 152   5 124 200   1   3  32][221  56  82  96  49 190  90  16 169 168 167  76 255 211 129 254 182 229
  92 250 141 199 144 104 146 249  35 186 170 227  11   1][ 25 149  79 175 242 138 111  61  44  97 123 229 251 103 154 112 126 175
  94 174 241 152 109  93 238 237 167 192  47 134 227 209][104  90  56 127 112 173 115 182 233  12 118 104 191 147 129  80 134 114
 228  64   0 184  64  61 199 249  48 145  82 145  78  11][ 90  74  90 172 106  66 186  96 172 140 246 163  44 143  33  80 254 253
 255 226  72 131 130 232 211 161 170 139   5  51  39 155][252  96 252 116 105 122  80 140 177 190 166  57  75  61  79 155 139 213
 237  99  44 103 235   2 215 219 117  55 227 245  78  75][239  44 244 119 253  62  90 219 251 251 191  24 203 123 159  27 143 199
  93  56 188 103 235 238 191 255   5 190 195 237  66  65][ 60 197 228 103 245  95 102 248 117 170 255  42  91 121 157 112 121 206
 127 106 104 240 233 174 127 239 165   5 227 251 246 130][128 248 155  54  98 136 183  87 248  11 115 116 180 242 160  48  54 123
  66   3  67 191 144 107 117  38  62   2  72  66 163 187][130 146  18 155  49 253 184   7 189  29  83  17 172 158  46 196 230  59
 147 145  22 156  18 247  15 116  26 195   2   4 141 207][ 56 253 104  97  52 239 219 255   2 237 188   9  59 253  83  16 157 186
 213  61 138 186 120  31 235 205  37 245 119 202  86 251][172 241 104  74  94 193 223 248   3 116 244 171 115 205 255  49  88 216
 147 250  74  50 126  61 119   9 165 125 119 155  86 242][124 241 250 102 251  95 114 216  51 164 239   9  79 255  75 148  55 220
 237 114  14  83 187 185 251 221   5  61 227 247  78  67][ 84 100 221 229 176 107  79 168  54 166 234 169 215  99   9  80  51 213
 109  42 104 208 201  14 253 167 101  21 160 243   7  34][207  52 189 181 170 125  25  10 186 247   7 189 223 110  75  59 135 119
 253  21 181  68 251   2 201 211 121 191 132 101   7  83][242   3 102   5  19 218  88   1 245 196 231 135  43 140  23  85 106 164
 239 165 236 133 117 204 146 120 128 147 103 164 126  86][ 86  90 223 247 146   6 111 180 189 134  66 198 229 235   5 219 119 231
  45 194 105 216 153 108 172 166 223 130 173 243  41  25][  9 149  51  78 247 180 227 247 109  73 126  66 124 248 188 100 246  42
  22  76 211 184  56 255  61  60  34  72  91  11 225 237][ 80  17 127 229  50  78  51  48  44  64 110  32 213  23   1 112  54  29
 121  98  65 144 177  76 229 165  34   0  32 162   7 115][168 141  17 125  29 205  71 174 118   2 104   8 178 177   0 177 129 106
 104  72 107 248 211  63 173 246  80  56  80  72  86 170][124  99 122  96 101  29 218  80 105 100 191   9  11  29  23 176 174 149
 223 114 204 179 225 192 243 253   0  51 103 159  78 199][165  34 236  99 164  62 234 152 114 251  23 252 211  40 223  59  29 204
  92 191 191 244 237   0 206 219 225 228 237 227  90 149][ 52 101  30 174  18   3  87 104 178 164 233   9  87 195   9  17  48 217
  73 226  40 195   8  30 241 135  33  53  32  51  38  34][120 125 110 108  25  94  86  57  97 238 174   9 115 117 147 242  16 228
 236 106 236 131 253  46 243 239 101  17  99 182  78  90][127 105 238  38  77  22 223 252 161 228 213 143 107 233  31  19 124 228
 253 239 204 227 156 168 242 105 197 185 111 183 122 218][125 121 233  70  24  95  87 252  99 252 180  40 115 213 211  52  25 252
  93 106 201  99 252  56 243 141  37 189 115 251  70 123][201 222 166  92  45  22 254 190 240 202 222 213 185 237 179 231  71 118
 223 239 228 207  52 175  99 127 238 152  30 245 122 121][101 109 193  71  84  10 103 188 114 160 234  72 115  97 209  54  25 236
 116 234 233 242 221  42 124  44 165  52 109 251  82  40][ 49 143  78  79 180  27 111  53 100   0 255 198 243  32 182  96  90 166
  78 236 249 184 101  63 238 174  36 208 125 170 216  44][ 72 188 157 245 172 237 117  23 174  59 170  88 190 191  64 154 133  51
 126   0   3 105 210 113 197 223 122  24 200  64 195  42][208 112 125 101  34  78 113  23 172 244  38  32 215  23   0  59  38  21
 124  32  73 220 177  12 197 235  96  16  96 160   7 115][205 122 215  87  40  30 109 152 249 250 118 124 223 243 205 255 167 117
 124 106 225  84 235  98 134 250 119 136  74 241  67  53][110 125 243  84 211 248 187 194 233 128 124  40  40 255 197 180  62 251
 194 210   1 187 180 234  63 220   5  43 227 243 111 174][118 113  45 172  29 203 147 104 143 228 132 139 231 220  43  16 216 241
 219  99  72   3 122 157 241 213 137  63  84  62  22 114][233 182  81 107 176 235  71 191  54 107 123 252 215 119 136 176  87 158
  68  56  59 220 105  31 236 142  53 212 178 194 198 113][196 254 254 146 250 176  55 254  50 191  95 245 196 247 202  91 119  95
 239 147 178  95 175  98 126  39 255 237 132 241 167 113][ 79 221 190  86 178  54  31 191  58 255  30 176 220 118 218  58  23  87
 181  31 183 218 127  98 235  31 127 196 134 247 167 125][ 66 181 144 154 249 201 180 231 159  61  24  57 172 190 110  80 131  59
 235  17  86  75 138 215 189  22  30 251 144  76 143 203][220 120 151 254  75  67 151 200 182 130 227  16  92 215 105  90 251 253
 251 243  32 231 155 106 209 231  79  15 209  51  39 162][ 51 195  38 141  92 147 168 109  86  96 210 199 224 200 190 225 124 168
  63 197 207 186  71 221  20  10 154 192  93  12 120 156][  5 119 217  69 112  14 107 184  61 168 126 100 215  55 133  52  22  92
  84 106 161 144 121  78 109 190  37 132  72 179  67 177][147   0 231  83  52  62 233  16 124  75  83 210 209   4 156 236 127  12
  62 157 179 148 101   6   4 110 186 192 173 129 113 228][181 252 122  74 214  71 199 252  82 226 189  26  82 125 255  33 125 220
  18 250 235 103 125 127 123  15 165 125 111 251 248 176][124  69  62 110 172  90  87 184 100 230 175  41  83 125  11 115 209 212
 236  98 108 231 233  46 243 231 101  21  96 251 252  98][  5 164 103  27 220 187 162 202  94 115 123  82 232 200 156 172 121  42
 122 153 183 252 111 247  28  30 155  64 221  79 249 164][179 111 110  15  31  27 150 237  87 164 250 143  98 232  23 129 248 236
 234 103 236 251  77  61  54   2  69  17 125  62 218 142][248 243  18 186  57 137  80  73 163  61 177 105  47 218  74  82 192 181
 237  81  78  75 202 145 146 241  33 251   2   6  14  11][242 249  31 156 203 197 150 233 159 136 224  11 108 254  37  83 252 249
 251 227  75  67 154 221 177 178 207  63  16  58 167 154][ 60 227 120  99 124  31  90 248 107 116 189   9 235  77  91  16 155 200
 197 110 206  34 105  61 243 217  33  61 118 187  94 194][207  48 229  71  96  62 105  24 125 123  87 244 217  23 222 255  55  12
 126 188 179 212 237 194  70 123 240 196 142 199  83 245][165 167 193  67 244  63 238 157 127 235 121  92 211 104 220 180  29  78
  70  62 183 240 109 127  46  30  37 228 207 255 218 165][105 180  16  65 225  63 112  95 105 123  61  92 158  18  78 188 183  21
 206  60 149  55  17  82 159 220  16 118 202  68 139 151][194 188 150 154 233 173 176  71 187  27  49  24 172 250 100  27 231  59
 110  16  50  79 154 243 157  30  95 234 128  64 131 131][127 241 240  97 239  95  92  25 107 244 180 137  15  29  86 182 190 149
 245 253 220 114 245 128 191 217   5 247 103 166 206  87][ 66 145 157 177 138  68 189 143 174  57 138  51 156 190  72  74 167  87
 121 145  18  73 147 225 249 134 126 254 144  80 165  59][ 50 253  58 160 154 203  23 231 154 164 156 171  47 188  66  17 163 251
 197  81 126  75 128  63 251 197  45 251 229  20 143  91][130 143  34 155 210 161 190 199 172  21  90 179 140 142  62  64 111  27
 139 145 246 152  69 247  44  36 158 195 149  68 173 223][141 133 111 175 180  26 111  57  37  96 255 199 219 103 154 245 126 198
  95 238 249 176 109 253 238 235 167 196  47 166 226 241][212  48 252 116 236  44  92  24 235 186 183  56 223 255  65  27 175 213
 125  10 168 103 234 192 211 251 113 190 192 241  67   3][193 151  31 103 176 142 111  57 108   8  99 108 254 115 136 113 182   6
  92 110 241 184  41  93 236 184  32  64  72 130 195  41][252 118 252 116 105 120  85 158 249 254 166 185 123  45  79 155 143 213
 237   2 172 103 227   2 211 251 117  61  99 241  78  91][201 113  19  97  40  12  97  20 236 104 226  76 157 147 192 247  38  29
 110 110  65  25 209  84 245 185  34 104   8 146 163 185][246 110   2 158 121 197  90 104 189 140 241 139 233 206  63  81 220 249
 255 231 106  71 202 255 177 240 139 185  21  63  38  80][  0 143  79 137 210 162  43  99  52   5  74 146 165 163 160  68 122 190
  42 168  50 152   5 127  60  38 186  64  53 128 165 168][ 25 205 107 255 212 130 111 245 116  64 254 194 113 239 176  96 126 234
  54 238 249 187  44 255 250 239 175 128  61 250 240 248][252 112 190 126 169 253  85 216 235 186 181  56 127 255  73  59 167 245
 253  90  42 103 250  32 219 251 101  63 226 241  70  51][204 248  17  90  73 205  23 132 171  27 165   8 190 215  77 188 129 121
 200  66  67   7 186 115 147 208  16  58  82  19   7  46][125 112 227  71  67  82 111 216 112 226 231 138  81 117 221 190  56 220
 240 250 201 214 189  10  87  47 229   4 231 247 118 240][109  56 189 240 237 221 177 214 235 249  52  88 158 157  69 187 141  49
 126  88 147 111 242 224 207 217  85 122 194   9  67 171][198 183 245 187 186 160  57 187 191 215  25 247 236 238 202  71  39 115
 255 149 183  73 143 247 220  22 127 235 156 196 133  85][ 71  12 229 183 170 110 173 158 190 251  26 246 221 110 219 111  39  71
 127 159 181  64 111 226  12  62 127 132 172 245 129 117][ 33 175  97  14 124 155 235 121  73  76 121 205  35  72 150 149  26 170
  70 111 230  58 108 127  62  60  33 232  87 142  86 236][248 178 190 250  43 237  81 150 187  31 164  57 175 223  74  27 135 179
 237  16  58  79 186  49 219 211 112 123 226   1 135  91][ 55 189  97  72 247 215 154 235  95 232 248  78  74 252 252 164 157 203
 150 181 255 186  60 223  59  92   5 254 223  78 218 245][244  37 121 100 144 111  71  58 112 162 172   8  83  49   1  50  25 214
  76 106 105 231 249  14 251 175  37  53  97 250  70  34][ 62 253  97  76  91 223 214 232 195 252 188  11  74 221 119 180 157 217
 215 227 206  35 250 191 123  93   5  63 115  63  94 215][117 233 144  50 185 141  66 196 235 185 160  72 167 210  64 150 137 230
 108  82  94 107 202  49 185 208  21 122 200  18 194  14][120  77  90 102  16 202  71  54 225 132 174   8 115 115   1 114  48 246
 236 104 104 171 160  47 243 239  36  17  98 178 102  42][ 86  31 122 238  54 136  27 113  13 132  93 231  47 203 163  64 118 249
 143  83 216 186  70 172 242 229  42 139  60 171  45  17][236 239 193  71 240  11 111 191  51 166 110 248  67 103 137 212  83 206
   6 110 104 150 237  42  38 174  37  36 226 242 198 168][229 180 213  87 208  78  71 184 114 242  39  88 115 113 200  63  17  70
  96  58  57 244 249  46 109 174 101  52 234 240 194  32][ 69  48  21  93  40  13  97  25 238 176 227  76 214 211 192 247   1   4
 106  42  35  96 251  17 133 186  65  28  72  32  67  32][ 93  67 145 164  40  10  78  48 160 170 171 236 199  35 137 210   6 197
 108 110  77   1 197   8 160 227  96 180  40 242  11   1][ 90 185 147 218 219 221  16 199 171  17 172  24  46 183  68 254 167 187
 252  16  27  75 178 241 187 253  20 123 218   4 143  63][124 237 144 247 181  13  94 229 107  40 184   8 239 123  65 144 179 211
  93  66  90  43 201 255 251 223   5 115 194 242 195  11][ 50  33  32 172  29 203 208 105 135 228 177 139 203 204  94   0 216 189
 207  33  28  99 210 153 155 213 139 127  85  46  86  86][166 174 164  26 237 249 164 238 218 215  48 157 160 232 126 143 137 106
 227  23 182 111 238 243  14  18  85 123 213  92 222 206][179 197 111  71 234  27 111 125  53 240 247 207 115 103 158  51 126 228
 127 238 237 240 109  77 118 235 229 132 111 186 194 125][245 107 239  37  36   2  79 176  96 228 186 239 115  32 147 115 126 228
 124 239 200 243 229  40 244 169 229 144 101 243 114 105][252 105 216 100 203  91  86 200 243 182 164   8  75 209  67 187  56 244
 204  98  76 103 200   8 211 201  69  53  99 249  78   2][ 37  62 105  73 244 239 107  82 113 204 124 236  51   5 151  52  30 168
  22 124 185 186 101  46 102  60  32 192 231 139  86 241][ 75 169  82  94  91 144  18 105 239 128 196 168 232 210 166 244  82 185
 234 192  14  11 238 253 154 117   3 123  22 134  43  12][124 112 191 236  11  67  17  72  38 224 135  42  94 215 105 122 250 213
 249 178   8  71 243 200 209 225 139  63  48  51  38 114][ 90 120  54 126  43 212  26 114 173 200 198  33 188 223  39 119 134 117
 253  67 196 141 178 237 211 249  74 155   2 181  39  95][ 99 235  32 184  61 157 214 238 207 253 152  13 174 136  86   0 201 235
 111  85 206 107 250 183 191  92  21 122  80  28 211  78][ 50 167 102 172  95 235 210 107  77  36 218 139  98 172  54   0 120 133
 207 165  28 171  69 223 186  86 137  87 117  14 126 198][109 117 188  37  60  15  94 184 123 232 190  13 223 121  27  50 156 204
 124 111 204 240 217  14 239 255  37  52 104 250  74  66][178 219  38 158  95 151 152 238 159  77 208 175 104 252  54 193 252 179
 183 197 238 175  75 253  51  50 218 147  21  12  60  95][124 124 153 252  41  77  87 248  51 138 172   8 255 223 105  88 221 249
 253  98  75   7 218  59 241 245  99  61  80 115  38  51][ 56 179 120  98 243 157  87 253  99  45 125  41  11 201  74  16 190 154
 197  80 222  58 168  21 123 221  37 125 115 138 206 203][ 81 185 146 122 185 237 112 199 251  25 168  24  46 242 108  52 161  59
  76  16  19 107 154 113 185 220  22 122 192  64 227  47][145  22  79 254  22 162 109 119 212  66 219 246 113 235 184  97 122 166
  30 175 233 151   4 207 240 174 250 128  61 248 240 176][197  54 179  83 100  63 115 154 123 251 119 124 222 248 205  62 183  93
 118  26 165 244 251  98 142 222 113 166 202 225  75 165][227 249  32  26  73 157 186 236 235 117 128 141 172 216  94  49 128 139
 217  71 199  75 222 117  60  24  31 251  92   4 155 222][120 109  18 110  49 222  87 118  97  68 236   8 111 227   3 148  88 234
 204  76  78 139 242 173 243 245   4  25  98 150 110 106][105 136  46  89  21 220  97   7 237  85 102   0 186 152  54 124 128  42
 120  28  30 184  50 101  71 249  16  67 194   4 214 110][188 225 122 106 219  85  86 236  71 208 237  10  75 254 107 176 252 217
 130 242  94  35 122 178 123 201   5 111 243 191 238 134][108  91  27 254  97 172 114 208 169   8 120  77 175 223  33 208 164 123
 197  66   3 169  18  61 227 245  32  11  90  51  11  27][229 127 254 102 224  14 255 180 233 238  54 172 223 108 159  59 182 117
  85 111 224 247 188 104 118 249 101 132  77 243  67 241][254 226 132 175 169  15  78 152  55 254 133 157 207 103  91  91 221 197
 253 255 234  71 219 146 219 251 205 188 154 255  26  80][252 106 188 112 203  25  86 200 147 180 164  41  14 217  67 155 129 212
 237  82 110 103 138  48 219 209  69 127 227 125  78   3][238  44 244 243 237 191 252 251 255 187 179  24 207 121  93  27 141 231
 127  48 184 111 235 238 159 219  85 254 195 237 210 129][237 120 245 114 237 125 240 216 251 251  53 124 222 217  77 187 141  92
 246  26 165 118 250 226  95 219 117  46 202 113  75 147][178 227 100 140 206   3 220 109   5 166 144 175 234  40  22   3 110 229
 223 231 252 111  69 200 176   0 207 187 117  60 188  79][ 90 106  90 236  90  66 187  64 172 132 214 163  61 135  33  64 126 189
 207 226  72 147 128 200 210 161 170 137  37 163  39 155][120  61 110 100  89  94  86  53  97 228 174   9  99  61   6 210  16 228
 236  98 236 171 241  14 243 239  37  17  99 182  78  90][ 94 185 146  86 219 252  18 202 171 149 172  12 110 242  79 158 183 243
 232  80   6  75 186 225  27 116   5  59 195 103  47  15][ 56  53 125 111 188 207 215 127 132 236 253   9 243  61  50  32 156 178
  95  40 152 169 121  29 235 205  32 145 113 138 214 251][ 82  56 118 254  43 224 154  64 173 140 210 161  44 223  37  91 230 247
 253 195   0 195 130 233 147 120  74 155   6  37  39  91][ 80 185  18  90 155 205  48 207 250  25 168   8  62 210  96  48 161 187
 202  16  18  75 154 117 185 144  23 123 192   0 167 139][252 107 254 100   9  27  86 112 224 166 164   8  11 177  71  19  40 244
 236  98  76  99 130  40 243 201 101  57  99 251  78   2][ 66 188 150 218 237 173 176 199 191  27 241  24 172 254 108  26 237  59
 247  16  50 111 154 243  29  30  94 234 208  72 163 131][ 42  51 242  65 241 253 177  87  43 205 124 109 142 157  71 156 175 187
 215  20 151  58 242  66  79  93  48 235 203  68  79 223][165 230 192  67 116  63 234 152 127 251 127 124 210 104 222 188 155 204
  70 126 181 244 237 122  14  30  37 228 207 255  90 133][181  71  79 254 134  34 111 253  84  67 219 246  81 227 184 105 121 230
  54 174 249 183  13 175 240 174 246 128 189 251 240  49][ 75 131  46 201 218  19 169 121  46 112 215 162 221 134 154  96 118 157
 127 173 209  25 173 213 220  41 171 228  53 134 165 241][120 207  90 126  16 202  87  55 241   5 174   8 115 115   2  80  16 246
 204   0 104 171 224  47 243 231  48  17  96 128 230  42][ 94 138 141 191  40 192  25 168 158 157 128 161 253 231 104  75 215 127
 189 209  10  65 139 185 201 227 239 189 148  32  21 115][188 229 104  99 212  79  87 248  51 168 189   9  83  93  89  16  57 220
  85 122 104 242 201  14 255 205 165 117  99 187 214 194][ 47 169 228  59 125 151 248 232 223 241 120  11 104 216 126 164 159 107
 146  21 135 250  30 253  14  95  13 111 223  46  91 134][ 80  16 125 101  34 204 121  19 164  20  38  16 183  23   0 123  38 181
 125   8  65   8 179   0 199 163 112   0  96 128   7 123][ 58 253 112 126 125 221 222 236 211 224 188   9 106 253  87 180 157 251
 213  65 204 107 250 191 123  93   5  63  83 158  78 254][  5 117 113  69 112  14 235  48 125 168 126  64 219  51 133  52  22  92
  22 110 225 176 121  78  37 190  39 132  74 179  67 161][  5  22 229   1 246  63 169  25  94 235 127 246 209  36 159  44  63  12
  50  61 181 244 125  30  12  14  97 196 237 239 209 245][230 108   0 190  57 193 154 104 159 134 225 137 232 214  33  81 220 249
 255 226 106  71 202 255 177 242 139  59  16  39  38 210][ 44 175 250  96 240 233 123 211  99 173 124 169  27 141 214  16  62 186
 199 216 154 186 164  62 127 205  37 237 231 195 198 243][197 122 251  87  96  62 123 152 123 234 119 124 222 242 215  63 183 108
 124  30 161 244 255  98 134 190 119 132 202 241  67 245][165 164 246  28 203 179 180 239 218 183 224  24  96 248 238 191 217 106
 226   0 180 111 254  83  30  26  85 127 217 124 235 134][ 72  39 193 101 240  42 111  59  49 166 110 232 199  35 129  84  18 204
 108  40   8 152 193  14 236 182  37   4  34 226  70  32][166 174 166  26 237 249 180 239 218 215  48  29 236 232 126 139 137 107
 226  21 182 111 174 243  13  18  95 127 209  92 223 206][207  32 225  65 100  58 233  24 125 123 119 212 217  78 223 254  55  76
 126 190 167 244 237 194   6 122 235 196 207 231  91 245][ 65 185 157 243 168 237  81  23 174  25 175  24 183 179  72  58 129  51
 124   8  19  73 250  49 207 255 114 120 200  64 139  42][ 60  30  90 174  86 166 123 114   5   4  77 135  61 207  35  80 126 251
 131 231 194 159  28 239 246 229 138   8  61 203  41 152][123 249 178 122 153 221  16 231 235  17 172  24 174 154  70 180 161 187
 248  80  95 107 178 247 187 221  22 123 218   0 207  30][ 37 174 210  86 221 159 226 232  83 172 101  76  98 232 222 181 185 238
  98  46 166 114 158  63  62  14  69 111 219 110  90 134][227  93 143  28 232   4 143 183 232 200 200  76  48 178 151 119 196 103
 112 237 197  75 246 109  48  56 238 138   8 112  99  61][248  48 254 116  41 125  80  91 171 186 180  56  95 255  73  59 183 181
 253  48  42 103 210 129 219 219 117  63 226 224  78  35][120 124 185 236 104  79  87 220  51 170 236   8 255 215   1  48 221 252
 220 106  73  38 250  27 243 255 101  60 114 250  66 171][252  37  98 100 245 126  90 121  97 228 191  11  75  29 215 182  62 220
 213 248 188 179 245 142 251 221 129 181 103 166 126  66][163 124  97  89 118 187 233  86  93  98 114 230  59  12 149 172  94 168
  22 188 171 188 101 223   6  30 176 128 255 156  82 253][250  49 151 172  75  71  20 105 142 168 192  74 124 246  32 211 252 253
 251 227  73  67 210 217 177 162 207  62  24  40  35 187][  5 224 231 155 220 187 170 200 254 115 243  82 205 200 189 172 123  73
 126 155 167 244 111 247 156  94 191  68 221  31 249 228][222 190 222 122  43 233  81 222 187  31 180 185  46 255  74  27 167 219
 237  16  58  79 138 243 219 215 112 251 226 133  15  83][245 193 111  79 236  26 111 185 108 120 247 142 211 111 158 115 126 196
 127 238 253 240 111 125 102 235 231 196 101 187 240 113][141  56 179 242  45 253 177  82 207 251  53  56 190 157  69 174 133  57
 254  16   3 109 242 240 207 217  83 122 194   9   7 251][ 35 252 251  94  83 212 246 199 123  67 252   8  40 254  23 180 170 251
 210 128 199  58 182 239  55 125  22  43  67  80 238 158][196  48 191 244 172  44 121  80 171 187 179 120 223 255  69  91 167 245
 125  18 176 103 202  64 211 250 119 190 192 241  67 131][ 50  36  47 140  95 235 146 106 135 229 200 139  66 172  54   0 249 165
 235 161  12  43 213 221 189   6 139 123  85  14  54 222][190 225 112 224  77  93  88 205  11 180 188  11  10  28  94 148 250 153
 223 241  78  35 217 208 187 217 141 127 119  30  94  70][ 92 233 210 230  49   9  94 236  59 160 184   8 111 123   0 144 178 219
  77  66  74  59 137 189 251 221   7  51  98 178  71  11][237 184 213  85 201  30  96 186 250 240  38  92 218 112 212 191   1  70
 104  88 161 248 255  41  13  42  69 116 202 229  67  36][  2 181  16 154 249 233 180 111 191  61  57  57 172 190 110  16 143  27
 239  16  18 107 202 215  29  22  30 251 208  76 135 219][ 26 220 190 252  11 196  21 103 185  27 236  16  60 191  36  91 197  51
 181 129  98 207  50 195 227 255  94  11  18  80 167 139][ 97 207 111 111  52  14 111 181 100  72 250  68 243  97 156 113  90 230
 108 110 205 184  85  61 102 169 100 144 125 186 208   9][122  96  46 172  29 203 145 104 173 164 132 137 238 221  50   0 152 181
 219  99  72   7 114 156 209 209   9  59  80  46  23 114][181 252 124  87 222 119 215 239  81 246 245  26  82 121  31  45 121 222
  18 171 233 247 125 190 121 142 197  53 125 121 244 236][205  56  21  93  41 205  97   9 238 240 163  88 214 146 192 255   0  36
 104   8  49 101 251  16 133 184  65  52  74  32  67  36][193 121  29  99  32  76 101  52 108 120 102  68 183 147 193 123  38  12
 126  74 193 212 243  81 197 184  98  32  40 146  35 185][197 114 149   5  41  12 100  16 238 250 162  76 214 130 201 126 132  68
 108  94 193  69 243  64 129 184  69  28 136 112   3  37][165 183 124  97 228  31 117 183  96  63 116  92  19   9 146  49 141   6
  70 110 244 184 112  20 110 201 100 100 104 216 202 129][ 50 175  46  15  93 155 230 109 197  36 250 139  98 232  54   1 248 231
 235 103  92 251 207  61 176  32 195  49 101  62 218 142][242 114  24 186  40 141  80  89 171 122 177 125 174 218  74 155 134 189
 204  17 207  71 194 209 144 240 123 251   8   4  11  31][113 232  18  50  57 141  66 192 235 184 168   8 174 208  64  20 136 160
 108  66  78 107 218  49 185 208   1 122  64  10  66  14][ 29 176  18  64 227  63 112  81 121 235 183  60  30  26 206 188 183 141
 196  52 149 183 144  66 154 220   5 102 202  38 235 135][221  80 234 101  36 118 107  24 116 198 199  18  91  23 187 120 118 156
  53 174 169 148 181  10 211 239 162 132  38 243 100 112][ 75 165 131 168 181 220 110 167 171  65 202   1 142 190  60 244 176   7
 121  29  23   9 176 199 185 124 154  74 130   6 179 124][ 56 181 127 227  60 207  83 113 165 109 253   9 119 125   8  16 190 179
  95 104  58 169 121  63 251 205  33  81 112 139 198 115][109 107 137  39 244  14  78 152  67 232  31 204 211  97 217  50  20 204
 124 111 205 114 237  40 238 189 165 180 174 251  90  16][ 79 247 241  83 178  86 127 191 122 251  94 244 217 119 220 180  55  95
  53 157 243 216 239 227 111 111 127 196 174 246 135 121][126 249  40 122 155 221  23 248 147 125 173  45 106 221  78 148 157 218
 213 115 206  67 250 181 123  85   5 255 243  31  94  87][ 69 125  59 103 180  15 111 188 126 232 126  64 247 115  17 112 150 124
 108 106 193 176 121  63 237 255  39  20  72 179 195  41][ 25 205 107 252 148 130 111 247 245  64 222  66 115 235 177  96 122 234
  22 238 249 187  36 255 242 239 175 128  61 250 240 232][249 249  50  58  61 157 210 230 255 117 160  29 174 216  86  16 137 107
  78  71 238 111 122 183 187 221  20 123  82  28 219  78][237  16 222  92  97  62 113  56 241 139 103  92  90 113 143 187 176 228
  98  40 181 246  51  72  87 251 113   2 202 225  74 135][ 90 107  74 236  74  66  56  80 164 132 246 163  61 135  33  64 110 189
 207 224   8 131 129 204 214 225 170 153  39 163  39 219][ 16 143  79 207 210 130  47 119  36   5  75 230 241  35 160  64 106 174
  42 168  80 152  37 125 108 166 170  64  37 130 164 168][126 171 170  32 249 188  90  83  43 205 188 141  15 175  86 144 180 239
 229  85 158  11 194 224 250 253  45 249 170 199 234  83][190 104 151 236  75  66  23 200  23 134 226 130  69 215  97  95 121 253
 235 242 104 199 139 138 241 226 207  31  35  51  38 162][ 56 181 106 110  89 221  87 121  51 109 237   9 123 215  10 180  88 154
 204  42  94  35 250 159 243 253   1 127 114 142 206 115][175 226  65   3 120   7  75 184   3 248 181 237  81  71 223  53  93 200
  87 254 235  22  77  61 110  24 165 252 127 183  90 212][ 71  58 237 151 170 122 189 159 254 255  22 244 221 246 223 110  39  87
 125 157 145 216 239  96  76  63 127 148 140 240 133 125][ 32 233 105  65 212 219 231 253  69  96 124 239 179  76 214  32  26 184
 215 125 219 186 108  29 110  28 165 245 125 142 214 252][181 233 121  74  86 131  79 249  86  32 117   2 115  67 185  48 122 136
   6 234 235 182 124  31 119 141 165  44 119 186  98 160][122  52  39 141  95 235 147  74 142 229 201 139 102 156  32   0 249 189
 251 161   8  43 211 221 157   6 139 123 213  14  55 242][165 110 228   7 116  59 234 152 123 250 115 236 203 104 223 191 155  76
 102 127 165 244 205 106  46  30 101 180 207 255  90 133][248  32 212 116  41  45  88  11 171 186 176  24 207 219  72  27 183 149
 109  48  42 103 210 193 219 219  85  63 226 224  66  11][ 84 124 155 120   3 217  22 206 234  82  44  40  62 222 101  56 163 121
 204  66  71  39 186 121 243 197  39  59  80 113  15  43][199  36 233  65 228  58 233  24 127 243 151 214 217  44 223 238  63  13
 127 191 181 244 237 194   6 122 235 196 207 229  91 245][114 175  14 190  93 139 150 232 134 164 200 139  98 232  50 131 216 239
 235 103  92 235 207  61 248   1 141  59  85  46  58 138][211 166 237 149 222  34 233 251  54 243 211 214  89 239 216 107 127 207
  63 189 179 223 143 215  92  42 255 228 189 228 177 240][ 80 185  22  26 155 204  52 239 238  25 160   8 172 210 104  18 163 115
 234  16  82  75 154 117 185 178  23 107 192   0 167 139][ 38 171 166  30 237 217 178 200 202 213 112 137 226 232 126   2 137 106
 226  85 134 107 174 113  14  22  85 123 209  15  95 206][181 135 207 254 196  34 111 249  84  67 219 246  81  97 184  97 125 238
  54 174 185 183  45 158 120 174 231 196 253 251 240 160][ 61 124 171 101  21 210 198 210 224 224 238   2  49  29 145 162  72 252
 209 202  77 211 244  40 115 237 165   1 111 113 126 186][  5  16 231   1 182 127 171  25 126 227  87 214 208  36 159  44  55   4
 122  61 177 180  53  70  12  14  37 196 205 175 209 245][ 65 205  95 111  36  14 103 181 228  72 122  76 243 113 152 115 212 100
 124 110 201 176 117  45 228 169 100   0  88 178 210  41][ 38 174 182  28 207 177 180 239 222 247  96  29 108 232 126 139 139 107
 226  21 182 111 174  81  12   2  95  47 213 108 255 198][  5  97 117  69 112  78 235  56 125 236 118   0 217  39 149  52  50  76
  22 238 225 176 125  78  37 190  39 128  67 179  67 225][222 254 222 186 123 233  26 202 187  95 181 189  47 223 107  30 167 219
 237  82  62  71 138 243 218 215  57 255 178 133  47  83][197  60 253  83 176 110 251 154 122 239  63 124 223 125 223  58 183  93
 124  62 161 244 249 106 205 158  39 196 200 243  67 241][173 151 121  71 210  95 111 189 127 103 127 252 211 119 156  48  55 222
  86  42 177 180 125  31 111 239  37 196 123 226 198 241][ 80  32 251 116  32 200  97  19 160  13 166  40 183  23 192 122  34 183
 109 136  24  88 163   0 197 163 112 128  96 128   6 107][120  47  86  46  57 152  86 102 161 140 170  45 107 227   2 147 160 247
 236  98  76  75 130  45 242 225  64  27  99 102 106  10][ 90 128 108 237  42  18 120  57  38 117 214 131 221  15 152  98 102 157
 125 141 216 152 229 149 198 233 170 132  36 128 161 153][219 177 151 140  75  87  20 105 158 168 164  14 124 246  96 247 252 245
 250 224 113  75 179 217 177 179  75  62  26  40  43 183][122 112  47 188  31 203 144 104 173 140 193  43 238 221  32 129 184 177
 255  33   8   3  82 157 209 241   9  59  96  46  23  82][102 184 229  19 205 217 180 199 186 247  32 157 160 236  95 155 137 107
 227  17 150 122 222 113  47  18  93 235 197  84 223 222][138 180 183 248  41 253 177  70 223  63  37  24 142 159 100 111 133  51
 235  16  50 109  50 241 143 211  90 123 146  73 133 183][249 165  11 186 213 220 122   5  51  65  67  25  31 223  58 240 241 171
  17 149  63 154 144 151 255 237 158  73 168   4 250 194][120  92 184 111 120  79  87  92 115 170 236   8 127  87   1  48 220 252
  84 106  72  38 248  59 243 205  37  61 114 250  70 170][188  37 122 224 213  87  94 121  81 166 189  11  75  93 123  17 249 156
 149 234 124  55  56 158 251 205 133 125 119 174 126 194][ 62 181 120  94 221 221  91 249 219 117 189   8 107 253  94 180 153 218
 213 106 222  99 250 191 123 221   5 127 115 142 206 230][233 116  56 101  21  79  67  61 113 228 230   9 215  81  18 112 152 172
 125  44 104 180 241  30 231 255  33  20  64 178  66  98][248 236  50 186  29 205  82 230 251  93 164  25 174 157  66  17 137 171
 205  69 110 111 154 183 251 217  20 123  82  12 199  74][138 232 168  18  93 213 251 200 202 101 132  15 168 204  86   0 169  72
 251 223 198  47 186 243  95  29 159 121  71  15  95 222][ 81  48  18   8  75 205  48  72 238 136 163   8 126 210  97 118 160  61
 234  96   2   3 146  81 145 176   3  59  64   3  35   3][250 236   4 254  61 205  90 230 159  54 160   9 175 222  83  17 201 251
 223  67 106  79  90 191 179 211 145  59  16  29  86  90][254  44   6 254 105 231  92 104 159 134 225  25 239 255  33  89 200 249
 255 163  40  71  90 254 147 242 203  59  82 121  38  18][205  56  21  93 169 221  32   3 239 242 162  88 158 144 196 255   1  36
 232   8  17 109 247  80 133 122  81 122 202   4  67  36][197 112  89 123  32  76  97  16 124  90  99  64 183 211 201 123  38  56
 126  74  65  20 250  97 197 169 114   0  72 179   3  57][218 249 178 120 153 221  16 199 251  29 164  25 174 154 102  24 161 187
 204  16 126  75 178 247 251 213  22 123 194   4 175  79][165 201 111 239  36  10 111 189 116 226 247   0 211 111 155 113  94 204
 127 110 232 244 109  41 230 235 231 132 101 179 210 225][201 184 148  85 137 189 192 150 235 176 166  92 174 240 212 183 129 102
 232  28 167 109 255  48 142  90  85 126 202   4  75  12][254 196 101  99  45 123 205  41  79 246 183 154  75  76 220 187  27 149
 253  35 109 101 111 148 131 219 253 181 119 254 212 100][ 86 120 242 254 107 192 154  64 169 140 210 163  44 222  37  90 238 241
 255 195   0 131 130 232  19 112 202 155 133  39  39  83][ 90 144 140 188  57   6  89 184 151 189 130 133 207 231  98  74 213  85
 125 181  42  73  27 157 201 247 223 149 144  44  53  90][ 68  48 159 177 168  44 121  19 186 187 178 120 159 183 192  91 167  85
 127  24  19 109 131  64 205 251 127 254 128  96 131  33][221  52 189 113 163 111  49 154 122 243  39  24 223  63  73  59 163  85
 124  56  49 245 185  66 205 219 113 118 200  97   7  51][ 61  37 110 101 212 126 123 123 113 228 127  10  91  61 159  57  58 156
 149 190 184 242  53  12 127 207 161  69 231 227 126 240][ 81 253  63 101 148 206 111 183 124 232 238  64 247 115  17 112 176 246
 108 104 233 185 177  63 233 255  39  16  72 114 195  40][ 80 235  82 230  48  11  90 232  59 160 186  73 111 139   0  16 178 221
  76  98  74 187 137 255 186 244   7  51  96 162  99  11][188 229 105  69 244  75 103 248 113 174 254  40  83 117 157  53  88 220
  87 106 104 242 105  14 111 139 229   4  99 251  86 160][ 95  55 222   5 162  62  44  31  57 251  46 253  93  39 202 222  55 197
 108 188 245 208 149  66 254 239 103 196 170 244 171  17][180 236 190  94 140 119 215 238  94 190 188  26  83 125  63  41 217 214
  50  43 248 231 123  62 249 143  85  53 209 121 244 238][237  16 254  92 237 188 113  18 235 221 111  28  90 217  39 123 164 100
  98  30 132 229 178  64  87  59  64  10 202 225 106  71][159 109  66 163 146 178 110 245  53 194 223 199  73  98 179 244 127 238
 157 254 253 147  29 238 178 111 143 132 175 247 248  20][ 36 177 115  65 246 235 227  81 107 105 125 104  19  21 204  52  59 158
   6  56  19 186 172  84  63 140  37 230 231 138 198 229][127 239 192  68 214  50  78 255  19 162 238 206  67  32 215 244  89 206
 180 172 253 158 237 138  62 111 165 189 167 254 218 164][246 104 151 254  11  67  23  72 151 134 224   2 110 215  33  95 248 253
 235 226 104  71 170 184 177 226 207  59  51  49  38 170][ 25 205 107 236  20 130 111 246 117  64 222  66 113 227 177  96 122 238
  30 234 201 155  36 255 242 239 174 128  55 186 240 168][ 79 241 185  83 250 221 191 156  42 253  13   8 221 119 218  54  23  91
 209 126 211  64 254  50 111  29  45 252 198 215 135 241][ 92 113 122 168  27 210  19  64 172 196 164 162  31 215  35 112 118 177
 221 242  73   3 178 200 243 225  10  27  50  55  39 115][163  64 229  93  85 159 232  87  93  97 114 214 169  12 149 172 124 168
  22 141 173 188 117 206   6  94 146 128 255 140  80 188][205 149 125 227 244  47 107 184 117 238  63 252 215 117 152 115  23 212
 125  62 185 240 233  14 207 223  97 196 166 235  86 113][115  50  17 176  42 237  17  89 175 125 145 237 158 214 202 218 167 153
 206  21 135  71 226  81 148  16  58 186 136   4   7  85][188 221 127 234 186 207  83 249 181  76 255  43  87  95  40  17 190 177
  95 114 122 169  57  63 251 207  33  81 113 139 198 115][ 88 107  18 166  53  15  66 104  61 164 251  77 239  67   1 144 186 173
 204  98  73 179  25 223 176 245   3  50  72  35 107   3][199  36 237 193 230  58 233  91 127 243 222 214 217  44 223  43 127  13
 127 189 181 244 229 194 222  58 251 228 205 229  83 245][122 116  39 168  95 235 163  72 135 109 219 139  74 156  40 148 248 149
 223 177  10 167  65 222 149  38 138 251 177  15  54 242][250 245  98 102 211 219 255 229 161  68 175 175  75 205  30 144  58 183
 193 227  92  35 188 207 123  69   5 255 103 150 246 118][ 88 178 186 236  40 140  89  23 162  13  60  41 191 151  64  90 166 191
 109  16  26  11 162   1 211 229  48 233 160 128 167  43][ 63 249 112  80 253 253 219 222 235 253 188   8  42 221 214 180 153 250
 215  88 158 107 250 245 127 221  21 255 211 157 222 239][ 90  97 114 232  43 208  25  72 165 196 212 163  13 223 227 118 102 177
 255 241  76   3 166 200 211 241  10 155  55 182  37  95][118 121 122 236 106 192 152  64 169 140 240 171  44 223  37  82 238 177
 255 241  64   3 130 200 211 113  42 155   5  34  39  19][101  33 213  71 125  95  98  24 111 224 171  72 202  16 221 182  25 196
 122 122 137 240 253 222  46  60   5 118  75 175  66  36][ 64 184 159 241 170 236  57  23 190 187 146 112 159 183 192  91 167  23
 127  24  19  77 163  64 205 179 127 196 128 192 135  57][118  60 150 254 205 237  92  99 159 146 225  24 234 255  37  91 201 243
 255   2  56  71 218 251 147 251 211  59 210 121  70  18][133  46 228  39  44  59 234 152 127 254 178 237 203 104 223 143  27  68
 110 127 173 244  77 170 140  90  99 148 204 255  91   5][246 105 151 252  11 211  20  73 135 150 224  10 110 215  97 223 216 253
 234 194  72  71 202 216 147 242  69  59  51  58  38  46][ 64 249  23  24 219 197  53 239 238  29 168   8 172 210  96  82 233 179
 234  16  82  75 146 117 185 144  23 123  80   0 167 139][181 134 207 223 212  34 239 249  86 179 211 214  81 227 184 105 125 206
  54 174 185 246 109 158 124 175 247 196 189 232 240 160][ 71 253 233  69 240  79 111 158 122 249  26  76 157  54 213  62  39 207
 116 223 211  88 253  98  45  30 173 228 140 241 131 253][ 90 209 133 188  45 141  89  24 135 189 131   5 239 231  72 194 132 117
 253  85  10  65 219 145 201 241 205 190  18  46  21 114][248 252  54 186  57 205  82 230 251  31 160  25 174 223 102  17 161 251
 207  67 110 111 154 247 251 211  84 123  82  29   7  74][ 63 121 120  74 217 223  83 216  99 108 188   8  58 221  87 180  12 248
 215  90 143  43 250 253 123 221   5 123 243 191  78 238][217  89 183 110  13  14  71 188 225  90 230  72 255  81   1 115 160 100
 124 106 233 229 179  41 243 251  96  16 106  51  66  41][208  32 213  52  40 107  88  15 171 187 176 120 159 147  64  27 163 151
 108  48  58  79 195  64 152 250 114  62 200   0  67  11][175 237 108 178 252 193 221 101 145 217 181 185  16  93 210  51 205 186
 211 145 123 110 234  94 110  25 173 249  71 140 254 210][ 75 242 220 161 110  57 188 190  41 187  58 239  76  43  90 154 167  69
 239  37 132 113 139 192  86  31 123 167 207 246  11 131][210 156 190 218 139 253 177 199 191  31 174  51 172 255 108  78 163  19
 235  16  50  77  58 243 219 247  90 123 146  73 165  51][ 81 253  63 101 157 206  69  55 236 232 174   8 247  49   1 115 128 118
 108  40 233 233 241  12 233 251  37  16  64 112 198  42][ 94 254 252 186 187 185  26 218 187 255 188 175  46 206  71  94 167 249
 255 215 174  71 138 243 218 215  11 255 182 213  47  87][ 93  53  45 165  48  79  95  56  54 236 222 165 215 111 147  80 151 197
 125 110 173 208 121  30 238 239 229 148  40 162  64  81][ 41 174 216 119 244 175  99 223 118  43 127  72 243  99 144  48 121 238
   6  24 155 186 233  63 127 207  53  65 235 202 234 169][ 65 255  81  23 242 157  54 183 123 232  56 237 191  36 199 146   7 111
 196  84 231 120 221  63  46 158  53 176  74 176 139 157][243  49  26 140  75  87  16 105 158 232 229  26  84 182  34 113 252 183
 250 226  93  75 211 217 147  48  75  59  24  40  43 151][ 81 149  58 184 147 228  21 103 188  71 204  16 190 254  34 113 167  59
  89 129 118  11  50 119 209 231  90  75  16  64 167 123][ 10 162 167  61 143 227 177  79 222 247 200 151 172 236 114 138 137  43
 235  21  22 107 182 209   9   6  95 127 213  76 183 222][ 50 175  14 188  95 139 144 234 150 180 200 143 230 232  50 129 216 235
 235 101  76 235 207  29 184   0  73 123  85  12  58 142][ 38 233 167  30  89 201 178 200 206 212 112 141 228 204 119   2 137 107
 227  85   6 107 154 113  13  16  13 123  81  15  87 222][229  62 191  92 237 236 241  18 235 222 124  29 186 253  87  59 128 110
 103  30 130  97 178  97  71  59 112   9 195  97  71 243][221 201 255 231  36  10 111 188 124 234 247   0 211 107 153 113 114 204
 125 106 233 244 237  42 230 235 103 132 100 179 210  97][141 112 155 123  32 108  99  24 126  74 115 112 247 211 137 120  50  24
  92  90  35 180 185   2 197 173  48   0 232 195  67  49][ 80  48  18   0  11 143  48  72 238 168 226   8  14 210  96  16 176  61
 106  96   4 227 146  88 145   0   3  63  64   2  35 135][163 172 234  93 203 115 169 111  82 247 100 155  96 232 246  61  89 238
 162 144  52 222 174 155  30  43 221  47 213 100 222 206][124  49  28 174   9 205  82 120 135   8 153  41 255  95   9  16 220 177
 221  99  74   3  90 157 211 209  41 187 122  43  14  19][210  16 252 253  42 142  88  19 188  91 146 181 191  30  20  91 166  53
 253   5 186 205 195 197 194 251 122 144   4 128   1  89][ 77 182 125  97 176  46 111  55  97 239  63 108  83  51 136  48  55 134
  92  60 249 152 173  78 238 175  37 196 168 226 194 113][ 77  60 189 103 180 110 251 154 124 235 191  80 223 127 217  59  55  84
 125  62 161 244 249 110 237 191  39 148 192 243  67 113][252 100  58 118  21 207  71 113 117 174 239  24 223 209   2  48 153 172
  93  42 104 183 240  14 243 255  33  49  98 186  70  98][ 31  75 238  54 211 150 126 228  53 132 206 135  73 107  55  81 127 237
 147 254 252 219  61 236 250 239 207  65 167 247 234 206][ 89 221  31 110  52  14  71 188 100  72 250  68 247 113 184 115 116  68
  60 110 201 161  57  45 224 233  34 144 120 178  97  41][ 56 116 248 111 116  79  87 220 115 174 125   8 115  83   9  48  24 252
   6 106 104  54 248  58 247 205  37  48 114 251  70 171][ 67 253 129   7 240  76 108 183  59 248  42 204 188  54 193 246 167 111
 124 220 231 216 253 106 173 126  60 160 136 214 131 125][125  85 168 165 176  79  95  56  49 238 254 173 215 103 155  80  22 197
 125 238 233 210 233  14 246 239 101 148 104 242   6 113][ 60 245  56  43  56 109  87 248   6 124 189  41 119  93   9  16 220 153
 221  99  74  34  91  61 243 197  33 189 113 219  70 243][163 240 103  89  95 223 160  79  94 113 112 254 168 156 148 173 125 185
 211 129 231 254 119 221   5  26 155 166  95  12  90 253][165 129  29 232 188  45  65 152  79 121 181  92 210  80 120 121 217 128
  30  60 187  34 123 148 217 152 129 124 216   9  80  32][ 64 185  23  24  75 197 177 111 174  29 170  76 172 146  96  82 236 179
 234 128  82  11 146  85 153  16  26 122  88   0  39 187][ 95 253 249  87 242 220 239 180 122 236  30  40 252  55 215  54  39 127
  85 219 193  88 253 110 111  13  45 160 100 242  71 249][ 36  87 125  69  52  78 231  48 108 236 126 100 211  53 149  55  92  84
 110 106 201 240 113  12 103 190 103 128  67 179  70 241][ 26 168 167  25  11 243 177  71  86 245 202 151 160 172 114 142 105  47
 235 149  30 251 247  17  29   6  90 115 215  76 183 254][ 30 156 190 217 155 225 180 207 191  23 142 179 140 255 102  74 231  19
 235 145  54  73  10 243 255  87  95 127 145  68 173  90][200 186 149 179 104 172 185  23 186  59  50 120 188  50 192  91 135  63
 110  16  51  92 195  97 204 178 122 224 128  64 131 169][206  58 189 113 171 236  57   3 187 191  39  24 140 183  65  27 167  23
 237 144  50  76 171  98 207 215  93 255 130  65 135  99][ 94 126 230 186 123 181  59 202 191 252 156 175 140 238  71  92 239 253
 255 151 134  75 202 240 218  86 159 255 151 119  47 215][ 67  36 239 209 228  58 249  23 255 243 218 214 156 168 212 107 111 143
 127 157 177 248 229 192  94  58 255 196 205 232 211 229][  2 123  63  28  91 205 179  72 206 252 149  15 236 204 119 130 168 105
 234  71  71  99 186  25  25  16  11  63  81  14  15 247][178  43  14 189  12 171 160 103 148   4 202 207 166 168  18  65 232 174
 106  37  12 251 199  29 144  32  74  81 108  12  56 142][188 100  58 126  37 207  87 113 117 142 231  24 127 209   0  60 153 188
 100  42 104 183 122  30 243 255 113  17  98 186  70  34][217  89 151 126   9  30  84 188 233  26 166  76 254  81   9 255 128 244
 108 106 233 101 187  41 243 251  64  18  74  49  74  43][ 41 175 218  75 244 175  99 211 118  41 127 108 243 227 138  48  93 238
   6  28 154 186 105  63 110 159  53 224 202 202 234 169][ 92  22 149 105 178 110  17  27  45  29 187 112 223  87 137 124 183  21
  77  56  51 129  33  66 201 252  35 214 146 192  39  51][210  99  98 232  11  64  24  77 173 132 244 163  13 143 229  80 102 185
 255 225  72   7 134 200 146 224 138 155  55 150  37  91][208  50  19  12  11 196  49  88 174 204 225  76  12 210  96  80 244  53
 234 224 135  67 178  89 145  32  11  58   8   2  39 215][140  61 187  93 173 236 177  83 254 222 124  29 190 189 119 123 165  59
 107  29 146 105 178  96 195 185  82  43 195  97 231 243][  5  46 236  53  44  63 234 152 127 242 179 205 207 104  87  11  27 100
 110  63 141 244  93 104 134  91  67  20 204 239  91  20][ 76 124 253 119 184 110 123 154 252 250 127 112 223 119 137  59  39 116
 125  58 177 240 249 104 239 235 103 132 224 243  71 115][181 134 207 245 156  34 237 187  86 179 211 214  81  97 248 107 125 206
  63 188 185 244 205 142  76 170 255 196 173 232 240 160][210 252  54 186  11 233 182 230 191  87 160  57 174 222 110  89 163 123
 235   3  98  79 154 247 155 210  95 123  80  85  39  90][118 114 131 136  29  87 146  72 135  45 209  43   6 220  41 156 220 145
 223 115  74 167  99 218 145 212 138 191 209  31  54 247][203 234 197 185 170 169 189 159 190 115 210 244 189  38 144 111 103  87
 127 157 179 204 199 243 140 250 254 208 156 212 129 185][208  49  28  35   8 205  49  81 108  49 163  24 214  19  72  91 200 149
 106  16  25 243 209   0 221 161  66 112  72   2   3   2][ 60  53  24 239 184  47  95 248   6  44 189  40 119  95   9  16  30 208
  93 106  26   2  91  63 243 205  33  61 112 187 194  35][  3 128  99 153 100 138 233  23 126  81  82 208 153 130 188 108 118   9
  54 157 147 156  37 209   4  56 186 196  28 128 241 236][253 116  80  71  21  63  66   0 123 226 171  76 203  24 223 180 152 204
 252 110 173 246 221 190 190 221   1  54  74 191  90   4][ 89 121  18 166  49  95  82 120  61 232 239  13 239 210   3 148 186 173
 204 110  77 179 153 159 179 245   3  51  74  39 107  86][212  53  31 238 168 110  21  57 164 186 131  24 215 247   9  91 241 213
 109 162 120  71 219   2 209 227 111  28 160 113 167  35][ 15  51 211  65 227 187  40  19 127 233 118 228 140 162 197 188  55  44
 230  28 147 216 165 192  14  94  49 198 206 132  11 181][114 105 150 252  11 195  20 105 135 164 224  43 102 210 101  86 200 253
 234 226  72  67 194 152 145 240 193  59  49  56  38   6][196 252  57 122 184 205  87 185 250  31  37  56 215 215  72  56 145 218
  76 122 114   7 186  55 249 149  37 124 208 147 199  99][190 204 238 126  25 146  90 224 181 132 231 131 107 239  55  82 120 229
 233 199 108 207  31 238 251 235 207   1  39  55 126  74][104 178 104  48 105 217  81  87 163 253 164 189  46 133  82  22   9 166
 205  20  30  79 230  17 219  81  17 123  66 132 206 122][ 35  80  38 153  79 159 184  79  30 121  80 119 168 156  54 169 236  57
 179 133 135 250  87 213  20  26 218 130  93  12  57 159][  7 174 168 155 245 189 184 199  78  85  89 151 168 136 126   8 233  43
 147  21 150 184  70 241  12  29 154 235 221  78 217 206][  3 129 100 137  37 157 232  69  77 121  83  70 136  24 150 235 200   9
  62 141 199 184  87 193   6  56 218 130  95  12 216 140][ 50 190 234  21 211 243 153 111  82 247 100 191  33 172 214  25  89 110
 161 133 190 222 239 158  74  39 221 161 229 108 246 222][200 178  62 250 173 237 113  85 191  31 165  25 174 219 104  27 129  59
 239  16  50 111 154 243 219 211  82 123 146   8 143 171][126 189 107  98 211 210 215 113  49  68 173 175  88 253  62 176  62 177
 211 227 248 171  60 255 123  79 133 219 103  38 254 114][ 77 124 189 243 184 110 123 154 236 251 191 100 221 119 201  59 167  85
 125  56 161 193 249 104 205 223 111 212 192 243   7 115][143  20 110 137 102  39 188  91  60  66 215 215  89  95 191 201 127 141
  23 175 165 151  21 206  86  43 250 132  31 229 121 209][218 114  26 168 106 192 185  64 168 156 212 163  28 159  97  27 238  57
 255 241   0  71 130 192 208 241 234 139   5   0  39 155][201  50  19   8  11  71  49  88 172  76 231 124 156 214  34 185 252 149
 238  48 129 199 179  64 145  48  34 190  74   4  39 243][ 45 175 122  67 244 139 243 208 127 161 126 236 251 225 150  52  94 110
  70  92 178 184  77  63 110 223  33 224 239 139  74 129][204 253  25 114 184 237  71 188 186 190 173  24 215 215  73 112  19 250
  76 122 122 103 250  54 233 151  53 124 208 243 199  99][ 22  58 231 186 123 161 186 200 175 252 216 231 173 238 213 220 239 255
 255 215 158  67 138 245 156 244 139 250 133  71  39 215][125 102 100  38  93  63  86  56 115 238 189  13  75  72  95 153 152 204
 204 111 236 230 205 158 242 219  69  63 107 255  90  70][117 106 172  37  12  15 194  16 239 238 178  77 243   8  83  26 136 228
 108  79 204 229 215  40 197 255 115  16  72  61  90  88][ 10 113  47  28  11 213 177  88 142 252 213  47 236 220  99  36 188  57
 235  99 194 227 186  93  81   1  11 191  83  15  47 247][ 83 202 197 253 168  11 109 191 127 115 210 212 253  35 144 125 119 199
 127 156 187 220 231 243 140 254 255 196 174 208 129  45][ 66 184  30  24  75 197  49 119 166  89 232 116 180 151  32  83 228  55
 235 128  19  91 211  85  85  32 250 138  24   0  39 187][209  89 158  92   9  28  85 184 233  18 166  12 126 211  13 123 128 244
 104 106 237 103 179 105 147 251  65  26  74  49 106  46][172  32  59 126 229  93 103 248 119  30 101  24 123 213 137 189  25  88
 230 106 123 118 251  59  71 255 113  41  82 187 198 163][210 117 122 236  27  66  28  77  45   6 241 171  15 158  45 112 254 153
 221 161 104   7 132 202 243 229  10 187 117  16 167  27][192 216 156 122 104 200  21 183 186  23  36 185 181 247  74  91 135  51
 233 128  98  76 218 115 199 163 118 105  16  80 143  91][254 204  38 190  29 226  82 224 149 150 227  19  99 203  51  83 201 228
 233 199 110 199  74 175 211 227 203  27  35 109 124  10][ 30  54 220 177 162  42 184  27  58 183  19 255 205 107  75 139 183  15
 253 181 182 212 159 194 222  67 127 231 173 100 139  19][125 107 225 101 224  26 238 183  48 164  94 237 241 101 145 180  30 238
 117 206 201 144 229  42 102 111 165 128 231 246  82  56][ 44 101  89 107 252 111  79 184  22 174 189   8  83  99 137  48  25 220
  70 106 104  50 105  30 255 143  37  52 113 251  70 161][  1 128 107 217  52 174 233  18 126  73  86  80 181   0 176 108 119  10
  22 156 179 156  37  87  68  62 186 192 156 128 113  41][220 116 157 229 136 108  85 159  50 191 142  24 215  55  73  90  49 214
 109  56  88  69 243   2 241 167 117  20 160 240 166 115][163  17  46 136 109 149 184  65 142 121 208  95 156 156 118 130 204 169
 251 133 135  47  66 209  20  89 154 250  93  12  57 223][206  58 181 114 233 236  57   3 187 191  37  56 140 183  69  31 167 115
 233 144  18  76 186 224  79 211  93 239 130  65 135  99][ 76  56 253 241 170 110 121 152 173 248  62  96 223 119 201 123  39  87
 127 250 129 208 251 104 205 251 103 132 194 243   7 113][ 86 188 182 186  11 225 149 232 175  23 169 171 110 254 111  91 187 243
 235 131   6  67 154 241 153 214  95  59 208  87  39  90][  9 190 151 249 177 172  57  23 190  27  90 116 188 183 224 220 135  59
 255  16  19 200 146 209 205 246 122 202 138  64 129 187][ 87 117  26  38  49  31  82 104 189 236 255  45 239 214 175  52 190 173
 220 102 204 131 184 156 179 253   1 187 106  55  43  87][129  11  14 191   4 139 164  37 118  98 195 215 243 128 146  73 120 174
 106   5  93 252  69  29 132  34 122   0 108   8 185  12][ 18 176 167 159  31 227 177  71  22 117 195 183 224 188 114  10 105  63
 251 145  31 248 247 177  29   2 218  67 181  12 180 126][ 97  81 117  69 116  78 239  48 109 236 126 100 211  53 149 116  30 212
 126 110 193 176 241  76 101 190  35 128  66 186  70 113][166  34 170 179 197 105 184  68  30 103 209 155 140 140 126   8 201 137
 147  21  22 119 196 226 213  20 218 251 213  93 183 210][117 112  27  42  24  47  67  88 233  32 161  76 214 211   9  16 220 213
  72 122   8 163 217  44 209 152   1 120  64   3   2  32][152 125 121  85 114 217 255  63 122 204  30 168 189 127 147  48  50 127
 213 234 227 208 174 111 103 237  45 161 103 178   7 251][192 177  26 160 120 140 121  85 169  93 100  13  62 151  66  80 166 169
  85  92  82  11 146  69 215 185  48 233   8 128  43  91][136  61 187 120 141 236 181  87 191 223 108  25 190 189  67  42 161  59
 251  17 147 237 178  98 203 255  86  91 194  64 167 251][202 175 241 184 155 225 188 231 159  55 152 179 173 239 102 200 239 179
 171 145  54  73 130 247 255 215 159 255 150  68 165  90][181  67  71  79  84  11 111 248 117 224 115 198  83  67 153 117 126 204
  54 238 233 244 109 124 116 170 229 132 127 187  98 176][188 114 249  97 166 107 243 152 118 191  55 122 211  85 201  42  63 212
 110 122 145 244 105   0  77 139 101 244 229 251 198  49][154 113  43 136  11 215 177  88 134 236 213 175  92 221 107  32 252  57
 251 227 129  35 179 216  83  65  43 187  90  15  39 243][ 86 177 183 186 139 225  23 232 175  85 137   9 236 254 110  30 163 211
 233 147   2  67 154 241 153 214  95 127 144  87 167 122][ 73  50  51  72  41  22  17  88 166  74 245 108 220 215 160 252 204  29
 254 164 129  71 179  80  83 121  42 190  10   4  39 247][ 22 176 175 187  30 233 161 200 150  85  67 179 225 204  88 104 121 154
 251 145  27 244 255  53  29   0 154 193 165  13 180 242][ 41 175 112  67 246 155 234 216 127 160 126 239 235  73 150 148 126 234
 198  92 178 184  77 255 110 221  33 224 111 143  74 141][154 248  19 184  83 220  48  70 187  73 192  57  60 158  34 241 162  57
 213 129   7 207 146 213 211 209  26 107  42   4  47 219][ 70  59   3 169  56 167 186  64 175 232 218 231 173 206 117 196 238 173
 127 213 131 155 194 220 156 244 139 234 140  39  35 213][205 226 156 179 168 172  88 152 191 123 147 253 255 195 202 219 135  71
 253  87 191  69 203  33 204 243 127 248 136 135 139  17][145 176  27 127  66 132  49  87  54  41  67 116 180 151  96  88 228  63
 122 128  19 220 211  51  85 164 122 130  40   0  35 187][118 115  24 236 104  15  95 104  15 172 185 237 199 142  77  16 222 221
  95  99  72   3  89 152 241 144  41 190  16  59   6  19][ 97  65 243  69 116  78 235  48 124 168 126  72 211  53 149  52  28 116
 118 110 193 176 225  14 101 190  33 128  66 170  70 161][ 28 182 249  99 178 107 123 152  47 253  63 236 223  55 203  24  55 149
 229  56 147 112 105  16 206 221  37 244 238 251  70 113][200 216 152 186 104 236  29 142 186  95  37  25 189 247 106  91 133 123
 237   0 102  76 250  49 199 199 126 249 144  80 135  91][118  93 121 238  44 103 223 216  65 106 189  43 114 125  61  16 156 209
 213 107 136  35  88 251 115  29 161 191  85 251  86 115][127 115 114  44  51  95  82 120  45 236 251 109  78 222  47 116 182 197
 223 103 204 163   1 204 242 253   1 159 106  39  46  87][131 255  45 147 186 141 175 183 158 127  28 252 188 100 210  39   7 115
 127  79 243  92 111 119 108  22 127 224 156 212 133 253][ 67 236 167 157  60 166 170 150 158 217 218  70 252 236 241 110 205 111
 127 221 131 217 199 233 141  62 191 128 140 221  49 125][ 17 148  27 232  18 231  19  94  63   9 235  16  22  19  40 112 245 155
  22 144  27 143  17  86 217 230  26  70 176   2  33  35][105 123 170  36  45 141  68  22 235 234 186  77 182 153  19  18 200 100
 125  77 205 171 211   9 209 253  50  16  72 124  90  75][ 22 201 130 154 207 193 132 205 142  21 200   3  36 194 104  64 248 171
  42 209  82  11  10 241 184  16 143 127  16  26 185 142][ 43 207 103 139 125 211 238  96  93  64 222 162 232 204 182 228 122 172
 222 239 221 187 109 253  54 126 131 211  23 143 124 196][ 17 148  57 219  54 166 187  19 124  73  95  86 180  83 184  96 119  59
  23 156 179 156  49  95  79 175  58 192 152 131  33  33][178  21 115 236  67  67  93 105  49   2 241 186  10 159  44  81 126 153
 159 162 120 131  16 206 243 224 138 159 119  32 166  50][249  88 190 124   9  76  85 184 233  90 166  28 254 216   7 123 128 101
 104 106 109 103 186  33 211 251  81  58  72  49  75  26][168 226  65 105  72  11  72 121  55  52 245 252 129   7 204  21  92 157
 231 226 122  86 237  21 215 240 163 228 103 129 134 176][254   6 134 188 205  98  68  75 181 158 203  83  98 235  45 219 249 167
 235 161  44 199 139 142 145 114 219  11 131 108 124   2][ 24  63 120  71 115 219 191  51 125 204 125 170 185  63 150  48  38 251
 215 234 228 216  37 239 103 207  37 129 103 183 199 251][ 37 240 115  69 124  79 231 248 111 232 255 104  90  87 140  52 122 212
 126 106 193 179 121 222 119 158  39 182  67 187 196 177][  9 134 103  87  52  26 231  55 116  67 111 212 227  96 152 228  50  46
  36  44 253 188 101  15  36 238  48   0 110 174 208  44][188 102  97 234  84  99  75 248  19 102 245 187  91  77 153  17 126 216
  21 239 234  54 109 159 210 201 161 189 119 191 118 240][ 82 163 150 188 171 201  20 111 191 151 160  57 174 254  96 211 167 187
 239 145  58  75 130 213 153 214  95 123 144  68 167  75]