[190 172 172 122 141 249  85 203 215 255 180  25  34 253  87  31 201 254
 255  17  62 111 250 179 219  83 213 123 211 108 222 214][ 93 115  91  71  82  10 103 248  96 168 246 236  83   3 137 144  62 204
  68 238 201 177 173  12 116 169  37 132 105 179  98  33][ 15 123 108 225  96 143 107  16  37 232 118 229 185   7 147  88 110 236
 127 222 137 144 245 104  70 233 162 128 111 129 106 249][124 253 248 103 186  78  95 184  51 160 238   8  87 119   9  48 246 221
 125 106  72 146 249  46 255 237  37  52  96 243  70 115][166 120 162 154  77 225 146 192 158  86  65 155 164 220 103   9 201 123
 147  67   2 111 218 177  21  16 219  59  85  95  23 210][ 26 245 210  74  83 211 182  71 239  73 124  34  40 248 166 164 190  59
 134 128  71 187   4 221  50 197  22 131 255  86 171 143][161 233 137 185 236 201 165 239 154  25  80  88 180 145  88   3 201  75
  83  89 115 106 210  49  45   0 126  40  88  24 147 168][ 43 180 210  94 115 208 180  79 123  65 249 160  40 248 174 180 187 155
 130 128 215  43  14 211  54 124  18 139 223  70 171 141][145 223 127 231  54  10 127 181 100 232 247 230 247  87 184  97 118 245
  93 110 233 177  45  45 240 233  39 128  44 178 161 121][221 201 148 175  29 144 106 168   6 180 207   2 237 195  74 198 113 198
 168 218  74  92 207 183 156 229 143 101  50 134  56   8][254 125 151 190 153 224  86  96 179 206 233 137 111 255   3 211 200 243
 237 194  46  75 218 171 243 247 207  59 178 119  46  82][ 58 111  67  78 115 242 170  87  49   5 120 226  40 135 165 148 126 187
 134 176  34 155 164 237  54  52 142 131 103 214 167 253][224  32 189 116  77 125  64  10 251 243 160  24 146 184  69 187 137 212
 104   0  45 103 242   0  23 155  81  63 192 120  94  38][ 72 180 153 122 171 233  17 207 234  19  45  56 190 247  72 122 131  27
 232  16  18   9 202  19 221 247  22 127 208  66 135  43][203 223 196 159 155 150 108 191  63  83 206 213 233  34 150 247 103 199
 252 140 247 220  95 239 174 126 222 194 174 212 168  28][214 190 218 182 250 136  62 251 187 190 158 253 109 231 203  83  55 247
 239 162  98  67 138 111 254 231 111 171 164 244  47  11][194 172 158 146 171 161  56 199 186  31 128 185 172 174  70  27 167 115
 235 144  54  79 130 115 217  18  94 251 128  64 175 159][230 185 240  84 205  92 181 175 250 182  36  24  40 248  85  62 137 127
 241  19 240 126 250  98  31  30  85  47 193 116 215 174][ 72 189 147 127 177 236 113  55  63  73 106  96 190 183   0 244 167  63
 252   8  19 216 176 119 173 254  48  66 138  64 131  59][145  76  30  51  36 159 252  16 252 202 115  84 247  88 147 233 167  33
  94  15 229 245   5  46 196 203 122 128  76  25  73 137][245 124  26 126  89 157  82 232 251 138 173   8  62 216  71 177 153 233
 204  66 110 103 218  63 179 217   1  59  72  35  75  15][ 96  48 156  52  13 109 209  11 235 243 160  25 150 184  70  26 137 134
 104  17  31 111 210  16 201 219  81  63 200 104  90   2][ 88 184 158 190 139 196  48  71 170  27 160  56 190 254  96  90 163  51
 251   0  82  79 146  97 211 227  90  11 128  64 167 155][249 125  21  85 189 159  70  55 125 232 178  76 250  56 149 181 128 102
  76 108 237 232 113 191 171 250   5  18  74 188 202  13][ 88 124  19 182 115 200  48 102 189 194  98  32  46 151  33 208 162  59
 193   0  65 153  16 236 147 246  26   3  98   0  39 251][214 230 230 150 234  50 188 231 185 150 146 183  76 238 127 139 191 247
 253 167 244 207 142 234  58  50 223 139 165 116 175 223][ 41 189  19 109 177 159 102  55 125 105 122  76 190  49 128 180 144  62
  76   8 243 184 113  63 175 253  36  18  74 192 203 173][ 94  63 173  50 187 249 144 207 191 221 152 185 174 172  71 139 143 235
 205  17  62 107 230 162 155  87  30 251 192  69 143  95][160 238 220 127  56 137  11 186  22   4  96 236 243 103 129  16  31 123
 108  78  42  12  75  63 228 174  97  56 112 145   2  56][236 180 189 247 237 109  85 154 123 255 182  24 215 255  88  59 201 214
 125  24 186 118 251  50 207 251 117  52 192 249 198  99][ 94 202 230 243 134  90 126 182  55  55  91 179  75  47 220  75 111 223
 181 211 250 216 109 224 190 239 254 197 167 219 244   8][221 103  91 111 176  10 111 184  49 204 127 108 223  67 137 208  54 205
  76 238 105 148 169  46 246 237  37 132 106 179 138  33][247  79 238 103 182  38  78 176  49 226 219 199  91 107 151  83 127 230
  53 239 253 208 221 238 250 110 239 132 173 247 250  80][248 211 110   7   2  90 103  56  97  66 231 237 195  36 158 183  26 196
 236 102 237 244 245   9  38  99  96   0 111 183  94  84][221 135  77 103 178   2 111 184  52 242 199 196 209 103 152 243  54 198
 125 238 249 208  93  45 236 235 239 196  44 163 161  48][ 61 241  91 170 115 217  82 248 163  64 225 173  95 223  40 176 178 185
 149 115  79  19  56  29 251 197  41 239 120   3  46 210][161  48  19 108  65 111  97  89  41  74  97  88 150  87   1  61 144 184
  66  40  33 182 112  30 213 152   0  56  90 160  70 176][ 78 234 228 243 230 152 122 184 175 245  23 131 253 111 218  98  39 255
 191 223 198  92 175 241 206 203 255 229 167 167  21 105][ 66 186 144 154 169 253  16 135 171  29 168  61 172 214 110 156 167  51
 204  16  23  15 154 243 153 148  26 123 154   4 175  31][160 160  51 121  81 237  17  67  54  53  96  25  54 151   0  24   9  58
  67  16  50 254 114  23 205 134  16  96 192   0   6 234][128 156  27 185  84 167 168  79  30  27  80  83 181 243  32  73 221  59
  35 145  51 220  83  55 205 134 186 192 152   8 161 153][ 69  99 153  37  48  14  99  56  40 168  42  76 215   3 129  82  22  68
 108 110  65 208 233  12 172 182  37 132   8 179   3  33][101 117 121 103 176  78 103 184  96 232 127  72 215 119 137 112  20 220
  84 106 201 176 249  46 231 237  37 132 104 243  66 113][110 219 111  58 165 216  93 141 235  84 190 173  11 204 222 126 130 199
 253  87 222 105 174 225 210 121   4 223  71 214 222  86][129 188  19 251 180 175  98  19 126  75 123  84 247 115   0  96 181  58
  22  24 179 188  25  63 237 142  50  64 200  64 129 177][218 111  87  76 114  75  55 244  61 140 118 232 108  71 133 181  54 253
 198 226  96 188  37 237  54 178 100 131 103 178 103 237][ 85  84 153 228 168  46  95 186 232 234 187  68 215 127   9 122 151 215
 124  42 201   1 251  32 211 255 119 156   8 243 129  19][104 183 125 101 248 207  87  55  97 109 255 104 211 125 158  48 157 214
  93  40 218 186 225  31 119 255  36 209 225 194 214 115][ 94  60  18 254  59 236  90 120 187 154 177  41 255 223  41  81 183 249
 253 162 106  71 154 255 243 243  75 187  18 103  39  83][ 97 181 217 103 240  79 103 189 122 225  47 104 215  49 200  48  23  94
 108  56  83 240 249  15 237 190  53 116 200 194 194 169][ 41 253  49  90 125 221 214 252  91 248 188  12 234 216  94 180 153 202
 214 110 239 107 250 191  63  93   5  62  90  31 218 255][164  96 248 251 100 141 249  80  95  57 117  18 147 143 253  41 222 152
  55 219 138 246 107 240  71 217 250 164 245 155  80 177][230 188 218  86 201 216 119 167 187 182 230   8 106 183 199 254  33 246
 232  74 116  95 186 103  63 190  85  75  66 177 198 110][ 34 234 106 138  93 217 146 224 143   4 248 139  34 204  55   0 216 233
 131  67  78  39  74 191  51  20 129  59  85  15 126 202][129  48 125  81  36 175 225  16 124  57 119  80 179  17 149  41   8  40
   6  24 131 180 113   0  69 136 112   0  65 137  64 161][172  21 253 235 205  63  69 157  87  51 117  16  91 121  89 187 217   2
  51  58 187 242 123 144  79 223 213 116 243 250 208 162][ 73 153  58  46  37 172 113 119 233  73 122  77 190 185   2  50 164  35
 124   5 215 169 146 101 211 253  50  74  74   2 203  91][ 56  37 249 229 244 111  95  63 115 170 126   8 255  51 208  48  94 238
  23  42 248 186 249  14 239 205 165  36  98 234 194 169][231 121  76  70  74  82  70 168  97 224 174 170  83 114 141 247  90 212
 240 226 109  82 253  44  54  40 197  63 109 179  74  20][169  28  53  65  81 239  97  55 116  35 102  24 146  21   4  61 136  62
  64   8  57 188 113  14  71 251  16  80  66   8 198 168][ 45 220 229 255 205 212 223 188  71 241  47   2 251 125  94  38 201 218
  49 223 202 104 123 177 111 223 197  76 243 159 208 234][ 41 189 121 107 244 175 103 255 112  41 124 104  51 113 144  49  31 250
   6  56 179 186 121  63 111 143  36 192 241 200 194 169][248 235  10  38  80 198  87 240 176 140 230  41  51 211  34  17 216 236
  69  98 104 143 136  47 243 225  33  57  96  51 110  74][190 141 244 255 180  46 222 184  91 155 248  26 107 105  29  27  95 231
  53 227 248 254  79 175 170 254 197 148 247 250  80   9][165 204 133  31 157  55 198 175  86 243 200  88 242 248  93 175 217 202
  48  47 255 110 255 191  41  62 213 124 217 120 208  44][ 26  79 115  79 114 210 174 246 125   4 120 226  40 198 165 164 126 251
 134 232 193 186  36 239  54  44  34 130 103 150 103 173][235 180 228 125 188 182 120  58 215 250  94 177 249 253 159 103 215 126
 253  45 190 244 239 159  79 255 225 132 166 228  80 117][ 70 129 132 189 172  46  76 175 191  27 138  16 207 226   8  74 193 199
 125 144  58  73 203 247 141 246 223  92 144  96 161   0][215 143 143 183 184  47 110 191  54 234 219 213 247 102 152  80 119 231
 125 255 253 220 207 110 172 166 255 196 172 243 161  81][109  85 126 102 237  29 255 252 233 202 189   8 123 223  63  51 254 209
 215 107 196  35 186 232 119 217 101 188  67 255 194 243][215 182 142 183 171 116  60 143 191 219 131 149 205 238  91 203 231  71
 253 149  63 205 159 226 136 115 223 215 140 117 185  87][194 186 149 154 171 245  25 143 142  95 128  61 172 214  66 207 135  51
 251 145  23  77 218 241 141  16 223 255 154  68 141  95][ 67 161 152  48 248 136 120 207 171 121 160  61 156 163  74  18 135 135
  93 213  22  75 130  85 220 149  63 253 200   0 139 139][124  52 159 108 201 102  87  72  96 138 239  40  87 243  33  58 248 220
 108 114   8 227 177  10 241 231  37  31 226 115  38 162][169 249 118  86  85 223 246 229 233 224  38  12 110 248  54 181 176 102
 218  99 229 249 144 253  55  91   5  51  75  62 219 142][251 193 111 196  77  86 111 244 225 224 166   2  88 151 190 119 104 196
 120 238 105 235 177 236 115 251 198  69  35 145 120 108][221  88 191 247  40  46  79 152 160 250 182 108 215 119 193 123 166 244
 125 110 233 197 249  40 193 235 103 148  40 243   1 113][ 44  36 180 177 173  45 236  15 223 178 184  24 143 168  85  11 137  79
 127  17 232 101 219 144 141 219  95  52 196 120  81 128][ 65 161   8  49 248 137 121 191 170 241   0 157 159 163  74  18 163  15
  93  21  86  88 194 117 236  16  63 236 136   4 139 202][ 88 169 158 190 138 232  81 167 162  21 142   9 183 231  66  90 131 183
 237  16  26  75 194  53 219 231 124 121 160   0 142  10][ 61 207  75  71 100  30 238 244 116  42 255  70  83  32 156 240 126 204
  54 238 205 180 125 175  54 239 166 128 109 187 248 140][180 205  59  78 245  79 199 252 229  14 254  10 114 113  45  53 248 242
  70 106 104 163  56  63 115 175  37  16 115 251 246 170][146 205 102 190  28 131 206 244 197   0 210 130 105 238  49  65 106 227
  63 227 232 171  71 253 176 232 206 152  53 191 112   8][128 220  63 121  96 174 125 183 189  26 118  48 157  23 160 123 167  17
 127  40 227 237  50  95 199 187 114 196  64 192  67 187][213  95  10 162 170  34  30 156 164 226 155 245 213  75 155  82  55 199
 253 247 236 133 141  42 240 225 175 149  44 243 169  17][192 149 159 125 168 204  53  39 188  27 226  16 244 243   0  83 163  55
 104   0 114 205  19  71 229 178  86   2   0  64 167  43][201  62 175  29 249 118  57  95 116 207 214 116 157 183 146 253  69  14
 254  28 181 223 245 134  95 111 250 192 154 197 191 253][162 143 127  75 242 195 171 245  53  13 124 162  48 199 164  36 126  58
   7 232 242 186  36 127 111  12  38 192 117 130 228 249][ 27 141 106 238 156 179 206 254  23  65 222   2 123 235 176  96 121 235
  31 235 218 187 109 255 250 239 175 200 183 219 240 104][254 114 196 178 169 185  92 220 171 127 181 253  15 203 203 155 135 199
 253  23 190  71 202 176 210 209 121 251  46 213 138  83][ 92 253 158 230 139  78  86 188  43 162 174   8  95 119  73  82 241 213
 253  98  72  67 217  42 251 239  71  23  32 115 163  18][ 44 124 121 103 116  79 107 112 117  44 127   8 211  87 152  48  94 252
  23 106 168 178 121  46 103 175  33  64 101 171 198 161][211  83  76 165  50   6  90  48  57 224 195 237 205  38 130  82 182 197
 125 231 237 208 213  78 180 112 171 144  44 167  43  85][ 73 246 184  97 181 191  97 158 126 125 110  12 158 209  90 176 145  78
 104  60 131 240 243  19 239 253  53 100 194 208 202 232][172 102 108  61 108 123 117 250 240 254  52 177  67  73 159  27   9  68
 110  46 228 229 111  31  70  27 113  21  98 253  70 192][104 241  81  67 209 207 103 180 113  33  46   8 219 151 204  20  50 220
  68 120  89 216 176 102  47 220   5 100  74 146 198 176][223  91  85  78  42  30  79  48 173 192 103 196 223 103 133 255  38 245
 252 110 225 129 119 204 167 250  65 144  62 247   1 117][137 188 189 123 169 189  57 159 238  83  68  17 189 247  66 123 135  59
 251  28 183  92 251  51  79 217  84 106 154 196 131 254][122 234 218 248 105 201  89 206 171  55 180 185  46 223 108  26 239 155
 239 128  10 111 202 241 211 209 211  59  81  24 230 234][120 105 250 110  57 201  83 212 163 140 172   9  63 211  67  18 168 245
 205  82  74  43 194  41 251 229  36  57  98 155  78  10][213 120 149 167   0 110 107 144  49 234 194  72 215  51   1 123  52 213
 108 234  41 212 217 106 213 162 103   4 168 243  35  49][248 252  58 254  41 253  83 242 187 158 164   9  63 223  99 179 171 251
 253  66 106  79 186 191 251 219  21  59 114  65  15 123][ 26  56  58 224  47 201 144  64 143  13 176  43 174 159  96  24 174  57
 215  81   2  43   2 208 211 209  42 251  16  11   7 211][ 38 241 228 202 125  75 218 216  11 113 177 171 234  92  93  48 222 209
 255 243 202  35 223 153 159  88 141 255  85  14  86  95][116   9 159 236  73  70  87  96  37  12 227   3  86 183  33  83 248 213
 175 162  72 131 129 136 209 231 194  31  33  42  36  34][200 241  63 101  48  94 127  53  41 108 118  44 255  55 130 113 182 213
 253 106 233 216 177  13 231 243  37 128  10 162 135 123][124 103  24 164   8   8  86 120 161 180 172 137  23 163  67  18 128 213
 205  98  72  67 202   8 243 193 101  61  32 114  14  66][ 89 223  23 231 178  78 111 183  48 138 123 228 247 119 136 112  55 119
 124  42 249 144 169  47 224 239 103 128  40 242 131  57][ 76  52 191 229 168  79 119 184 190 190 183   8 223  55  65 123 151  85
 125 122 104 241 249   8 239 251 103 148 192 243  71 115][ 69  99  25 101  48  15  99  48  96 232 111  76 215   3 129  48  22  76
  76 110 193 144 233  12 228 172  33   4  64 179  67  33][242 190 254 126 175 249 212 199 191 255 180  57  46 253  70  27 139 250
 239  17  62 111 234 177 219 211 117 251 230 108 214  91][125 205  47  94  29 214  71  37 197 192 173   0 114 220  54 245 200 160
  88 106 125 171 114 172 115 249 132  91  82  62 244 102][219 182 196  31 137  52  92 191  63 119 134 213 233  42  94 223 229 199
 249 148 254  77 223 247 190 123 223 215 143 196 232  92][152 156   7 185 181 234  99  55  20   3 202  82 255  55 160 197 113  54
  30 168  59 156  81  63 233 230 186  64 178 204 181  56][231 172 140 155 141  37 196 175 150  51 128  29 226 232  90  75 201  66
 123  29  62 111 219 179 141  26 221 125 152 124 216  14][ 90 248 158 186 155 224  48  71 174  29 236  49 173 215 104  90 227  59
 239 144  18  79 130 243 219 245  30 203 146  64 167 139][228  93 122 238 236 109 255 248 233 202 189  10  91 253  61  50 254 208
  87 106 224  35 186 234 119 249  37 188 103 251 242 227][117 253  92  71 202  18  23 168  64 160 238 174  81 122 135  51  94 213
  96 226 205 114 221  44  62  42 229  62 109 114  74 134][247   6 239  39 148   6 110 185 113 226 219 199  83 109 159  49  53 228
  61 175 233 208 189 206 122 110 239 132  45 230 114  80][ 77  58 238   5  34  22 107  24  44 204  71 197 221  71 147 124  54 108
  62 238 133 208 181  77 198 233 107 128  46 167  41 241][ 64 177 152 106 219 237  49 207 235  49  45  24 158 243  72  52 145  26
 202  16  18  59 154  83 255 213  21 127 210  66 135 162][124 125 120 103 178  78  95 248  49 160 238   8 127 119   9  48  54 220
  93 106 104 178 249  46 255 239  37  21  99 243  70  50][  0  29 191 253 232 238 117  23 190  27 106  16 182 191   1  91 165 119
 123   0  48 233  19  97 207 187 118   2 192 112 167 187][249  48 188 116   9  77  81   2 235 242 164  24  22 152  70  59 129 148
 104   0  13 103 211   0 211 251  81  63  72  40  78  10][ 89  60 187 180 168 236  85 150 250 235 174  76 191 183  65 122 133 255
 124  24 139 111 242  34 219 255  53  56 136 209 139  91][126 125 149 190 153 240  86 104 179 206 169  41 111 255   1 211 200 243
 253 194 111  75 202 187 243 247 205 187 178 119  38  83][215 188 175 183 168 100  28 175 190 255 130 213 197 238  90  91 167  71
 125 149 191  77 155 226 152 242 223 255 140 116 167  95][194 190 143 191 186 169 188 231 190  27  82 245 245 226 224  89 167 107
 111 149  50  92 138 119 140 162 127 202 140  64 163 155][ 40 165 217 103 244  43 110  63 113 170 123 104 119  51 144  48  91 238
  22  42 121 186  73  14 238 207  37 128 110 234 194 169][ 47 247  96  82 253 157 214 253 123 253 189  77 202 220 222 180 157 202
 213 127 255 106 250 183 255 221  37 255 203 158 218 215][126  57  20 254 169 173  92  89 175  24 185   9 255 255   1  89 199 187
 253 162  10  67 218 221 211 251  75  58  82 119  39  83][182 140 244 247 181 175 200 178  91 179 122  26 107 120  29  19 187 239
  53   1 168 252  91 255 175 254 213  18 245 232  80  10][ 69 181  81  67 240  79  99  57 122 225 107  72 215 115  72  52  23  28
 100  58  81 240 249  14 237 190  37 100 232 226 195 160][202 205 132 189 173  44  76 175 191  51 130  24 143 162  64  91 193 199
 121  16  58  77 211 179 185 247 223  92 144  80 145  10][ 69  52 145 101 192 110 107  24 112 234 107  72 215 115  73 126  48 220
 108 250  25 208 249   8 205 174  97   4 168 227   2  32][242 205 102 190  12 128  78 228 213   2 210  18 105 202  49  65 104 231
  63 227 232 207  75 255 178 226 206 152  53 185 112   8][157  84 191 119  44 126 176  18 252 219 187 112 255 124 189 235 167  55
 124  33 165 229  51  14 131 251 122 144 200 113  33  49][109 189  25 227 180 207  87 184 123 232 175  76 215 115  74  48 148 206
 125 126 155 178 249  63 239 221  37 116  72 131 202  83][241 221  22 116  45 159  68  55 237 234 178  76 254  56  20 179 136 102
 124 111 237 237  81  61 179 250  85  18  72  56 202  13][146 106  87  76  98  91 174 228  61 134 114 234 104 206 133 181  62 253
 230 226  96 190  37 239  54  50  98 131 103 182  39 173][155 215 126  62  59 211 176 111 236  65 250 162 109 216 174 161 238 179
 206 241 166 171   7 253  50  65  42 131 125  20  41 143][253 119 123 103 178  90  79 248 113 230 127 252  91 103 155 241  62 204
 196 238 233 182 189  46 242 237  37 132 111 243 226 113][161  20  19  76  97 111  97  91  57 202 101  88 214  23   9 253 144  56
  82  40  49 150 112  78 135 186  64   2  88  96  66 176][214 138 228 243  22 138 106 160  63 181 210 147 239 111  95  73 119 239
 181 215 186 252   9 231 158 222 223  69 167 255 116  72][102 172 218  94 201 248  55 230 187   6 110   8 104 247  71 116 161 254
 226   2  86  27 186 119  63 190  84 107 194  83 230 238][125  99  75  68 112  18  79 248  96 196 254 236  83  66 159 176  30 236
  68 238 201 179 237  12 112 169  37 132 111 179  98 224][228  48 189  36  13  77  81  24  43 244 161  29 215  25  72  27 128  68
 105 108  41 102 251  16 203 219  81  52  64  41  70  98][ 72  33 188 179 173 109 212  15 223 179 139  24 143 184  88  10 137   7
 123  17  26 105 219 130 137 215  95  62 128  72 145  10][ 58 188 238 152  79 253 144  71  19 119 221 159  40 188  86  11 237 187
 243 145 158 251 242 209  31  81 216 251 247  76 246 223][ 94 255 173 178 187 217  28 231 190 221 136 185 175 254  66 163 135 243
 253  81 126  75 226 182 185 215  95 251 132   5 151 123][ 37 113  81 103 112  75 103 184 112 224 107 236 211  71 137  48  26 204
  68 106  73 144 253  14 164 172  33   4 104 179  66 176][ 48 141 106 236 156 131 206 254  22  33 222   2 115 235 177  96 120 234
  31 233 218 187 101 191 250 239 175 208  53 219 240 136][125 181 241  67 251 217  87 189 123 233 188 108 222 247 206 180 183 223
 252  56 247  82 248 214 191 221  37 255 234 230 207 119][188  36  78  53  65 107 112  74  49 182 227  25  75  67  11 155 169 164
 196  34  44 244  81  10 215 195  81   1  99 225  78 130][210 230 198 150 203  50 188 239 187 183 146 247 108 238  94 139 191 239
 251 133 116 223 143 226  56  22 223 175 133 116 191 158][ 89 157  50 174 181 172 115 119 233  73 121  77 190 251  34 208 164  43
 220   5 147  43 146 231 243 253   2  74  90  70 163  91][109 225 161  65 157  31 207 152  75 241 157   8 211 124 222  38  89  76
 120 127 219 112 255 144 173 217 135 116 222 191 208 100][252 246 144 186 157 245  67 252  23 254 133  62 206 211  74 213 217 204
 236  50 111  71 250 182 251 211 151 127  26  29  60  86][ 32  40 121 113  80 207  65  55 117  37 230  24 179  21   0  48   8 186
  64   8  40 190 113  61 197 173  16  80  98 136  70 170][ 90 252 182 250  59 253  22 230 187 151 172   9 174 255  99 219 163 243
 253  18 110  79 154 247 251 211  94  59  66  85  15  90][210 148  30 190 139 224  52 103 189  23 129  49 236 254  42  91 227  51
 233 128 112  79  10 215 241 243  90  11  16  64 165  75][ 65 168   8  49 120 137 104 190 174 113  32 205 189 131  66  18  35  11
  91  92  82  88 194 117 204  16  63 108   8 128 131 138][213 129 205 119  40  14 109 184 160 250 135 212 211  99 152 123  54 196
 124 238 249 197 255 109 198 171 239 148  44 243  18  49][109 117 121 103 244  14  79 184  96 232 127  72 211 117 153  48  20 220
  84 106 201 176 249  46 231 237  37   4  96 243  66  33][168  92  53  83 133 239 101  22 124  35 103  24 146  21   4 185 136  22
  66  10  57 188 113  38   7 251  80  80 194  89 198 170][ 69 173 137 167 176  47 111 190  54 234 219 196 247 102 155 112  87 207
 124 239 249 216 237  47 236 175 175 196 172 243 144 121][ 44  46 108  53 172 107 253  42 187 254 182 185 151  45  19  27 137  68
 239  39  40 229  99  16  71  83 113 149 197 249  86 242][236 176 189 243 236 109 113 154 114 187 246  24 215 253  73  59 137 222
 102  24 187 118 251  48 207 219 117 124 192 232  70 163][215 190 202 165 226  10  62 255  62 226  90 247  77 226 195 208  55 239
 239 167 228 220 143  74 188 103 111 140  44 246 171 153][ 82 181  19  90 179 236  48  55 191   9 107 112 254 247 172 244 182  63
 220   0  51 153  58 127 187 252  18 194 138 194 167  63][233  48 157 112   9 253  80   3 251 121 161  24 158 147  64 187 129  19
 232  16  63 108 210  17 195 217  80 123 202   8  74   2][ 32 138 196 127  56 137  75 186  22  52  96 204 243  99 129  24  23 106
 110  76  98  88  79  63 204 166  49  48 120 128   2  40][120 235  26 170 185 137  86 229 162   5 172  41  47 195  66 208 162 179
 237  80  94  11 194  53 251 229  36 121  50 130 142  10][  9 107 109 225 100 141 105  18  37 192 126 196 177   3 147 120 110 236
  55 220 139 152 245 232  70 249 162 128 111 145 120 248][ 36 109 121  67 244 111 103 248 117  44 126   2  83  85 157  52 122 222
  22 106 225 178 125 110 103 174  37   0 103 251 198 160][172  96 249 251 164 143 239 208  95  58 245  18 219 203 121 105  94 216
  55 219 203 244 121 176 199 217 227 180 215 187  80 160][ 85  89 153 228 160  46  95 190 104 232 250  76 215  51  65 112 148 221
  60 108 217  26 241   8 241 253  37 156 168 242 130  49][192 220 159 125 136 192  53  55 180  27 106  48 189 179   0  91 225 119
 104 128  98 204   3 111 229 167 118   0   0  80 165  43][ 18 178 222 185  50 130  56  90 191  29  86 231  45 135 162  93  54  29
 175 149 134 221   7 213 222  35 122 199  45 132  45 217][109  98 235   5 100 122 235  24 121 206 118 237 243  44 159 190 178  76
 100 111 133 244 229  10   6 125  97 128 198 247  86 245][203 156 188 211 161 180 189 151 187 123  23 180 188  63 222 239 167  87
 189 156 178 220 171 243 207 123 126 194 134 212 133 125][117  97 249  98  60  79  71 152  98 232 191   8  83  81 217  48  30 196
 124 122 201  35 249  50 251 141  37  60 224 187  66  33][ 41 189 125 107 244 143 119 255 116  41 124  96 243 119 128  49  31 122
  22  56 179 184 105  63 111 143  52 192 248 138 194 169][ 73 157  23 103 176 110 103 187 116  72 123  96 247 115 136 244  55 118
  92  40 177 184  57  63 173 174  37  64 232 226 129  49][254  96 144 178   9  29  80  64 171 179 161  29  15 138  67 155 136 137
 237  87  78  71 218 144 146 209  95  59  42  20  11   2][130 207 111  91 114 195 175 117 148   4 118 162 113 199 164  37 126  58
   3 232 242 188  36 127 111  42 162 192 117 128 228 249][ 61 207  74 111  84  30 238 240 116   0 254  70 115 104 191 112 120 204
   6 238 205 176 109  47 118 237 166   0 111 187 248 140][ 82  43 122 220  50 192  59 101 172 140 222 163  44 231 162  84  54 187
 207 128   0 155 164  76 240 165  42 137 164 130  39 107][ 92 253 154 230 155  78  86 236  35 162 174  10  95 247  73  82 179 215
 125  98  72  67 153  46 251 237   5  61  32 115 230   2][ 98 188 176  84 205 252 180 239 250 179  32  24 172 248  84  62 137 127
 241   1  80 126 242  99  61  30  95  43 193 116 199 174][188 245  96 106  61  31  90 248  67 232 189 171  91  93 223  48  94 220
 213 239 200  39 237 190 243 221 161 188 119 191  82 211][234 253 111 106 237 216 221 204 171  94 189 189  43 204 255  83 131 215
 253  71 207 111 190 241 242 121  69 191  78 247 247 127][244 126 145 184 137 109  22 202  59 190 168 125   7 226  65  27 129 195
  76 114  63 103 219  50 185 214  69 126 216 113 175  19][221 156 158  61 169  62 116 154 255  95 166  20 254 243   3 219 167  71
 236   0  36 101 147  99 211 251  81  31 202 113  11   3][121 230 185  97 149 255 117  31 123 253 110  24 159 197  82  48 177  12
 232  60 194 240 177  18 255 237   5 101 226 244 198 227][ 88  48  19 232  40 237  65  25 162 168 160   8 183 215  65 112 144 184
  76  40  11   3 242  29 209 209  33  56  32   2   7  50][182  96 115 232  50  67  75 232  49 104 144 232  95 214 169 177  62 153
 221 227 105 135  36  29 176 193  41 191  52 145  38 117][ 84  80 127 230   2  78  83 184  32   8 243   8  87  87   9  17 178 221
  77  98  72 178  25  12 209 169  99   4  96 179 103  35][ 61  57  50  60   9 191 214  97 251 142 165   9 238 248  35 157 184 169
 196  35  12  99 154 157 243 219   1  59  83 119  75 199][ 82 149  23  94 187 222  20 109 237  25 227  96 126 214 172 245 167 179
 206  32 115 141  58  93 187 186  82  82  80   2 175  61][242 166 174 190 201  32 156 239 179 151 145 159  73 239  94  27 253 215
 237 149  62  79 203 195 219 115 223 255 133 100 174  18][109 189  59 225 176 207 119 177 120 232 174  12 215  49   0  48 148 254
  92 122 217 184 249  60 239 221  37 112  72 163 194 115][251 166 236  57 137  53  88 159 183  55 166 157 203 174  94  91 237 135
 253 149 190  79 223 247 219 251 223 255 147  68 234  94][ 85 173 235 167 180  42 111 188 118 232  94 196 243 119 155 112 119 206
 126 238 217 144 109  63 236 175 167 196 172 243 208 121][ 88 165 156 179 157 109  84  15 191 187 131  24 223 187  88  91 129 135
 125  17  26 109 219 144 219 219  85 125 128  72 148   2][ 43 245 112  99 255 219 246 253 107 252 188  45 206 124 222 180 191 223
 215  37 199  51 249 221  62  95  37 247  79 190 219 215][233  48 156 113  41 253  80   2 235  49 165  24 159  19  66  59 129 148
 104  24  15 108 210   0 195 249  80 113 202   0  74   2][201  92 158 116  45 157 180  39 232 218 182   8 254 184 134 179 162 103
 254   9 229 109 146  41 177 251 118  27  74 124  75  15][ 80 141  23 220 161 110  79 183 181   6 202  16 254  55 160 117 115 246
  45  42 121 153  49 255 241 186  86   0  50 240 164 104][ 87 189 173 183 168 108  47 175 186 251 138  89 245 246  89 123 167 119
 125 151 243  73 219 115 253  38 255 252 136 113 131 121][218 253 181 254 139 212  31 174 187 119 137  24 255 246  72 243 135 247
 249 195 107  75 250 179 185 247  95  63  16  83 135 126][ 90 247 115  69 243  91  61 125  43 237 127 236  79 247 206 244 182 191
 253  48 209 217 164 220 191 253  39 231 103 150 143 127][229 112  61 101   8  77  81  24 106 252  39  12 210  21  65  59 128  20
 109 110 137 100 241  24 197 153  97  52  64  35  70 115][146 195  86  62  10 147 184 109 228  16 210 243 233  74  62  97 238 147
 238 161 238 175  71 221 144  98 218 139 125   4  41  15][224  44  57  85  89 207  65  55 113  41 230  24  50  21   0  52 136 190
  64   8  41 254 241  15  69 158  16 112  66   8  70 170][ 37 103  81  71 114  11 102 248 100 232 123 236  83  81 141  48  60 204
  70 110 201 176  77  12  36 172  33 132 105 179  66 129][226  76  70 158  76 128 110 238 157   2 210   2 232 234  49  67 105 230
  63 195 104  95 203 255 180  50 222 136  53 121 112 136][193   6  83  17 162  42  44   7 124  55  66 208 141  34 128 217  35   7
  74  28  52 220 133  66 164  38 126  68 132 208 131  12][236 176 189 241 236 109 113 154 106 187 118  88 215 181  72  59 141  94
 110  24  35 116 251   0 205 219 117 116 200 232  70 179][210 160 230 247  21 166 104 200  59 146  66  19 111 234 125  91 249 237
  49 149  42 212 155 223 153 250 203  69  37  41 113   8][124 117 145 190 155 201  87 120 179 204 169  41 127 255   9 146 220 243
 253  98 110  67 250 191 251 231  69  59 178 119  38  83][ 27 174 194 165 242  42 110 127  60 227  90 231 253  38 146 208  55 239
 183 165 149 152  77 110 172  38 175 128 173 230 171 152][241  48  61 100   9  79  81  56  96 240 166  28 151  17  65  59 128 148
 104 104 105 101 241   4 195 201  65  52  72  32  66  98][101  97  89 101 112  74 103  48  96 224 106 204 211   3 129  48  18 204
  68 110  65 144 245  12 164 172  33   0 104 178  66 176][218 182  26 186 155 224  16  79 175  29 236  49 175 215 104  80 231 187
 237 144  26  13 130 247 251 245  26 203 178  64 165  91][ 37 181 125  71 240  79  99  57 104 233 123  72 211  49 136  52  16  28
  68  42 209 176 249  29  45 156  37 116  72 130 194 160][146  78  87  95  98 147 174 228  61   6 242 230 105 206 165 165 126 253
 230 226 228 190  37 239  52  34  98 131 103 180  39 173][ 45 117 121 103 244  14 111 184 112 232 127 104 211 115 153  48  22  92
  84 106 233 176 121  46 111 173  37 132 104 243  66 161][205  96 189 119  40  44 109  25 122 251  39  88 215 119 217 123 151  68
 124  46 161  68 251   0 205 187 117 148 136 243 195  33][124 109 121 103 146  79  87 248 113 160 238   8  87 115   1  48  58 220
  93 106 104 178 249  46 247 237  37  52  99 243  70  34][128  84  31  89 193 110 117  87 124  99 110  24 158  55   0  57 145  30
  64  40  49 220 113   2 167 191  80  66 200  80 199 186][ 90 174 252 183 234 185 188 199 191 151 178 187 239 237  70  27 175 251
 239  17  50 111 207 243 222 211  95 187 229 220 143 203][ 94 185 182 254 139 249  20 227 171 150 173  41 174 255  99 223 163 243
 253   2  30  75 154 249 187 215  95  59 130  87  47  94][100 188 153 114 209 237  51 218 122 133  44  28 183 243  72  24 145 155
  64  16  19  42 250  50 207 213  17 123 200  67   7 186][194 134 156 190 170  96  60 143 190  23 193 177 229 230  42  75 231  83
 235 131 118  79 139  99 209 163 126 139 144  80 173  74][168 125  31  99 129 111 103   7 124  99 111  24 150  21   4  57 128  86
 104  74  49 188 113  34 231 251  80  18 194  81 198 170][160   8 119  89  81 205  97  23 117  13 102  24 178  21   0  61   8 186
  66   8  11 188 112  37  71 184  16  64  98   8  70 170][ 50  32  38 156  15 145 144  72 207 196 129 143 104 200  63 134 216 161
 234 101 142  35  30 221  17  80  73  59  83  46  60  70][ 68  49 191 228  40  79 113 248 169 184 183   8 215 247  73 123 164 213
 125 106  33 225 187  64 219 187 101  52  64 161   7  51][117 124 157 177 168 111  21 150 187 254 168  61 151  54  67  59 133 247
 108  23 109  78 248  58 185 210  93  62 152 112   7 127][ 98 188 178  85 217 253 182 231 250 135 104   8 174 188  68  50 137 127
 241   1  82 122 178  99  45  22  31 123 193  84 135 142][ 18   3 123 206  18 208  27 101 173   5 205 162 109 199 170 116 126 187
 141 192  26 131  38  77 241 165 138 137  53 130  39 121][ 61 207  66 111  84  22 239 241 117   0 254  70 123 104 183 112 120 236
   6 238 204 187  45 175 114 239 167   0 103 186 120 140][239 252 180 186 233 127  85 250  19 254 165 189 206 246 203 191 205 222
 238  54 238  70 251 182 223 211  85 127 146 253  14 119][184 205 110 237 156 139  78 244  20 128 210   2 243  11  49  65 104 231
  93 227 232 169  73 191 250 233 175 144  53 185 112   8][189 118 122 103 246 126 127 248 113 226 119 182  91 119 155 113 127 204
 148 238 237 246  61  46 246 239 101 132 103 241 102 241][ 89 158  58 106 113 188  90 119 121   9 125  76  63 251  42 208 181  43
 148  28 147  43  16 191 251 253  32 202 218   6 171  83][112 169 122 104 210 201  83 213  34   5 108   9  55 151  66  16  48 186
   5  88  90  26 128  55 251 133  36 105  48 130 134 106][ 40 187 208  51 243 185 120 215  51  93 120 237  47  15  74 152 191 155
 135  20 151  88  72  49  78 213  52 231 234 196 202 219][160 206 111  93  98 195 239 118  52   6 118 227 113  71 176  65 126  56
   3 234  96 188  37  63 103 171 226 128 117 184 100 169][ 19  26 206 189  50 178  56  82  62  93  87 247  53  14 146  89 102 173
 191 149 135 220 133  85 214  35 250 193 173 129  41 209][ 98 188 242  92  89 248 178 230 235  71 104   8  40 254  70  52 169 123
 226   0  22 187 178 115  61  60  22 107 193  85 103 238][165 229 113  69 197  79  71 251 115 226 108   8  83 241  93  52  25 202
  82 106 233  50 250  58 111 140   5  44  83 250 210 160][109 109 169 225 221 127  79 150  66 224 140  10 147  56  83  98  73 236
  24  93 157 122 245 168 239 205 133 124 224 249 208 108][ 64  11 188  53 172 238 245   7 174 255 190   9 134  45  83  26 133 103
 109  21 148 105 227  32 207 255 116  19 192 120 199 195][173 166 220 101 244  43 106  51 116 171 126 112  83 115 152  49 127 238
   6  40 176 244  65  15 110 175  37 192 239 232 202 161][208  92 159  63 176 226  37 182 176 143 234  48 245 119   1  91  69 119
 108 128 104 204 147 111 225 167 246   0 160 112 166  59][ 50 188 238 186  95 253 176  70 139 127 209 191  42 188 126  10 237 187
 247 145 190 127 250 243  95  87 218 251 229  13 246 223][ 90 185 146 242 169 236 120 215 175 153 178   8 174 223  96  90 166 119
 253  16  18  73 146 225 155 249  90 122 194   0 163  27][125  99 106  76 114  18  79 248  96 196 246 236  83  68 159  52  94 236
  68 238 200 178 237  12 114  45 165 128 103 179 114 224][ 17 158 143 191 178 162  47 190  62 203  90 245 245 102 160  64 119 111
  61 175 177 152  45  63 236 167 175 192 172 242 161 121][242 140 196 183 148  43 204 175  27 179 234  26 102 106  29  27 251 231
  35   1  58 252  73 223 189 190 223  22 245 104  80  10][185 157  41 121 157 221  81 190  87  65 228   8 178  25  31 117 216 138
  28  88 254  40 115 191 235 255 144 115  82  12 220  78][ 45 101 121 103 244  79 103 248 112 224 125  72  83 113 217  48  88 204
  22 106 201 178 253  10 125 141  37  44 109 251 210 160][215 124 189 176 168 110  13 159  59 242 128  92 151  54  67 123 135 197
 124  29 237  79 241  26 185 210  95 190 136 112 131 125][ 64 232  24  49 104 137  40 130 174  49  32 205 181 131  64  18  34   9
  74  76   2  88 195 117 204 144  50 104   8 129   3 136][ 76 114 253 231  98 110 127 152  57 254  55 108 223 119 201 126  55 213
 125 122 129 212 233 226 215 255 103 132 170 243   7 113][140 172 254 127 156  63 239 255 118 179 255  16 243  97 153 105 121 110
 122  42 178 244 123  63 111 239 119   4 227 251 225 160][215 124 173 144 172 124  77 154 250 242 134  24 151 150 215 123 165  69
 125 255 235  69 247  66 241 187 207 252 140 113 145 116][ 67 190 185  18 178 236 187 135  59  97 138 221 134 158  94 116 183  31
  93  21 151   9 253 243 185  52  30 238 140   0 167 125][169 174 193  73 244 187 239 223 115 163 120 222  43 101 148 180 127 238
   6  28 179 190 236 254  46  94  53 160 231 220 246 173][199 180 188 243 169 244 190 189 191  91  23  53 252 255  94 107 135 115
 253 151 182  68 186 243 207 219 255 234 150  87 133 119][ 60 101 233 226 126  11  79 248  82 232 189 202  83 109 217  48  63 220
  87 238 233  50 109  62 126 143 165 180 117 187  82 225][  1  40 177 123  57 253 129  74 126 129 224   8 178 248  69  40 153 122
 106  16  11 104 243  34  13 156  18  56 193  65  71 168][ 77  61 191  54 137 253  23 134 186 254 174  25 254 246  67 187 133 119
 249  82  61  73 250  42 251 215  95  59 130 117 143 122][ 45 117 121 103 244  14 111 184 113 232 126  72 211 113 153  48  30 220
  84 106 233 176 121  46 111 173  37   4 106 243  66 161][215   6 140 191 136 164  28 143 182 151 131 149 229  98  75  75 213  99
 109 151  62 197  75  34 232 227 255 217 184 116 169  82][146  58  94 179 170 160  56  87 172  31 214 247 173 135 194  91 103  51
 239 148  22 157 135 225 212 225  58 195 164 196 173  89][  7 253 242 227 246 155 254 237 235 225 123 171 204 252  94  32 191 255
 119 119 214 113 172 228  62  92  15 230 197 254 211 213][169 174 220 101 244  42 104  59 116 163 118 112 211  35 144  16  63 140
   6  40 176 252  69  15  78 175 113  68 237 232  74 128][203 141 215 222 217 244 110 166 189  19  74  16 104 182  36 247 227 246
 170 200  49 216 187 255  63 126 210  66 146 197 224  44][163 174 194  89 246 187 238 215 127 163 112 250  32 172 148 180 127 238
   6 156 183 190 100 255  62  30 181 160 253 200 250 140][189 113  83 104 112   7  75 248  97   8 125  72  91  83 169 180  94 152
  22 106 201 178 120  30 113 152  32 108 115 179  98 161][  3 173 203 165 210  34 110 127  54 225  74 199 245  38 146 240 118 175
  51 173  21 152  69  79 172  45 175 128 173 230 171 216][125 173  71  71 213  26 102 190 117 168 126  76 251  97 148 245 121 238
 102 106 249 248 109  45  46 254 101   0 107 254 218 172][139 150  79 185  16 190 104  55  60  67  66 213 253  46 146 224 247  47
 191 149 183 156  85 223 142 111 186 192 172 132 185  92][ 60  45 121 103 212 111 119 184 117 170 254  10 115 113   9  48  57 254
  86 234 104 178 121  46 255 239  37   4  99 242 102 162][205 112 177 103 169  44  73  25 123 243  39  24 223 115 216 254 151  76
 124  62 155  84 249   2 205 255  85  60 202 231 195  32][ 88  93 158  62 144 166 111 182 176 138 238   4 117 231   1  82 101 247
 108 192 104 137 146 111 249 231 118   8 168 241 166  58][195 194   6 189   9 133 136 109 141  19 211 215 225 138  62  65 204 129
 106 165 204  13  87 213 148  50 218 148  93   4 169  28][ 55 239 225  15 223  51 142 236  95 230 249 238 107 232 223 164 127 207
 226 231 237 246 239 255  60 126  77  46 247 255 242 228][212  48 191 228  40  78 121  88 168 184 167  88 214 215  73 123 164 213
 125 106  97 195 155  64 219 171 103  28   8  33  39  51][ 91 247 114  68 243 223 190 127  41 237 255 239  78 254 142 180 182 191
 215 160 213 155  36 221  63  93  47 167 103 214 175 247][201 124 189 119 169 253  29 151 186 255 142  24 190 183  67 123 133 119
 253  25 233  77 240  34 235 219 127  57 130 116 135 123][ 35 248 145 179  82 205 120 215  59 113  96 197  63  30  64  16 191 139
  23 213 159 152  24  53 141 212  28 102 248 128 130 216][ 89 189 187 252 240 204 115 215 251  73 238   8 183 183   0 112 166 255
 124  24  11 187 178  63 251 237  52 104 232  80 135  59][ 40  48 157 241 172 111 113  27 238 187 102  24 151 183  72  59 129  30
 108  24  19 252 243  16 207 203 117 116 200 200  70 179][  1 205 125 109 180 143 111 189 124  41 126  64 243  19 128  48  30  22
 102 104 209 184  97  63 111 143  37  64  72 138 194 169][131 110  70  95  66 146 174 246  60 134 242 230 233 234 149 133 126 237
 162 238 224 150  69 239  36  46 234 128 109 244  99 188][161 181  91 229 116 142 107  55 120 200 110  68  55  19   0 241  20  46
  20 104 243 152  16  15 109 173  32  64  72 130 194 185][163 188 242  25 214 179 182 239  95 163 112 191  32 232 246  40 123 235
   2 181 182 254  76 255  62  14  23 103 221  92 250 142][ 82 185 146 234 139 204  50 199 171   9 234   8  46 222  96  80 182 187
 255  80  18  11 146 241 155 213  10 123 192   2 167  11][246 166 172 184 168  37  88 143 178  63 148 157 195 239  94  91 205 199
 237 181  62  71 203  17 219 243 255 253 144  64 254  82][161 127  88 101  52  15 230 189 124 232 122  76 243   8 151  48 152 108
  84 111 205 176  85  63 228 173  36   0  73 250 219 141][197 223  22  83 160 172  62 183 255  18 106 244 236 227 201 125  39 127
  60  94 243 220 143 115 172 250  86 194 138 211 129  13][127  79 102  76 159  82  94 224 225 196 174 139 107 104 191 215 122 228
 237 230 204 163 164 236  50 105 133  19 103 183 254  70][244 225  58 218  29  68  71 236 193  21 165  26 114 209 108 119 216 210
  72 250  90  99 250 165 251 169 150 121  17  27 246  42][ 37 103  66  15  82  11 230 232 118 128 105 204  67 232 189 148  58 236
   2 110  68 178  76  30  52  12   5   4 125 183 106 132][ 45  48 145  99 209 109  83 156 106 107 173  76 159 119  73  60 149  27
  68  16 139 114 251  19 205 221  53 124 202  83  71 179][ 45 180 177  87  93  95 226 184  91 226  97  72 242 112  29 181 217 108
  82  40 169 114 248  31  47 158  69  52 203  42  82 164][ 80 170 172 188 136 173  28 207 190  23 180 159 175 237  82  26 175 251
 237 149  30 107 211  49 223 195 126 121 241  72 175 218][ 92 233 159 182  50  66  59 232 182 149 199 161 117 231  41  83  55 245
 237 242  74 217 139 109 249 227 111  69 160  51  39  99][219 208  23  94  43  92 180 125 189  27 183 112 236 254 172 247 166  19
 236  32 101  75 187 213 179 243  90  27  90   4 171  31][101 237  99  71 240  15 111 188 117 224 254 204 211 103 153 116 118 206
  94 238 249 152 109 127 236 174 165 196  46 179 242 113][ 93 159 111  39 178  26 111 191  52 232 223 228 255 103 155 113 118 230
 124 238 249 153 109  47 238 239 103 128  46 242 161 113][165 229 241  71 244  15 231 248 113 226 125  74  82 113 157  53  89 204
  22 106 233 242 125 110  45  46 165  36 107 187  82 164][111  60 180 215 233 127  84 202 155 255 173 157 238 252  79 191 207 215
 255  22 188  71 251 240 223  91  85 191 210 125  14 215][ 49  77  79 175  20  38 111 112  52   2 234  71 115  99  49  81 124 236
  17 238 105 146  81  47 225 239 224   0  57 243 112  40][101 113  81  69  48  15  71  56  96 232  51  76 211  81 153  48  22 212
  84 106 201 176 253  12 228 152  33 180 104 179  66  49][ 25 158  58 234 244 190  91 223 121  13 124 117  63 219 170 208 183 139
  22  28 182 190  48  63 251 253  48 204 218 129 235 193][ 68 245 181 167 184  78  15 189  46 232 202  64 247 247  73 112  23 119
 125 107  81 208 219  59 237 166 111 148 136 242 131  57][ 35 162 208  80 237 189 240 223 123  59 116  76  42 136 222 188 141  10
 194  28 150 126 214 209  30  93  16 106 219 132 202 141][105 189  59 100 244 207 119 246 105 232 110   8 182 149   0  48 176 254
  86 106 209 184 176  62 255 157  37  96 104 171 194 187][ 66 204  70 159 204 160 238 238 159   2 218   2 232 234  53  73 123 238
  63 195  96 126 203 255  52  62 222 136  21 121 241 136][ 53  85  73 101  20  79  71  56  96 224 235  72 211  69 153  48  24 204
  68 106 201 178 125  14 101 172  33   4 105 187  82  48][ 54 240 187 250 206 197 176 212 143 121 241 127 116 220 109  10 237 251
 123 209 155 103 218 241  85  22 154 250 217  27 182 211][240  48 188 116   8 109  81   2 234 115 164  24 151 149  66  59 129 149
 104   0  11 111 242   0 211 225  80  59 200   0   7  50][  5  49  81  65 112  79  98 152  96 232 123 108 211  19 133  52  60 204
  68 122 137 176 249  14  44 188  33  68 200 163  66 177][124 112 156 230 136  77  87 152   2 182 165   9 215 119  73  26 145 212
 125 122   8  67 219   0 219 193 101  61 160 251   6  34][ 94 121 150 190  11 209  16 228 175 149 160 171 110 222 102 210 230 241
 237 192  30  11 138 249 187 213  79 187 146  54  47  71][ 25 156  91 104  83 244  50 222 119  65 236  18  60 215  40  48 127 155
  18 200  23  11  50 119 115 173   2  78 121   3  35 250][220  76 126 191  46 138 126 176 189 130 211   2 255  75  49  67 230 229
 125 227 232 197  11 238 242 251 238 144  36 187  33   9][ 20 189 252 127 156 111 119 191 118 171 255   0 211 121  25  96 121 102
 126  58 186 240 123  63 239 239 103  85 240 251 224  34][160  56  53  83  96 237  97  86 124  45  98  24 178  21   4  61 160  58
  68   8  27 188 113  53  69 184  48  80  64   8  70 171][140 237 159 115 129 110  55 167 124  51 110  24 158  55   0  57 161  86
  72  26 113 252 121  34 231 255  84  67 192  81 199  42][102 233 221  95 120 221  74 184 171 185 164  72 243 247 205 246 205 212
 236 218  91  78 235 113 143 255  21 126 128 131  70  44][ 77 114 243 199  98 110 127 152  41 234 126 108 221 119 205  62  54 221
 117 122 129 208 169 232  94 252 103 132 174 243   7 241][ 56  47  88 103 116 107  87 250 112 174 254 104 115 113 137  48  91 254
  68 106 104 178  73  47 239 239  37   5  97 242  70 163][ 82 185 146 168 155 196  50 199 175   1 234  10  46 218 100  80 246 187
 255 208  82  11 146 241 185 244  10 107   0   2 167 139][  2 141 198 159 204 164 174 239  30  18  90   2 236 234  53  64 123 110
  51 195  64 250 218 251  53  62 222   8 149 121 241 136][163 174 202  91 244 187 232  71 126 131 112 210  33 232 180  40 127 170
   2 156 183 254 100 127  14  14 182 192 205 200 250 140][ 61 237  99  71 212  31 111 252 117 232 250  76  91 100 156 244 124 238
  86 238 249 184 125 255  63 238 165 196 111 183 210 252][ 37  85  89  71 116  15 198  56  84 232 251  76  83  81 153  48  92 204
  70 110 201 176  93  14  36 172  33  20 105 187  82 177][211 141 215 223 219 244 106 162 255  17  98  18 104 242  36 247 225 119
 186 216  54 219 187 253  31 122  82  74 146  69 104  44][ 41 159  87  71 245  26 102 189 101 232 126 108 234  96 156 245 112 238
 238 106 221 248 109 237  38 254 101 194 107 246 202 173][135 141 214  95 160 184  46 167 255  18 106 212 236 226 253 213 183 107
  44  14 247 220 142 251 174  62  87   2 206 214 137  12][ 69 253 145 101 176  78 111 189  54 168  74  72 247 115 200 112  22  94
 124 106  73 144 217  63 237 164  37 164  40 178 131  57][219  48 150 126  43  92 176  77 255  91 179 112 238 254  12 255 167  23
 236 129 167  69 147 193 146 251  90  27  74  68  43  31][ 92  76  94 190  46  42 126 176 189 130 219   2 255 235  57  90 242 229
 125  99  72 133  11 175 210 231 107 144  36 251  33   1][ 45 240 145  99 177  63  67 152 115 233 165  92 223  85 201 188 157  76
 220  62 139 116 249 146 143 221   5 118 202 151 202 245][ 88  48 157 113  40 109 113  26 230 187 174  24 151 183  64  58 163  23
 108  24  27 232 243  16 207 235 113  84 232  64  71  51][ 41 189 115  69 245 143 103 119 125 200 126  76  58 177 132 180  60  58
  22  72 209 186  48 127 111 156  36  96  74 154 194 185][215 132 132 190 168  38  78 175  54 187 138 213 247  98  73  91 213 199
 125 181 189  73 203  46 232 246 255 156 136 112 184   8][ 37 233 199  79 221  31 230 236  95 224 249  78  96 248 157 180  88 236
 114 110 197 242 125 253  62  62  69  38  79 191 210 164][221 114 253 118  40 126  89 152 241 254 183  92  83  87 219  59   6 212
 124 126 169  71 171  32 211 235  97 188 226 241  70 113][ 92 226 222 230  18  66  91 248  55 164 199 163 127 231   9  81  54 245
 237 226   8 211 137 108 216 163 111 133  36 163  39  99][ 45 233 148  71 125 159 194 168 203 240 169  72 242 216  95 182 152 108
 114  95 207 112 223  49  15  24   5 116  74  47  90 140][245  93  13 110 156  78  71 184 228 234 166  12 243 113  17 243 208 228
 124 110 105 227 249  46 241 171 229  16  72 251  88 120][ 49  13 141 237  20  38  79  50  20   2 234   0 115  35  49  80  88 230
  32 238 105 184  81  63 225 239 224   0  56 251 112  40][ 92 188 190 118 137 253  84 134 187 187 142  24 190 255  67 191 129 115
 249  18  42  73 186 162 251 223  95  59 130  85 143  42][  3 165  74 141  82 163 234 127  54 225  74 199 113  35  18  80 122 172
  19 188  23 152  85  95 124  44 171 192 173 134 106 136][161 197  89  65 180 143 239 191 118  41 118  64 243  67 152  48  91 142
  38 124 251 184  65  31 108 175  37  68  96 136 194  40][208  48 159 245  10  76 113  24 170 186 166  24 215 151  64 123 167  85
 125   0  33  71 147   0 209 235 115  28  32  32  39  51][109 100 152 103  53  63  70 184 120 234  43  76 210 112  95 176 145  76
  76 110 237 118 217  46 167 223  37  52  72 123  90   4][ 59 223  67  15 116  27 238 252 117 224 250 230 251 108 156 244 126 236
  22 238 205 186 109 255  46 126 165 132 111 190 232 221][ 41 134 223 119 244  43 107  51 116 163 123  68 211  35 144  80  59  46
  38  12 181 188  77  14  76 175  48  64 232 226 192 136][ 77 237 159 115 129 110 116 167 120 115  98  24 158  55   0  59 129  86
 104  18 113 248 249  34 239 255  84  71 200  80 195  42][240 186 119  83  98 233  49  87  44  21 230  56  54  23 128 121  39  62
  76  24  50 190 112  49 213 160  48  64 192 128 134 233][160 152  63  89  32 237  97  23 252  31 102  56 182 213 132  57  33  58
 102  24  50 188  98  49  69 171 112  66 192   8 199 171][253  96 209 103 205 126 111 152 115 242  39   8 219  81  91 191  49 204
 248 110   9  86 253   0 215 233  69  53 234 247  74  96][195 154 198 187 176 184  40 151 190  81  82 245 237 198 178 217 167  43
 255 149 183 220  23 245 140 114 250 192 140 132 169  93][153 253  28 101  52  31 198 180 116 232 242  92 179  24  19  49 144 100
  92 111 237 252  85  47 224 235  36  16 104  56 203   9][101 248 153  99 120 205  66 160 234 232 161  72 243 214  76 112 217 117
 104  82  79  15 250  55 143 157  33 120  72   3  66  56][118 112 233  64  75 121 209  66 195 245 172 139   2 140  71  26 233 148
 193 145  14 103 246 128  91  65 129  63 231 109  86 214][ 37  85 121  69 244  78 111 188 124 232 126  68 211 113 157  52  28  76
  86 110 225 176 125  14 101 190  37   4 107 243  66 161][ 96 162 140 185 168 175  88 159 178 191 144  29 151 171  90  27 201 135
 125  21  62  75 219  17 204 243 255 253 152  64 154  26][200 160 158  48 139 248  17  67 171  23 160  25 174 190  70  27 161  51
 232  16  50  77 130  81 155 211  90 123 192  68 135  74][  3  78 198  29  82  18 174 230  52   2  90 199 241 106 149 132 126 108
  34 239 229 148  69 111  36  46 234 128 109 245 121 156][ 27 189 114  96 242 211 254 115 121 201 253 175  13 254 182  52 190 191
 215 133 213 187 172 223 126  93  47 235 103 198 167 213][ 69 123 251  69 114  78 127 216  57 232 126 228  93 215 197  52  54  93
  21 254 129 208 169 106 127 253  39 132 134 179 103 241][238  57 182  86 169 125  20 203 191 255 181  25 206 252  79 158 135 247
 255  16 150 107 251 240 219  90  85 127 194 125 207  87][ 83 141  47 173  52 238 105  39 108  65  74   0 183  62  20  96 162  55
 121 141 153 153  53 239 169 254 154  64  12  64 177 124][ 20 157 255 111 188 111 119 191 118 170 251   0 243 121   8 112 121 246
 110  58  56 248 121  63 239 175 101  84 224 251 196  35][ 34 249  50 104  93 205 214 197 111   5 244   9 174 157 100 148 152 187
 211  81  70  43 210 213 187 220   4 123  83  30 207 206][124 113 157 102   8  78  71 152  34 188 165   8  87 119  73  18  16 212
 108 122  73  67 249   8 249 201 101  60 160 179  70  98][116 111 254  62 152 192  87 232 178 134 233 137  99 239  43  83 216 249
 237 226 110  67 202  63 251 167 197  57 112 115  38  66][102 249 187 218 205 133 190 201 142  25 249  75 244 221 109  10 205 251
 115 211 210  99 218 241 125  24 207 122 217 123 178 147][ 45 244 161  75 253  47  71 153  83 123  57  92 211  97 221 188  89  74
  20  62 139  50 251 147  45 222 133 124 218 255 210 180][238 252 182 190 169 244  93 170 175 222 166  25 175 246   3 255 205 243
 255 130 108  79 251 247 219 243  94  27 130 117  47 127][ 82 233  18 168  27 132  18  79 175   0 232  10  44 218  36  80 250 185
 203 240  78  11 146 221 185 244  10 107  16   0  35 138][253 143 132 181 184  38  78 191  50 186 138  92 247  98 217 210 209 198
 124  63 125  74 203  43 168 247 255 180 136 116 154   8][  3  78 198  29  84   2 234 134 116 194  90 198 241  34 149 224 120 108
  58 239 165 152  69 111  36  46 234 128  45 249 120 140][240 122  18 252  75 201  22  96 181  14 224 169  46 199  33  21 248 185
 198 226  72   7   2 255 243 240  66  59 122  48  46  27][ 19 167  78  15  18 131 235 104  52 160 203 199 113   3 150  68 120 140
  27 252  26 152  77  95  60  44 171 192  45 130 120 136][246 177 182 246 169 253 148 207 187 255 183  29 238 254 110 159 175 247
 255  17 190 111 218 226 155  91  93 123 202 108 207  87][ 37 237 215  79 220 159 166 236  78 160 251  78  98 232 189 160 248 110
  98 110 197 179 255 125  62  60   7  30  77 123 250 140][182  98 232  42 108  35 202 200  86 166 241 239  67  76 159  24  95 205
  87 247 172 182  77  34 216 143 233 252 245 187 118 196][149 121 251 229 118   6 127 216  56 232 118 230  89 215 213  48  54 253
  21 254 225 214 161 106 114 237 167 132  37 179  99 241][ 94  99 215  78  90  66 107 216 163 164 231 170  73 199 169  86 118 253
 233 234  72 211 137 108 114 160 133 133  35 179  38  32][237 233  50   2  93 157 230 224 235 224 167  13 106 216 127 180 128 100
  74  95 198  37 154 191  63  92   5 123  74  31  91 142][252  52 252 114 169 125  81  24 251 255 165  28 223 253  79 187 135 149
 253  18 186 103 250   2 219 219 113 127 202 229  78 115][189 109 208 231 197  47 103 248  87 162 239   2  91 241  93 246  89 206
  50 234  73 242 219 170 191 205 197  36 107 251 248 160][118 112 185  72  75  69 144  88 139 234 177 107  16 221  69  58 140 221
 215  19 137 103 218  80  83  28   9 190  81  59  22 243][ 90 175 102 185 147 216  92 103 187  21 254 187 175 175   2  21 107 183
 237 129 126 203 231 245 250 243 222  83 103 132 175  78][165 161  69  73 220  11 225  57 118 177  99  90 211   0 220 180  89 140
 106  56 187 242 109  28  44 136 165 100 249 138 210 164][124 103 142 172 153   6  71 232 180 166 169 141  71 235  43  83 216 197
 105 231 104 195 217  12 241 227 239  29  32 115  54  66][ 80  48 159 117   8 110  81  18 166 187 166  24 215 151  64 122 167 149
 108  24  11 197 147   0 209 235 113  20 232  64   7  35][ 76 174 219 113 178 234  49 147  58 191  46 176 159 183 192 120  39  95
 108  16  50 220 171  66 205 135  53  68 160 193 135  97][214 189 182 114 169 237  84 227 187 179 168  25 110 255 101  27 129 115
 249  17 126  75 154 240 187 219  85 123 130  96 143  14][  9 142  75  39  52  43 107  50 116 161 127 196 243  97 152  80 122 238
  38  46 153 184  77  47 108 175  32  64 235 235 192 160][ 37 165  85  83 247 249 160  75  94  49 121 120 134 248 204 173 171  26
  66  17 183 248  46  87  13  30  17 102 217  72 195 135][ 90 244 180 254 169 124  92 174 171 115 140  29 238 127  78 223 197 215
 253   1 175  79 251 243 155 251  94  63 138  84 142  94][117 121 217 103  48  14  71 184  96 232  42  72  83 115 201 114  16 212
 108 106 201 240 249  46 237 172  37  52 104 179  66  48][ 59 239  66  79 244 159 238 253 117 232 254  66 123 104 156 244 124 238
  86 239 221 186  77 191  62 127 167 196 111 190 250 140][119 107 104   1 204  19  78 140  67 164 176 239  67  72 223  23  90 204
  77 238 204  98 205 152 178 200 165 189 117 255  90  68][136 154 127 120 160 237  49  23 254  31 102  56 183 215   0  56  39  58
 108  24  50 173  34  19 193 255 112  72 192 192 199 107][ 37  85 113  71 244  30 239 189 124 232 127  68 211 113 157  52  24  76
  22 110 233 176 125  14  45 190  37   4  75 250 194 164][195 154 143 155 184 166  40 159 190  91  82 245 244 214 240 120 167  47
  63 157 183 220  43 119 140  62 126 194 152 192 161 125][ 73 249 159 117 137  79 117 134 251 121 226  24 158  49   0  59 129  86
 104  80  17 248 211  32 207 251  84  87 200  80 195  42][ 89  92  23 117  45  94  84 182 236 202 170  64 191  24   1 179 128 116
 124 104 237 237  49  45 227 251  80  16 106  48  67  26][ 62 173  34  26 223 251 150 239 151  53 136 139  98 236 110 132 185 251
 195  17  30  43  90  63  59  71  29 127 211  94 158 206][ 35 131 207  27 214 139 168  69  94   1  83 211 241 232 188   8 123  43
  34 149 150 248  79  93  12   6 222  64 221  10 241 136][117 108 218  39 228  14 103 180 120 162 110  76  83 113  19  57 177 108
 100 110 237 244 153  46 230 239 101   4 104 243 202   1][  1 191  81  69 240 143 110 181 127 168 106  76 247 243 128 180  18 110
  86 104 209 152 217 127  44 188  37 164  10 162 194 169][194 170 158  56 139 176  48 199 190  23 132 177 172 170  66 155 163  35
 233 145  54  77 130  81 154 115  94  75 128  68 175  78][211 180 159  28  42  48 184  79 254  83 163 113 236 254  76 251 167 151
 252 129  39  71 151  65 146 251  90  31 200  64 171  14][ 97 176 140 177 172 173  80 159 190  59 130  93 183 187  66  90 193  15
 125  21  30  89 219  17 220 243 255 117 136  72 155  27][125 101 200 103  64  94 111 184  96 238 175  12  83  97 219  51  56 196
 116 238 233 114 253  10 247 233 229  52 107 243  90 240][ 33 189  83  75 244 159 230 119 125  73 120  76 186 240 148 180 188  42
  22  12 211 184 112 127  46 188  52 224  75 138 195 173][ 40 183  81 101 112  14 103 184  52 162 234  76 243  99   0  16  92 252
  68 106 104 176  89  14 237 239  37   0 104 242  66 128][170 244 244 218 237 221 220 239  27  63 244  59  46 221 126  24 205 219
 247  17 254 127 250 247  63  94 221 255 215  92 246 207][146  74 254 189  34  34 184 194 180 150 210 163 117 239  33  75 230 253
 125 195  36 197 131 104 209 163 250 129 165 113  37  11][212  80 174  69  24  86  83  56 230 252 135 165  83 213 159 115  52 116
 253 238 137 197 191  12 203 107 225 149  42 163 116 115][ 83 160 158 188 136  52 184  75 174  51 163  80 157 186  76 251 229 151
 120 145  30  71 131  81 145 243  90  95 128  64 171   4][  0 163 197 171 222   3 162 105  86  33  75 194 241  96  24 128 121  10
  34 191  27 240  79  29  12   6 223  68 253 138 177 128][254 107  83  78  91 210  14 236 161 132 236 130 104 198  45 244 122 253
 202 226  72   3 170 255  51 164   7  59  51 183  46 164][ 40 175  90 101  80  15  70 186  52 170 254  76 243  99   0 144  93 238
 100  46  41 178  89  15 239 239  37  16 107 226  74 176][ 33 175  83  77 240 159 110 247 127 168 122 108 163 226 132 180  22 110
   6  76 147 152  68 127  44 188  37 224  74 130 202 141][192  24 191  84 138 236 181   2 248 150 166  24 182 183   1  59 162 117
 104   0  33 109 178 104 209 163 113  25 192  97   7  34][253 175 136  37 184  58  79 175 115 166 142  24 231  32 211 210  17 198
 108  60 252  90 237  43 254 231 245  53 160 240 154  76][ 37 213 117  71 212  30 231 185 116 232 123  68 211 112 156 180  88 204
  82 110 233 176 125  46  45 190   5   4  75 251 210 180][252  99 135 164 137  10  71 120 177 172 131 237  70 231  33  95  88 228
 109 111 104 199 203  12 241  50 205  30  34  55  54 114][117 125 218  37 194  14 103 183 112 162 110  12 119 113   3  16  49 238
  96 110 205 240 149  46 240 175  69   0 233 242 202  10][ 53 207 202  71  52 138  99 176 116  37 126 130  83  97 154 116 122 236
  38 108  57 176 109  47 110 175  33  64 231 139  88  96][ 73 184 158 187 172 141 112 150 190  57  66 125 183 179  72  88 131 107
 127  21  23  88 219  49 204 243 126  96 168   8 139  11][ 37  37  69  73 221 123 226  72  70 160 233  74  66  64 221 180  88 204
 106 122  29 243 221  28  28   8   1 116 217  43  90 164][ 61 207  66  15  22 147 234 176 116  96 207 198 243   2 154 196 120 204
  42 238 205 144  93  63 236 239 171  65  47 135 248 128][ 65 249 159  97  41 204  17 166 234 121 162  40 182 145  64  50 129  86
 108  80  83 109 243  33 203 249 116  94 200   0  67  43][ 80  48 157 117  10 108  81  18  38 187 174  24 151 179  64 122 163 150
 108  24  26 201 211   0 217 237  49  80 224 192   6  43][ 37 237  14  47 156 155 134 237 206 160 232   8 227 232  21 160 217 110
 106  99 223 171 207  63  40 109   7 125  89 123 219 132][245 253  58  30 149 157 214 228 253 196 172  13 110 216 119 145 176 234
 200 103 238  43 154  63 179  93   5  59  73  63 203  78][117 101 233 103 100  79 103 248  96 236 255   8  83 117 219  50  24 204
  84 110 201 242 249   8 103 141 229  52  99 243  86 242][101 106 215 197 100  43 110  22 105 162  50 202 177   3 213  62  46 236
 126  92 129 244 197 232  54 152  69  32 236 249  66 172][240 242 156  58  56 129  16 205 230  29 160  57 230 218 110  91 193 147
 108  17 110  79 203  53 218 243 255 127 152  16 238  15][216 190  94 120 186 168  49  87 175  31 244  57  63 179 162  24 167  51
 237  16  50  13 130  23 219 231  48 201 194 192 175  43][ 41 167  74  73 244 159 234 127 127   9 120  76 179 232 156 180 159  42
   6  28 151 184 197  95  46 157  32 192  79 138 218 141][191  50 164  43  13  63 146  72  87 119 149 159 195  72  94 143 221 132
 251  55 190 103 223 146 146  95 209 127 223  15 216  86][ 82 233  18 170  27 131 180 101 173   0 233   3  44 146  36  80 232 187
  75 193  74 139  16 221 177 180  10  91  16   2  35 142][202 184 189  51 233 237 177 135 187 127   4  25 172 191  70  27 133  91
 249  17  54  76 250 241  79  83  95 123 194  68 135 251][170 217  83 126 105 193  84 101 149  14 241 237 111 215 168 149 222 185
 198  66 105   7  10 189  50 208  64  43 122 182 166 159][ 72 191 254 113 147 174  59 183 186 181  47 141 221 167  66  16  39  55
 233  28  50 216 152  79 239 199  23  69 162 194 135  18][210 175 110 184 155 152  92 103 191  21 182 183 175 174   6  85 239 179
 237 128 126  75 198 245 186 242 222 219  39 132 175  78][188  75 109  45 206  67 207 220  16 166 240 235  83  77 209  19  94 204
 119 239 104 118 205  42 116 137 229 188 117 187  86 192][124 125 246 167 243 107  86 248  49 166 254  43  79 127  11  16 190 255
 253  98  12 179 217 234 251 247  69  23 227 247 238  67][  1 192  12 141  76   3 236 108  86  64 194 199 241  32  27  64 120 204
 122 237  79 176  87  29  52  38 218   0  61 152 120 140][215  92  63 118 168  99 159 182 148 254 151 177 215 125 179  43 135 119
 125  51 253 197  43  46 235 219 125 145 132 249 133 115][194  22 150 180 169 172  52  39 189 223 131  93 238 226   0 223 165  55
 232   1  53 205 146  67 145 242  90  26 136 100 139  23][210 220 150 150 139 232  52 135 186  23 138  29 172 178  64 219 163 119
 232  16  54  77 147  99 185  50  94  27 136  80 171  26][ 32 223  28 190  56 141  22 224 222  12 200  45 230 232  35   0 204 107
 110  67 206  43  74  63 240 247   1  59  88  59  11  15][ 29  93  74 175 150  83 110 240  52  96 206 199  83  67 155  64 120 204
  22 238 237 144  93  63 246 231 161 129  45 187 248  80][ 52 169   2 137 220  43 162 200  70  32 200 195  64 136 113   0 121 204
  74 247  26  51 207  80  28   4 139 116 213  43  57 132][ 90 229  87 166 179 202  62 229 187  96 170 137 109 255   8 145 182 247
 249 230 118 217 136 255 186 247  13 103  34 134 139  11][ 73 184 158 187  40 141 112 148 190  17  99 120 247 243  72 208 151 123
 126  16   3  88 154  53 204 243 113  96 184 128  11   9][ 61 110 225 167  36  11  79 152  80 166 147 204 211   1 209  25  88 204
  69 111 232 244  77  40 228 199 229 180 100 251  82  96][ 64 160 158 184 136 228  72   7 230  63 130  24 151 170  64  91 193 135
 104 145  30  75 211  17 217 179 250 125 128  64 171   2][179 249  81  58  75 197  31 239  59  82  96 157  47 214  14 181 190 155
  83 199 111  94 190 247 181 216  94 106  57   4 131 252][ 80 106 135  28  90 130  42 104 182 132 194 199  96 198  33 208 116 108
 106 244   0 219 135 124  28  38 203   8  33  49  37 136][ 53  73 234  79 148 154  99 220 117  69 110 128 115  97 155 112 120 238
  34 124  10 176 109  47 230 173 133   1 225 155 124 232][165 166  14 159 220 139 166 232  86  51 195  83  96 224  24   1 121 238
 106 175  54 246 207  63  60  38 223  69 229  11 249 128][114 161  18 138  27 131   2 105 172   0 233   2 100 194  40  80 248 187
  74 226  74   3  10 125 177 160 138  27  16   2 171 130][124 235 232 162 188  65  95 236 130 180 141 137 211 205  91  18 217 212
 221 247  74  67 234  48 251 193 173 125 164 251  94  82][194 184 184  50 233 237 145 135 187  63  20  57 172 255  70  26 133 123
 241  17  22  78 218 241 207  83  93 251 208  68 135 251][119 124 130  30  29 175 146 200 203 160 169  13 198 216 111 150 152 233
  74 119  12  99 218  24 185  20   5  63 216 127  90 134][209  87  31  46  58  91 182 108 252 232 243  96 116 244 163  99 240 101
 108 103 229 225  45  44 176 163 111 147  72  51 169  95][ 41 175  88  73 244 191 234  83 127  41 124 116 155 136 214 180  27  42
   6  28 151 184  69 119  14 223  50  96 221 194 218 141][120 237   0 172 157 139 198 238  86 132 200   9 167 233  50   0  88 234
  74 101  94  43 216  63 249  84   5  57 113  30 218 138][ 41 175  72 111 112  15  71 191 114 174 254  13 243  97 130  16  25 238
  68  46 108 186 233  62 238 239  37  17  97 250  66 200][246 132 169  55 133 104 208  11  59 119 139  25 195  60  94  26 153 151
 253 145  60 116 243   3 207 247 216  87 193 101 214  82][116 239  44  38 168  75  95 232   2 236 188 137  83 109  91  19 152 196
 205 239 200  99 239  60 251 193 173 189 117 251 214  98][176 253  58  62 151 221  86 228 253  68 228  13 110 216  39  17 184 235
 192  99 236  43  26 127 243 217   5  59  89  55 239 206][246  53 251 103 210  79  86 232  51 164 251  11  71 127  13  16 254 223
 109 114 108 243 217 174 251 254   5  23 225 251 102  67][252  98  44 170  13  31  94 216   6 190 149 143 203  77  91 155 220 197
 237 119 172 103 255 176 211 193 229 189 119 191  30  66][ 37  29  37  71 181  31 230 184 125 232 251  76 210 112 157 180 152 100
 114 110 233 240 125  46  45 190   5  20  75 251  82 180][ 33 175  66  31 240 155 234 231 127   1 104 200 163 162 150 148 122 170
   2  28  22 184  68 125  46  60  22  97 105 134 202 140][192 186 157 119  41 204  17 146 234  57 166 104 190 147 192  50 133  55
 236  16  67 109 227  33 201 241 112 123  64   0   7  43][ 72 189 149 251 185 237  53 159 190  27  40  16 190 247  64 114 163 123
 123  24  51  73 186 115 237 150  95 120 144  64 135  59][ 88  32 158 116 129 236  49 198 179 191 230  17  15 167 106  27 165 255
 233  16  56 221 146   0 219 243  84  71 194  64 175  74][212  94 189 118 168  99  29 191 150 254 151 248 247 125 153  43 135 119
 125  35 169  69 107  42 235 235 125 145 132 241 133 123][240 172 232  39 152  90  87 175 114 230 142 153 243  36  82  82  19 238
 108  44 124  90 237  46 255 231 117 117 160 242 214 106][215  75 102 143  71  22 175 240 108 198  67  70 124 114 183 101 118 229
 123 239 225 149  61 236  53  42 203 128  37  55  49 101]