[ 96 169 146  28 216 137  33 231 178  33 232   8 166 162   0  16   1 238
 104  24  58  75 194  63 188  38  21 120 192   0 130   8][240 249 124 122  88 205  81 182 178  21 164  24  55 151   0  17   6 178
  73  80  42 111 242  61 241 161  48  89 112 128  70 122][ 85 204 221 237  38  10 110 186 244  50 211  82 215  99 184 107 115 197
  60 234 233 213 109  47 228 235 239 148  52 241 193  32][230 161 144 184 237 229 216  73  31 185 177  24 206 220 109  24 221 153
 243  17  26  38 218 210 159 148 145 127 208  11  70 146][ 40 186 154 184 122 205  49 240  22  93 148 173 252 215 234 153 221  57
 223  20   3  75  66   1 223 195 127 250 146 172  39 251][ 50 160  94 168  79 137 248  72 239  52 176 139  46 138 118 144 234 165
 238 133  14 107 143 213 144  32  27 127 117   4 107 206][ 94 168  51 186  55 213  91 232  47  92 157  11 141 222 122 208 167 153
 221 215  90   3 186 247 217 213 143 255  22   7  55  99][ 80 177 184 100 144 140  89  31  34  61 175  28 215 151  72  82  53 159
 125  24  26  75 241  17 217 173  48 244 160 130 134 115][244 160 180  62 137 109  16 140 171  63 161  25 206 252  72 155 129  87
 237   1  62 103 219  49 155 242  85 127 192  85 143   2][233 176 245  85 237  13 233  59 251 251 112  88 154 252 220 191 111 214
 246   8 179 126 246 193  29 122  87 108 199 236 211 165][177  65  79 237  20   2 107 120 100 192 247  70  83   1 177  97 120 132
  30 238 233 179  37 140 240 235 162 132  61 170 112  32][  9  95 123 229 180 143 111  53 109 232 122 100 255 119 145 112  54 245
  30 110 193 184  33  76 228 253  39 128 108 178  65  57][124  29  63 126  32  78  87 176 224 136 175   8 247 119   1  51 128 116
  76 106 105 225  57  44 225 235 101  16  64 243  70  34][108 109 209  69 249  47  71  63  99 170 108  72 214 113  65  20  17 254
  68  42  73 242 217  10 103 188   5  52 202 242 194 160][ 96 141  57  92 221 233 132  39 202 133 104   8 162 249  36 208 192  58
 130  16  82  42 242  29 105 185  20  59  80  72 214 170][127 121 104 247  63 209 155 128  11 236 149 171 170  28 215  38 238 255
 221 215 207  90 236 233 191  89 143 187  37  31  31  95][185  39 108 101  76  11 201 117  65 228 190 139 115  45 150  35  76 228
 119 237 236 250 101 140 118 203 229 177 103 172  82 200][ 77  95 115 229 116  14 111 176 109 232 122 100 211  97 145 113  54 228
  94 110 193 176  37  12 230 255  37 132 110 186  81  49][ 61 207  68   7 148  11 102 185 116 162 238  72 211  97 153 245  57 230
 108 106 121 240  77  46 172 175 101  20 106 250 218  32][ 95 114 122  64 109  93 255 208 237  76 181 173 159 221 223  55 174 177
 223 111 205  35 172 192 243  89  32 191  78 183 111 119][ 37 249  57 105  93  77  67 184  86 248 173   8 242  85  89  48 217 216
  66 122  75  98 251  31 237 221   5 124  89  59  66 176][109  83 125 109 108  78 111  56  96 108 119  72 115  85 153 115  84 196
 124 110 201  52 125  12 119 233  96   4 112 187  80 113][ 64 170 150  57 137 233  49   7 174  53   2  17 172 135  66 222 161  59
 234  16  18  73 131 113 141 208  26 107 144   0 133  10][  2  48 243 220 124 143 248  79 191 169 112 104 172 158 116   0 174  61
 119   1 130 127 130 221  30  62  27 254  84 136  67 139][130   4 134 145 134  34 172   7  60 179  82  18  12  34  48  75  99  71
  51 145  48 220   1 194  44  34 222 132 132  84 177   0][ 25 189  55 252  67 204 116 119 249  91 104  28 190 187  32 185 162  59
  84   0 243 250  18 205 211 251  82  10  74  64 163 187][228 241 157  35 200  15 103  29  48 177  35  93 214  81  72  27  49 196
  72 122 113  96 217   0 237 128  69 116 233 114 131  50][216 149  86 124 139  94  20 103 237  19 170  56 207  58   4 179 163 151
 236  32 125 173  51  79 147 251  86  87  72  96 175  15][120 164 184 112 153 253  81  15 243 127 173  25  31 253  74  56 145 154
 253  16  58 111 186  19 219 223  20 127 226  68 198 106][235   6 109 133  78  99 237  51   5 230 150 255 241  45 150  39  78 228
 127 175 233 246 229 142  86 105 248 176  39 252  84 125][120 124 123  98  90 205  83 116  33 172 172  40  59 151  69  48 168 184
 196  66  74  47 240  62 243 205  32  57  99 147  70 107][ 24 108  39 101  21 135 239 198 228 162 106   2 185  27  17 164  40 237
  91 201  72 184  52 110 245 205 143   0  99 112 103 170][242 175 221  55 145 202 101 167  59 189  42  92  98  98  76 147  49 231
 100 128  59 220 218 111 173 162 229  68 105  32 194  10][216 236 151 116  56  14  69 191 179 187 166  88 247  51   0  87  33 246
 108  40 121  77 153  47 249 246 117  80 170 240   2  40][154 217 126  58 114 218  58 100 188  72  98 181  13 158  38  81 166  57
 207  66  84 157  20 125 242 225  58 195 104   5 175 211][  3 173 157  89 240 143 168 235 110  49 232  88 180  50   4  48 163 155
  88 152 114 152  65 119 173 158  20 118 200   0 195 171][175  54 112  99  53  30 217  16 105 252  63 189  91  29 151 183 142 149
 213 111 173 244 101 200  71 217  96 150 103 167  86 117][  0 141  10 188  20 130 172 103   4   1  90   2  49 170  48  64 104  43
  19 129  82 154   0 255  96  37 186 192  21   8 241 136][ 61  19 123 111 114   2  71  80  68 192 125 230  83  79 161 112 126 168
   6 110 137 178  36  12 118 237  33   0 123 171  96 177][ 61 103  97  75 236  59 207 152  67 252 189 239  83  76 223 180  93 204
  84 127 201  54 237  18 126  77  37 244 255 255 210 245][111  78  68  75 125 187  74 180  69  32 255 238  75  32 183 244  79 164
 206 188 141 162 109 254  54 127 129 215 255 159  88  12][ 43 191  99 201 247 145 170 207  79  73 120 230  40 204 180 164 220  42
 146 157 151 186 100 255  46  28 138 234 223  14 248 253][220 120 254 116  41 126 248 226 188 158 182  25 110 251   7 155 168 247
 237 226  40 231  19 232 211 243 122  19  67 117 111   3][221   4 205 101 146 110 111  48 112 226  79 146  83  35 153 243  51 196
 124 174  41 208 189  14 233 239 229   4 165 243  64  32][ 90  50 227 152 107 249 249  82 173  93 246 239 174 143 214 156  46 187
 255 149 139  43 227 192 215 112  58 155  71 132  39 127][ 66  56 156  21 138 252  48   7 174 147 130  17 212 182  66 106 165 119
 249  17  23  77 147  64 141  51  94  91 136  64 141  27][181 207  11 154 156 137 199 236 206  88 144  78 246 226 170  65 120 226
  14 239 107  43  14 127 184   0 175 120  25  58 177  40][194 184  22 186  41 252  24 199 171  31 128  57 174 214  98 223 135  51
 237  17   6  77 154 241 153 176  90 123 128   4  15  95][186   4  30 186 131 229  20  71  57  23 237  25  14 179  42 221 235 155
 133 128  58  15  26 211 179 215  90  91 242  80 175  10][220 173 133  63 152 234   7 191 182  99 203  80 211 227   8 115  81 102
 104 234 121 221 255  63 237 167 101  84 160 115 164  32][ 57 159 106  77 119 223 252 119  85  77 126 230  59  28 182 228 110 170
 150 205 221 184 117 221 103 109 178 193 127 140 252 253][108 220  62  58  29 213  83 166 198 140 173   8  98 209 102  80 201  96
 168 114  76  43 122  60 251 223   5 123 210  27 220  66][ 29 102  97 103  50  30 111  24  33 226 111 229 223  71 155 180  54 204
  85 238 205 144 253  12 230 239  37 132  46 183  11 113][120  49  90 104  57  75  81 121 169  12 173  41  31 151   2  16 182 157
 205  32  72   3 208  92 211 209  32  63  48   2  46 211][  2 176 178 155 251 245 184 203 143  93 121  55 140 222 110  24 239  27
 147 145  22  58 178 241  15  20  26 235 209  68 175 215][120  48  90 104  56  79  81  93 165  13 165  25  31 151   2  16 240 149
 205  48  24  99 145   4 211 225  34  61  96   0 166  99][223 188 247 119 178 122 127 183 113 243  79 176 255 119 158 255  55  87
 253 158 253 220 173 103 234 255  84  66 166 244 131 124][ 55  73  67 142  82   2  78 248  20 192 219 198 113 198 185 240 126 236
  23 238 201 131  45 108  48  44 171 140  61 179 112 244][123  50 124 101  41 127  88  18  41 121 182 189 159  31 150  63 166 149
 253   5 140 252 225 192 215 251 112 243  70 132  71 127][  1 188 159  59 154 228  32  23 246 211  74  81 181 243  80 106   1 126
 121 153 147 220 147  35 204  38  54  64 136 192 161 138][ 49 141 123  68 116 155 239 115 101 192 254  66  51 136 180  52 122 168
  22 232 201 187  36  13  48 236  34   0 101 138 114 237][213 127  95  52 178  43  62 246 184 226  40 237 215 103 131  27  23 111
  76 110  97 212 152  46 160 199 101  52 232 243 139  81][174 115 160 211 125 221 186 196  31 125 245  63 172  28  30 140 238 123
 223 215 150 242 104 245  23  89 218 235 151  31 221 215][ 34 201   2 136  84 129 142 231   4   0  88   2  32 136  48  64  72  42
  19 193  66 170   2 253  32   4 142 200  21  24 176 136][  8 146 147  89 123 221  49 123 148  12 246 100 186 119 168 101 253  48
 206  32  35 123 113 157  95 199 115 207 242 168  36 187][192 141  87 123 186 171  94 175 191  35 106 217  79 251   4 113 135 127
 113   6 114 152 139  55  34 254  21  66 114 209 130   8][204 220 151  87 169 108  52 175 254 155  74 112 252 242 168 127 163  87
 104  16  49 221 139  35  45 182 119  70 194 112 161  43][ 94 217 184 200 191 116 187 206  14  61 148  39 140 158 119  74 239  85
 255 211 150  43 251 240 219  53 158 255 151  29  53 207][ 48 225  64 137  92  11 206 232  15 160 177  10 206  72 116   0 122 129
  95  99  72  35  73 221 188 152 143  60 117  58  80 128][188  72  76 248 204   3  76 252  23  22 212 170  83  77  49  73 123 216
 183 251 106  39  75 150 250 207 239 253 183 184 116 130][ 63  72 235 204  78  80 237 216  23 210 116 194  89 223 245 104 127 217
  55 238 203  87 175 208  83 233 239 172 183 242  96 177][ 79 182 176  72 233  60  62 191 107  75  78  76  92 110 222 244 183  15
 253 156 215   8 187  83  63  63  13 206 138 230 203  85][ 78 155 191 233 189 212 187 139 175  29 151  19 172 159 106  70 226  83
 251 209  18   9 179 225 207 117 154 203 150  13 165 115][ 42  74 222 193 207 115 188 198 143 255 124 187  12  62 119 138 239 221
 179 209   4 250   0 240  31  91 223 167 215  93 173 223][128  48 191  57  32 237  49  19 238  93 116  17 159 159  98  75 134  25
  46  16  18  13  50  81 199 209 114  73 208   0  37 219][ 33 187  99  73 244 203 235 213 107  65 124 204  51 165 212  52  58 170
  18  92 147 186 180 125  44  28  36 232 223 142 210 252][122  64 112 228 100  26 250  48  41  96 183 171  11  63 149 118 238 149
 221 239 200 179 229 200 214 249 202 146 103 167  98  85][151  15 199 191 246  50  46 114  20 202  90 230 125  98 179 229 118 111
  55 239 245 216   5 238 164  38 238 128 172 245  57 221][ 90 153  16 173  61 205  24  39  15  41 218  34 174 190  32  64 198 187
 191 129  26 153  81 221 181 245 154 211  16  14 165  27][226  48 252 244 108  63 249 123 155 251 180  57 156  63 212  59 143 149
 127 149 176 111 227 216 223  91 251 190 198 140  67 219][ 36  97 192 138 204   1 142 200 134   0  17  10  64 200 121   8  88 200
  19 243  66  34 138 176  48   0 143  44  21  59 176 128][ 18 207   3 158  28 131 142 224 148   4 216  66  98 202  49  64  88 234
  31 195  74 171  10 255 176 164 138 152  20  27  48   8][219 118 107 224 244  54 237  87 117 234 158 246  27  15 183 105 127 175
  31 175 185  55 165 222 246 207 186 176  47 249 241 241][  2 158 130 153  18 163 184  71  30   3  90 247 172 138  34 192 127  43
 131 149 182 156  69 255  44   6 154 195 156  12 169 157][141 172 149  23 177 190 102 174 242 187  66  88 230 240  72 191 145 110
  96  94  59 252 219  35 173 114  85  98 202 117 218 172][146 207 122 158  82 208 182 231 221   6 124 226 109 250 166 228 118 251
 134 195 102 171  14 255  50  39  46 139  55 182 173 205][  2 144 146 153 117 165 184  71 158  25  81  50 172 158  32  73 231  59
 147  17  50 152  18 209   5  48  26 234 144  12 161 155][117 158 143 150 144 110   3 182  57  93 250 126  82  54 139 219 245 198
 172  16  57 251 249 102 184 166 246 210 136 120 172 121][205 115  89 101  36  15 111 184  96 170 119  76 211  81 153  52  22 196
 124 110 201 244 201  12 228 249  97 148  74 187  66  33][132 140 143 159 152 171  39 239 182 163 202  16 244 226 105  73 113 102
 106  58  50 193  11  62 172  38 111  84 144 121 177 160][ 65 223  91 237 176 142 111 183 108 136 122 100 247 115 129 112 118 110
  29 108 195 152 193 111 236 189  38 128  44 146 225 169][159 217  78 208 254   3 239 184 158 176  22 246  89 239 245  99 111 213
  63 255 241  85  13 214  60   8 239 196  61 184 176  49][250 168 166  26  73 221 144 200 143  21 160  25  46 248 110 159 137 243
 235  81  62 111 218 177  27  83  81 123 211  12  30  14][ 61  21 114  97 118  27 246 112 109  96 127 171  91  29 158  32  62 156
 215 111 204 176  37 140 118 253  32 150 103 174  82 213][ 79 186 253 247  52 212 121 184 251 221  54 102 253 127 223 246 183 251
 181 221 143  88 187 249 206 223 239 196 143 166  93 117][ 21 117  73  97  52  75  99 121 116 232 125 228 211  21 145  36  26  12
  22 122 233 176 125  14 236 156  39 132 108 186  82 177][183 233 111 129 254   3 239 250  28 240  20 210  21  13 241 161 127 208
  23 255 225 245  39 220 184  11 239 196 173 185 240 241][ 43 237  96  75 118 147 250 252  71  64 124 198 121 205 182 164  62 123
 151 254 199 184  44 253 110  93 165 232 127 143  90 221][ 66 173 159  88 233 172 188 199 190  19 106  16 188 183 100 252 165  59
 123  24  51 217 146 115  13 190  94  74 192  64 163 168][ 94   0 230 253 140   2 236 214 117 147 210  18  73 171  52  75 105 199
  63 145 152 249 129 224  22 235 254 132 167 249 240   8][175 160 196 155 205 147 188 207  95 243 212 223 136 232 246 173 251 202
 178 157 183 126  95 243  30  91 223 255 223  92 249 158][  2   4 130 153  21 228  40  66  30  19  82  18  12 138  48  72 105   9
  19 145  34 148  17 211   5  38 154 192 148   8  49   2][ 53 162 149  81 178  47  32  27 118 185  99 120  82  49 140  56  25 222
  96  56  58 248 201  22  12 142 117 116 225 200 194 161][ 34 185 225  65  86 207 169 119  22 237 252 238 177  21 212  36  94 190
  23 152 217 250 113 156  45  12 181 228 119 136  84 249][229 119  29  42 168 125  23 152  98 122 165 125 214  84 203  59 149  64
  76 118 239  39 251  50 242 201 101 126 216 123 194 115][132 173 132 151 220  43 230 232 150 179   9 218 209 224  88 131  57  66
 106 122 114  96 207  63  44   6 231 108 248 123 154 128][ 56 221  91 223 118 215 111 247  21   8 126  34  57 183 160 116 126 250
 151 202 105 154  48 191 119 237 160   1  50 138 228 169][234 177 226  25 193 248 117 135 251  87 110 157 170 236  94 158  73 170
 230  20 158 120 246 193  15 113  20 107 231  76 222 214][187   1  98 203  84  19 234  92  84  65 215  18  89 136 190  96 120 137
  23 249 143 183  45 215  18 109 186 196 183 143 120 204][  9  91 119 237  52 142 111  53 109 136 122  96 255  51 144 112 118  52
  30 108 193 184  65  77 228 253  38 128 104 162 225  41][ 80 177  24 224 248 140  81  21 162  61 175  24  87 147  72  82   5 158
 125  28  26  75 209   5 217 169  49 116  32 130 130  35][213 125 223  36 162  15  31 240 176 226 174 232  95 246 193  51  55 245
  92 110 229 211 188  42 242 139 101  52 168 243 131 113][ 49 141 123  77 116 131 235 119 100   8 252   2  51   1 180  48 122 168
   6 104 201 186  53  77 114 173  34   0 117 138  98 169][223  86 123 243 228  62 255 247 125 107 222 246 155  47 183 105 127 223
  31 175 249 251  36 238 246 255 254 128 175 221 241 249][120 176  26 104  40  76  81  87  37  45 167  25  31 151  10  24 224 149
 207  32  24 135 145   0 211 225  50  93  96   0 174 131][187  75  96  91  21 147  94 134  87 228 246 167  42   8 183 212  72 234
 142 222 238 186 101 254  50  95 148  19 119 156 220  76][125 173 198  71 146  27 102 186 116 226 238 140 115  96 139 181  57 230
 108 110 105 240 125  46 190 231 101  20 235 250  90  12][ 14  91 246 179 239 211 186 192 143 253  82 163  44 158 103  74 239 123
 179 211   6 153  47 240  15  83 222 227 151  31  45 223][ 49  77 115  79  86 163 235 240  68   0 126 194 115  97 181 100 126 232
   2 238 129 178  45 127  52  44  32   0 127 251  96 172][183  95  66 140  90 146 206 248 149   0 248 231  97 234 181 196 126 237
  22 238 237 131  12 255  48 108 175 140  63 183  40 157][182 196 146 186 147 241  22 231  27  23 169  25 110 251  45 157 251 211
 131 146 126  71  26 243 187 214  94 123 210  87 175   6][ 66 184 150 154  41 244  24  65 171  31 129  57 174 214 110 223 167  51
 255  19  22  79 154 241 153  48  90 187 144  69  47  95][ 66 170 150  25 171 169  48 135 190  21  70  49 172 134  66  95 163  63
 232  16  22 220   3 117 141 242  90  67 146   4 141  14][  6 104 213 149  60 139 232  64 175 177 178  66 229 202  85  10 106 237
 106 209   2 245 203 232 140 154 223  48 197  41  67 136][210  20  61 118 168  44  21 190 169 186 179 125 246 119  73 123 133 215
 125  34 233  71 155  96 211 186 117 190   8 240 130  59][120  17  90 104 121  79  81  81  33  45 229  41  15 151  34  16 254 157
 207  32  88 131 128  76 211 209   0  31  96 130 174 147][ 86 108 255 112 162 174 126 194 169 170  58 105  31 159  65  27 166 117
 125 114   0 213 128  40 251 206  37 243 224 113  35   3][ 16 144 179 125 122 159  48 123  55 169 226  96  34 151 164 116 244  56
 106  32   8 251  67 157  95 250  81  70 114 136  32 143][  3 158   3 153 178 179 170 103  28  65  90 231 172 174 176 196 127  43
  19 149 183 152   5 255  44  54 154 192 156  12 185 221][253 223 173 151 215 254  55 151 114 223 191 119 126 118 202 254 117 230
 172 148 191 222 251 239 253  39 255 212 138 119 172 121][124 180 184 112 185 253  81  91 243  63 165  57  23 253  74  56 129 155
 253  16  58 111 170  19 219 215  53 127 226 192 198  99][  6 176 179 155 251 245 184 202 174  93 153  33 140 222 110  72 239  27
 219 145  22   9  50 241  13  20  26 239 208   7  39 215][179 201 111 109  54 143 252 103  93   0 114  98  50  28 180  97 238 187
  23 193 236 185   5 253  52  58 146 130 117 136 240 143][106 172 211  86 105 190  96 182  59 170 106  76 110 179 192 214  49 238
 228   8  33  94 154 111  30 254  85  58 202 228  66  45][ 50 203   2 190  92 129  74 224  23   0 216  66  35 202  49 192  88 234
  23 195  74 187  10 191 176 229 170 137  52  27  48 136][174 255 106 139 237 245 255 213  77  94 220 175 204 220 127  37 239 219
 151 215 223  54 122 243 119  89 174 235 215 127 253 215][ 84 190  92  62 219 202  79 175 187 254 124  28 239 226   6 144  51 239
 100 138 123 248 190 127 169 167 103 197 105 112 207 120][252  89  63 118  40  78  69  56 224 152 167   8 247 119   9  59 128 244
 108 106 105 225  59  44 209 235 101  16  96 177  70  34][151  79 195 143 246  50 238 113 116 202  91 230 121 108 181 229 118 236
  22 239 245 144  37 238  52  46 175 128  47 247 177 197][  9  75  87 197 116  14 110  53 109 200 126 230 251   1 149 244 118 228
  22 110 193 176  37 140 102 253 166 128 110 186  64  41][ 66 168 189  53 138 248  48   7 170 181   2 177 228 182  68  90 129 119
 233  16  18 201 163  97 205 179  95  67 128   0 135  91][100 111 147 103 176  47  70 148 105 168 186  72 211  97 133 158 148 118
  76 122 137 160 201  42 160 190  37  16 202 243  66   9][191  73  67 140  92  18  78 248  85 192 208 198 113 194 185 245 124 236
  22 238 237 131 109  15  48  40 171 140  63 191 120 244][ 95 121 114 224  46  29 223 208 237 200 180 173 159 221 247  54 174 241
 223 103 204  39 164 200 242 217  43 190  70 191 119 119][175 116 116 115 229  62 255 150 233 250  63 189 219  61 159  63 167 215
 213  47 244 244  45 234 103 219 100 134 103 245 198 117][206 114 106 220  63 217 154  72 201 196 149 171 204 220 247  32 182 185
 223  99 196 101 166 206 114  85 139 187   7  47  95  87][ 78 153  58 202 189 212 187 136 175  29 143   3 140 159 102  64 230  87
 255  83  82   9 187 227 251 245  10  95  18   7 165 115][235 160 245  81 237  29 232  95 251 243 240  90 138 184 212 191 107 198
 246 136 183 126 247 193  30  90  87 110 207 140 219 164][188 200 232 236  78  83  77 123  23 166 252  34  83 227 241 104 121 152
 183 234  72  55 111 146  90 207 231 173  55 250 116 169][156 141  47 123 146 226  75 190  54  21  67 208 115 103 136 249 113 126
  44 217  59 220 111  55 233 227 255  64 160 209 164  40][ 47 239 197  71 223  50 142 174  83 225  56 206 104 108 221 166  29 198
 224 252 135 106 239 255  46  30   5 254 199 254 218 252][227  56 125 241 108 188 248  18 169 121 182 249 158  31 148  59 166 181
 255  21 134 252 225 192 215 249 122 210 198 132  67  95][ 93 134 143 157 146  11 103 238 182 162 194   0 215 227 169  65 113 110
 106  58 113 217  15  30 248 167 119  68 160 104  33  40][184  36 108 229  76  11 205 115  69 166 247 154 115  45 150  35 104 228
 119 175 232 254 229 143  86  75 241 176 103 172  84 232][ 34 201   2 140  84 129 142 231   4   0  88   2  32 136  48  64  72  42
  19 193  66 170   0 189  32   4 138 200  85  24 176 136][ 56  73  26 252  29 211  68 103 228 130 230   0  34 145  49 160 200 186
  74   8  72 171   0  46 243 231 150   9  66  24 254  42][253 173 135 127 152 106  71 191 246 226 238  80  83 225 136 245 113 230
 104  42 121 213 237  63 250 231 101  84 162 242 194 112][  0 205  10 172  20 128 173 119   4   0  90   2  49 139  48  64 104  43
  23 129  90 136   0 221  96 165 170 192  53 136 177 136][253 117 249  34 170  15  23 248  59 226  33 237  94 117 201  59  55  84
  76 126 225 101 173  58 248 142 101  52 232 243 131 113][222 252  57 234  53 212  91 232  61  92 149   3 143 223 110 244 231 153
 159 211  74   7 187 247 251 213 139 255  22   7  39 119][ 72 145  18 170 117 141 122 115  45   9 203  11 191 159  32  64 246 187
 159  81  26 154  80 245 255 245 138  75  50  14 132  27][134 204 134 151 132  32 174 167  62  19  90  18 108 106  57  75 119  71
  51 147 112 220   8 235  44  38 222 192 132 113 161   8][101  48 148 163 232  47  18 152  11 251  49 204 215  33 201  31 151  76
 100 126 145 114 217  48 140 154 117 116 200 251   3 145][164 205  64 154 212  33 134 236  16 130  57  10  96 232 125   0  89 202
   2  99 112  34  10 170  56  12 143  44 213 123 210 128][ 50  65  80 132  94  11 206 104  13 160 177  10  78   8  53   0 122 197
  95  99  72  51  73 220 180 152 139 180 117  58  81 128][ 93  73  78 229  23 222 110 166  36 224  78   2  31   3  17  97  98 228
  27 252  33 152  21 172 247 233   7   0  39 185  89  40][215 237 245 118 178  42  94 175 123 147  42 184 110 126  13 127 183 247
 121  34 252  92 143 111 186 254  85   6 230 245 131  46][147  91 110 254  62 131  94 244 141  74 214 231 241  79 177  65 110 241
  63 239 232 141  71 253 242 235 250 144  61 185  49  89][ 25 153 191 252  99 204  52 103 235  89 104  32 190 191  32 114 162 187
 222 128  83 139  50 245 147 247  90  75  90   0 163 187][ 11 237  96  75 118 147 251 255  79  68  92 130 185 200 182  36  62  42
 147 205 198 184  36 253 110  77 175 233 119 158  89 236][ 29 100  99 103  66  30 111 248  97 224 111 198  89  67 155 244  62 204
  87 238 205 144 189  42 118 237 165 132 111 183 106 240][114  77  98 236 116   2  90  16  41  32 250   8  11  11  21  80 254 141
  31 224 136 146 193 206 182 252 130 144  39 135 114   1][136 153  29 127 104 201  40  55 172  17 104  96 181  51   0 177   6  59
  98 136  97 216  66  29  77 163 122   8  24   0  11 168][218  28 150 188  41  38  24  70 189 158 178  49 172 187   1 223 239 183
 237 128  44 207 131 192 147 242 218 155 130 116  47  15][ 37 241   9 105 252  15  71 188  67 248 188  76 211  17  89  48 217 204
  86 110 201  98 249  28 239 221  37 124  88 186  82 184][112  73  64 140  28 139  74   8  15  32 218  10 238 170  49  80 122 229
 110 225  72  43 193 222 180 182 139  24  52  42  80   8][108 181 185  99 153 205  81  31  98 125  45  24 151  21  72  48 129  26
  81  24  27  42 251  18 239 221   5 125 192   2 198 114][109  85 117  77 100  94 111  56  96 104 127  76 219  53 145 244  20 196
 124 110 201 176 125  12 101 237  33 148 122 187  80 113][ 72 223 150  95 171 146  53 191  55 155  70 112 238 242 192 255  55 127
 232  16 115 216 139  99 172 246  87  70 202 112 161  45][227   0 225 213  78 115 237 114  17 226 215 218  57  47 148 108 126 252
  55 173 169  30 229 202  23  46 250 184  55 172 112 252][161 222 123  77 116 159 235 248  85  72 126  68 115  73 183  49  62 104
  22 110 229 180  37 127 102 137  32 128 121 155  66 169][175 162 164 154 205 149 184 207 159 247 148 159   8 232 118 143 233 139
 251 149 182 111 223 209  30  91 223 255 159  76 249 214][193 141 158  85 163 172 112  39 249  27 110  16 254 176   0 115 163 102
 108   8  50 237 147  67 213 250  80  75  64  64 203  11][177   0 111 237   4   2 107  48 116  64 246  70  83   3 177 113 122 132
  62 238 233 180 101 140 214 235 162 128 109 170 112  32][ 60   5 114 101  54  27 254 112 101 224 255 138  75  13 148  36  62 157
  87 238 200 178  37 206 114 253  32 132 103 175  98 193][ 86  30  62  54  50 234  59  96  60  79 211 239 127  94 138  25 182 253
 221 227 165 149  45 109 208 231 106 131  45  39  39  83][177 207  15 156 252 131 199 237 214  72 144 110 118 192 160  97 120 226
  14 239 107  43 110 127 184   2 175 184  25  58 240 105][ 34 174 160 155 119 177 184 203  95  79  92 183 168 200 118   8 255  43
 147 149 150  62  14 243  14  30 154 235 213  12 253 207][214 176 148  62   9  45 144 138 186  63 161  57 198 240  72 155 129  87
 233   1  58  71 219  49 153 243  89 127 192  97  15   2][126 190 236  86 171 120  85 143 227 247 174 189 106 236 199 159 131 230
 236   0 158  75 191 224  91 123  85  63 227 244 206  94][ 33 166 217  69 146  11  97  63 118 169  99  88 211  33 136  16  25 142
 100  60  59 248 205  15 108 142  53 116 233 160 194  32][  3 239 107  15 118 147 171 103  78  68  92 166 184 204 182 164  30  43
 146 205 199 186 100 255  36  28 170 128  93 158  57 253][212 223  93 247 170 110  79 186 176 186 134 252 215 119 137 115   7 214
 108 106 105  68 235  62 236 163 101 148  40 241   4  57][  2  34 115 218 110 137 248  77  47  33 241 106 188 154  52   8 174  61
 119  17 130 255 131 213  20  56  26 234  85   8  99 137][248 252 123  64 115  75  87 246  49  34 228  40  27  23   4 181  22 222
 196  74 104 254 240  47 115 249  20 121  99 144 230 171][ 50 221  91 205  48 215  95 247   5  12 254  34  50 215 164 112 126 186
   7 202  73 154 112 255  99 188 132 147  51 154 228 187][  1  61  89 101  52  79 111 112 116 232 123 100 215  23 145  36  94 108
  22 110 225 176 117  14 164 158  33 128 108 170  66 177][ 80 149 150 108  11 120 148  35 232 147 170  40 239 184   4 178 162 183
 236   1  76 107 147  65 145 242  86  27  64  96  47  15][130   4   2 152 181 225  40  67  22  11  90  50   8  18  32  72 233   2
   2 144  50  20   0 214  12  54 154 195 148  72 181   2][ 40 149  90 234 117 173 122 114  13   5 109  10  63 159  40  80 254 187
 151  24  26 154  80 189 255 221 130 105  50 138  32 130][126  51  26 232  57  79  89 120  41  12 229  45  15 151  34  16 254 157
 207  96  24 131   0  76 211 241  34 255  58 130  46 211][ 94 248  48 202  63 208 186 192 175  44 151  35 204 223 103  64 231  57
 159 211  66   7 152 255 251 213 139 255  22  39  37 115][220  86 253 246 168 108  93 188 161 254 135 253 223 119 195  91   7 244
 253 110 233  69 251  40 243 235 117 188  42 247 134 115][ 94 184 178 154  41 244  48  72 171  31 133  25 172 214 106 223 167  51
 253  19  22  71 186 241 153  80  91 251 146   7  47  87][ 48 203  74 190  84 129  74 244 148   0  88  66  49 201  49  64  88 234
  23 195  74 170  10 191 114 229 170   9  61 155 120 136][ 41 172 132 119 213  27 102 175 114 163 106  88 227  32  88 181  25  78
  96  60 121 248 221  63  44 198  85 116 234 232 218 136][ 28 246 149 161 162  75  47 184  46 187  27 244 221  39 200 130  55  93
 125 235  19 208 137  83 236 166  47 228 172 179 131 177][125 164 206  37 145  91 103 250 119 226 238  12 115 224 138 180  57 238
 108  46 109 254 253  47 254 239 101   5 235 230  90  92][ 84 104 215 133  14 137 234 192 174 176 162  74 166 194  81  10 106 229
 106 219  10 225 199 224 148 128 139  48  33  27  65 128][233 190 172 148  93  95 181 187 211 238 180  47 250 244 139 167  61 246
 254  36 229 105 254 159 255  87 101 187 123 108  95 255][ 31   0 102 168   4  50 234 216  69  96 223   3  73 203 187 108 120 141
  31 175 140 179  45 220 146 110 203 132 183 239 112  68][ 42 174 160  25 219 185  20 207  31  39  76 189 172 230  66 148 149  43
 195   5  22  14 202  51 143  87  29 251 210  76 143 207][ 43 143  98  31 165 217  84 167  93  68 254 171  42 172 182 213 200 170
 142 196 206 184 100 253  38  89 212  19 119 204 220  78][241 170 122  80 105 153  80  71 235 189 164  60  42 130 198 190 161 166
 236  16 254 111 230  19  26 253  20 123  99 132 206  15][ 96 160 148  83 204 171  96 135 250 179  99  88 214 224  72 154   1 110
 106  24  18 248 219  48  13 174  85 112 200  72 194 136][ 31 158 251 243 244  92 255 246 125  95  86 246 253 127 191 233 231 203
 159 143 177 217  61 234 254 255 254 128 175 244 241 241][ 50 201   0 140  28 129 142 229 132   0 208   2  32 136  48  64  72  42
  27 193  66 169   0 189 160 161 138 152  85  24  48 136][ 50  69  66 172  92  11  78 104  13 160 251  10  75   8  53  16 122 197
  95 227  72 179  65 220 178 200 129 180 117 187 112   0][ 93 158 172  87 243 254  51 187  50 223 158 245 122 119 202 126 247 246
 189  28 191 218 235 239 255 127 119 199 138 228 172 127][ 56  82 104 215 108 139 233 112  85  46 247 186 115  13 148  45 122 180
 119 169 168 190 229 143  86  15 240 240 103 136  84 241][125 183 230  77 155  90  71 187 119 230 238  36  99 225 139 245  49 230
 236  42 124 213 189  15 251 239 101  85 227 246 126 124][ 33 206 123  77 116 143 239 252 124  72 124  68 115  65 181  49  30 104
  22 110 225 176 101 127 102 136  32 128 121 155  66 169][ 58 162 226 152 205 149 152  79 143 183 148 159  12 200 118 143 233 139
 255 149 158 107 222 209  30  83 223 255 159  12 252 214][123  64  97 221  78  83 201 112  81 105 215 234 121  61 148 109 126 172
  55 205 137 242 229 192  22 106 250 168  55 141 112 180][  9 139  83 237 116 142 111  55 109   8 126  96 191  19 176 116 118  52
  30 108 193 184   1  77 230 253  34 128  42 128  97  41][  9  75 115 205 116  26 110  53 109 128 126 226 251   1 180 228  54  36
  22 110 193 184  37 204  38 253 162 128 110 170 121  45][ 14  90 166 179  95 209 186  64 143 188  91 163 236 206 111  66 238  57
 187 211 134 145  14 240  31  80 143 131 151  47  45 215][105  75  91  69 100  14 111  52 109 168 118  72 243   3 145 116  18 236
 108 110 201 176 229  12 230 249  37   0 106 178  66  41][100 113 153 102 202 108  23 157 170 251  41  88 246 247  73  26 133  95
 113  83  19  66 218  34 213 164 117  56 200 115 135  50][206 118  98 128 127 219 186  72 141 132 149 171 140 204 119   4 190  49
 223 243 196  37 134 206 246  85 139 191   7  63  29  87][ 16 201  10 172  20 128  79 245   4   0 214   2  49   3  48  64 104 163
  23 201  74 136   0 189 224 161 170 128  52 152 176   8][ 51  16 225 205  78  83 207 120  87 234 245  98  57 185 244 108 126 252
  55 168 233 127 239 218  22  46 187 172 119 168 116 237][184  18 104 205 110  19 205 122  87 170 244 186 115 173 244  96  95 188
  55 170 232  62 101 155  86 143 241 184  55 168 116 185][  6 160 178 168  57 237 186 202 143  17 152   3 140 158 110 136 235  25
 223  17  18  41  26 211 157 212  26 127 144  15  45 195][  9  92  31 253 102 140 173 118 188  10 126  98 189 153 177 225 110  51
  23 201 225 188   2 239 101 239 122 128  93  24  97 169][175 157 120 251 239 253 255 243  29 126 252 191 252 255 255 164 255 251
 151 215 247  50 122 243 127  93 175 235 159 254 253 215][124 205  78 110 146  98  79 190  33   4 238 136 115  99 136  80  49 214
 108 234  72 131 237  63 250 239 229  84 228 243 230  32][120 160  26  44  41  79  80  95 163  45 167  25 159 151  74  18 162 149
 237  48  24  75 195  16 211 225  48 125  96 128 142   3][116  40 249 112 184 237  81  83 179 183 173  24  23 191  64  58 135 155
 125  16  58 111 226   2 203 207 113 125 224 193 198  99][130 152  18 155 237 229 184 199  30  25  80  50 140 158  40  73 239  59
 179 145  18 220  18 241  13  18  90 202 144   8 165 139][244 112 157 116   8  76  85  56 176 186 162  24  87 115  65  59 129 244
 108  74 104 103 211   0 209 170 117  28  96  49  70  34][ 73 178 252  28  89 222 209  59 250 253  54  44 254 246 138 180  49 173
 228 168 183 233 183  93 203 247 115 213  75  36  79 127][ 54 220 150 186 131 229  22 238  59  23 225  25 110 250  42 155 249 219
 129  18  62  99  26 247 187 214  87  79 243 117 175 150][213  95 106  69 230   2 239 186 112 226  86 230  81  33 149  97 126 204
  21 238 233 244 165 110 118  43 167 132  45 241 112  49][ 61  97 104  98  94  27  71 220  67 164  61  42  83  73 217 176  91 204
   4 122 201 114 108  56 126 205 165  60 247 251  86 224][223 125 115 228 174  25  94  85 233 130 184 171 143 157 245  54 174 177
 223 231 236  39 132 202 242 217  14 186 103 254  99  13][ 49   5 123 207 116 202 235 112  84  64 127  66  51   8 180  96 122 170
  22 233 185 186  53 127 117 172 162  64 117 138  96 232][  3 143   3 137  22 162 170 103  60  65  90 199 172 166 180 228 118  43
  18 141 183 152  37 255  44  38 154 192  28  12 177 221][248 248  88 125  97 204  85 182  50  27 100  24  63 147   0  25   1 186
 117   0 106  94 210  53 199 235 112 105 106 144  10 139][ 50  69 114 228  86  11 206 112 101 160 250  10  75   9  21  16 126 133
  87 226 200 179  65 206 178 252 129 132 103 171  98 128][ 61  76 111  76  12  18 207 248  69 192 221 198  83 204 191 100 120 228
  22 239 205 167  47 140 114 107 227 140 127 191 120 244][112  26 159 100   0 108  65  26  34 173 174   8 119  55   1  90  97 212
 108   8   8  69 243   2 209 166 113  20 160 241  70 106][245 114 121 227 166 111 203 152   1 232  49 238  91  95 221  59  54 213
  21 254 201 100 125 130 226 201 165 164 109 251  82 113][125  98 192 102  40  25  78 220 163 168 177 237  67 193 217 154  30 228
 108 126  76 103 207  40 242 205  37 188 231 251  74   0][ 30  20 120 232  33 245  91  88  57  74 253   8  95  95  47 113 190 153
 149 162  10   2  58 221 243 221  11 175  50 183  38 243][121 229 208 103 129  30  70 191 113 167 110  12 235  33  24 144  25 206
 224  42  92 240 221  43 166 239  84   1 235 246 202   8][134 205 150 150 150 162 174 175  62 147  91  18 108 234 121  75 115  99
  51 147 114 220  10 239  40  38 223 196 132 115 161   8][209   0 125 229  38  42 105  19 116  66 118  86 147   3 144 105 122 132
  62 172 185 188 101 204 196 235 242 128  45 160 112  32][ 11 141 104 137  86 211 175 103  78  69  92 130 185 204 182  36 122  43
 147 141 214 184  36 255 110  13 138 225  87 142 181 236][185  95  15 173  12 143 101 254 212 234 212 230 179 129 161  97 124 100
  14 108 225 175 100  31 244 167 231 184  56 184  48 249][164 205 192 158 212 163 142 239  18 130 121  18  96 104  57   1  89 234
  19 243 112 102  10 175  56   6 207 108 213 123 240 128][181 207  65  71 148  15  70 190  85 160 170  72 227  96 145 180  89 238
  76 110 233 184  77  63 168 158 133  20 123 250  90  12][ 45 116 193  67 116  47 235 152 114 250 125  92 211   1 217 190  29  76
  18 126 129 244 253   2  13 157  37  36 202 243  82 176][114  13 114 232 116 139 122  71  61   0 250  10  47 138  52  80 242 173
  31  33 200 187  65 206 182 252 130 144  52 136 112   9][ 37 103 105  97 252  15 207  57  67 232 189  76 211  73 220  48  28 204
  86 126 201 114 237  30 110 221  37 244  88 170 210 160][  2  32  83 138  76 137 232  72  46  17 225  74 132 202 124  24 122 137
 106 153   2  39 194 209 148 176 154 104  85  10  99 128][218  79  87 252  91 194  75 118 181 132 198 161  44 135  33  85 102 247
 143 232  40 139  35 255 241 160 162 137  50 148  36 107][ 49 207  88  73 180   7 206 255  86  40 248  98  83  40 180  96 127 132
   6 188 236 184 101  31  56 174  39 196 125 168 232  13][107 168 196 209 237 157 248  71 235 113 180  94 138 152 214 191 235 135
 254 149 159 111 214 208  30  91 210 123 207 140 218 132][ 11 223  39 219 116 157 253 247  31  93  92 231 188 207 182 228 239  43
  55 140 243 184 102 255  46  63 190 200  30 140 161 253][ 66  58 245 243 110 172 184   0 171  25 179 121 188 155  84  59 166 145
 127  81 130 109 194 225 148 184  90 218 196 129   3  41][ 67  91  47 188  44 132  95 246 141  74 210 231 245 255 177  67 238 243
  63 207 233 139   3 253 242 170 250 152  28 185  48  89][111 156 245 113 239  28 220 186 233 250  52 233 223 125 223  63 135 215
 245  55 228  96 238 224  79 219 125 150 231 245  71 119][207  70  97 142 108  24 110  48 233  78  63 231 137 206 255 246 102  64
 159 238 229   4 174 194  38 120 162 140  62 175 120  85][212 105  82 128  78 137 110  68 175 160 170  10 166 130  85  66 104 161
 106 219  74  39 210  82 180 128 139  56  33  58  97   8][226 170 122  88 106 217  81  71 251  93 164 189  34 142  70  24 167 169
 238  20 222  79 166 115  95  24  16 123  65   4 198  95][ 32 201  74 254  92 129 202 246 150   0 124   3  49 201  49  64  72 234
   3 206  66 171  18 189 114 173 170  41  61 155 120 136][105 160 140  23 201  61 128 207 250 183 165  28 134 224  66 158 137  78
 234  21  22 107 219  48  28  19  85 127 200  72 202 136][  2 129  34 138  20 129 138  97   4   1  81   2 104  74  56  64  88  33
  19 129 210 168   8 221  32  32 138 192  21  14 176 136][ 60  97 184 232  87 197  82 200  15   5 252  11  31 159 105  16 250 153
 151 209  74  50  16 208 215 213  14 109 243  26  46 130][194 101 115 228 236  40 222 103 233 130 184 217 174 187  53  19 206 179
  95  37 224  47 128 202 178 220  14 186  68 248 227  13][126 114 249 116 168 124  93 158  51 254 190 253  95 119 203 251 151 215
 253  38 201  70 251 128 211 251 117 191 174 245   6 115][107  50 173 124 125  95 177  59 219 236 180 175 250 253 134 167 188 180
 255  36 133 107 242 157 223  91 113 191 127 172  94 255][ 44 225  90 233  84 207 123 208  22   5 124   2  19 215  56  80 120 152
  23  88  10 178 112 223 119 141 160  69 241 139 102 162][240  88 157 116  40  76  69  19 178 186 162  56 215 183  65  27 129 244
 108   2 105  71 194   0 209 162 117  24  96 112   6  43][ 91 178 172 213  57 222  57  25  35 253 150 229 127 215 194 246 246 188
 253 156 143 218 231 221 223 123 227 199  14 132  44 119][236 189 145 116 211  12  39 154  51 169  96  92 158 183  65 182 149  95
  81  82  19  90 218  34 189 180   5  46 202 113 131 179][120 160  26  32 105  77  80  88 161  45 167   9  31 151  74  26 160 149
 205  16  26  67 211   0 211 225  48 125  34   0  46   3][ 18  72   6 172  12 130 136 100 132   0 210   2  35 138  49  65  72 160
  63 225  72 137   2 141 176 225 202 152  52  56  48   8][ 99 190 192  23 229  60 188 135  91 251 126 214 232 168 214 174 149 111
 176  21 151 252 223 227  14  62 223 195 207 108 217 159][101 160 148  18 205 173  96 207 234 179 160  24 162 224  76 154 129 206
 106  16  22 107 219  49  29 144  85 122 200  72 202 142][ 35  80 225 205 111  19 233  88  87 224 241 106   8 136 244 237  94 140
 146 201 129 114 230 216  22  24 219 174 119 173 112 229][248 248  88 121   1 172  84 222  51  19 100  24  63 179  65 153  53 155
 197   0 106 204 146  51 211 227 112  43 226 208 138 138][ 73  50  60  76 123 223  49  25 171 253 182  45 190 159 130 181 164 180
 253 132 135 201 179 221 215 251 115 211 107 132  79 127][158  17 124 236  51  95  91 104  61  12 245   8  79 127  43  49 254 153
 149  98  56 178  48 220 211 249  66  15 114  39  39 115][101 141 243  79 146 230 103 191 103   1 110   0 114 243 204 116  81 254
 104 216 219 152 255 127 109  44   5  68 162 242 226  40][105  75  91  69 100  26 111  53  97 136 118  76 179   1 145 116  50 236
 108 110 201 184 229  13 102 233  32   0 106 178  66 168][224  62 153  68  88 108  97  22  34 175 174 124 114  55 193  90   1 214
 108  24  43  71 241  34 213 165  48  24 128 209  70 123][ 42 157  98  31  85 249 208  39 221  71 238 187 170 172  54 212 201 171
 171 133  30 186 118 255   7 117 144  19  87  76  92  94][126  96 176 160  77 197 156  79  11 165 176  11 142 158 101 154 234 153
 215 209  78  35 210 208 147 213 159  63  17  28  47 130][ 78  86  50 184 123 240 186  72 175 172 155 163 140 223 103 192 246 189
 255 243   6   1 136 220 183 117 139 255  22  39  45 211][ 78 164 160 145 203 240 184 207 187 247   4 185 140 174  78 143 131  95
 249 145  54  92 234 192  15  87 223 239 134  68 183 222][ 25  77  87 245  36 250 111  50 228 200  94 102 191 163 177 228  98 108
  46  76 129 184  36 170 230 237 178   0  46 249  56  57][  9  74  83  77 116  26 234  53 109   0 119  64 187   1 148 244 118 164
  22 108 193 184  37 205  38 253 162 128 111 170 105 173][  9 203  83 207 116 142 107  53 109   8 119  64 191  19 176 244 102  52
  22 108 193 184   1  77 166 249  34 128  94 130  97 169][249 182 239 101  83 123 103 123 119 230 238 156  99 100 130 180  57 204
 236  40 173 255 253  15 255 239  37   5 227 228 126  94][185 133 123  79  84 199 235 112  84  64 247   2 123  17 176 101 120 168
   2 234 249 186 117 191 101 169  34   0 119 138 116 168][  3 143   3 137  22 166 170 103  44  65  90 199 172  38 178 228 118  43
  18 141 151 152  37 223  44  38 154 192  28   4 177  93][221 147 237 165 162  14  73 184  38 252  23 229 215  39 155  75  54  85
 125 239 161 208 109  29 204 163 107 148  44 163   5 113][ 58  77  98 237 116  10 206 119 101 160 250   2  75  41  21  16 122 165
  23 160 200 186  65 206 182 255 162 128 103 170 112 136][ 58 163 162 184 205 157 216  79 143 181 148 159  14 204 118 142 233 131
 255 149 158 107 210 209 219  81 159 255 215  12 254 214][161  78 106  77 116  15 239 248 124 108 126  68 243  65 147  49  26 104
  86 110 233 180 101  63 100 143  32 128 125 187  82 233][130 184 162 155 231 225 184 207  30  79  80 179 172 222 106   8 255  59
 147 145  50 156  10 243  13  22 154 235 149  76 181 219][ 10 170 160  27 219 249 176 207  63 127   4 185 172 174  66 156 139  59
 195  17  54  26 202 115  15  87  29 251 210  68 135 223][201 148 191 241 160 172 121  23 252  27 118 112 189  55 160 123 135  51
  63 152 179 220  32 195 199 251 122 192 128 192 161  57][ 53 111  73 101 116  11  75 184  83 168 186 236 211  97 213  48  24 204
  68 126 137 240 237  14 110 141 165 180 109 187  82 160][ 63 158 250 255 255 213 255 248 159 223 244 167 125 255 255 229 255 251
 151 183 191 123 122 255 127 223 255 239 191 236 124 255][248 182 230  76  27  91  71 251 119 230 238 156  67 100 130 244 113 204
 236  40 172 223 253  31 251 239  53  69 227 164 110 126][ 48  69  66 172  92  11  78 104  13 160 250  10  74   8  37  16 120 228
  78 226  72 163  65 220 178 172 131  20 117 186 112 128][ 62  65  98 206  76 183 202  88 197 192 221   2  67 201  61 100 120 232
  23 235 200 163  62 216  19 204 131  12  55 255 112 228][ 11 141 106 137  86 211 171 103  76  69  92 131 168  12 182  36 122  43
 147 141 214 184  36 255 102  13 138 193  87 140 245 236][120 181  60 240 186 237  81 231 178  61 172  25  23 191  72  19 133 147
 237  17  58 107 146  23 251 199  53 125 240  64 134  11][123 161 230 152 237 189 220  71 235 113 180  31  10 152  86 190 235 135
 254 149 158 107 214 208 158 121 214 123 207  76 250 142][  2 114  34 136 111 145 186  72 143 140 219 167 140 206 119 194 254  57
 251 247 196 129   6 202  20  84 139 139  23  47  61 215][222  56 178 184 107 245  18 200 171  93 181  25 142 222  99 222 167 241
 207  83  30  71 186 241 155 209  11 255 146   5  47 215][ 33 173 202  90 214 187 178 207  90 193 124  12  32 248 190 176 185  43
 130  21 151 186 158 127  62  13  37 107 221  74 234 132][ 11 223  50 219 244 157 253 247  31  89  92 103 188 219 182 228 223  43
  23  29 211 184 115 245 110  95  62 194  30 156 169 253][133  94 237 101 102  10 111 178 112 226 118 230  17  45 145  35  38 228
  21 238 225 252  53  46 102 171 229 132 109 241  80 121][244  79 104  36 150   2 206 168 113 166 234 207  67 104  23  80 120 228
  76 231 236 179  77  14  50 110 133  21 109 246 122   4][102  54 149  28 217 239   1  27 251 255 161 124 206 244 205 190 145  52
 236  49 179 103 250  18  29  22  85 126 194 101 135 117][192 137   6 151  76 136 228 167 238  49 234   2 164 130  64  82 104 174
 106 200  66 184 199 113 148  32 222  64   1  10 225 136][  2 129   2 136  20 128 170 101   4   1  82   2  40   2  48  64 104  35
  19 129  82 136   0 221  40  32 138 192  20   8 177   8][  6 140 134 158 148  34 174 175  22 147  90  18 104 234 121  73 123 111
  51 147 114 200 139 255  40  38 223 204 148 113 177   8][115  73 106 138  94 145 250  96 204  68 243 135  57 202 182  96 126 169
  31 231 207  11  36 253 118 105 170 136  61 143 121  92][184  83  90 104 112  79  81 113  41  44 253  45  31  23  42  16 254 157
 207  32   8 179   1  76 211 241  34 151 107 130 102 243][201  89 239 188 108 132 111 246 156  72 210 103  53 191 177  67 238 241
  63 205 201  11 146 233 240 168 234 152  28 184  48  57][ 79  67  97 206 101  88 238 184 233  72 183 231 201  76 191 244 126 192
 159 239 197  32  44 204  38 124 130 142  47 191  88 245][192  47  90 190 236 168 236 103 168   2 120  80 180 226  48  19 234  35
  74   9 112  43 130 107 164  52 158  40  84 114 227 136][ 15 188 147  74  81 213  34 203 127  73  72  72 168 242 236 244 145  42
 162  24 151  26 238 115  15  92  23 110 154   6  43 173][249  54 239 125  19  95  99 123 119 239 230  61 115 244 130 177  57 236
 236  32 173 255 253  31 251 239 117   5  99 164 126 255][ 35 114  99 205  79  83 168  72  95 224 121 238   8 140 180 164 126 140
 178 203 197 178 102 209  22  56 202 170  87 143 114 245][107  50 116 236 109 223 217  90 139 237 244 175 158 157 150 189 142 181
 255   5 133 107 242 213  87 121 112 187  95 140  94 255][ 88 167 156 176 169 216  84  39 162 191 135  61 143 163  66  91 163 151
 237  16 126  77 131   0 250 227 117 125 160  64 143   3][ 75 162 160  19 237 184 184 143 123 191  86 181 140 168  94 206 151  79
 161  21 182 124 231 227  14 118 159 239 199  68 153 206][137  66 115 207 116 154 238  48 109   0 119 194 249  10 188 228 114  44
   6 238 197 180  37 237  38 248 162   0 111 155 121 172][ 97 236 212  86 120  24 232 135 251 179 101 136 173 162 212 159   3 109
  96  24  82 126 142  96  46 190  85 109 196 240 203 140][231  67  97 199 101  26 238 176 105 200 183 231  72  76 159 244 126 196
 151 239 205  54 108 238  54 120 130 134 111 191 120 213][  8  88 150 125 105 252 117  22 253 142 118  32 172 183  39 238 238 124
 238   8  64 253 243 234  71 255  82   3  66 241 109 187][170 156  98 157  85 244 176  99 157  71 214 151 170 188  54 196 201 187
 179 129 190 190 118 247  15 119 154 203 215  12 124 222][ 39 201 106 222  93 149 206 248 215   8 252  10  98 201 189 100  88 232
  23 202 206  35 110 191  51  28 133 184  87 187 112 132][214  16 122 232  34 126  90 104  61  14 245  57 222  31  36  88 242 149
 223 227 104 135  16 206 211 243 106 151  16  35  39   3][122 163  34 184 205 209 152  79 143 181 180 155  14 207 102  28 237 187
 207 145  94  75 234 209 219  81 159 255  23  12 191 214][ 10 143  98 201  23 147 254 103  77   5  94 131  41 136 182  68 106  43
 147 205 214 184  36 253  38  77 138 193 119 142 253 206][198  82  18 160 123  83 186  72 173 140 147 163 140 142 103 192 246  53
 223 227  36 129 128 222 183 112 139 175  20  23  45 215][201  18 253 165  42  78 125  57  54 238  23 253 223  55 130 122  22  20
 125  46 241 212 113  30 198 163 121 212  46 160 133 113][170 156  98 154  85 249 176  99 159  87 124 147 170 252  54 196 201 187
 179   1  54 172 118 247  15 119 154  75 215  12  92 222][123 160 226 184  77 157 208  67 235 117 180  15  14 152 118 158 233 133
 255  21 158 107 214 208 218  81 159 123 207  12 122 206][ 11 219  50 219 125 149 191 247 159  73  92 102 172 222 182 228 238  59
 151 205 199  56  50 247  46  93 190 234  30 156 169 253][159  22 102 133  38   6 236  56  61 194  83 199 205 110 191  77 118 193
  63 175 229 212  29 204 148  58 235 132  47 166  57  85][226 250  99  82  75 205 144  68 171 121 176 253  34 156  84  63 174 185
  87  85 147 111 178 241  27  24  16 250  73   4  71 255][ 75  50 124 108 105 223 249  25 175 125 182 173 158 159 150 188 174 149
 255 133 135 107 243 213 215 249  50 219  79 132 111 127][ 25  87  45 165  50  42 185  18  44 236  94 229 221   6 147  99  38  29
 125 173 129 144  37  76 228 161  43 128  44 161   1 241][ 49 173  42  43 150 171 178 235  86 193 120   7 115 200  54   0 248  43
   2  53 150 187  28  63 104 141  47  65 253  10 251 130][161 206 110  77 116 139 239 252 124  76 118   4 243  65 183  37  26 104
   6 110 233 180 101  63 100 154  32 128  87 187  82 233][222 156 190 250 139 224  52 195 191  23 205  51 108 255 104  91 231 115
 187 146  50  79 154 243 219 243 222  75 178  85 165  82][ 91  50 124 233  43 222 121  24 175 237 151 229 159 159 214 116 230 149
 253 156 143 131 231 213 215 249 170 219  46 132  39 119][244 164 154  18 201  45   5 205 251  63 161  25  70 240  78 159 153 198
 104  48  62 103 218  19 153 146  85 127 192  72 202  14][ 50  77  82 141 116 138 238 103  45   0 250   2  46  42  52  80 106 167
  31 161  72 187  65 204 180 188 138 128 101   8 227 136][  3 141  35 141 146 134 173  39  44  65  90 198 180  38 182 100 102  35
  18 173 211 152  53 253  44  44 138 192  28   0 177 124][ 90 239  20 190 139 201 150 230 174  17 136 233 174 190  32 147 167 115
 233  67  78  75 138 253 176 210  94  59  16  20 143  10][255  51 241 116 169 126  93 154  59 250 180 253  31  63 199  63 151 223
 253  78 185  70 248 200 211 251 117 190 134 245   6 123][185  69 127  75  85 223 227 112  84  64 245   2 115  81 188 229  88 152
  18 234 233 182 117 159 101 233 130  64 115 139 116 224][130   4 134 149   4 162 168   2 188 147  82  18 140 170  48  75  99  39
  51 145  32 220   1 194   4  34 218 128 132  64  49   0][120 178  90  96 105  77 113  81  33  61 166  45  31 151  74  16 234 149
 207  48  10   3 209  16 215 193  32 253 106 128  46  19][230 162 144  18 137 233  17 201 187 191 161  25 230 224  78  30 129  99
 232  17  62 103 202  51 153 146  93 127 192  87 135  70][ 33 106 105 101 116  11 203  52  64 160 250 232 243   9 145  48  24 236
  68 110 201 242 229  12 100 141 165 176 101 187  82 168][ 97  75  75  71 116 154 107  52 109   8 119  76 243   1 148 112  58  44
  70 110 201 184 101  13 102 185  32   0  74 162  66 168][ 34 201  66 220  93 129 143 230 214   4 108   2  32 129  54 196  72  42
   3 200  66  43  50 189  49  12 154   8  23  24 116 172][  2 136   2 138  20 129 138  96   4   0  81   2  96  74  56  64  88   1
  19 227  82  40  24 253   1  32 138  64  21  11  48 128][172  65 123 201  85 207 227 216  84  12 117   2  19 213  61  52  88 152
   2 122 107 178 112 222 101 137 162 100  83 154 100 162][184 224 220 121 131  60  85 223 179  55 164  16  43 179  74 159 161 154
 236   8  58 205 146  49 195 251  84  55 226 208 202 138][  2 158 146 155 183 227 186 207  30  11  80 179 172 222 104  72 255  59
 147 145  50 156   9 247  45  22 158 227 149  92 181 219][ 70 120  50 152 105 221 121 202 171  93 160  25  12 222 103  94 167 113
 223  81   6  79 178 241 155  80  27 123 146   5  39  87][ 48  69  66 172  92   3 206 111   5 160 250  10  74  40  37  16 120 228
  78 224  72 171  65 206 176 172 129  24 117 250 114 136][175 223 254 255 253 255 255 254  31 255 253 183 253 253 254 173 255 251
 151 247 167 127 122 255 127 223 255 239 223 255 253 255][250  51 122  40 105  95 121  89  41 108 253 173  31 151 170  16 254 157
 223 172 201 131 240 204 211 249  34 190  10 134  46 243][124  13 226 237 196  10 110 113 113 162 251   2  75  41  53  80 120 238
  55 226 232 179 201 238 178 239 199 132 103 251 242 128][193  90 139 252 100 132 235 244  20 202  80  70 181 151  49 105 110 232
  55 207 225 159 146 233 213 232 250 136  28 185  49 185][ 69 107 155 186 236 137 172 200 174  25  48  96 157 195 233  74 183  73
 126 223  67  69 138 241 132 152 111 236 156 179 163 161][  1 137 106 205 182 194 173  55  68  64  94 130 177  39 178  96 102  34
  19 205 209 152  37 125 100  41 170 192  20 128 181 121][  2 148  51 219  53 229 177  71  94   9  73  18 188 218  36  96 193  59
  19  17  51 156 114 215  13  22 154 106 144   8 181 239][165  20 119 207 117  87 225 120  84 200 241  66 208  92 189 165 248  24
  22  43 233 182  56 204   7 152 227   4  95  42 112 164][ 50 201  33 220  29 209 135 231 134   5 232   2  34 136  52 196 200 170
 130 193  74  43  50 189  49 192 158  59  83  28 244 238][130 148 146 152 146 160 188 167  30   3  90 178  44  62  48  64 103  19
 147 129 114  12   0 215  40  38 158 194 148  64 161  25][ 91  48 126 225 103 221  57  83 175 125  86  39 172 158 182 252 166  53
 255  17 135 157 179 209 215 121  58 195  14 132  13  95][ 33 194  75  79 116 154  99  48 101   0 103 224 243  65 156 112  90 172
  70 110 201 176 108  45 102 188  32   0 100 131  82 160][210 250 148  52 139 156  21 134 187 255 130 189 174 162  71  95 167 231
 236  85 110  79 162 113 184 242  92  59 136  84 143  95][ 75  50 124 105 105 221 249  19  45 125 246 173 158 159 150 188 174 149
 255 149 135  43 243 208 215 249  58 251  79 132  79 127][214 190 177  50 169 233  19 203 187 191 129 189 174 228  71  31 133 243
 237  19  62  71 234 115 153  18  93 127 192  69 135 119][ 43  68 103 142  69  22 239 112  85  74 223  70 120 200 182 228  92 168
  54 239 205 183 117 159  55  62 130 128  31 191 120 244][173  85 123 203 117 223 231 120  84  72 245   2 146 220 189 165  88 184
  22 106 235 182 120 158  39 153 162  32  95  42 112 180][ 15   0  66 133  69  54 232 121  29 194  90 199 217  42 191 236 126 141
  55 173 205 144  21 206  20  62 202 132  63 230 121  20][169  85  55  91  93 223 195 120  85  72 245  10 242  88 191 101 216 168
  22 106 237 182 113 191 103 219  32   0  91 155 112 228][243 233 115  90 106 141 156 197 235  24 177 248  34 220 212  49 174 177
  85  87 239  47 138 117  50  24  16 250  85  17 227 141][167  67  97 199  85  31 239 240  77  96 247 206  74   8 157 180 124 192
 214 239 237 178 101 236  54  56 128   6 111 191 112 244][107  50 116 232 109 221 217  83 143 125 244 175 158 157 150 189 206 157
 255  21 135  43 243 208 215 121  56 251  95 140  95 255][ 11 219  50 219 253 157 190 247  95  73  92 230 172 222 182 228 254  43
 151 205 215  58 114 255  46  93 190 234  30 156 185 221][ 69 227 220  71 104 216 234 136 234 181  41 140 225 202  94  18 130 109
  96 218  70 112 190 113  12 188  21 105  77 131  75 140][128 173  18 158 204 168 174 103 236   2 105 144 181 227  40  66 107 106
  74  14 112  41 142 107  36 164  30  40  20  90 227 136][163 113  99 205  79  19 170  72  77  96 209 234   8 140 181 164 254 141
 146 227 197 183 103 208  54  56 138 174  87  31 120 212][201 218 253 245  34  94 125  55 165 127  86 253 223  55 146 122   7  85
 253  14 225 220 229 134 198 251 112 128  46 180 133 113][138 248  57 251 107 205 177 223  30 127  84  26 188 159  98 105 133  27
 147  17 242 126 114 247 205 209  26 122  82   8 133 251][247  83  96 199 101  26 238 224  89 194 247 247  73  76 159 229 254 197
 151 231 237 182 109 238  54 120 142 135 111 191 120 213][161  78 103  79  36  75 239 188  84  70 118 164 243  69 183  37  90 224
   6 110 233 180 101  63 100 190  96   0 119 186  84 248][ 42 174  48  24 127 245 176  79 255  93 124  25  44 140 102 156 237  43
 131  21 150  47  34 215  31  95  26 107 211   4 239 207][ 18 223   2 252  21 132 237 119 133  13 222   7  36 131  48  68 232 170
  23 140  74 139  18 221 241 244 190 138  19   8 244 235][ 86 135 230 190 155 226 156 239 159 151 217 179  76 238  42  75 127 251
 191 183 126  75  14 251 184 102 223 191 181 125 181 211][ 35 205  96 222 124 145 206 252  87  82 252  10  96 200 190  36  89 202
  23 206 239  46 110 191  54  28 133 188  87 158 208 236][  0 109   2 187 204 169 164 103 228 130 104 136 161 162  97  83 105 234
  74 138  64 186 214  42 164 132 150  40 160  90 163 136][170 234 160  58 233 153 176 206 187 125 100 189 172 202  70 157 143  11
 195  85 118  94 234 243  30  81  30 235 210   4 143 207][ 18 143  98 168 215 145 254 103  69   5  88 131  41 136  54  64 106 171
 131 197  86 184   4 253  34  76 138 193 119  12 253 142][ 13  71  97  69 116  10 111  57 117 224 127 230 211  65 149 116  58 204
  22 238 201 176 109  14 102 237 167 132 111 187  80 160][ 26 199  98 129 151  82 174 231  36 197 218 167  73 174  62 196 126 207
 155 247  92 153   5 238 184  36 142 197  39 214 189  92][122 160  98 168  93 157 208  75 203 117 180  15  10 152  86 150 232 129
 223 149 142 107 210 208 154  89 146 123  95  12 126 206][206 116 241 229 236 104 125 154 235 254 182 254 159  46 223 123 239 197
 125 187 233 103 237 194 182 249 239 188 134 241 103 113][215   4 167 188 133 118 172  67 188 210 195 211 205 254  53 239 241  37
 185 167 189 213  21 202 145 114 218   6 140 101  49 116][ 50 217  18 200 127 197 150 229 141   8 240  34  44  30  36 192 204 179
 151  65  79  43   0 253 177  24 142 219  25  24 232  11][ 48 141  66 141  84 170 238 103  45   0 250   2  46  42  52  80 106 167
  14 129  64 187   0 205  52  60 138   0 101  72 243 136][175 190 254 255 253 255 255 251  31 255 252 183 253 253 255 173 255 251
 183 181 247 254 123 255 127 223 255 231 223 252 253 247][ 58  18 122  96  97  95 121  85  41 108 247 173  31  31 174 180 254 149
 215 172 153 147 113 204 243 221  34 150 107 140 166 243][ 57  48 111 125  83  95 113 123 119 239 230 124 115  20 130 121 125 220
 230  32 173 254 125  29  87 235 113 133 107 132 102 251][228 252 157 122 137 237  71 188 178 182 172  24 243 247  73  59 133 214
 104  90 123 111 250  51 233 182  85 120 192 115 198  34][ 70 120 179 152 105 213 153 194 171  92 176   9 174 158 103  94 174  57
 255  81   6  79 178 240 147  80  27 123 210  21  39 223][ 45  16 119 205 117 247 225 112  93 200  83  98 216  88 180 173 216  36
  22  41 173 180 117 204   5  30 235 134  95  46 112 229][ 50 217  25 184  93 213 148 231 198  21 224   3  32 156  36 128 200 187
 130  65  95  43  50 189  49 197 158 123  81   8 252 222][198 120 190  22  11 236  50 192 186 246 129 157 236 226  71  91 167 103
 233  87  38  79 158 115 217  50  95  59 136 117  11  86][ 57 133  78 172  22 139  71 125  84  96 222 167 115 105  50  65 120 164
  62 237 252 185   5  29 242 231  35  81 127 170 120  10][136 176  25 185  53 237 176  10  94  89  80  80 188 154  96 232 195  27
 146  17  51  92 114 247  77 151  58 105 144   8  29 233][128 220  57 251 107 237 177 222  30  95  84  18 188 159  32 105 213  27
 151   0 163  60 114 247 199 223 122 234  16  72   5 251][154 135  34 187 149 225 176 111  22   5  88 179  40  77  62 192 249  58
 131 145  58 184   1 255 107  69 154  67 119  12 252 202][ 22 143 166 158 222   3 190 237 150 183 211 183  72 236  58  75 127 207
 191 183 252 219  79 254 184  38 223 213 149 126 188 212][ 25 219 106 236  36 150 127  53  68  76  86   2  49  31 178  96 102  50
  23 204 200 152  52 173  99 233 170 128  54 144 240 107][116 251  41  34  80 204 227 216  98 108 184 109 115 200  91  16 184 237
  68 195 207  50 136  57 244 228  33 104 105  19 102  83][ 28 181 239  51 149  74 227 168 164 241 143 129 243 125  91  35  27 214
 217  49  27 240 125  12 235 195   5  85 239 230  86 122][ 70 182 178  18 139 173 147 200 170 183 129 157 206 228  79  30 151 117
 233  23  50 103 218 114 217  22  29 127 200 103   7  86][  2 141  16 140 146 160  62 167  28   3  88 146  44  46  48  64 103  83
 147 129 114   8   0 255  40  38 158 192  20  80 161  25][ 49  64  97  79  86 139 195  48 100  32 243 202 243  72 156  52  88 236
  70 234 201 182 109  45  36 172 160  16 109 187  82 160][183  73  99  74  93  31 206  96  93 104 240  74  74  12  53 181 216 132
 214 239 237 163 117 236  51  24 128  58  87 191 122 148][  4 116  19 249 104 173 169 218 170  19  72  80 148 215  73  40  13  57
  83  25   3  54 210  83  69   0  59  44  88  81   3 176][160 252 111 111 116 203 103 253 116 100 118 169 243  69 158  49  26 184
  87 106 232 188 125  63 103 139  33  64 103 154 214 248][ 31   2 226 133  69  54 232 121   5 200 223  71  73 234 190 196 252 141
 183 173 141 146  29 204 150 125 203 132  31 174 120 212][ 35 205  97 223 124 153 206 237  95 114 120  74  96 104 188 161 217 202
  19  67 231  58  79 191  46  30 151 188  95 158 208 140][191  73 100 215  69  30 222 224  89 232 247 215  75  12 159 229 254 197
 151 231 237 246 109 238 178 120 198 135 111 189 120  84][ 43  48 115 201 109 253 249  83 173  93 244  61 172 158 214 254 238  57
 223  21 135  56 242 192 215 121  58 235  94 132  79 255][169  92 111  79  36  75 239 188  92  70 126 160 243  69 181  37  90 240
  22 110 233 180 117  63 101 254  96   0  87 187  84 248][170 176 162 152 109 217 176  75 191  85  53 157 140 156 118 157 143  25
 211  17 150 111  50 209  31  81  90 111 214  12 127 223][ 50 217  50 236   7 198 222 228   5  72 242  34  42  30  54  64 236 177
 159 195  72 139  16 253 179 249 138 147  61  28 120  27][  2 133   0 137 148 161 140 111   4   1  88   2 128  40  48  64  73  10
  19 145  82  40  65 213  44   4 142 224 148  72 176 128][  2 154 146 155  22 195 186 199  30   1  82 163  44 222  32  64 127  59
 147 145  18 152   8 255  12   6 158 195 148  14 165 155][120  50  59  33 105  93 121  87  45 109 246 109 159  23 194  18 238 157
 223   4 143  31 177 208 215 249  50 243 106 132 110 251][132 140 146 159 220 168 166 238 252   3  73 144 229 227  40  66 107 106
  74  14  50  45 158 103 172 166  22 104 144 123 161 128][172 117 224  71 253  43 230 252 123 162 248 204 219 125  93 181  91 218
 215  99 249 114  93 170  61  31 101  52  79 127 218 176][163  97  98 141  77  23 174 104  79 224 241 203   8 140  55 165 220   9
 219 231 197  39  95 222  52  24 139  63  93  63 121 132][175 103  64 227 207  63 182 220  19 170 253  74 203 217 219 164  93 218
 214 251 232 114 233 186 127 205 173 190 103 127 218 133][163 207  98 218 244 151 206 237  85   8 121  66  96  72 188 165 220 170
  19 239 255 170  76 255  34  88 142 194  95 158 248 140][139 223 106 219 125 145 253 247 159  77  92 231 173 206 182 196 238  43
 151 205 230 154 102 255  38  93 190 203  23 156 253 221][ 22 207  98 134 149  82 238 228  53  68 218 135  65 174 190 196 120 207
 155 239 220 155  45 239  56  36 142 197  47  54 252 220][ 39  78  99 158 109 150 206 120  93  74 221 199 232 204 183 228 220 168
 191 111 237 167 110 191   2 126 202 152  31 191 120 213][173  28 117  75 125 223 199 120  93 106 125 106 250  88 189 164 218  56
  22 106 227 180 125 159 103  94  33 178  95 143  84 231][114  88  55 174  15 196 150 228 133   0 144   3  42  30  37 192 200 241
 155 195  72  43  16 253 177 240 138  27  21  63  52  26][ 15 206 149  63 168  12  44 191  58  27  16  85 236  99   8 155 181  67
 109 175 242  76  11 119 236  54 127 196 216 116 131   9][ 11 223 106 219 253 145 253 255 159  93  92 231 173 206 182 196 238  43
 151 197 246 186 102 247 110  93 190 235  23 156 253 221][241 129  78  44  30   3  70 121  85  64 214 195  83   9 178  65 120 132
 110 237 236 187  69  31 242 231 161  85 125 170 120  74][154 217 114 204  83 215 190 228 141  76 212 163  44 158  38 229 182  59
 155 227 102 155  56 255  51  64  10 163  55  30 173 223][ 53  73  97  75  86 155 198 224  69  32 250  74  67  72 157 180 120 204
  66 235 201 179  77  61  48  40 129  16 113 187  82 164][  2 133   0 137 148 163 140 239  22  35  88  18 128  42  48  64  73   2
  19 145  50  56  65 215  44  22 158 192 149  72 176 136][ 23 207  34 142  85  18 238 228  21 196 218 135  96 238  62 196 120 206
 147 239 236 155  44 239  56  36 142 133  47  47 124 220][106  50 115  97 105  93 121  86  45 109 246 253 159  31 198  60 238 153
 223   4 139  63 225 192 215 217  50 226 106 132 102 251][126  88 106 236   7  66  90   0 129 192 194 131 123  95  53  98 232 245
 157 227  72 131  16 232 243 233 138 155  37  55 116  90][167 205  68 219 188 147 206 237 221  18 217  87  96 104 188 193 217  98
  19 239 255 173  78 255  42  26 143  68  93 222 248 140][ 40 149  56 184 188 133 149 119 142  93  92 117 182 157  34  64 205  27
  23  21 211  40  66 149 233 213  50 218  24   8 145 251][128 148  60 251  21 237  17   3 159  31  73  16 182 215  40 105 193  59
  27  17  50 140 114 151 201 150  26  83 144   8 165  34][ 70  60 130  28  11 232 178  10 170 210 138 137 172 246  67 154 161 101
 233 151   7  71 150  98  29  54  95  59 136 101  47  86][ 61 249 171  99  25  78  67 208 166 225 143  14 114  85  88  34 184 212
 121 223  11 129 249  32 217 205 133  84 107  43  50 114][  2 141   0 157 148 160 142 167  22   3  88 146 168  46  48  64  79  83
  19 129 114   8  65 255  44  38 158 192 148  88 177   8][160 212 127  75  52 207 103 252 117  78 118 140 243  85 158  49  26 176
  87 106 233 180 121  63 103 155  37   0 119 186 214 251][128 152 185 251 187 237 177 222  30  95  84  18 188 247  33 104 213  27
  55  16 179 188 122 243 199 223  58 162 144  73   5 251][173 165 228  71 213  63 230 253 123 170 253  26 219 121  29 181 121 222
 246  42 248 243 205 238 127  95 101  52 199 255 218 160][ 45  30 114  73 118 251 179 115  93  66 127 170 106 221 167  36  62  56
 134  42 225 177  36 223  86  94  33 131 119 172  68 247][ 53 201  98 206 213  19 198 224  69  64 254   6  98  72 191 228 120 196
   2 239 204 179 109 172  50  44 132   4 127 190 120 204][ 47  16 231 141 117 246 232  81  77 201 223 102 200 184 182 236 216  44
 191  45 157 178 117 200   6 120 203 134 158  45 120 213][163 204 100 223 124 155 174 238  94  51 120   3 224 232 188 224  89  74
  51 103 231  62  79 191  46  62 203 116  93  14  88 140][  2 217 130 155  22 131 186 196  22   1  80 163 172 206  48  64 126  57
 147 213  66 152  10 255  44   4 159 194  20  14  49 153][182 143 166 159 222   3 190 237  22 183 219 183 200 232 122  67 125 239
 191 231 254 219  79 255 188  34 207 181 157 126 184 212][235  40  38  16 237 241 248 198 251 255 180  25  40 140  87 159 137 227
 251 213 182 111 166 242  31  90 217 251 195   5  94 222][183  73 102 206 125  31 222 236  93 232 240  11  74  40  55 181 216 196
 215 103 237 179  81 236  51 248 196  23  95  61 122 142][183  65  42 140  13  23 158 104 220 234 145  27 198 136  55 129 216 205
 223 231 236  39  90 222 177  83 203  63  93  63 121 198][ 39 165 231  95 213  63 166 233  94 234 123  70 104 104 157 164 121 238
  50 239 181 242 125 238  62  62 199  68 207 255 250 132][ 11  50 254 237 109 223 249  91 143 253 214 167 157 159 246 110 238 189
 255 149 135 251 243 213 215 249 250 203  55 140 117 255][ 72 244  21 102   9  79  71 189 115 226 174   8 247 117  72  55  17 212
 108 106 105 124 249  63 253 218  69  52  98 162 198  42]