[ 33 135 105  47 244 171 207  57  86  47 219 247 243 105 154   1  93 138
   7  47 188 186  77  31 228  47 169 208 117 202 208 193][ 93  51 218 229 114  10 123  16  32 137 127 245 223   3 138  82  54 205
  76 254 144 208 197  74 238 237  35 132  44 163 171 129][178 206  70 158 210  66  30 231 149   7 242 179 108 110  40  81 127 243
 135 162 120 143   8 239 176  38 222 211  21 116 164 219][125 113 249  96   8  95  83  88  98 228 165   8  19 215  67  48  20 220
 196 122   9  67 248   0 211 205  37  61  96  51  78 114][121  48  56 101  21  95  82  56  97 232 246  12 211  25  19  48 152 204
 124 111 205 180 241  14 247 255  33  20 105 171  90 202][ 33 173  97  83 244 171 235 255 126 225 123  66 241  96 156  36 123 138
  22  56 179 184 109 127  44  30  55  68 223 138 210 164][245 101 109 111  26  15  71 248 113 232 231  76  83  85 153  49  56 196
 124 238 233 178 253  31 115 171  97 180 107 179  66  96][108 117 121 103 240  79 119 184 112 168 127  72 215 115 137  48  18 220
  84 106  97 176 249  46 111 173  37   4  96 243  70 161][165  49  60  43 156 255 208   9 206 113 165  29 215  88  90  43 200   0
  74  53 191  33  91  20 201 201  33 125 216  11 216  18][253 122 244 118  45  61  80 152 251 250 183 124 206 248 223 191 135 197
 252 119 173 103 235 226 146 219 117 190 202 253  75   5][184   1 114 100  85  91  88  97  97  32 247  10  11  25  52 181 122 148
 213 232  88 179  49 140 243 217 128  19 103 174 110 130][246  98 230 168  13 107 208  72 191 230 145 139  78 140 127  27 248 205
 239  53  44 231 201 216 155  80  13  63 197 126  86 198][177 151 101  77 150 123 199  59  87 230 250 246  99  44 148 165  91 142
   4  44 189 184 117  31  42  78   1  20 119 236  84 116][106 185 158  28 217 209  49 111 198  85 228   0 108 246  34 246 192 126
 234 128  23  75 243  21  25  39 219 123 146   0 174 206][221  91  87 102  43  30  94 188 169 250 182 108 255 119 137 247 166 245
 252 106 233 197 249 232 178 251 101 150  10 183  11  61][160  71 109  76 108  75 199 189  64 228 184 169  83  45 151  19  26 196
  71 110 232  50 101  29 118   8 101 180 117 186 214 240][248  32  58 248 109 221  80  81 235  30 165  25  31 155  64  25 168 153
 205  16  10 103 210 145 211 217 112 123 114 128  78 138][245  96 173 173  40  47  73 152  54 242 130  21 215  39  89  91 221 197
 127 173 169  70 219   0 193 179 239  20 144 113  50 112][114 169  22 152  91 197 160 103 230  17 224   2  40 146  32 244 232 185
 234 144  15 171 211 213 157  32 154 123  17   0  47 142][114 181  15 140  93  75 163 105 134 228 207 143  96 229  34 196 120 236
 234 163  73 163 127 159  49   6 139  57 117 106  60 118][ 10 152 153 153  37 247 185  87  30 105  86  23 188 151  32 236 196  59
 179 145  19 156 115 209  71  87 154 195 158  12  53 251][218 190 150 186  43 249  16 227 187  31 165 189  47 239  74  95 167 179
 237   0  62  79 138 247 219 247  88 251 162  69 143  91][  5  98 169  33 164  47 235 152 114 238  23 220 209  72 219  42  31  76
  85 255 130 244 253   2 204  15 173 164 237 243  83 224][227  35  34  24 109 189 240 107 233  76 180  29  14 200  54 149 184  41
 207  37 182  39 166 213  18  88  10 123  83  12 127 199][118  41 132 158 153 193  30 105 135 148 169 169 235 230  33  82 201 245
 239 210  26  67 202 217 185 246 143  63 144  63  38  82][ 86  53  18 172  57 173  82 121 169 136 184   8 110 219  32  80 182  57
 223  98  10  35 146 221 147 217   3  58  82  35  35   3][242 176 165  53  91  79 208 123  27 235 242 255  34  60  22  25 253 189
 255  17 188 251 209 223  31  54  81 247 193  44  86 223][121 109  82 100  81 159 103 242  97 140 238   8  43 131   3 180  56 236
 196 106  72 187 176 174 243 221   0  17  99 183  74 140][ 24 170 134 185  89 249 161  79 150  53 198 187 161 225  82 140 105 170
 234 145  26 250 199  17  92   7 211  65 247 204  12 200][179 251 103   9 213 159 166 237  69 104 240 238  98  24 180 165 120 168
 194 239 253 187 101 189  52   8 133  82 127  14 250 156][248  48 157 116 169 125  81 223 227 187 164  56 159 179  65  59 129 212
 236  48  59 111 242   0 219 251 117  63 226 240  70  51][108 236 249 103 244 111 103 191 127 175 126 120 247 241 200  48  27 254
 102   8  91 248 233  59 239 255  53   4 226 251 198 169][251 253 120  99 180 158  95 183 105 106 191 189  27  63 150  51 167 215
 213 239 252 188 164 230 235 221  36 214 103 214 194 125][121 188  30 120 153 156  80 199 235  25 164  24  46 154  70 187 165 187
 236  16  62  79 146 245 251 251  20 123 210   0 202  15][124  80 189 102  41  12  87 152 233 186 183   8 223 119  73  59 132 212
 124 106 201 103 251  32 211 249  97  28  98 243  66  35][ 82 175  91 254  26 192  63 103 173 132 254 163  44 247 160  80 102 191
 239 128  64 139 162 239 243 229  46 139  37   2 167  43][148 236 140 191 152 174 111 169 182 183 139  17 247  99   9  65 113 103
 105 163  42 193  91  63 233 231 239  21 176 115 149   2][ 16   8 253 115  20 239 225  19 116  33 103  24 179  19   0  56  40 190
 108  24  58 188  81   7 197 239  48  80 225 136  66  42][252  49 244 116 173 124  92  88 235 186 183  56  79 255 205  59 135 213
 253  50 184  99 235 192 155 251 117 190 194 241  67   3][184 207  70  63  18 139  71 172  54   6 230 243  99 101 136  85 121 246
 236 234 106 220  79  63 240 231 245 145 115 185 132 104][216  68 110 229 132  34 109 119 117  38 214  51  83  43  34  75 104 196
  45 234 120 247   1 142 243 235 246   5  39 249 244   2][149 204  14 191  28 138 110 174  52 242 210 215 247 104  27 203 121 228
 127 167 237 213  79 191 252 227 255 212  60  57 185 144][109 101 120 103 244  30 111 184 121 232 255   8 219 105 159 180  62 204
  84 110 205 176 237 174 230 255  37 148 103 255  74 229][105 252 155  85 117 205 101  55 121 235 126  76 190  51   4  52 149  62
 118   8 193 254 241  79 103 255 116   0  74 192 194 169][202 227 110 158 105  20 189 125 172  94 213 151 237 207 186  67 110 145
 255 167 228  71 239 193 247 113 238 153  22 182 183 241][242 239 108 174 154   3  79 191  19 167 142 223  99 101 154  83  93 198
 109 239 252 139  77  63 250  38 173 213  37 246 212  72][253 120 180 114 173 127  80 152 251 250 181  88  95 217  77 191 137 212
 252  82 173 103 251 162 155 219 117  63 234 117  74  23][251 253 121 102 166  29 223 183 105 122 188 253  63  61 223  51 135 211
 213 103 237  46 236 235 243 217 108 186 103 214 195 127][225 200 102  93  44  27 236 239 237  82 246  78 235 200 182 163 234 164
 126  15 237  47 119 223  22 122 211  24  95 172 121 140][118  43 160 190 173 205  78  99 143 172 153   9 163 236  51  64 200 234
 239  71  14  43 202 185 187 213 141  59 144  63  86  66][207  96 229  69 102  58 107 152 119 242  87 214  89 101 157 255 119  68
 126 174 161 212 237 194   6  58 227 132 175 247 112 245][223 191  58 114 179 212  95 183 177 205  30  53 111 119 170 245 183 115
 157 118 255   9  56 191 235 223  45 243 138 215 143 119][156  75  87 255  12 194 101 168 116 146  66 162 243 227 161 201 114 252
  46 234  96 212  15 108 228 162 231   1  52 185 116 160][207 112 229  69  98  62 109 152 125 250  87 244 216   6 221 255 119  68
 126 238 161 212 237 194   4  58 235 132 142 247   1 245][ 41 123 122  73 116 157 254  85 109  76 124  42  43 157 150  52 238 168
 215  92 206 186 100 245 119 221  32 226 119 142 194 237][133  96 214  85  67  14 108 192 254 146  98  16 209 226 121 255  51 108
 106 206  97 244 159  64   5 170  87   4 232 241 107 132][188 253 250 118 212   7 215 254  82 174 252  31  83 125  59   1  89 238
  23 126 248 247  56  46 123 207 229  53 229 251 246 242][ 64 249 153 242 184 204  85 151 170 185 160  24 183 183  64  82 131  63
 125  24  27  73 210  49 233 253  62 120 128  16 131  43][197  57  21  77 136  15  98  24 238 184 162  76 214 178   1 246 128 100
 104 106   1 101 251  24 133 186  65  52  72  32  67  32][242 101  18 132 203  91 182 109  45 160 234  10  78  50   5 215 248 245
 234 227 108 195 213 204 177  48 207  63  41 126 170 142][ 45 164 241  67 213 189 226 203  91  97 109  76  10 248 220 188 153  10
  82  28 151  50 252 151  15  92  17 126 219 207 218 164][ 63 197 111  71 242  27 239 125  37  96 247 199 123 103 158 247 126 230
  95 238 249 249 109 221 126 107 229 196 111 166 226 241][ 86 163 110 161 170  75  61 107 171  55 147 187 205 206  76  91 239 149
 255 179  90  83 207 212 220 144 239 245 164  32 135  80][ 41 201 115  77  52 159 239 182 125  72 122  64 243 104 149 164  90 234
  54  74 201 184 101  63  36 254  32 128  95 187  65  45][174 188 164 183 203 240 148 175 146 247   0 145 236 254  74  15 201 123
 161 145  54  92 222 179  79  86 223 111 147 124 159 222][159 207 229 223 207 118 207 184  87 250  95 146  89 124 191 111 127 214
  55 239 169 212 111 254  61 126 239 132 183 255 180 117][252 184 189 112 173 125  81 223 251 187 164  24  30 185  68  59 129 214
 236  16  59 111 242  18 219 219  85 127 194 104 198  35][159 197  67 162 150 178 110 240 189 192 219 214  93 198 184 228 118 237
  29 255 253 149  44 206 184 236 143 196  47 247 177 117][133 205 103  74 204 145 166 233 196  80 249  66  72 200 189 229 120  74
  18 235 215  51  46 255  60   8 135  76  95 255 240 164][  9  73 115  77  52 191 239 182 124  72 126  68 251  32 149 164  30 106
  54  78 129 184 101  63  36 254  34 128  79 219  67 189][ 83 142 206  37 176  50 108  55  53 231  78 149 161  34 146 212  99 134
  44 140 252 152  69  79 174 239 182 129  46 196 168  28][185 132 126  77  60  31 223 125  85 234 247  18  91 105 188  96 121 196
  38  40 249 187  41 207 123 175 101  20 119 234 240  33][225 250  88  99 177  31 114 180 127  41 182  92 159  18 196 180 133 206
  76  92 255 248 217  54 174 223  52 118 202 128 202  13][164 175  74  91 222 169 174 238 254  23 232 147  97 232  93   0 123 234
  66 242  50 246  78 127 124   4 135 101 245 219 234 136][ 33  33   2  72  93 133 192  73 206 169 225   8 178 200  52  48 216 168
  74  81  14  43 210  29 209 156 129 120  89  11 114 130][191 227 228   6 253  26 206 173  67 244 189 175  67 104 159 151  88 196
 196 255 252 227 237 172  58  91 197 183 231 191 218  68][169 235 168 175 108   9 207 252  22 252 148 237 163  45 211 133  89 202
 111  79 234 110 207 177 236  81 253 188  87 158 218 201][148 255 255 101 178  74  71 184 118 168 186  96  83 113 137  48  51 220
  76 122 104 244  41  46 233 174  37  84 225 179  70  33][ 72 188 179  80 193 237 113  71 123 115 108  24 190 183  64 252 161  58
  98  24  19  60 178 114 157 212  16 106 194  64 135 170][121 248  22 122   9 221  82 230 235  17 172  24  46 155 102 176 161 243
 252  66  79  43 154 245 155 223  80 123  90   4 203  15][230 164 148 155 237 173 200 143 159  59 177  24 142 232  72  11 201 130
 127  16  58 111 203 211 157 210  95 252 144  72 211 129][118  50 165  87 171 124  16 152 163 251 163 237  66 253 205  63 133 220
 253  84 159  67 251  32 139  90  85 191 234 117   6  87][ 60  48 238 237  70  79 249  89  54 184 246 162  19 221 145  24 126 156
 183 184   8 242 115   8  87 233 225 132 231 170  86 179][ 84  67  88 103  18  10  67  56  36 164 239 136  87  99   9  80  50 212
 104 226  72 147 201  14 240 167  33  21  32 179  38  34][159 210 171 249   5 167  67 216  87  91 215  82 208 221  57 104 253 184
  31 217 187 180  58 243 203  95 187 198 146  25  48 179][177 229 121 103 116  75  71 188 101 104 254 104  83  17 156  52  26 206
  86 106 233 176 105  63 231 220  37  20 101 251  86 169][238  36 246 119 236  63 252 123 249 187 183  24 203 107 157  27 143 199
 110  56 184 255 235 206 158 251  87 212 195 233 194   1][155  16  69 169 103 150 104  27  39 104  82 102 189  18 153 252 118 141
 191 141 199 148 103 209 134 121 170 196  63 132  57  85][101  36 245  85 144  79  69  58 114 226 102  24  83  49 129  63  17  76
  96  40  41 244 249  12 111 170 117  20 234 240  66  32][149  12  79 254 148 163 111 115 148   2 219  82 113 227 176 105 121 163
  31 171 121 151  40 239 240 174 234 128  52 249 176  32][149 173 207 189 220 155 174 239 126 241 210  87 251 232 181 225 121 238
  94 245 247 253  77 255 188 107 175  32  93  56 249 140][222   2 230 223  58 242  56  56 191  20  87 179 109 239 190  79 118 125
 189 135 182 196 175 253 194 243 203 203  55 165  37 101][145 201  79 137 196  75 239 229 124  32 210  66 245 194 176 225 122 172
 110 239  73 187   5 253 180 170 239   0 109 186 241 168][210  79  30 188  58 128  60 230 188 142 194 229 173 199  33  67 230 115
 237 196 104 205 130 109 240 227 254 137  32  17  37  27][209  20  31 109  16  78 113  59 116 162 226  16 151  49   0 113 176  28
 104  40  41 252 241  14 193 175 113  20  72  32  99  42][232   4  84 126  59 202  17  41 189  12 229  57 238 211 130  85 146  49
 237   0  48   5  74  31 194 243  97 155  82  38  14   3][ 91 201  14 188  25 148  94 166 164  68 202 133 173 202  50 192 196 227
 249 197  78 139  82 253 243 243 158   9  24  20 185  90][ 35  53 225  73 116 191 234  90  75 201 120  78 184 216 221 164 158  43
  22  61 135 176 116 223  44  28  11 254 221 207  91 149][ 58 249 170 250  95 213 147 220  23 125 213  43  56 221 110  32 252 217
 151 211 202  59 250 177 123  85 141 191 119  31 182 251][120 237  86 102 137  72  70 165 225 144 174   8 127 243   0 247  32 246
 236 106  72 107 130  40 243 241  68  25  98 242 238  42][ 34 248  38 216  79 205 176 103 139  89 208  63 168 156  52   3 237 187
 215 129 138  63 210 213  23  24 218 251  85  12 247 219][ 40 245 120 108 121 223  85 255  71 105 172   8  62  55  10  48 217 158
 215  40  75  42 121  31 251 221  21 125  82 154 198 250][236 122 186 116 168  14  85 150 177 206 246  45 183 247 195  25 148 252
 125  94 200 239 226  42 203 251 117 136 194 241 102 123][161 221  45 109  21 159 198  53  84 104 230  76 179  24  20 161 216  34
  90 109 255 184 117  61 167 217 128  16  89   8 216 156][ 45 124 168  90 125 189 242 216 206 225 157  12 218 216  95 164 217  96
  90 127 135  35 254 251 255  93 135  60 222 127  91 214][124 187 186 226 240 236 115 145  51  13  44   9  23 247  75  80  55 218
  69  88  26  18 216  34 255 133  37 109 160 211 134  99][189 121 250  94 109 221 214 232 251 194 181   8 250 216 215 188 154 248
 244  74 205 103 254 251 147 223  71  58  91  59  75 182][ 20  28 126  90  27 243  19 232 247  68 237 166 104 247 175 244 127 249
 170 242  43 131  62 255 123 231   3  75 187 103  45 118][197 118  57  75  60  46  99 216 125  30 127  88 214  83 137  57 181  84
  78 106 161 116 233  63 197 190  33   4 192 243  71 161][108 119 121 103 112  78 103 184 112 168 126 104 215 115 137  48  54 220
  68 106 225 176 249  46 111 175  37   4  98 243  70 161][ 56  32  16 106 109  93  80  73 227  21 165  25  15 155  72 152 136 153
 205  16  26  35 210 144 211 217  80 123 114 130  78 130][222 190 214 186  43 248  26 202 187  95 185 189  46 238  78 219 167 219
 253 151  54  79 138 247 154 247  90 251 130  69  47  87][170 231  45 175 236  91 207 255  22 245 156 171 131  45 218 133  25 206
 239 111 106 122 237 181 236  81 253 253  70 222 222 248][231 253 127 246 232 141 254 245 169  90 184 121 252 255 220  51 135 243
  93 103 224  71 138 255 115  88 111 190  68 242 131 123][130 144 187 155  53 255  57   7  30  77  71  19 188 159  34 104 197  59
 155 145  51 156 113 215 207  87 154  67 150  12 149 123][ 40 190 217 231 244 187 111 191 126 163 126  72 255 243 192 176  31 254
 102   8  27 184 233  59 239 255  55  64 226 242 199 169][114  52  11 140  29 127 163 106 132 228 205  15  66 228  38  68 120 180
 234 161  13 163 243 223 177  54 139 123  89  46  60 246][195  34  50 136 207 189 176  75 237  71 180  31 140 136  54   8 238   9
 203   5 148  47 178 210  19  48  26 123  85  12 255 199][193 107 175  53 228  14 237  55 104 236 114 205 177  44 145  51 132 101
 116 205 197 216 228  40 100  40 239 128  68 176 211 233][246 239 237 179 156 195  79 175  19 237 139 187  99 101 154  81  89 198
 109 253 122 203  77  63 248  38 189 213 165 252 212 112][ 36 185 113  65 241 207  99 209 113  45 252  40  26  23 205  52  62 218
  70 120  18 154 224 110 127 156   4 114 195 147 198 225][ 95  91 135 183   2 166  46  48 164 194 203 197 221 230  33 194 118 101
 121 239 141 129 159 104 128 166 235 128 172 119  41  16][223 122 246 118  43  28  92 152 249 250 182 124 239 250 223 191 166 245
 252 103 237 103 255 226 146 251 103 190  74 245  75  85][ 33 180 187  93 116 141 225  55 121 107 118  92 190 179 132  48 149  62
 118   8 179 188 240  87  71 191  48  32  72 128 195 169][149  53  60  97 156  47 211 152 228 248 135  24 215 121  91  43 145  68
  93 127 189 225  89  12 203 203 101 116 232 227  89   2][148  12  79 250 132 162 239 249 148   2 219  82  81 227 185  73 121 226
  31 171 121 167  42 190 240 175 239 192 181 251 240 160][114  32 226 164  15 107 241  73  45 166 179  11  78 140  87  26 250 141
 239  53   8 247 129 202 145 246  11  55 101  44 119 198][ 87 121 120 142  27 213  27 232 175  64 133 138 252 214 103 116  54 249
 217 195  71   3 190 253 177  36  11  59  60  23  39 126][214 142 134 158 210  66 190 224 148   6 211 179 104 230  42  67 127 247
 143 166 120 207   8 239  48  38 222 155  21 117  37 201][120  53  18 236  57 237  80 122 173   8 248   8  46 223  32  80 180 185
 204  32  24  35  18 221 179 221   3  58  82  32  35   3][223 191 123 114 179 212  94 191 187 206 156 253 126 255 190 117 151 243
 221 247 254  11  56 255 251 223  45 255 134 246 167 127][ 84  78 206 183 132  42 102 182 117  18 179  83 211  43   9  75 105 198
  44 134 104 245  73 226 240 230 246  16 169 249 248  10][  0 188 155  82 211 253  48  71 123  67 108  24  60 151 100 188 163  58
 146  16  19  62 178 115  31 157  16 106 192  64 135 186][ 10 170 134  27  73 249 160  69 166  53 199 139 160 128 114 140 105 170
 234 149  30 251 199 145  94  65 146  65 242  14  28 206][155  22  75 137  98  54 104  91  37 106 214 247   9  14 150 253 126 141
 223 172 135 150 229 211  22 121 186 132  63 132 121 213][228  48 246 240 173  45 120 217 251 187 177  56 143 249  77  27 175 213
 110  17 186 103 202 192 155 219  87 126 194 121 131   3][ 37 141 101  91 244 187 227 255  94  97 123  70 243 104 156 164 123  42
  54 156 179 248 109 255  44  30 183 196 255 138 209 228][246 125 175  70 205 118 151 232 193 254 189  47  66 252 127  59 169 213
 253  99 204  99 186 128 123  91  69  63 193 127 246 119][ 10 174 160 187 151 249 186 207  31 103  92 187 172 205 114   4 139  59
 131 145  22  28  74 243 239  87 156 251 215  12 157 218][ 94 163 142 161 168   9 125  27 174 181 159 173 141 143  82  90 239 149
 255 149  88  75 203 208 220 145 255 221 132 162 167 112][120 252  62 120 185 221  80 231 235  29 172  25 174 155  70  26 129 163
 236  16  30 107 178 181 219 217  20 123 210   4 207  75][ 30   2 230 217  42 178  88  24  63  53 214 183  73 206 190  74 118 221
 189 149 152 209 167 196 146 114 219 199 183 165  37  85][105 112 213  69  77  79 101  56 115 250  98  72 210  49 196 190  17  68
  96  40   1 240 243  12  13 250  85  38  74 224  66 164][ 34  48 141 181  94 143 160 103  62 169 210 123 180  61   4   9 236 189
 127 133 161 254 193  95  29   6 122 242 205   8  19 187][ 91 201  14 188  57 132  92 166 134  76 206   5 183 139  51  80 192 227
 253 197  78  11  83  61 243 241 186 153  24  20  56  90][199  96 231  69 100  58 235  24 127 242 215 214 217  78 223 239 127 204
 126 190 165 212 237 194  22 122 235 132 143 247 123 117][ 44 171 101  41 244  75 203 152  86 101  81 235 211 109 153 136  88  76
  71 127 154 240  77  61  76  70 161 244 247 175 214 224][211 204  44 189  13  29 228  47 237 118 178  27 235 168  22  66 201 165
 122   7 236  47 215 219 146 122  82  25  85  44  89  76][ 61 101 112 103 245  31  79 184 113 224 255   8  91 105 159  52 126 204
  84 238 201 178 253 174 247 255  37   4 103 255  66 228][141 107 186 250 237 133 117 217 159 152 213  96 212 217 249 105 221  56
  23  91 203 102 106 144 195 217 239 174 152 122  48 161][188   4 122 108  85 247  82 120  85 140 253  10  91 217  59 177 120 184
 133  42  40 183  96 142 243 237 161  25 115 171 126 130][114 177  62 152  91 213 145  75 206  85 228  11  36 214 102 116 232  57
 234 144   6  11 178  85  21  32 154 123  16   8  47 254][ 41 203 107 125 116 155 238 182 127  73 122 204 179 168 180 160  30 234
  22  77 199 184 100 127  38  60  34 128 124 152 216 189][253 120 252 118 173  92  84 216 251 250 181 124  95 217  75 187 143 213
 252  82 237 103 250 162 211 219 117 191 202 245  74  23][ 89 140  13 165 172  58 110 190 110 226 218  70 247 104  17 224 123 231
 124 167 205 145  77  30 244 231 175 148 172 250  25  72][248 184 157 116 169 125  81  95 251 187 180  56  30 183  68  59 131 151
 236  16  59 111 242  16 219 219 116 127 194  64  70  59][ 90 175  94 238  90 130  63 117 164   4 254 231 109 231 162  80 126 191
 239 226  88 155 135 237 242 229 170 137  37 134 167 249][ 77 126 217 229 178  14 122 150  40 232  94 229 157   7 131  82  54 197
  93 252 141 216 197  78 230 237 174 196  44 176  43  17][169 122 185  37 100  15 197 182 112 238 112  77 183   9  17  25 140 108
  68  79 232 190 241  42 229 139 116  48  72 249  82 233][188 223  22 127 147  82   7 253  22  38 207 150 107 101  42 197 113 126
 170 106 105 240 125  63 235 231 101  21  59 255 172 122][221  49  60  59 140 239  81  25 214 248 135  25 215  89  90  43 128   4
 120  59 191 101  91  20 201 217  97 116 216   9 153  82][ 61 132 254  76 124  31 211 121  87 169 247   2  90 121 188 112 123 196
 126  40 184 163  45 223 122  63  97  84 247 168  96  33][ 36 104  95 115   0 237  97  20 118  17 103  16 243 209   8 120  40 186
 110  90  26 180 121  49 197 169  48  64 224 131 198  34][202 226 174 222  73  84 221 121 173  94 213 145 237 207 122  79 222 145
 255 167 232  71 238 193 215 121 202 189  22 246 183 240][215 181 237 183 218  32 185 251 190 243  19 243 253 239 216 107 119 223
  63 149 179  93 175 211 220  34 255 228 164 228 161 241][ 57 227 122  67 244 157 254 117 109  12 124  15  43 137 180  16 254 187
  87  76 222 187   4 253  54 253  34 224 103 138 234 141][241 116  57 101  20 111  83  62 112 232 238   9 211  25  18  48 152 204
 124 110 232 190 241  14 199 253  33  52  64 171  82  74][100  32 141 173  12  46  73  24  38 242 139   8 215  55  81 122 209 196
 121 190   9 192 217   0 205 191 219  52 136  99  18  48][237 103 108  68 237  30  70 184 225 248 191  76  74  96 159 183 152 196
 108 110 237  99 239  40  50 249 101  62  75 255  90  69][121 185  50 122 141 221  82 230 235  29 172  25  46 185 102  16 169 179
 236  64  14  43 186 181 219 221  16 123  82   4 207  79][201  57 151  85  41 223  32  18 234 224 162  72 254 146 133 246 128 100
 104  72   1 237 243 104 141 186  65  18  74  32  67  44][140 174  78 187 214 171 167 235  86 134 104 147 241 225  27   1 121 234
   2 180 114 252  79  63 108 135 167  69 245 120 117 136][ 49 207 113 101 118  75 103 190 117 162 126 104  83 113 156  52  59 220
   6 106 233 184 109  63 100 206  37   4 101 251  70 169][141  96 214  85  68  90 109 196 246 146 230  18 217 210 241 238 115 236
 106 202  65 244 183  66   4 170 215  12 110 177 107 132][231  98 236  18 236  29 221 200 211 246 181 189  66 204 223  27 157 204
 247 119 238 102 238 176  94  89 213 191 197 255  94 214][230 172 244 246 236  47 124 251 255 187 179  24 202 107  92  27 235 199
 110  16 184 111 203 194  31 250  87 212 195 233 226 129][116  99  91 100  18  10  71 120  32 164 227 136  83  67   1  80  48 220
 104 234  72 147 201  12 241 164  33  20  97 179  38  34][ 33 205 115  79 116 159 238 183 119  73 122  64 243 168 180 244 122 234
  22  76 195 184 101 127  46 188  36   0 125 154 194 173][216  45  29 117   8 106  85  39 240 183 166  56 183  55   0  51  32 183
 108   0 121 237 225  14 225 227 112  17  96  96 135  42][ 57 245 112  78  93 223  87 125 113  77 253   8 107 117  14 180  88 138
 196  42  78 162 251 159 115 253   4  57  99 150 238 254][242  53  23 132  75  79 181 105  45 228 227  79  68 182  38  87 248 165
 106 227 109 195 243 204 177  32 207  58   9 120 167 222][245 109 109  77  10  15  71 120 117 232 247 108 115  81 157  53  56 228
 108 110 233 182 109  30 242 170  97 148 105 187  66  33][126 191 168  78 155 119 151 222  19 239 157 175 106 252 127  36 157 127
 189 167 190  43 185 187 251  93 141 191 247 127 252  95][190 249  59 234 255 213 151 252 131 108 252  43 120 221 254  32 220 219
 215 243 194  51 186 183 123  89 173 255  87  31 246 251][153 252 123 104  87 206 115 246 113  78 108  20  62  23  34  48 167 184
  23 108 227 190  48  63 119 239  48   0 106 144 110 251][ 61 105 121 100  80  79  87  80 114 236  44   8  19 151  67  48  16 252
  84 106 201 114 176  24 115 205  37  60  99 179  70 226][172 236 255 119 236 231 199 255  87 182 124  18 115 253  63  15  89 118
  51  42 248 246 123 174 107 159  85   4 215 248 214 234][ 71 113 245 102  42  76  30 152 171 248 171 237 223 255 221  62 134  85
 125  70 197  67 222  32  50 248 101 190  14 247   2  23][ 54  92 125  94  26 227  19 234  23  64 233 167 113 254 173 112 127 251
 127 242  47  15 127 127 120  38 143 218 189 243  36 119][184  48 105 229 110  74 249  91  37 168 246 162  27  29 208  32 110 156
 183 184 136 180 225 128  87 169 160 132 103 168 116 179][165 141  99  72 220 179 166 234 212 194 216  82  96 232 189 165 121 202
  18 239 245  35 108 255  58  14 135 124 221 111 120 132][229 170  88  99 176 159 114 148 127 173  51 124 154  26 198  48 135 142
  76  94 254 252 201 102 142 222  52 212 200 129 202  13][120 175  86 110 137  24  86 167 161 156 172  40 111 243   0 215 160 246
 236  98  92  75 130  45 179 241 100  27  98 114 238  10][245 197 111  79 180  26 239 189  36  96 255 198 211 111 158 113 126 196
 127 238 253 242 109 125 254 171 231 196 101 187 224 240][ 40 245 120 107 121 207  85 125 107  41 189   8  82  53  12  48 153 158
  87  40  90  58 121  29 255 221   5 127  82  10 198 187][104 180  41  35  88 105 163  59  18 103  41 153 247 125  88  32  25  26
  83  49  51  58 249  23  77 135  49 124 212  74  87 250][179   8 103  81  54 187 232  82  95 226  82 210  43   8 149 173 126 173
  54 157 173 252 101 220   6  90 153 128 239 220  88 156][ 70 168 164 183 139 225 176 173 155 179   1 147 228 254  76  15 129 127
 241 145  54  76 218 177  13  82 223  63 146 110 149 158][ 17 172 111 191  60 187 236 127 124 226 251  82 255  72 144 235 107 111
 126 165 255 252 111 223 140 235 255  16  85  72 113 172][112 128  40 190  13 205  65 107 207  55 163   9 227 136  22  72 201 167
 107   7  92 107 211 149 211 255 210 123  80   8  94  78][246 223  63 254 250   6 158 253 153 250 153 109 124 255  60  51 183 247
  93 231 240  67 154 255 251  30 239 190  28 115 167  59][248 185  50  58 189 205  86 231 251  29 164  25 174 157  98  16 137 187
 205  65  46 107 154 179 251 209  16 123  82  12 199  74][156 151 206 125 147 122  87 191  55 102 238 135 107 101  43 197 121 238
 172 162 109 176 117 159 227 231 197  21 115 252 252  86][132 105  91 115 128 233 103 148 238  21 103   0 247 215  73 120  48 250
 110  90  75 180 251  49 229 184  32  64 224 211 198  34][231 109 108   4 252  91 215 172 225 230 188 141  67 108  31  19  24 196
 236 110 236  99 253  12 126 123 197  61 103 255 214  84][124  32 114 106  77 125  80  89 227  60 189   9  11 217  74 156 216 152
 205  34  26  35 202 144 211 217   1 127  99 143  78 130][198 125 191 254 234   5 159 252 168 154 184 105 124 255 109  59 175  83
 127 227 225  67 154 105 113  26 111 190  25 115  35 187][  1 168 155 125 116 143 225  51 126  11 114  92 182 185 148  48 157  10
  70  12 147 188 241  87  69 191  48  64 200 128 195 169][  5 173 101  67 244 171 227 222  94  97 126  66 243 104 156  36 123  10
  54 152 147 248 109 125  44  30  39  68 229 139 209 228][242 176 157 116  41 108  17  23 187 187 180  56 190 183 196  59 135 151
 237  16  59  79 227  64 219 251 112 251 194  64 135  59][214 190 182 186 187 177  58 202 191  95 153 189 236 238 111 219 167 251
 255 215  62  79 138 247 154 119  75 255 150 103  47  87][ 14 246  68 177 226  58  56 158  47  55  11 247  77  14 202 219  39 149
 239 181 182 212  13 212  78  67 127 199 175 212 171 145][ 66 168  62  26  91 133 144  72 142  17 128   9 164 210 100  80 192  57
 107  65   2  11 154  85  81   0  11 123  16  10  33  10][238 226 166 254 105  85  92  89 175  94 149 153 201 207 126 127 221 213
 255 163 236  71 250 193 211 243 203  61  18 167 166 242][ 90  74 135 190  45 208  82  32 173 200 210  97 238 218 163 242 194 101
 253  67  76  11 202 169 128 243 234 155  20  55  61  71][215  36 238  69 110  50 233  90 127 242 215 150 217 172 215 111 127 205
 127 191 173 247 237 194  22 123 239 132 239 245 123  84][173 117 125  71 116  14 103 184 117 174 127 104 211 113 137  53  30 220
  70 106 225 240 121  14 111 187 101   4  98 179  66 161][  3 188  50 153 203 177 176  71 237  87 252 183 140 154 118 200 235  11
 219 145 150  63 150 241  22  20  26 107 221  68 171 223][ 56  21  18 236  59 239  80 127 173   8 248   8  14 255  36  80 180 185
 223  32  24 171  16 220 179 253   2  58  82   0 227  11][ 90 235 138 161 185 137 111  69 175 165 175 137 143 135  66  82 110 133
 255 220  90  11 201 208 253 213 143 125   6 150 167  96][ 10 190 212 183 234  61 188 158 171 191  56 253 172  43 203 155 135  83
 231   5 134  80 203 241   6  87 121 183 206 213  11 155][102 160   6 154  73 217 176  73 134  17 129 137 224 204 104 142 216  26
 235  19  14  67 219 177  31  80 153 123 144  15 182 134][176 167 122 232 116 137 250 115 109   5 249 207  43 201  62  16 254 139
   7  37 222 187   4 223 118 221  34 232 109 138 234 129][ 40  28 126 127 118 254 115 246 116  71 116  34  62  63  35  48 170 251
  23  74  33 190  48 127  87 239  48   1 123 209 102 251][ 26 159  78 239  18 130  62 117  36   4 255 231 237 199 170  80 126 255
 175 230 216 154 199 237 246 225 170 129  37 162 175 153][ 60  86 126 110 117 251  82  80  85 142 253  41  75  89  35 153  88 184
 135  34  40 179  64  28  83 239  33   1 243 235 126 131][178  77 115 200  94 195 199 111  69 164 248  42  50 157 180  36 122 184
  23 227 104 175  96 159  48 140 128 186 117  10 244 171][215 164 239 151 206  34 169 251  62 243 211 211  93 239 248 107 119 223
  63 189 179 215 175 211  92  42 255 228 173 224 177 240][ 61  69  96 103  85  31 127 248 117 226 255  10  91 105 159  52 120 204
  22 110 232 178 125 174 247 255 133   4 103 255  82 228][246 125 191 230 207 100 151 248 137 250 153 111  86 253  77   3 173 245
 253  99 201  99 218 232 121   8 109 190  73 123 118 243][215 120 255  86  40  28 252 156 251 250 182 252 223 222 215  59 167 229
 124 207 237 101 175 226 150 251 127 190  77 245  75  85][149 133 207 254 132  34 111 249  22 147 211  82  81 227 185 105 121 238
  62 186  57 215  47 254 248 174 255 196 189 251 240  32][ 89 171 148  20   9 157  64 135 235 184 166  76 174 160 214 182 129 102
 232  28 135 105 215  33 154 123  85  59  74   4  75  12][ 98 230 109 163 252  75 235 191  19 245 157 189 211  45 210   7  27 206
 127  61 121  90 237 180 238  82 253 245  36 142 214 252][125 113 189 102 108  77  87 152 235 184 181   8 223 219  73  58 128 212
 108 106 201  99 251  32 211 249 101  60  66 251  66  35][121 174 225 103 242 122 111 255  51 174 124 232 123 103 146 176  55 206
 148 174 252 218 173  47 126 239  37 225 231 246 206 233][137 184 133 181 116 175 161  23  52  11  82 240 181  49   0 136  77  62
 123   9 179 252  65   7 133 167 122 192 204   8  19 169][ 57 233  51 170  81 213  94 236 163  77 232   9  63 159 122 176 248 203
 151 231  78  11 184 245 187 205 140 111  50  22 230 234][ 18 214 244  65  43  41 177 142  47  63 190 181 207   3 206  30  39  23
 239  16   2 101  11 209 206 215 119 215 247  84 141  71][124 121 189 100  40  78  87 184 233 170 174   8 223 115  65  51 132 212
 108 106  73  99 241  40 243 249 101  60  64 179  66  35][ 90 185  50  58 139 221  16 198 235  21 168  25 174 158 102  16 163  51
 233  17  30  75 186 245 251 245  30 123 210   4 175  78][ 62 125 192 201 159  19 134 207   7 160 156 206   0 144  65 164  88 216
 219 241  75  35 223 154 184   4 141 190 191 126 152 188][ 33 139  99  95 116 155 238 247 125  65 126 198 185 136 180 164 126 170
  22  77 199 184 100 255  38  60 178 128  95 140 216 157][ 91 219  39 159  59 210 184 166 191  65 194 229 237 206 183 228 230 255
 255 197 199 217 167 253 146 114 218 130  30  20  41  93][ 61 185 243  65 241 219 226 192 107 233 120 104  59  84 133 180  58 186
 134  88 155 186 116 204  47 220   5  98 195 130  70 173][ 88   0 221 116  34 104  81  51 160  39  38  24 183  55  64  90   6 182
 109   8  24  72 227   0 209 231 112  17 224 128   6 107][221 182  69  97 176  75  71 185 115 235  63 252 211  33 200  52  55 132
  76  62 249 244 237  30 236 142  37 244 234 226 194 113][ 82   2 230 233  42 146  88  88  47 180 214 167   9 143 119  90 102 189
 253 213 136 155 231 208 146 112 139 199  55 132  37  85][173 170 126  51 112 141 107 144 127 124  51 109 175  10 215  24 167 206
  78  94 198 244 105 101 206 217  33  84  64 129  74  69][156  86  90 232 114 130  59 112 180 140 119 167  93 215 163  81  54 185
 135 226  96 151   0  78 114 161  42 129  37 163  47 147][ 41 175 216 103 244 191 111 255 119 161 126  64 251 105 144 176  95 254
   6  56 155 184 109  63 239 239  37  64 235 218 202 169][ 95  29 131 174 145 196  78  16 164 192 203 197 253 231  33 208 116 239
 185 207  13 155 145  42 176 229 142   8  40 119  41  16][ 82  34 163 164  15 107 177  67  45 238 251 171  14 140  38  10 232 189
 239 161  28 255 129 200 145  36  11  51  65  46  39 227][  8 134  78 189  21 203 225 127  22 166 230 151 225 225  50 197 121 168
 234 172  59 248  87  31 236 199 183  69 255 172 125 248][161 205 115  89 244 155 238 255 119  65 122  78 187 168 180 180 122 170
  22  76 247 184 101 255  44  60  54  64 127 140 210 172][235  44 167  84 201 244 161  67 251 215  98  20  40 244  85 191 129 110
 114 156  51 239 178 226  15  58 214  74 203  69 243 252][200 126 158  55 161 172  52  39 184 143  38  61 174 167   3  91 135 119
 237   0 100 205 130 106 195 247 124  19   0  80 143  91][230 172 244 118 237  45 236 155 251 187 179  24 207 234  93  27 203 231
 110  17 186 111 203 226 158 250  87 254 196 233 195 129][129  96 218  93  78 216 100  76 118 194 230  50 243 208 243 104 122 236
 106 200  77 247 215  66  86  44 215   9 109 176 104 142][  0 180 251  83 210 249  50 199 250   1 105  32  60 247 108 176 179  27
 130 144  19 154  50 115  15 133  54 107 192  66 167 171][109  53  85  67 165 127 103 177 111 235 171  72 218  49 204 190   1 198
 126  58 153 240 249  96  47 190  21  54 202 223 194  36][172 172 245  95 205 255 229 175 223 183 118  16 250 253 124  47 217 118
 115   8 112 108 123 191 111 222  85  74 211 248 212 236][176 135 106 202 116 139 239 119  93   4 253 187  51   9 188   0 122 186
  23 171 248 187 100 223 114 156 160 193 117 138 246 168][155  20 105 137 230  54 252  95 125 107 222 246  25  14 150 233 111 143
  31 173 181 158 101 210  86 105 186 132 191 196 249 221][ 49 206 115  69 118  11 231 254 117 162 122 234 115  97 148 180 127 204
   6 106 233 184 109  63  52 238  37   4 103 250  82 173][230  97 237  38 205  73 223 232 139 246 185 139  67 108  95  27  25 213
 115 103 236  99 254  48 127   8 205  61 101 127 214 246][213 201 111 231 164  10 239 188 116 226 247 130 211 111 154 113 126 204
 127 239 233 240 109  61 228 235 231 132 101 179 241 225][173  37  26 250 236 165  93  89 207 154  93  96 246 219 249  99 217  40
  63  30 195  99 234 144 206 217 111 190  18 234 113 161][ 52   0 254  76 126  11 217 121  95 160 246  10  82  73 188  96 122 140
  54  56 128 183  37 222  90 175  97  84 117 168  96 161][192 224  59 250 184 205  87 189 234  29 165  24 183 211  72 112 147 154
  76  90  90  79 250  55 251 209  55 121   0 130 135  42][ 77   5 201 181 132  44 109  31 191 146 154  70 253  98  73  75 115 167
 110 164  97  97 215 200 172 183 247   4 172 112 225   0][101  32 137 231  93  47  75   8  35 161 235   8 211  51  73 122  88 204
 122  90   9  82 217  32 205 188 129  52 136  99  82  32][174 255 115 234 253 197 159 249 223 172 121  43  92 221 124  33 223 123
 151  99 242  35  58 255 123 221 173 254  87 190 183 227][200 255  31 253 184 231  95 183 183 220 254  13 191 247 130 113  68 255
 125 200 251 203 243  61 251 243 111 216  10 241 166 123][ 27 207  74 175  50  18 110 121  36  64 223 199 233  99 154  80 126 239
 191 238 220 154 205 253 246 237 170 128  45 182 186 145][ 56  36  27 103  21 111  83 186 112  42 234   8 215  49   9  16 153 222
  76  42   8 176 209  46 215 239  32  16 226 235  66  42][ 94 190 166 186 251 177  58 200 191 255 153 191 204 238 111 216 247 251
 255 215 182  67 138 247 158 119 235 255 156 103  47 215][  7  59 149 183 235  45 188 159 171 241  25 237 236 252 201 142 135  67
 123  21 151  72 223 241 172  86  93 250 204 246 139 213][  5 141 101  75 180 187 235 250  95  97 123  66 251  72 156 164 123 138
  62 253 147 184 109 253  44  94  39 196 255 143 209 228][215  44 239 213 236  58 233  83 127 243 214 223 153 172 215 107 111 237
 127 157 189 247 229 194 222  58 251 164 229 229 115  84][120  97 168 174  29 201  67  69 167  37 174  11 175 189  18  82 216 228
 237  65  10  43 210 161 241 245 130  57 144  26 214 106][194 186 157 243 104 237  49  23 186  31  48 125 188 183  64  91 135  59
 111  16  50  76 242 115 205 178 122 250 192  64 135 251][ 37 101 125  71 112  78 111 184 117 172 119   0 211 115 133  53  50 212
  76 106  96 240 105  44 103 191 101   4  66 179  70 161][ 88 162 186 116  32 232  81  23 163  13 174 169 191 167  64  90  38 183
 109   8  26  73 162   1 211 245 112 153 162 192   6 107][ 79 155 212  43 170 169 184 159  47  81  43 229 236 110  70 218 167   3
 235  21 151   8  95 241  46 118  30 254 222 198 137  21][118 225  10 136   9 105 146 200 142  48 137   9 198 216 109 144 216 217
 203 115  30   3 218 113 145  16   9 127  16  63  47 134][121 125 253 100  44  76  87 150 233 170 174   8 191  55  65  50 166 245
 124  74 201  43 240  40 243 249 101  58  64 243  71  43][ 41 188 250  74 116 191 242  82  70  73 252  14  58 152 182  32 126 170
  22  29 135 186  84 111 126  13  32 104 223 202 106 159][  9 188 145 101  52 175 227  19 126 105 122  84 191  51   0  48 145  14
  70  12 179 188 241  31 237 252  48  64 200 130  67 169][254 125 149 236 203   4 159 248 128 186 152 106 124 255  73 171 189 117
 247 227 225  67 154 168 241 195 239 190   9 115  35 179][210 156 239  77  19  90  85  63  53 230 238 151  99  45   6  84 113 246
 236 160 236 156 117 143 243 231 208  23  51 236 116  94][ 77 182 117  65 176 107 111  59 117 235  63 252 218  37 152 180  23 134
  76  44 241 240 109  94 110  30  53 196 234 230 194 117][170 176 160 145 203 241 185 207  27 119  84 187 140 141  94 141 171  27
 147 145  22 126 186 241  15  80 221 239 215  12 159 254][114  96  35 174   9  67  19  76 163 204 225 137 207 204  39 220 216 253
 237 227  24  39 194 154 145 244  26  59  81  63  38 122][179   5  83 204  87 211 198 101  93  34 249  42 106 124 164 245 122 184
 150  35 109 171 100 223 177 238 139  58 119  42 244 172][ 41 175 250 103 212 175 107 255 119 169 127  76 243  97 154  48 125 238
  70  24 154 186 105  63 239 207  37 192 235 202 202 169][210  17  18 168 251 143  84 127 173   8 248   8  14 190  36  80 182 185
 223  32  24 171  80 220 179 249  18 122  80   0 163  11][120 161  56 172 141 205  81  41 199  37 173   9 167 153  74  80 200 167
 237  65  26  43 218 149 209 245  64 123  80  10 214  66][198  18 186 140  62   2 147  16 233 140 195 244 198 194 173  78 214 117
 236  99 137 199 199 202 144  52 139 154  12  35  61  53][198 172 212 241 236 169 252 203 191 187 179  24 207 250  84  27 235 239
 110  17  58 111 203 194 158 251 119 254 196 232 195 129][141  62 151  49 176  42 105  18  48 234 118 244 157  39 193 125  55 110
 100  60 177 212 225  72 204 170 115 192 170 225   3 241][ 35 163  96 139 244  25 232 125  79  97 121 214 200  72 158 164 122 138
 210 189 151 186  77 213  46  28 146 224  95 142 218 132][238  52 174 254 205 125  94 216 175 254 181  25 222 223 121 127 221 213
 255 227 248  71 250 208 211 251 203  63  18 127 198  82][120 169  74 224  17 217  75  96  33 164 236   9  31 135  64  80 120 189
 221 216  88  27 240 172 251 197 135 121  35   2 102 106][  2 189  50 155 223 241 180 199 174  21 218 183 172 152 102  64 235  11
 219 149  22  59  22 241  60  20  26 203 149  76 173 207][225 172 189 255 204 255 229 175 222 183 110  16 241 252 124 107 201 118
  58   9  51 124 251  51 111 239  87 105 208 120 212 234][119 113 208  71 133  63  66   0 107 224 171  76 202  56 213 182 152 196
 124 126 157 242 213 138 158 220   5  54 203 255  90   4][ 59 167 128 164 223  23 150 111  19 175 156  58  43 184 198 132 253 187
 222 165 124  59 193 158 186 197 157 187 127 110 186 141][ 13  62  85  17 160  59  33  18 119 251 119 244 207  35 193 189  55  14
 230  28 177 252 173  84 140 210 113 228 234 229   3 181][ 61  89 234 103  85  95 119 248 117 232 255  10  91 249  63 116 120 204
  23 238 232 178 121 174 119 255 133   4  99 191 114 226][150  22  83 166  98  34  62 112  61 106 211 247  77   6 168  81 182 157
 149 167 173 151   5 206 144 224  42 130  45 151  35 209][ 98  13 109   4 221  75 199  47 105 228 168 141  83  44  23  51  10 196
 121 101 237  99 245  12 127  42  69  53 101 252  86 126][ 64 177 158 176 168 141 185  87 174 185 176  56 159 158  64  26 167  23
 127  17  18 107 130  64 221 209 126 254 192  64 131 139][188 113 145 165 207  69 183 216   2 186 144  74  92 253  73 171 189 221
 243 243 105 114 218 160 253 193 239 190 173 123 147 179][ 56  28 123 255 114 234 114 240  53   3 120  35 127 255  33  48 254 251
 151 194  42 182   8 127 215 231  32   1 113 131  38 155][ 40 171 238  71 242 218 235 247 102  37 126 160 113 231 158  48  58 110
  34 216  18 184  45 125 110  47  53 197 231 194 238 233][172  30 254  95 108 187 243  80 212 142 117  51 115  73 163   8  94 176
 134  42 160 182 106  30  71 239  33   1 247 251 124 131][ 83  74  39 158  51 208  42   4 191  64 194 229 237 206 183 236 246 253
 125 199 199 217 175 253 144 118 154 138  12  21  33 125][229 234 111  49 100 203 107 146 121 244 246 205 183  13 215  25  34 206
  78  92 135 252 229 101 206 217  32  80  68 149  70 249][ 82  34 102 193 106 130 184  64  47  53 210 167   8 142  22  88 110 189
 255 213 130 153 197 208  22  56 154 199  37 132  37  89][233 221 136 190  89 164 111 190  54  77 236  69 180 227  35  84  84 234
  27 204 107  10 210 127 244 189 154  40  26 212  40 216][218 252  50 186 155 221  22 199 191  23 160  25 174 222 110  17 163  59
 201  81 102 111 186 247 187 209  30 123  82  20 167  94][ 47 166 224  75 253  53 202 219  91 123 125  92 136 236 222 188 221 136
 146 157 159  54 254 211   7  92 144 108 219 207 218 148][ 48 166 106 104 118 139 235 123 125   5 253 159  19  73  62  16 122 136
   7 188 186 186  68 223 126 141 162 196 253 136 250 128][225 189  61 127 184 172  93 191  55  88 254  92 247 119 128 113 196 126
 125  76 251 202 251  61 239 251 244 216   2 208 134 121][  9 156  18 249  49 190 104  55  61  11  94  80 191 179 160 236  33  58
 150  24  51 188  17 215 140 247  26 192 138 132 137 185][ 41 184 183 117 113 223  97 115 255 250 102   8 250 241  68 180 145  44
 120   8 161 248 243  29 143 254  81  18 202  40  66 190][196 237 223 123 160 201 103 159 238  22  46   0 215 215 233 121  51 250
 108 122  66 161  42  51 229 232  37  12 224 243 198  96][ 49 161  64  75  93  31 194 105  70 160 233   8  67 192  92 180  88 204
  66 254  95 186 221  29  57  12 133 116 107 138 218 132][106 225  18 154  91 149 146  77 142  20 133   8 236 211 104 148 200  57
 235  67  66   3 138 245 209  17  10 123  18  14  47 138][ 68 228  57 122 168 205  87 189 226  31 169  24 215 211  72 112  19 216
  76  58  90   6 250  55 239 157  37 124  96 146 198  34][216  12 238 101  49  90  89  51 117 231 230 180 171  35 130 116 115 174
 172 136  60 220 117 142 202 255 208   1  38 164 108  78][124 114 122 106 125 121  82  88  97 172 253  40  75 217 139 148 216 216
 198 122   8  35 232 152 211 221  33  63 115 175  78 163][ 93 152 206 181  21  86 107 186 112 194  86  70 121 114  51 241 112 237
  52 239 169 209 189 108 232 175 239 128 173 161 122 112][215 120 191 183 174  44 253 220 250 250 178 125 223 254 215  59 167 229
 125 151 165 101 239  98 213 251 127 188 196 113   3 113][220 116  29 254 136 111  21  25 182 190 131  24 215 247  73  91 145  85
 109  34  40  69 219  18 209 227 123  61  32 115 135  35][ 28 180 145 107 147 224  51 201 106   3 237  48 157 215  72  56 179  27
  64  16  19 134 184 115 201 197  22 111 226  67 167 162][181 132 207 253 156  34 233 219  86 179 211  82  81  99 248 107 121 206
  63 184 185 245 239 142 220 174 255 196 173 233 240 160][100  67 125  69  32  78 103  56 108 236 254  72 211  97 157  50  24 212
 110 106 193 176 105  14 103 190 101  20  64 187  70 225][120 125  59 102 201 204  87 183 233 168 174   8 191 183  65  50 160 246
 124  74  73  43 240  40 243 253  20  56  64 242 194  42][ 97  40 183  87 125 157  96  64 239 177  99  72 182 217  84  61 128  44
 122  72   7 248 210  29  15 218  81 106  74  10  82 174][ 82 252  62 186 139 201  16 228 191  87 161   9 110 222 106  25 163 123
 235  19  98  79 154 245 155 211  94 123  16  84  39  90][147 199  74 175  50   2 110 120  37  64 223 199 241  99 154  80 126 237
  63 238 204 146 205 111 246 237 170 128  45 178  42 145][ 52  76  91 255 114 226 122  72  53   0 113 162 125 243  41  80 126 249
   7 226  34 178   8 127  85 166  34   1 245 163  38 131][ 21 165 101  67 180 187 227 248 127 225 255  66 211  64 157 100 123 142
 126 248 155 240 109 255  44  30  39  68 231 139 208 228][137 176 145 113 117 175  96  25 127 107 115  92 222  17 152 188 149  12
  70  28 179 180 217  87 141 222  48  68 202 128  67 177][ 44 100 147 127 101  79 103 120 119 170 101  24 215 209   9  28 145 124
 100  42 104 180  91  30 229 255 101  40 194 243 194 163][ 95 161 129 167 147  93 174 205  43 233 153 207 221 174  95 134 182 207
 253 213 151  25 157 209 190  92  15 246 143 118 139 213][ 64 179 154  96 120 140  89  87 171  13 108  13 174 131  66  18 166 191
 237  16  18  11 130  65 219 245  48 235 130 128 175  27][ 39 171  96   9 220 155 234 233  79  97 244 206 136   8 150 164 124 140
 210 253 151 186  69 244  30  28 131 244 223 143 218 132][ 94 186 130 186 251 179 186 216 191 252 219 231 205 238 243  88 247 253
 255 215 150  67 142 220 156 247 171 255 158 103  43 215][193  42  63  49 100 173 232  18 252 250 114  93 151 141  17  57 133  45
 127  13 163 252 192 111 197 154 115 192  72 169  67 161][ 10 188 151 186 177 236  49  87 191  79  74  53 188 247  32  92 165  59
 255  16  19 201 146 119 201 246  30 203 138  68 167 251][167  58 232  25 236 189 248 194  91 254 116 189 129 136 247  40 205 233
 150 221 150 126 230 242   6  95 179 253 221 253  90 197][ 95 129 129 163 147  85 174 141  47 121 155 199 221  46  94 244 183 135
 254 213 151  25 189 241 188 124 143 196 159   6 139  92][ 38 176 182 210 203 245 176 207 139 253  21 187 140 222  78 175 173  27
 243 145  22  94 186 208  31  16 223 239 135  68 143 247][114 156 237 117  48 202  89  39 125 103 226 149 163  45  22 112  99 166
 237   4  60 156 117  15 199  54 144  17 101 140  84 126][  2 171  34 155 223 145 184 199 174  21  90 179 172 206 126  64 239  59
 155 145  22  57   6 241  60  16 158 203 149  12 173 207][104  61 101  37 253  75 229  39 104 226 186 169 187  61  20 179  42 182
 243  33 113 122 213  12 125 115  69  49  71 108  86 250][253 102 224  39  29  31  86  28 113 174 167  29 203  72  95 145 152 204
 236 110 236 246 221 138 230 219   5  53 107 255 218  70][ 42 234 235  25 116 217 235  94  87  79 116 235  35 140 182   0 127  40
   7  13 194 190 100 187   6  12  48 233 117 140 118 237][141  96 145 122 237  60 230 216 123  26 117  84 206 209  89 191 177  72
 102 126 131 118 154  96 153 216  69 110 218 245 107 165][ 68 228  29 106 184 109  71 188 170  62 169  72 215 211  72  80  17 216
  76 106 106  67 203  63 237 148  37 124  64 243 198  35][ 41 249 122 109 125 223 215 252  87 232 252   8 115 249 181  48  88 236
  54 106 200 186 122 189 103 253  37  44 119 187 114 235][ 45 171 250  99 244 143 107 251 119  41 255 108 122 227 146  48 124 238
   6  92 154 186 105 255 110 221  37 192 203 139 234 161][128 248 158 177 170 205 185  23 190  59  82 177 189 159  64  75 167  59
 127  16  50 220 131  81 205 243 126 194 128   0 133 219][ 50   2 102 201  84 131 233  88  85   5 240 198  75   9 180  12 126 136
   7 252 186 186  69 220  30 158 178 196 247 137 116 160][ 60 123 114  78 119 155  87 208  65 172 117 170 107 221 175 180  30 248
 134 106 204  54 108 184 114 221  33 187 119 191  78 167][  7  62 195  65 243  59 234  18 127 227 126 236  72  52 213 188  55 238
 246 188 149 248 245 206  14  94  21 198 239 231  74  53][ 41 215   5  11 184  21  77 189  26  95 237 221 209 102 154 208 221  10
 108  44 251   2 251  23 172 255 255 252  18 134 210 241][ 50 145  26 168 155 207  20 103 173   9 232  24 174 158  36  81 238 147
 223   0  80 139  16 213 177 241  26  91  80   0 167 155][123  95 148 228 203   6 158 255 128 170 156 106 124 119   1 135 237 215
 253 225 233  75 195 202 253 235 239 190  43 112  43 169][223  23 107 169 130  52  63  19  60  70  95 183 157   6 155 121  54 147
 223 175 183 148  53  79 244  37 170 128  46 213 167 113][ 15  50 210  65 227 187  40  18 127 225 126 228 136 162 213 188  55  46
 230  28 149 184 181 192  14  94  17 198 238 132  11 181][ 58 175 136 183 213 211 219 109  19 229 213 159  47  44   2 128 216 239
 194 213  60 251 121 191 250 199 156 115 243  15 190 222][ 58   5  87 252  23  83 194  97  85   2 243  42 107 124 164 229 122 177
 150 163 125 187 100 159 176 230 202  19 117  46 124 132][ 37 199 103  71 116 155 239 252 117  97 123 198 115  97 156 180 126 236
  38 238 233 240 109 127  46 174 229 128 111 187  98 188][105 232  55 122  73 221 112  72 235  16 225   8 190 211  68 182 128  56
 122  90   3  99 250 117 151 248   0  58  66   3  67 174][ 67  44 239 149 236 184 233  23 255 243 218 211 157 172 215 107 239 175
 127 157 181 249 230 194 220  62 254 192 196 204 243 237][102 253 240  74 217 217 150 236  75  53 169   9  66 252  78 148 153 219
 195  83  86  35 250 113  59  28   5 127 211  95 206 214][ 18 205   6 158  20 130 172 103 188   0  90   2  40 170  48  64 106 171
  27 129  64 185   0 253 176  38 154 128  21   8 177 136][123 159  20 228 254   7 159 255 136 170 156 110 124 115 129 135 221 119
 127 169 241  75 203 159 248 239 239 190  25 120 171 169][184  97 123 104  84 199  67 124  65 136 236  10  51  87  32  48  88 184
  22 250  72 187 112  30 251 205 164 120 115 154 102 234][ 32 133  16 139 244 137 186 239  30   1  89  18 172 200  56  64 219  10
   2  17  82  58  72 247  44  20 154 106  20  10 209 137][120 177  57 234 188 233  83  90   7  45 189  41  55 189  72  16 216 154
 237  64  26  59 232  19 251 197  33 125 240  75  86  99][212  75  62 121 168 138 117 159 190 190 162  33 215 135  33  91 163 116
 109 122  96  69 139  28 249 162 103  20  80 240  39  43][112 140 111 117  48 234  89  39 125 199 234 157  43  46  22  80  99 166
 109   0 188 252 117  79  79  62  16  17 100 128 102 126][153 121 223 111   3 242 111 212  54 224  78   6 125 150 179 248  34 239
  60 207  65 217  63 108 240 171 170 128  47 179 105 120][ 84 116 157 164 168 110  69 159  38 175 138 121 215  55  73  90  49 215
 109  48   8  69 211   2 241 166 117  20 160 241 133  35][ 94 186   2 168  56 167 122 216 175 236 219 229 205 239  99 208 247 253
 255 245 156 147 138 220 154 215 171 255 158 167  39  87][127 161 202  32 240 150 126 209  51 233 127 207  89 239 219 144  62 237
 149 253 159 146 152 202 122 205 173 236 239 167 170 211][ 58 130  71 204  86  82 200  96  85   1 243 226  75  44 180 229 122 149
 142 225  60 171 101 205 144 230 218 211 119 172 116  37][127 122  82  46  98 155  90 216  41 192 249 239 107 207 175 148  62 237
 215 230 197  23 140 234 178 124   1 175 111 183  42 213][239 181 244  82 235 125 252 217 251 255  53  57  72 253 223 191 159 222
 247  28 182 114 254 224  95  91  85 255 199 245 222 215][106 189  69 229 101 121 245  55  41 224 126 172 191  61  80 166  10 190
 247   1  89 248 212 136 135 243  80  35 111 236 223 186][  2 189 191 184 187 228  53 119 191  77  94  37  60 247 162  84 166  51
 255 144  19 201  50 221 251 246  62 203 138  68 165 123][ 94 252 182 186 139 229  20 233 171  87 137  25 110 223 106  26 161 219
 249  19  90  67 154 245 219 211  95 127 146  87 167  90][ 64  83 121  69  48  78 103  48 125 236 126 100 211  55 133 116  22 116
 108 106 201 176 241  14 231 190  33   0  74 178  70 113][123 159  28 228  75  23  28 127   1 170 222 110 252  51 128  39 205 119
 125 169 249  91 225 143 253 231 255 186  43 104 139 171][ 79 221 106 235 162  20  63 182  60  70  95 181 157  39 154 113  54 211
  95 238 241 144 189 106 246  45  46 128 174 247 167 121][ 24 157 123 231 178 234  55 103  52  36  74 162 245  55  40  64  54  63
  13 161 112 152  33  47 225 167  42 192  36  66 165 123][ 96 179  26  96 112 140 121  17 168  13 108 141 181 135  66  16 166 187
  69  28  18  26 146  65 207 169  32 232  72 130 135 251][ 45  35  68  65 101  31  96  24 127 176 119  76 139  64 223 189  26 140
 230  94 143 240 199  80   6 217  97 100  78 141  90 132][111 177 202 162 240 166 122 209  51 201 255 143  25 239 122  80 252 175
 151 221 159 146 152  70 122  13 175 236 173 231 170  82][209 173 205 245 188  42 109  55  86 179 210  82 211  35 144 107 105 238
 126 152 185 220 101 134 204 170 247 196 172 232 240  32][195 169 175 241 236 173 233  23 254 249  82 210 157 173 208 107 231  47
 127 157 179 248 227 224 204  58 254 224 132 192 145 233][ 36 201  80 137 245 143 170 237  30  33 121  18 140 200 124  64 219  11
  19  81  82 184  88 247  45  28 142 100 149  10 209 128][121 233  48 106  29 157  70 236 107   0 173   8  42 209  94 180 152 136
  76 110  78  35 216  55 243 221   0  61 115  23  74   6][ 36  75 215 255  82 131 111 200  55   0 241 162 121 195  41  88 122 249
   3 226   2 146  11 125 116 166 131   1  53 179  38 160][ 21 197  97  71 180 155 227 184 126 224 251  66 211  72 157 228 122 204
 126 250 153 176 109 191 172 236  39  68 103 139  80 100][160 234 107  89 116 207 233  86  86  79 116 147  33 141 182   0 125  42
   7  13 194 190 100 127  71  12  48 224 117 140 118 249][236 237  85  99 248 110 103 184 171 190 173  88 223 115  73  23  17  86
  76 106 107  65 219  63 237 149  37 124 194 243 198  33][105 253 251 102 244 205 103 119  97 232 124  72  51 177  16  52 152 254
  86  10 217 186 240  47 127 156  36  40 107 218 194 168][ 82 217  27 190  73 205 181 103 172   9 232   8 190 158  32  80 232  19
  91   0  66  43  18 117 241 180  26  91  16   0 167 155][186 219 114  78  87 219 247 244  89  68 116 170  42 205 183 181  62 248
 134 106 228 190  44 255  55  89   4  43 119 191 110 237][237 105  85  94 205  93 231 252  91  50 117  88 106 240 221 191  89 202
 226  74 243 118 254 243  22  26  85  58  91 255 218 172][179 199  74 175 114   2 110 184  53  66 255 199 115  99 154  80 126 236
  31 238 237 146 205 111 246 173 170 128  45 243 122 144][105 240 189 125  40  13 109 190 127  91 118  72 247 119 136 121 212  94
 124  72 203 248 243  49 205 251 116 168  80 144  66 121][124 109 108 111 140 123  87 120  97 166 173 137  83 109  19  27  24 204
 233 110 120  99 237  40 243 203  65  61  99 251  94  66][251 209  36 127   9  29  77 188 165  95 164  13 250 103  31  95 204 194
 125 108 235  79 243  61 227 250 214  26  90  20  66 124][109  79 198  76 237  89 230 236 233 214 188   8 203 232 223 183 153 198
 198 110 237  99 238 168  54 249  69  63 227 255 222 196][138 222 190 187  50 236  57 182 190  91  66 181 188 183  34  72 167 115
 255  17 178 205  19 247 205 247 126 195 128  64 165  91][ 77  52 181  97 137 127  93 153 107 242  37   8 223  61  93 191 145  84
 120  56 145 112 249   0 207 219  85 118 202 242  67  52][  2 171  38 155 223 145 184 199 142  21  80 183 172 202 126  65 239  43
 171 149 214  24  78 245  12  16 158 235 149  12 189 207][ 83 106 234   4 106 145 184  64 235 237 222 175  40 200 247  16 190 237
 239 213 198  19 166 192  18  28 175 171  77 166  43 205][172  63 237 171 253 255  83 223  19 253 253 189  95 189  66  24 141 255
 247  85 191 250 251 182 235 209  53 251 251  95 158 219][ 37 199  71  79  84  27 238 248 125  96 123 198  89  96 157 244 126 204
  54 238 233 240 109 253  38  46 229 132 111 191 112 180][ 50  67 102 201  84 131 233  84  93   5 242 198  75   9 180  12 122 136
   7 252 136 186  69 220 148 218 210 196 247 141 112 164][ 90 177 182 250 139 201  22 204 175  85 173  11 110 255 107  80 186 251
 235  67  10   3  26 241 219 215  15  59 242  22  39  90][146 193   6 158  20 128 172 101 180   1 211  18 104 202  32  65 120 171
  46 192 104 169   3 255 176 162 154 128  21   8 177 136][ 40 121 125 111 124 143 247 125  71 140 125 106 115 249 181  48  94 250
 119 104 200 186 107 189 111 249  37 168 119 186  86 171][ 62 116 106 101 143  79  87 117  37 238 254  15  83 157   3  24 188 252
 245  99 204 178 209   8 243 199 117 179 105 127 222 219][ 33 165 121  75  92 207 199 249  83  72 125   8  51  81 188  52  88 154
  22 106  91 186 120  63  39 140  33  56 115 138 194 168][130 233  16 153 213 143 190 231  30  57 112  18 140 136  48  64 235  43
  19  81 114 184  16 247  45  20 143 228  85   8 209 139][202 130  46  17  74 144 189 103 188  31  70 177 172 142 162  75 166  55
 235 132 246 221 166  85  70  35 122 195   0   4 165  95][ 58 107  96   1  77 217 227  66 225 228 188 137 139   8 215 150 104 164
 206 110  76  58 229 216  54  89 129  49 103 189  94 196][239 191 212  18 237 125 214 238 219 123 180 124 106 248 222 191 137 194
 238   3 191 111 255 247  62  90  85 127 203 125 218  93][191 111  66  78  67 211 126 224 177 198 252 139 105 207  55 148 126 233
 151 238  76 151 140 255  50  76 129 171 119 183 106 204][238 255 213  87 249 251  71 190 251 186 188 120 234 115 205 183   7 246
 206 106 121 103 234 254  46 222  69 118 202 245 206  53][ 41 189 115  79 245 159 231 119 123 105 124  76 122 249 156 180  25 106
  22   8 147 186 244 255  47  60  36 224 203 206 210 173][ 65 140 207 213 180 138 109 183 126 163 114  80 183  35 144 104  99 102
 126  24 177 252 225 110 204 190 246 192 140 200 209  40][ 21 199  97  71 180  11 231 184 126 160 255  66 211  64 157 100 122 204
 110 250 233 176 237  62 188 238  39  68 109 187  80  36][ 71  57   3 168 121 135  90  80 175 200 218  69 143 207 115  80 206 185
 255 213 141  11 194 220 155 220 139 234 142 167  35  81][181  69  73 175  52  10 110 248  52  98 251 199 115 103 155  80 126 204
  63 238 237 146  77  47 246 239 175 132  45 243 122 144][162 249 114 209 215 141 188 231 223 168 112  10 172 156 116   0 174  59
 147  81 242 186  16 255  47  24  15 234  85  28 193 155][ 52  73  95  95  90 195 166 200  54   0 225 226  96 195 173 217 120 248
  34 234  66 179  15 125  52 162 167   0 113 179 100 160][ 73  85 115  69 112 206 107  48 109 232 126   8 211  85 149  52  62 124
 126 110 193 176 241  14 103 188  33   0  66 162  70 113][166  61 226 218 241 166 235 210  27 141 124 135  40 231 247  20  94 235
  19 220 178 154 112 234  62  28 142 234 207 199  98 252][239 172 230  82 255 124 156 202 235 255 189  57  72 252 223 191 175 247
 251  21 182 103 190 226  31  90  85 255 199 117 223 215][223 205 104 227 230  64 127 180  37  66  95 163  89  47 155 115 102 207
  61 239 224 144 141 226 246 237 174 133 175 215 249  91][178 223 114  94  87 215 254 246 221  70 116 142  40 204 183  37  46 251
 131 194 228 191  52 255  55  24   4  43 119 188 230 254][138 185 202 215 100 216 252 119 185  73  94 176 190 189 212  38 170  63
 247   1  81 248 176 227 135 245  18 195  78 204 223 188][152  89  27 191   3 204  53  68 172   0 226   0 188 215  33  64 226  57
 123  64  67 141 146  97 213 161  26  11  16  16  37 186][146 205   6 153 156 130 174 239  20  17 210  18 232  74  56  65 104 131
  31 227 122 143  67 255 176 162 218 200  21  24 177   8][233 240 189 125 112  15 105 189 127 201 118  72 247 119 153 116 148  94
 124   8 235 252 243  31 199 255 117 148  66 160  66  41][235 209  37 111  45  31  77 173 111 125 161  28 222 126  28 255 209   4
 125 110 203  68 251 149 167 250 213 118  90  22 210 124][124 177 152 250 137 229  86 200 171  29 173   9 126 255 104  16 177 211
 249  82  26  67 154 177 251 221   5 127 210  83 175   2][ 66 255   5  27 153 221 133 167 159 254 152  77 166 164 212 133 129  98
 238   5 227  73 123 125 173  18  93 250 154  92  21 125][114  75 199 207  22  26 234 100  93   5 243 230 203  44 180 229 126 212
 174 231 169 187 101 239 180 246 218 128  55 175 245  36][162 184  99  89 100 203 169  71  31 103  84 178  48 140 244  36  89  58
  19   9 195 190 116 215   5  28 154 232  87 140 246 252][215  73  79 173  50 194 107  64  61 192 195 226 215  86 181 116 246 173
  93 239 233 151  37  78 176 190 138 128  44 179  35 116][191  57  74 164 246 210 122  81  49 200 124 239  57 251 211 144 122 238
  23 253 191 154 132 206 126  13 175 233 175 164 250 211][157  82  87 161  50  10 122  80  61 192 243 229  95  79 169 208 182 165
 127 246 237 149  21 206 178 239  34 132 111 183  35  17][124 125 105 103 141 111  87 240   2 228 172   9 115  53  19  16  24 244
 109 106  72  51 249  58 243 207  37  53 115 251  86 114][ 90 156  30 190 187 228  57 166 174  83 138  21 253 255  32  83 167 115
 253 129  50 201 155 255 235 247  90 203 128  65  37  91][167 197 231  71  92  27 238 248 125 240 251 198 209 104 157 167 120 196
 126 239 225 240 109 253  36  42 231 132 111 191 112 180][212  83  94 191  42  10  93 184 164 150 150 245 247 103 139  91  38 245
 109 231 232 197  15  45 224 227 106 144  44 177  41  89][ 44 253 104 106 221 255  71 253  82  44 109   8  19  85  26  48  25 154
 198 122 122 186 120  63 111 205  37 125 115 219 222 226][  6 141 128 158 148 163 142 239  22   3  89   2  96 232  56  64  89  74
  51 163 114 168  11 191  40   6 143 132 149 122 176 136][111 189 252  18 239 249 212 239 251 255 188 189  42 188 214 191 175 199
 238  21 190 107 239 240  58  91  85 255 199  92 206  95][ 53  71  73 175 116  10 110 248 116 226 251 198  83  99 153 112 122 204
  54 238 233 146  77  46 244 174 167 132  45 243 114   0][ 73 141 159 247 180 142 111 183 254   9  94  64 254 179 160  96 163 110
 126  24 211 184  35 111 237 191 118  64 136 192 193  41][191  40 224  63  69 189 208  64  95 167 225  27 170 200  87 140 152 235
 194  87  14 246  78 179 135  93  17  59 215 125  91 198][ 74 249 167  30 123 221 183 180 142 245  14  44 252 245 231 166   3 114
 235  74 193  73  58 125 109  23  85 187  22  63  21 127][253  79  71 175 134  18 110 132  85   0 250 131  75  43  57 224 126 222
 174 195  76 178 205 164 182 227 142   1  39 255 248   4][122 113  97  12  93 219 213 101  65 228 236 139  42  12  23 180 232 188
 195 225  76 187 245 156  51  85 128  59  99  30  86  94][111 255 212  86 251 248 127 183 251 255 190 188  42 118 198 191  39 246
 238  24 247  75 239 239  62 126  85 179 231 212 206 125][ 52 117 125 101 114  79 103 248 116 160 115  66 215  23 137  49  62  92
  86 106  97 240  89  12 101 138 101   4 105 179  67 177][ 28  66  78  77  90  19 160 120  36 128 254 230 113  67 169 208 120 172
 170 168  72 177  69  28   4 167 163   5 113 162 104 160][230 166 230  84 239 120 188 207 251 255 188 187   8 252 215 191 175 247
 255 145 182 111 174 194  63  91  93 255 199 116 223 199][105  41 115  71 116 206 107 112 125 160 111   8 243  85 149 180  56 252
  82 106  65 184 241 110  55 188   1   0  67 162  70 160][ 99  41  10 168 120 133 122  86 175 200 248  77 189 143  49  80 204 169
  95 221 139 155 210 220 183 221 171 168  24 130 114 153][169 180 245 127 124  15 105  29 127 123 119 120 251  17 156  53  23  28
 118   8 227 244 249  19  71 251  49 164  74 136  66 169][ 36 111 202 165 242  11 111 222  49 166 126 237  87  99 211  16  63 220
   7 238 200 146 197  42 246 165 165 164 173 243  98 145][163 240  33  91  69 221 169  85  95  81 113 214 168 156 116 173 204  56
 147 153 147 254 118 241   5  24 218 106  95  12 215 252][ 34 205  98  94  85 209 254 228 145  70 252 131 104 222  55  21 248 235
 147 198 108 187  62 255  51 124 134  43  87  30 126 222][158 237 106 227 166  16 127 244  37   6 222 163  89 107 159  87 114 197
 253 234 232 144 141 234 246 233 239 133  47 247 122 130][ 63 254  78  78  19 146  94 248  49  14 237 175 107  96 143 149 124 238
 196 238 236 211  47 191 242 231 161 147 127 183 106  93][ 53  69  99 107 180  11 111 184 116 160 251  74 211  96 153  96 122 204
 110 234 233 176 109  62 188 238  39   4 101 187 242 160][ 51 239 110  73  94 155 234 239 127  36 254 239  43   8 151   4 110 170
 238  93 198 186  69 255  62  94   2 211 127 142 121 141][ 95 251 103   6 162  18 175 245 232 196  95 230  93 228 190 167  54 101
 244 239 193 209 172 236  48  40 110 128 111 182 163 245][ 24  72  31 253  58 224  49  66 172  21 206 161 189 215  33  74 102  49
 239 144   2 137   3  73 197 160  42 139  48   0  37 107][108 237 184 122 217 237  87 152  35  53  44   8 223 243  73  16 145 218
  65  90  26  67 250  49 235 221   5 125 210 243 198  34][ 67  89 179 156  61 236 177  70 238 200  74  66 190 152  33  96 224  59
  59  17 131 169 178 253 145  60  26  10 144   8  33  43][218  95 106 190  51 182 123 118 189 206  94 167  45 238  51  81 230 235
 149 199 228 157  52 239 243 119 186 131  46 245  63 223][ 87  76  95 141  18 142 111  96  61 130 195 130 215   6  49 112 118 165
  28 239 105 149  53  78 177 174 138   0  37 179  33  32][120 125 185 119  93 207  87 119  97 228 238   8  50  53   3  48   8 254
 113  74  72 186 240  46 247 173   5  49  99 122  86 122][130 190 191 222  83 204 177 103 189  95  84  19  44 223  44  65 166  59
  19   5 114 253  50 231  87  50  90  75  64   0 167 251][173 190 245  83 253 255 167 223  95 251 117 120 210 116 205 189  29  90
  66  24 179 252 111  55  45  30  21 118 211 221 214 229][ 80 210  14 187  48 166 120  20  54  13  83 245 245   3 136  89 214 173
  61 156 186 156  83  21 196 166 250 192  56 129  33  19]