[196 140   6 159 220 168 230 167 252   3 235  18 228  98  40  81 105 230
 106 170  48 185 205 111 188  38 222  64 128  91 225 128][ 51 203   2 158  84 145 202 224  87   0 216  66  35 200 179 196  88 234
   6 207  78 171  14 191 176 229 138 136  61  31  56 140][173  48 185 227 221 125 211 152  75 249 181  24 223  89  93  59 153 129
  95  63 187  98 251 144 223 217   1 124 218  75  82 114][117 112 249  96 136 110  83 152 107 248 165   8 215 117  73  58  55 212
 125 122 137  98 249  64 223 153 101  52 224 115  70 115][  2   8 146 157 118 169 186  66 157   3  90 146 172 206  60  64 254  59
  51   1  18 188   2 227   4  62 154 194  20   9 177 137][ 44  79 123 109 116  74  87  49  97 200 126   0  91  13  17  48  58 188
  71 232 201 178 100  10 103 237  33   1  99 178 102 243][ 76 122 255 116 106 126  57 152 187 222 246 236 223 215 195 254 167 253
 252 218 129 215 187  64 223 251 117 142 170 241  47 113][ 59  15 102   7  85 154 238 119 125 228 126 199 106  40 182 196  62 174
 134  45 244 185  37 206  54 126 144 131 111 142 250 220][ 89  92 119 117  16  30  70 182 117 226  98  68 243  48  21 245 144 100
 124 111 237 252  85  47  35 254  85   0 106 176  74  60][196  44 138 151 204  11 166 231 252 162 170  26 228  34  65  67 105 230
 106 170  96 255 205 106 188   6 223  32 129 122 193 136][220 160 155  44 137 105  17  73 178 255 165  25 214 213  74  59 145 220
 232  48  58 103 235   0 217 241  85 127 192  96 135  98][131 248  59 218 118 133 187 220  95  72 116  94  60 221 245  37 254 185
  23  78 227 126  56 249 117  24  54 170  91 153  97 249][ 33  33 115  71  52  79 103  57 116 232 115  72 243  21 132 181  56 190
  70 106 201 184 117  12  37 168  36  16  97 170  70 168][ 89  27  79 239 114 131 111  49 164  64 127 230 115 103 177 112 118 164
  62 238 137 145  45  61 118 239 162 128  63 163  96 113][202 172 134  16 155 185  49 143 190  55 128 189 172 226  66 223 131  11
 234  17  54  79 238  83 152  18  95 127 128  68 143  78][104 224 151 116  65 204  48  71 187 187  38  24  46 151  64 190 129 188
 224  16  25 223 130   0 155 215  84 115 194   0 134 162][223 191 173 119 186  61  63 248  55 250 215 245 123 253 207 123 181 254
 253 246 174 208 235  63 255 255 117 134 227 247  38 119][ 36 172 209 139 220  43 230 234 126 178 232  82 196  98  73  82 121 203
  74 186 114  42 207 122 188   6 143 124 209 122  99 128][146  85  58 172  58 213  95 104  61  12 253  41 255  94  43  81 254 155
  29 227 106   3 122 223 241 241  42 187  16  19  39  83][168 137  82 216 209 249 176 103  92   1 108 178  42 172  38 240 200  59
 162  16  23 186  66 183  63 245  18  75  83  12 236 158][140 141 104 202 221 183 218 250 214   8  93   2 121 249 180 224  90  42
 147 249 178  40 110 191 111  77 175 249  55 143  88 138][ 35 249  17 186  57 205 146 236 143  89 152 173 166 220 108 132 205 107
  74  87  71  11  90 241 168  20  29 122  88  15   1 223][ 79  67  97 134 116  28 111 176 233  68  31 199 205  79 151 246  38 196
  63 110 197   0 172 238 166 125 166 140  46 183  89  85][ 26  93 118  28  91 203  85 102 231 100 236  41  46 151  35  85  34 179
 203  64  98 137  48 253 115 112   0  51 114  20   6 110][153   4 234 101   3 122 127 114  97 130 238 130  91  47  18  50  58 236
 241 238 200 178 181  10  83 237 192   1 103 230 110 232][154 184 151 248  11 225  16  71 191  21 224  49  46 223  96 217 227 187
 175 144  26  79  18 209 211 243  26 107 242   4 167  26][ 55  59 196  69 176  27  66  16  49 172 127 237 195 100 151 148  28 236
 228 126 156 208 237  12  14 122 229 132 239 175  90  85][161 107 169  37  76  15 199 188  82 238 180  77 131  41  87  26 152 236
 100 111 204 118 253  58 103  25 101  52  65 184  82 236][101 115 185  71 116  14 227  24 106 168  59  76 214  81 221  50 148  68
 108 126 129 176 249   0  69 189  33  52 200 179  67 161][ 42 159 122 236 114 197 123 119 165  72 124 161  61 215 170  80 254 187
 151 160 194 155  34 127 255 237 170 200  48 130  38 251][114  64 109 197  76  95 205 112  85 226 247  11 115  45 148  45 120 228
 127 239 201 243 117 140  87  42 208 144 103 173 116 248][233 120  23  84  97  94 101 180 113 234 102  88 122  23 133 183  16 244
  96 106  97 116 243 110  53 250  69   2 106 176  66  60][201  12 255 253  36  42 109  55 252  90 118  80 189  35 144 107 102  52
  62 136 161 220  33 200 198 251 242 128  68 192 225  41][  3 142   3 153 148 179 170 103  28  65  90 199 172 238 176 196 127  43
  19 149 151 152   5 255  44  54 154 192 156  76 177 220][192  48 191 124 106 200  49  82 238 218 242 104 188 215 192 114 166 125
 126   0  65 109 162  64 213 176  35 170  64   0  39 187][223   5 102 103 163  58 126 184 113  26 175 216  91 111 153 243  54 214
 125 238 232 212 237  46 247 235  97 149 102 247  74  37][123  89 225 196  77  86 205 112  81 226 215 206  88  45 148 111 124 220
  55 207 201 242 245 192  23  58 216 152  63 191 112 244][217 249 157  48 170 205  84 134 175 113 162  41 191 183  65  91 131 215
 125  80 111  77 147  49 249 243  92  62 168  16 135  90][  1 141 115  79 118 155 239 246 124  72 122  66 251 188 180 228  62  58
  22  78 193 184  36 127  36 174  32 128  93 138  65 173][  2 141 106 141  84 130 175 103  84   1  90   2  48 170  52  64 122 171
  19 129 210 154   0 223  52  44 138 192  21  10 241 136][ 34 201  66 136 118 129 174 231  14   0  88   2  44 136  48  64 122  43
  19 193  66 186   0 253  52  20 138 200  85  26 177 136][105 173  28  69 217 159 103  55 237 172 110  76 242  48   6  54 128 166
 104  44 204 184 113  29 103 255   4  16  74  64 202  14][ 80 163 126 115 186 200  21 175 170  61  63 184  87 183 202  18  35  31
 237  16  18  89 170  21 255 197  53 247 224 128 135  99][ 70 168 215 247 116 138 234 160 251 145 243 202 239 107  28  27 187 247
 127 195  32 249 138 237 156 190  95   0  68 163  67   8][ 68  39 219 228 238   9 238 234 170 146 184  74 213 235 117   2 171  65
  75 111  80  35 138 200 188 152  79  44  69 250  99 160][123  89  99 194 213  93 111 148 101 104 214  74  75  28 183 230 232 134
 255 207 205 187 117 224  55 124 152 130 167 159 116 124][165 108 238  87  96  42 239  48 240 134 247 156 243 101 151  27  14 228
 110  46 232 244 239  44  70 187  97  16 109 251  66 176][ 73  16  27 108  99  12 113  51 105   8 102  68 190 211   8 112 182  60
  84  40 193 144 145  77 199 253  48   0  74   0  99 169][ 37  53  57  97  60  15  67  57 108 232  46  76 211  17  17  48 152  12
  86 126 217 176 113  28 237 157  33 116  72 168  82 177][ 78 241  48 155  63 217 186 200 175 116 157 163 204 222  78 192 247  49
 223 211  86   1 201 215 255  85 139 255  22   7  45  87][220  52 252 113 170 111  88  27 123 179  39  24 223 121  76  27  23 215
 108  56 184 228 219   6 203 223 117 116 224 225 194  35][122  89  58 190  49 140  23  33 233 140 238  13 110 219  39  80 224 165
 173   5  76   3 146 252 241 249  10  59  16  38 103  74][ 74 144 180 251 139 244 184 139 191  81  71 181 140 255 106 202 199  27
 187 145  22  73 155 241  79 119 218 207 154  68 173 210][142   2  37 249  41 165  73   1 175  21 167   0 136 135 101  91 200  16
 235 144  74  69 115 144 197 241 202  90  18   0 116  98][ 56  81 122 229 243  22 127 119 165 134 110   6  27  23  38 112 246  22
 151   8  76 153  48 142 115 237 166 129  43 146 228 219][ 75  50 254 109  57  94 121 121 175 253 246 173  15 159 150 188 150  53
 253 132 133 217 243 221 207 251 113 199  78 132  47  95][214 228  82 167 147 110 126 232  61 162 251  17 207 246  43 212 247 255
 238 227  45 151  25 238 185 246  15 134 161 119  35  70][165  81 111 101 116  75 227 120  84 224 118  46  83  29 189  33  88 220
  23 122 233 176 117  12 119 137 165 148 109 185  80 178][ 75  50 103 237 105 215 121  88 175 204 213 229 157 159 210 246 198  61
 255 157 131 131 227 209 214 249 171 235  62 132  61 241][160 197  53  89  25 205 213  47 126  53  37  24 146  21  12  53 137  26
  66  40 114  60 115  23 101 152  16 119  82   8 198 162][122  81  90 228   3  14  95 103 169 132 110   5  11 154  39  80 246 189
 149  32  76 155  48 140 243 237 136 131  40  50 230  75][143  90  71 187  36 146 232  48  60  74  83 247 253  74 179 233 254  33
  55 207 165 144   7 245   4 123 250 192  60 149 121 221][201  60 156 117 170 126  49  30 186 178  38 152 149  55 193  59   7 118
 232  24  32  76 243   2 207 235 117  56 194 240   7 251][ 90 217  62 182 107 201 181 166 236 204  14  47  44 184  50  66 160 103
 251  65  68  41  18 253 248  35  94  91  88  20  37  91][182 202 246 126 104  21 222 248 145  30 113 249 106 253 253  31 223 125
 245  71 236 119 202 178  82 254 117 191  87 253  86 199][209 209  95 110  10  78  85  53 224  82 227  32 119  19   8 115  34 244
 108 234 105  39  59  13 241 171  96  24 104 178 162  59][195 190 151 154 170 169  37 167 190 219   8 252 236 230 234  63 135  99
 104  21  55  77 138 115 136  50  95 122 152  84 131 125][ 56 165  80 104  85 203  86 232  69 172 248   9  67  73  32  16 216 136
 198  98  72 179  72  31 251 221   5  53 115 138  86 130][151 149 119 123 178 132  94 235  63  51  75 145  92 255 124 112 183  31
  49 149 250  25 155 247  59 254 141 102 149 198 161  38][109  49 249 101  40  79  81  24 107 228  36   8 223  23  77  58 150 212
  76 120   9 112 241   8 207 217  37  54 234 162  70 113][  2 156  50 153 243 229 186 202  30  67 120 163 172 222  32   0 255  59
 147 129 146 190  18 247   5  22  26 206 213   5  37 211][ 14 203 246 147 247 209 186 192 175 180  31 163 204 206 111 206 239  49
 187 213  22 145  43 244  14  84 143 199 151  47  45 215][ 82 205 155 190 182 128 127 189  59   9 218   2 253 254  32  64 246 127
  61 193  82   9 139 239 248 245 174 138   4 146 161   9][225 133  21 123 157 205  69 173  70  52 161  24 210 113   8 113 193   2
 104 106 122  40 123  53 233 186  69 124  80   8 192  32][ 31  52 171 115 255 245 187 218 151 221 157 179  89 253 223  46 253 250
 223 149 175  83 234 130  95  95 191 239 167 229  54 247][242  50 100  12  91 214 146  72  49 164 225 139  66  76  23 150 188 245
 233 227  12 227 215  78  19  38 137  27  97  39 126  86][ 45  61 234  75 116 247 179 218  86 201 253  34  18 220 191  36  92  58
 146  61 170 179  61 190 123  13  37  96 215 207 116 245][ 88 249 159 254  42 204  23 188 190   2 226  32 255 247   1 114 166 119
 124  66  67 205 187 107 241 229  54  10  32  50  39  59][ 52 101  66 225  84  11 234  64  41   0 250  10  11  10  53  16 122 137
   6 226   8 178  65 206 182 220 130   0 101 155  98 128][ 11 115 105  65  74  57 185  84 238  85 117 231 157 143 214  43  46   9
 223 220 135 116 247 208  70  73 122 236 111 133 139 213][129 206  85 223  60 143 111 188 221  30 116 212 189  67 180  85 194 104
  14  78  99 172  99 255 164 186 114   0  26 152  97  56][239 246 249 102 105  94  95 184 187 254  53 237 223 127 223 191 151  85
 245 110 229 101 186 203 199 255 101 190  78 247  79 117][ 75 178 238  93 123  94 121 123 115 253 118 173  56 159 214 189 182 189
 245 180 135 218 183 221  95 127 113 239 111 164 110 255][214  68 182 222 157 198 190 232 188 130 203   2 236 242  41 192 241 245
 187 227  32 151 155 238 249  54 207  19  20 123 181   6][ 10 177  48 152 211 213  25  75  31  77 117  33  44 223 102 116 223 155
 151 145  26 154 112 213 223  85 154 239 146   6 167 247][ 70 237 247 246 252 171 222 174 251 178 187 217 239 235  93  19 191 247
 127 231 112  99 136 254 186 158  79 126 197 243 195   0][ 32 220 120  95 116 207 255 254 126  11 126   0 115 113 162  48  31 122
   6  72 227 184 121  63 103 175  48 128  81 209  70 169][ 75 155 239 119 179 222 121  23 191 221 110 181 253 247 150 244 247  63
 189 148 179 216 183  93 111 255 247 194 234 164 173 123][ 66 186  30 186 137 225 144 199 206  29 136  49 164 252 102  10 193  51
 234  17  22 107 202 241 201  18  94 123 208   8 173 143][107 228 224 109 233  28  77 191 115  99 252  92 235  40 158 182 155 198
 124  12 223 126 247  31  38 254  20 176 110 212 218 108][  5  54 127 229 116  47 239  49 124 170 115 108 215  49 145  56  62 252
 126  42 161 244 241  78  68 175  99 128  76 235  67 161][114 169  34 186  15 192  17  71 175  21 128  11  38 219  98  80 224 163
 123 129  74  11 146 241 145 176 154 123   0   0 183  74][ 66 157  13 245 168 108  44 167 136 186 142  40 148  55   1  99 133 119
 253   0  49  73 211 149 173 179 222 251 136 120 133  58][ 38 190 173  80 173 253  84 219 251 251 184 125 130 253  95  56 153 202
 196  17 159 116 250  50  15  30  85 119 192 125 214 215][131 141 226 150 246 179 190 103  28 195  90 215 172 174 182 225 239 107
 147 135 245 152  36 238  60  62 222 130 140  92 185 221][201  12 255 117  36  46 105  19 120 218 118  80 147  35 145 123   3 100
 108  40 161 252 225  10 198 251 112   0 192 224  67  41][ 50 203   7 172  28 131  70 239 149 128 240  71  35 170  36  65 232 225
   6 224 105 171   2 189 176 162 207  58  57  56 240  12][131 141  37 159 148 224 171 174  28  65  72  66 244 126 182 101  99  35
  19 141 179   8  47 255  45  54 138 202  20   5  53 236][134 195  46 145 130 159 185  72 174 180  26 135 204 206 110 192 183  57
 251 245 130 145  43 212 140  80 143 231   5  46  37 245][ 95 158 253 247 183  94 127 187  59 223 182 167 255 127 159 127 247 247
 191 167 253 235 255 239 254 255 255 195 175 244 109 125][ 77  95 123 103  36  30 126  48 105 200 127 100 251  75 149 112  54 236
  92 110 205 176 181  44 230 249  32 128 110 179  74  49][109 149  17  68 245  62 102  59 121 234 106  76 210  49 132 181 145  70
  80  42 241 186 113  14  39 254  69   4 202 226 194  33][167 105 234  68  94 139 239 212 209 164 116 138  16 201 247  36  58 236
  19 255 192 250 164 234 117  12 133 168  69 186 118 236][105 117  61 109  61  79  71 188 114 232 172   8 242  21  65  48 152  92
  92 122 105  98 251  30 239 223  37  60  64  59  86  42][  3  79 127 221  54 139 174 101 252   0 114 226 112 200 181 225 254 177
  23 231 233 189   4 239  48  62 170 128  77 184 113 168][  2 159 230 151 246 162 188 167  25 247  90 183 172 174  38  67 231 127
 179 133 244 216 133 231  44  54 222 194 140  92 189 221][  2 159 230 157 230 162 188 103  28 198  90 183 140  46  38  67 111 111
 179 133 244 216   4 206  44  54 222 130 156 124 169 221][127  45 131  32 185 127  67 194  43 236 138   8 143 166  83 244 129 228
 252 117  25  27 240  10 153 213 139 119 160 101  31 116][179 212 105 204  76   7 207 123  87 226 244  10  80 249 117  97  93 216
  55 170 233 119 123 154  87  14 215 188 119 248 112 161][ 41 149  83  76  48 111  99 120 101  72 251  72 211 181 140 180  24 156
  70 106 137 177  53  13 165 184  32  68  67 163  66 160][200 156 190 254 171 228  61 151 189  27  78  16 188 183  33  91 231 115
 187 144  50 205 178 227 195 255  90  75 130  80 165  59][  1  19  31 152  58 197 147  72 142 120 140 104 244 214  99  96 212  56
 234  97   2   3  42  29 209   0  43  63  16  10  37 227][206  56 182 124  11 168  17   2 170 150 130 169 204 231  65  91 135 117
 233  83   0  69 155  64 217 242  79  27 130 101   7  98][177  78  11 158  78 131 167 118 148 224 194  70  53 162 163  64 104 228
  42 206 105 159  52  63 240 167 234  16  57  58  49 232][  1  48  27 109  81  14 113  23 104  72  98  68 190  19   0 112 182  60
  64  40 129 184  49  77 199 189  16   0  72 128  99 169][  8  58 183 113 106 232  49  83 236   9 114  96 188 151 192 124 166  63
 110  16 129 249 163  64 213 240  50 130  66 128  39 185][144 203  86 157 118 146 166 228 156   4 240 231  40   2 166 197 106 107
 138 228 102 173   6 239  50  32  34 131  29  28 237 157][107 175 100  68 253  59 202 175 233 173 190 205 107 104 150 180 152 134
 204  44 188 235 109 255  62 127   5 211  71 206  90  77][  2 137  75 141  84 130 175 119   4   1  88   2  48 170  48  64 120  43
  19 201  82 154   0 253 100  36 170 192  21   8 241 168][ 17 157 123  79  54 155 235 112 124  64 126 226 251 245 180 224  62  58
  22 104 225 184  36 125  38 173  34 128 125 170  97 169][105  48 176  86  73 221  81  17 235 175 181  24 170 147  78 190 128  54
 236  24  23 110 242   3  71 221  80 123  75   0  79 143][107  89 227 204  77  86 236  88  73 224 255 202   8 188 245 230  92 237
 183 207 205 242 245 192  23 120 202 170  31 191 112 244][101 107 233 101  52  10 231 152  96 224 122 232 211  64 153  16  18 204
  68 110 201 176 205  40 244 173  37  20  77 187  82  32][ 86 100  86 166 147 110 126 232  61 162 251   9  79 114   9  84 255 221
 127 227  44 147  25 238 185 246  15 135 161 115  35   6][ 56 183  88  42 121 139  82 248  51 168 232 105 103 225   8 144 153 250
 196  98  40 163  72  31 251 199  37  61 122 170  78 131][231 102 205 119 224  42 236  57  57 186  51 220 219 106 221  27 183 213
 125 171 233 212 207  64 164 186 237 132 109 242 194   1][143  26 195 191 102 146 232 144  60  75  83 247 253 234 177 232 126  41
  55 207 133 144  39 227   6  62 250 128 190 165 113 221][ 92  50 179  72 169 104  17  73 179 183 225  40 142 149  72  62 145  28
 232  48  26 119 170  18 217 180  81 127 194 100 135 103][189 112 189  99  45  47  67 152  83 250 181  28 211  89  89  59 153 196
  93 126 169 102 249 130 223 217   5  52 203 251  82 114][ 79  58 246 113  99  63 121  88 123 252 119 188 223 223 199 188 183 125
 253  28 133 208 171 192 223 249  97 231 194 229  39 247][ 68 232 214 158  84 138 234 232 186  17 227  66 229 226  29  25 123 229
 106 203   2 225 142 109 156 178 203  64  69  35  99 128][203  50 126 105  41 223 249  83 239 109 246 189  15 159 150 254 134 149
 255 149 135 175 243 208 211 249  48 211  79 132 111  95][ 14  99  38 129 255 145 186  72 175 180  27 167 204 206 127 196 247  57
 251 247  70 145  42 208  62  80 143 239  23  15  45 215][ 39 190 237  81 252  45 144 203 107 187  56 105 150  60 221  58 143  95
 117  21 146 124 203  34  12  30  53 246 204 120 210 147][ 46  32 227 244 124 240 184  72 147 209 144 171 121 221 221  42 223 125
 255  17 142  67 174 128  94  95 159 191 134 252  54 199][ 76 173 189  87 173 120 181 143 250 191  38  56 210 117 205  47   1  86
 232  24  50 104 235  32  79 155 117 117 194 121 197  43][182 202 246 253 108   1 220 232 155 182 112 249 103 233 253  10 159 125
 117   7 232 246 202 227   2 190  93 190  85 248  66 129][  3 141   3 137 150 166 171 103  28  65  90 198  52  34 180 100 123  43
  19 157 147 152  37 255  44  46 154 192 156  14 177 252][ 88 221  27 174  50 130 127 253  60   0 218 226 125 215  40  80 246 255
  61 225  66 153 129 255 248 229 174 200  52 130 161  57][ 82 123 154 164  42  80 178  68 232 136 214 163 173 154  35  98 230 117
 236 193  68 137 134 192 240  37  42 139  37  21  47 143][ 97 175  41  37 236  15 229  55  96 236 120  77 178  41 150  19 136 110
 100 109 217 250 225  29 101  24 101  48  64 232 210 233][180 173 148 147 214  43 230 237  62 179 171  26 198  98  76  11  57 207
 106  51 114 115 201 246 188 134  79 116 193 123 211 130][ 33  57  31 101  53  79  97  51 104 224  46  76 150  17  65  48 160  44
  88 108 209 248 177  12 229 217   1  16  72  32  67 168][214  69 146 142 157  70  62 232 188 130 203   2 204 242  45 196 241 213
 255 227 104 135 153 254 185  54 143  31  20 123  53   6][ 68 237 128 151 204 169 230 229 254 178 233  26 196 226  73  11 121 238
 106 218 112 114 206  98 188   2 207 108 129 123 203 128][ 90 251 212 190  58 152  30 178 171 216 152 237 175 238 131 210 166 247
 237  71 199  73 207 109 180 243 106 186  44 165  11  29][208  97  11 228  24 206  87  96 184 164 128   9 135 135   1  16 184 253
  77 100 104 195 176  10 243 225  43  57   0  49   7 114][ 44 116  98  74 119 251 146 218  86   9 125  34 115 217 189 160  95  56
 147  57 162 179  44 191 107  79  37  97 215 223 124 161][ 32 203  74 190  92 209  70 230 150   4  76 131  33 200  50  64  72 234
 130 197  78 170  14 191 114   5 138  41  53 156 124 202][ 23 132 113 121 186 135  88 107  63  51  67  17  92 255 124 113 183  27
  57 165 250  89  27 215 187 222  31 102  21 128 161  34][ 70 172 214 244 252 139 236 235 187 178 184 202 228 234  93  19 187 231
 107 169 112  99 138 223 188 158 207  60 197  96  67 128][100 253 151  50 177 238  54 135 191 247 170  25 198 182   4  16 149 119
 232  16  48 217  24  46 233 246  85  87 192  84 135  90][214 241  56 169  58 217 186 200 174 116 157 163 157 223  47  64 246 177
 223 227 102   1 138 223 247 229 171 253  20  19  13  83][168 143 104 251 189 179 218 250 214 132  93   3 249 105 176 225  91  42
 147 249 178 168 122 191 110  79 175 233 183 139  88 138][108 189 157 101 185 111  22 167 187 179 170  24 214  53  64  26 135  87
 232  48  56 105 217  54 237 215  85 118 192 112 130  50][116  49 249 101 104  78  81  24 107 232 166   8 215  23  73  58  54 212
 125 120 137  98 241  72 223 153  37  52 224 178  70 115][ 24 157 123 237 114 135 123 123  53  72 124 227  61 215 160 112 126  57
  23 168 194 154  32 223 118 173 170 136  55 130  37 251][212  81  56 168  58  64  31  40  60  12 213  33 157 223  43  80 246 145
  95 227  98   7  82  95 245 245  42 189  16  19  47  83][ 99  81  57 204  77  93 210  45 207 168 189  10 202 220  52 230 220 180
 251  43 205  35 243 221  55  61 129  59  91  42  88  38][ 81 249 153 239  42  76  87 184 115  74 232  72 255  87   9 114 182 221
 124 106  75  98 251 123 241 253  36   8   8 179  35  59][252 104 156 176 201  73  80 200 179 183 164  25  15 219  75 155 137 217
 235  82  42 103 218  48 219 195  85  63 226  25  14 130][ 92 116  30 230  41  76  85 185 169 186 173   8 223 255  73  19 135 213
 125  98  72  71 218  32 251 249 101  63 224 115   6  35][115  81  98 199 213  92 126 180  41 200 254 199 107  14 159 244 252 206
 149 238 205 146 125 232 179 120 134 131  47 158 250  92][ 43  97 227 204 109  22 172  72  91 202  89  70   8 234 244 238 254 237
 179 237 133 242 174 200  22 120 203 174  31 127 120 181][160 107 106  78  86 131 167 117  80 132 124 170  48 201 247  36 122 232
  19 202 192 186 164 106 116  12 165 169 101 186 126 232][161 168  16 155 125 189 224 207 223  25 112  88 182 152 116 168 201  42
  34  25  55  46  82 183  15 158  18 122 216   8  88 142][180  78 125 229  36  79 119 144  16 234 118  10  87  29   1  57 187 212
  21  98 105 180 105  42 231 203 101   5 101 187  84 160][  2 157  50 137 243 231 186 194  30   1  88 162 172 158  32  64 239  59
 147 145  18 186  18 247  29  20 154 194 149  77  33 203][ 43  34 232  49 113 216 185  86 107 245  53 157 141 134 210 188  42 141
 194 157 150 254 245 192  95  89  26  99 199 132 111 222][ 74 174 164  16 249 249  52 239 190 119 132 185 172 230 194 222   1   6
 235  21  54  77 239  87 156  23  95 127 130  68 143 222][101 123 123 101  52  14 111  48 105 200 122 100 215  91 145  48 214 237
  92 110 201 176 225  46 230 253  32 128 108 179  66  49][105 149  17  69 241  62 102  59 121 234 110  92 214  49 140 181 149  86
  84  42 177 184 113  14  39 254 101  20 202 226 203 165][165 165  61  99 157 127 192  41 110 113  35  24 214  28  72 169 145  16
  74  58  55 116 121  20 141 219   1 119 208  10 199  38][101  72  47  78  69 198 193  32 229  72 239   0 114 212  53 116  72 164
  50 202  73 179  54  45  17  42 192   8  81  35 116 100][123  89 101 197  77 199 237 114  69 224 254  10  90  61  20  47 104 244
 115 203 201 250 243 148  87  58 192  18  87 173  84 244][ 32 220 120  95 116 207 127 254 126  15 126  32 243 115 136  48  31  90
   6  72 226 184 121  63 103 159  52 192  81 208 198 171][  5  36 191 231 116  46 107  48 116 226 103  68 215 115 145 120  30 108
 122  46 177 240 113  14 229 175  99   0 200 227  67 160][120  53 251  96  81 204  83  80 163  69 173   8  31 151  67  48 150 189
  81  80  11   3 176   2 243 221   0  57 226 131  70 114][  3 221 230 151 246 144 190 230 190  83  90 247 108 238  62  65 247 107
 179 199 247 216  14 239  44  54 222 194 141  92 185 221][ 34  49  26  24 122 137 145  72 138 196 161 173 164 196 111  36 158  57
 202  97  66  35 254  93  17  20  11  59  80  10   7 246][ 66 249 159 247  15 200  55 134 174 182  10   3 180 183  97  74 163 119
 249  64  64 201 178 161 199 225  95  51   0 120  21 122][ 72  60 190 117 160 174 125  23 233 155  62  16 158  51  64 122 165 119
 108  24 176 249 179  98 207 255 118  64 194 209 195  43][207 236 175  95 154 164 175 191 254  19  70 144 253 227 216 107   7 123
 121 158 242  76 190 123 111 111  95 200 134 241 161  40][ 68 204 134 159 220 136 166 228 252  19 227  18 228 226  40  73 121 230
 106 218  50 251 223 127 188  38 222  72 177  59 225 128][ 65 216  20  69   5  30 102 180 113 234  98  68 242  56  20 244 148 100
  52 111 205 248  81  45  39  62  85   0  74 178  90  29][205 254 191  30 218 182  63 254 182 219 207 244 116 247 169 107  53 127
 250 174 243 223 191 127 120  39 127 142 138 247 163 245][ 60 253 232 206 221  83 199 255  87 228 252  15 115 125 191  36  89 206
 151 251 255 251 125 191 127  79 165 245 247 254 212 254][242 182 189 117 178  14 156  59  62 170 178 121  86 125 157  17 189 149
 125 161 249 199  65  94 249 174 255 150 205  96  19  59][ 24  73  90 254  22 195  99 224 148   4 238  34 119 195  33  64 120 248
  10 194  74 155   8  63 241 167 162   1  48 155  36 170][ 52 237 232  69 146  90  70 190 117 230 110 135  99 104 151  16  57 206
   4 236 236 184 117  46 110 238 133   5 103 252 214 220][232 189 188 125 249 108  85 191 170 191  44  24 182  51   2  19 129 118
  97  24  58 104 243  41 239 251 116  57 194  72 198  43][  2 140  26 153 118 173 186 194 158   9  90   2 188 202  32  64 247  43
  19 144  18 184   2 247  21  53  58 202 148  73  33 129][ 18 140 210 185  52 168 234 194  60   3  90  18 189 202  48  64 255  43
  23 145  50 156   0 239 132 245 186 192 148   9  49 129][145 207  58 255 176 142  71 182 118  13 110   0 247  83  33  80 119 234
  12  90 106 152  49  63 225 239  52   0  48 145   0  41][208  86  30 169  42   9  57  88 174  60  83 179 159 143  35  73 230  29
 255  83 230  21 169 209 213 225  42 181  20 128  13  81][147 114  46 161  46  23 184  72 174 181 215 135 205 138 118  64 175   5
 255 247  64 193  19 208 136 193 171 197  13  15  33 208][ 82 233  26 186  10 192  49  70 174  21 202   3  52 211  98  80 232 171
 107 129  66  11 130 113 209 160 154 123  16   2  39 138][ 88 177 186 126 139 204  85 125 163  23 165  25 127 255 106  18 163 147
 253   0  90  79 154   1 211 193  80 123  96  66 175 115][ 43  89 225 220  77   7 205 122  87 162 244  10  72 249 116  45  92 252
  50 106 193 123 123 217  31  26 213  62  87 172  80 172][ 18 128  85 248  62 131 200 107  63  49  66  18  20 219 124  81 179 157
  49 185  26  91   3  85 152 158 219 102  21   0  33   2][113  33 249 101  16  78  73  88 105 224 163   8  19  23  69  50  62 148
  92 104   9 243 241  72 209 136  33  52  97 162  70  32][ 16 201  10 173  22 130 232 117   4   0  80   2  53 139  48  64 106  41
  23 193  72 184   0 157 224 225 170 128  53 136  49 136][105  50 177  99 109  93 208  25 107 235  53 125 174 221 206  60 158  28
 228  16 151 118 227 131  71 221  49 122  74 134 198 215][ 12 141 108 251 253 243 250 248 214 132  93   3 249 105  56 193  91  42
 147 233 182 168 106 191 110  79 173 201 183 139  88 130][ 17 125 187  37  21 206 247  55 232 194 106  12 182 145   0  50 160 108
  72  64  65 189 176  41 225 173   4  18  72  48 195 186][ 86  43 179  72 203 249  18  67 171 164 104 168  14 151  69 188 183  60
 233  16  16  11 130  66 155  52   5 127 194  36 135  39][116 204 134 158 205  10 102 238 186 146 226  27 102 226  41  91 249 230
 106 131 104 231 219 107 177  38 223  27 129 120 242  14][181 174  67  76 211  43 199 251  81 162 232  90  98  97 157  20 121 238
   2  42 249 182  69  63  60  46   5  38 107 252 114 164][ 43  89 163 204  77 151 238  70  79 224 248  74   8 184 116 230 204 253
 179 203 197 186 242 224  55 120 219  42  87  61 120 140][189 107  68 101 172  27 206 248  65 160 180 232 195  97 209 135  24 204
 196 111 201 242 205 136 164  80 229 181 111 255  90 164][ 64 160 214 148  92 136 224 107 250 146 224  10 228 226  64  19 121 165
 106 168  32 106 198  77 156  38 207  44 193  40 107 136][184  13  97   5 148  10 198 175 112 162 234 201  51  40 149 144  25 230
 192 108 232 184  85  14  44  47 165  20 111 252  86  40][ 50  34 169  65 126 143 120  81  47 185 209 107 128 156 212  40 236 157
  87 149 158 222 225 192 223  88 184 227 165 140  54 239][  3 141  43 205 150 166 171 103  76  65  74   2  48  34 176 100 122  42
  18 173 147 152  53 223  45  44 138  64  20 138 241 104][ 55 213 106 230 213  22 222 245   1  72 255 135  83  60 190 113 220 206
 149 239 221 178 117 172 179 249 134 133  47 190 248 214][183 121  42 162   4   6 222 244  48 108 210 143  25  14  19   1 252 197
  95 231 236 183  81 238 241 201 174 145  77  51  59 218][ 68  32 214 156  68 138 232  72 254 144 226   2 228 194  33  88 122 173
 106 169   2  99 134  93 148 162 203  12   5  32  99 128][ 86  69  82 172 153  70 126 232  61 162 250   2  79 242  41  84 251 221
 255 227 104 147  25 238 185 246 143  23 161 115 175   6][ 74 182 130  24 233 249  49  79 191 119 140 185 172 166  66 220 131  27
 235  17  22  75 230 213 157 118  31 251 146  68 143 222][ 76 181 153 114 185 109  81  11 235 249 169  24 158 247  72  58 129 151
 108  16  27  75 250  19 217 213  21 126 192  64 135  50][  2 157  18 153 246 227 186 198  30   1  90 162 173 190  33  64 110  59
 147 209  50 152  16 255  44  84 154 195 149  64  37 138][220 113 157 246   9  77  85 200 170 178 161   8 159 223  73  27 132 213
 125  82  74  71 218   0 211 217  69  62  64 113   7   2][134  58  94 163  42 169  56  80 173  30  31 227 141 207 195  11  38  49
 207 211   6 133 134 208 198 209  42 139  36 199  15 131][ 35 178 249  99 236  13 240  25 107 169  57 233 254 216 220  58 151  93
 117  21 147 116 203  64  12  28  53 190 204 138  67 137][ 86  93 150 140 157  70  54 232 191 134 202   3 206 246  45  64 241 213
 239 227 104 131 155 254 177 182 143  31  16 123  61   6][  9  57  27 101  21  15  97  55 108 232 106  76 190  17   1  48 160  36
  88   8 193 184  49  12 197 221  16   0  72   8  67 170][  1  48  25 109 116  14  97  29 104   9 115  84 214  19  24 112 180  12
  68  44 145 176 177  77 197 188  48   4  72 130  99 161][ 25  78 110 228   5  90 109 114 245 198 206 134  43 161 179 247 114 228
 172 236 233 149  36 142 242 239 226   1  46 252 120  92][ 72 189 190 114 177 252 117 151 251 155  46  16 190 187  64  90 165 119
 236  16  50 233 178  98 235 255 118  74 194  64 227  43][ 54 233  17  42  91 205 146 232 139   8 169   9 166 220  33 144 140 185
 196  67  78  35  74  63 177 212   9  59  81  47   7 199][ 90 156 150 250 139 228  52 199 191  19 142  19 188 255  96  90 231 115
 187 144  50  73 146 227 219 247  94  75 146  84 165  91][ 32 221 120  77 116 143 127 190 126  45 126   0 243 115 134  48  31 122
   6  72 194 184 105 127 111 191  52 192  80 154  66 169][ 45 116  83  75  52 159  66  24 101  72 255  72 211  80 157 180  24 232
  86 106 137 178 116  29 166 252  33  64 107 187  74 164][ 71  50 221  71 226  14 237  25  58 250  51  92 221 106  93 155  55 205
 125 175 193 244 221  64   4  58 127 164 205 242 195  49][207  32 246 113  98  62 120  88 123 160 247 185 207 223 213  62 182 253
 125 156 132 213 175 192 222 251   1 131 230 165  99 135][218 176 146 250  27 241  16  69 191  21 225  49 174 223 104 220 227 187
 239 144  62  15  26 241 155 247  26 123 146   4 175  30][151  94  71 159  98 178  46 112 116 194 123 230 121 194 165 237 126 233
  38 238 229 149  36 238  20  46 234 128  61 241  41 149][ 44  61 110 203 118 155 178 216  86 193  93  34 248 217 191 160  94  56
 147 121 162 179  46 159 107  15 163 193 215 143 121 161][ 69  91 123 231  36  14 111 176 104 200 115 100 215  83 145  48 150 117
  92 110 201 176 169  44 228 188  39 128  72 179  67  49][ 76 177 153 114 169 108  85 159 122 251 175  24 222 247  72  58 145  94
 104  24  19 104 251   2 205 255  85 124 200  64 135  34][216 137  27 172  22 134  91 125  55   0 222 194 127 215  48  64 118 187
  29 233 106 155  25 223 241 229 170 136  52 130  33  41][173 112 189 227  44  15  71 152  67 250 181  12 211  89  89  59 217 196
  92 126 233 118 249   8 199 219 229  52 235 251  82  50][ 32 201  74 158  92 193 215 230 150   4  92 131  33 200  51  64  72 234
 131 199  70 171   6 189 114   5 138  41  53  29 124 202][ 16  16  44 105  10 203  48   2   4  33 194 163 131  21 160  73 104  60
 170   0   8 156  65  20 195 224 208  19  56   8  52  26][ 67 115  23 140  42 138  47  48 172 200 218 229 204 230 135 118 150 101
 124 103 197 193 231  76 160  48 107 154  12  38   3 117][128  58 127 245  34 238  57  87  63  13 118 244 189  23 128  92  54  63
  47 152 147 220  49  68 196 178  58 194 100 128 165 249][105 149  20  69 241  62 102  59 121 234 111  76 222  48 140 181 148  70
  68  40 181 248 113  14  47 254 101   6 202  96 203 133][154  21 127 237  50 134 123 121  53   8 247 226 125  23 160 113 126 185
 151 236 225 153  33 223 242 233 170 128  55 130  33 185][180 172 212 147 222  43 230 233  62 179 163  26 198 226  76   3 121 207
 106  51  48 115 201 118 189 134 207 117 193 104 211 130][108 190 220 118 249  11 150 174 219 183  32  61  66 249  77 155 153  86
 224  50 122  99 202  57 106 215  85 127 192 120 206   3][120 166 232  49  52 219 210 142 115 231 182 185  67  76 150  16 153 134
 204  53 190 239 237  31 250 111 145  85 229 140  94  86][156  79  90 238  18 195  67  96  20   4 231 162 115 195  33  64 122 248
  10 234 104 135  40  63 240 229 162   1  48 187  36  32][ 73 253  25 111  56  78  71 188 115 122 236  72 255 115   9 112 148 220
 124 106  75 114 249 127 229 253  33  60  88 179  99  57][102 237 159  38 153 205  54 230 170 187  42   8 238 247  72  18 129 119
 249  98 112  73 152  47 169 214  77 119 192 114 135  42][191 156 238 117  18  38  74 187  55 186 202 242  83 119 141 241 117 188
 177 162 232 212  77  14 122 239 229 132 161 224 112  32][ 65  89 150   5  21  30  98 148 125  72  98  68 242  48  23 244 148 108
 112  77 197 240 209 109  39  62  64   0  74  50  90  28][244 121 189 101 160  79  71  49  96 232 166   8 243  53  65  51 144 116
 108 106 105 240 249  12 231 203 101  48  96  50  70  42][191 123  98 132  87  22 190 224  41 236 214 175   8  14 151 132 254 221
 215 231 204 183  37 236 178 121 142 147 111  55  59 215][104 253 185  97 217 205  83 142 107 225  44   8 182 245  64  48 145  94
 104  88  27 120 251  55 237 157  21 124 192   2 198  42][188 104 220 240  75 201  80 200 147 183 164  25  15 147  67  27   9 152
 235  16  42 103 218  16 219 195  85  63 243  25  78 130][ 26 141  22 185 183 166 186 246 156   1 218   2 188 186  32  65 239  59
  31 209  50 137  17 255 249 113 154 194 148  73  33 139][214  66  58 168  58  67  58 104 174  36 151 163 157 142  99  64 246  29
  95 227 100   5 137 222 243 197 171 189  52  19  45 211][239  73  99 196 117 222 254 240 233 196  54 199 136 142 183 244 166 229
 159 207 197  45 180 236  55 120 139 170  15 183 123 252][222  22  60 163  10 173  56  16 174 118 147 151 157  15  75  75 167 149
 127 135  38 149 217 242 215 225 234 145  60 201  41  83][133  45 191 117 180 238 111  51 116 162 103  16 215 243   1  96  48 108
 114  42  49 244 241  14 229 175  35   0 232 233  67 160][  4 160 130 149  84 139 162 104 254 161 226  10 229 226   8  80 120 236
 106 168  34 243 196  79 156  38 135  48  97  40  67 128][ 57 117  61 101  29  79  71 184 127 224  47   8 214  17   9  48 144  92
  72 106  73 240 249  30 231 223   5  52  64  59  70  34][244  77 158 126 137  98  87 206 176 142 238  25  98 243  35  91 209 246
 104  98 104  71 202  42 241 163  69  59 192 123 230 106][ 88  77 126 238  16 142  87 190 100   4 238   0 119 115  33  80 112 246
  13 106 104 141  25  63 227 239  37  16  48 179  96  42][113  97 249  64  81 204  67  80 115  64 172   8  51 151  68  48  16 188
  80  74  75  35 176  11 243 237   0  56  98 130  70 242][ 22 243 156 162 171 105 148  77 143  59 157 123 142 255 106  11 167  17
 239  17  22  33 138 192 218 209 111 255 144  74 173   3][ 34 201   2 138  84 129 168 101   4   0  89   2  40 136  48  64 104  43
  19 129  66 170   0 221  32  36 138 136  21  10  49 136][ 88  41  26 184  74 200  49  69 164   4 206   2 180 195  34  82  96 191
 235 200   2 139 130  81 209 161  42   9  32   2  47 170][124 177 250 250 139  64  81 201 163  23 165  59  95 255  74  19 179 147
 253 144  90  67 186  17 219 193 112 127  99 192 174  83][252  70  78 236  18  34  75 120  53 134 239 163  75  67 171  81 122 164
 140 234 108 151   1  14 242 227 160   1  50 163 108  64][ 27  84  87 237   2 134 127 112  37   2 247 194 121  23 160 245 126 181
  63 234 201 157  49 207 243 239 234 128  55 130  33 185][190 161  96 224 205 105 212 203  67  54 189  59 130  29  76  20 201 144
 207 115  90  39  72 146 255 209 129 127 119  15 214 226][220 112 149 242   9  77  85 200 171 178 161  24 159 215  73  27 128 213
 109  66  73  71 218   0 209 241  87  62   0 113   7  34][ 64 140 254 117 114  42 111  55  60 162 110 128 245  39 128 112  55 119
 121 172  48 216 129  79 236 175  87  64 228 160 131  40][106 176 242  84 105 221 112  71 235  31  36  60  44 146  70 150 161 170
 194   0  70 111 178 113  87  31  16  59  66   4 206 207][252 141 158 126 217 230  87 239 146 142 236  25 102 243  35  83 209 246
 232   2 120  75 202  47 249 167  69  27 208 120 230  42][241  97 115 101  20  78  67 112  97 224 186  72  19  23  21  50  56 148
  84 106  73 179 241  12 145 232   1  52 105 162  66  32][171 121  34 157  77 215 190  70 205 192 210   7 168 156  55 230 204 109
 179 197 197 191 208 232  55  56 138  11  15  29 121 158][ 22  32 246  97 106  43 248  72 239 160 243 137 207 203  85  30 182 189
 125 145   0 245 135 192 150 250  19   3 229 163  99 134][216 133  95 236  29 134  79 121  53   0 230   2 123 195  32 117 124 189
  31 234 105 139  49 223 243 249 130   8  51 130  34  40][ 34 217  35 156  95 193 149 230 134  68 200 131  32 157  38 196 200  58
 131 193  66  43  50 189  49   4 158  43  83  28 180 254][  7  27 213  23 162  58  44  23  47 115  75 228 238  38 134 255 167   7
 108   4 149 208  39  93 132  54  91 130 136 244 131 117][ 77  48 217  69  66  46 235  24 106 235  51  76 221 106 220 186  55 205
 124 175 145 244 221  66  93  45 107 164 205 163  75 177][ 62 184 146 250  75 241  16 200 191  21 225  57  46 223 110 221 235 187
 239 144  30  71  26 241 155 208  26 123 146   5 175 150][205  55 168 217 170  61 189 159  86 254  20 244 157 231 219 107  23  94
 255 127 243  64 255  51 110  11 127 188 158 253 145 241][149  22 239 197 214  38 111  83 116 194  95 214  81 103 185 108 126 164
  22 172 185 149  53  78 116  46 234 132 173 227 224 240][ 77 177 145  67 233 108  97 155 123 249  43  24 222 243  72 190 145  94
 104  24  19 114 251  66 141 220  21 110 202  98 195  51][101 117  25 103  52  79 103  56 120 232  47  72 214  81  73  48 144 108
 120 106 233 240 249  14 237 221   5  52  72  51  66  32][  2 192  98 136  84 129 168 100   4   0  80   2  40 138  52  64 106  41
  19 129 194 138   0 221  32   8 138 200  21  12 177 136][  1  48  25 109  52  46  97  29 108  73 118  92 150  17  24  48 144  14
  76  44 145 176 113   7 197 189  48   0  72 128 195 169][173 121  80 111 180 159  70 152 101  72 245  76 243  80 145 180  24 200
  70 110 207 182  93  63 230 239  33  16  91 187  74 133][ 94 189 134 186 155 224  30 231 159 149 136 179  44 254 102  66 231 243
 187 145  50  75 138 241 187 247 158 235 148  68 165  90][104 161 216  97  88  11 122 216  35 164 108 141  83 195  66  16  59 204
  67  92   2  82 203  17 126 141  37 109 106 130  74 130][ 35 251 196  90 121 153 176 237 223 153  48 108 104 232 212 182 141 107
 226  80 215 106 206 245  14  26  93 251 219   4  75 157][  1 141 107 205 150 194 171 119  68   1  94   2 113  51 176  96 122  34
  19 232  82 152  37  93 109  44 170  64  53 138 241  40][ 25  86 123 239  38  22 191 112  36  74 127 226  93  31 185 224 118 181
 191 234 201 148  37 207 247 239 234 128  63 179  37  49][ 73 245  25 111 120  14  71 188 123 104 108  76 247  83   9 112 148  92
  92 106 201  48 249  63 229 253  33  52  88 179  66  57][229  96 253 103  44  15  79 152  67 162 181   8 211  89  89  59 216 196
 124 126 201 118 249   8 231 219 101  52  96 187  82  32][ 68 103  12  39  48  11 111  56  44 160 203 229 215  64 147  80  22 228
 108 111  72 144  77  14 164  38  47 148  76 179   3   0][254  99  98  44  11   2  94 104 161 134 129 169 107 238  31  82 126 229
 237 231  76   7 142  11 178  97 205 187  37 183  62  70][194  16   6 149   6 128 184  96 172  16 210 178 172 142  48  75 102  53
  59 129  32 197   2 200  20  34 218 130   4  44  49  25][ 52 164 148 147 223 203 162 233  62 179 163  27  70 226  72  19 121 205
 106  49  58 115 203  92 189   6 199 119 193 104 211 130][  0 152 127 209 178 170  57  23  60   5 110 176 253  55 128  80 119  55
 127 156  50 152  49  79 237 174  50 192 164 128 165 121][118 200 134 158  13  74 132 236 187 151 226  11 102 226  45 223 233 230
 104 195 104 111 154 105 185 178 223  27 128 120  54  14][208 120 255 117  34  74 119  48 248 174 246  40 119 151 128  51  34 116
 108 106 105 245 161  46 243 235 101  17  96 176  71  43][118  77  82 172 145  70 126 237  53 160 250   2  79 114  33  84 250 221
 255 226 104 147 153 206 185 247 143 151  33 114 102  14][ 77 121  27 229  32  14 111 184 108 224 107  68 215  87   9 112  54  85
  92 106 193 176 185  44 229 237  39   4 104 179   3  49][114 141 164 190 159 208 158 175 135  21 138 139 104 108  62  66 201 215
 249 145 126  75  59 181 185 119 159 219 149  76 189  94][ 57 101  57  96  93 207  67  64 225 108 172   8  50  21   1  48 152 176
  88 120 107 163 112  14 115 205   1  48  65   2  70  98][181 113  58 173 188  79 150 109 204 224 145  10 150 152  43  97 216 109
  91  99 108  35 208 152 241 249 138  59  24  26 219 130][ 33 219 123  73 116 143 239 190 127  45 126  36 243 213 180  52  62 122
   6  72 195 184  41 127 103 159  38 128  83 154 197 233][120 168 236  49  52 219 211  14  50 229 182 153  83  13  22  24 219 164
 237  17  46 239 253  31 219 199 177  85 229 136  94  90][ 46 176  52 218 111 221 185 216 143  93 181  47 140 220 102 173 141 153
 215 209 134 111 122 209  95  89 219 255  87  13  31 215][203  50 239  69  42  94 185  48 172 236  86 228 221 150 147  98  38  85
 255 111 197 213 167  72  70  43 107 128  14 165   3 113][118 221 150 172 157  71  86 239  31 130 232  11 207 242  33 212 216 253
 238 227 108   3 219 158 185 246 143  63  48 122  60  14][165 160 248  83 244 187 233 220 127 115 117  18  16  64 158  45 123  74
  22  30 179 244 108 251  14  31  49 100 239 203 218 180][ 72  20 191 247   4 110 105  19  52  19  71  16 215  51   8 107 113   6
  57 136  57 212 113   2 197 175 242   0 160 193 224  34][137 121 179  85 101  30 100  84 249 234 102  76 158 145  85 191 160 108
  64  78 225 253 176 106  39 250  84   2  74  52  75 173][181 112  46 166  12   6 223 244  20 126 149  31 247  31  27   3 220 197
  95 231 232 231  81 172 241 235 238  16  13  59  50 218][216 249 158  54 163 216  84 183 161 155 166  57 239 243  74 147 163 247
 236  80 110  77 130  33 251 227 117  83  42 148 143  11][  2 128   2 136  84 133 168 101   4   9  80   2  40 138  48  64 232  41
  19 129  82 138  16 221  33  48 138 200  17   8  48 136][108 187 220 118 235 141 178 168 218 181  36  41 230 249  74 146 147 118
 224  80   2 104 218  51  79 151  69 127 200 106  78   3][ 65 251  36  13  53  30 110  53 109 104  98  68 242   8  22 244 148 108
 124 111 197 184 209  77  38  56   0   0  74 150 218  13][  2 157  58 117 211 142  61  39  41  37 110 149 141  39   0  20  38  63
 193 128  80 152 177  70 231 181  26  64  66 128 135 248][  7 204  42 218  84 193 171 232 158  68  93   2 240 192 183 100  83  42
  51 217   2 144 126 255 109  62 139 202  20  11  53 228][ 12 141 124 219  93 211 179 164  86   4  95   3 240 253  51  64 121  42
 179 200   2 184 127 255 111  15 163  73  23 139  92 170][151 120 106 181  71 150 190 226 157  72 214 135 169 142  55 161 236 237
 223 199 236 191 148 238 183 121 142 147  13  61 123 222][ 88 189 150 242 155 236  52 231 187 153 174  16 190 255  96  91 167 115
 249  16  82  73 146 225 251 247  94  75 130  64 167  27][152 107  86 169   3 138  48   4  38   4 194 227 235 195   0 208  96 188
 234 192  78 157 131   1 214 225 130   3  42   2  46 138][ 44 100 106 219 126 147 178  88  94 128  93   2 240 200 191  32  94  56
 147 121 130 182 110 191 102  13  35   1  87 139 121 162][124  55 158 126 155 165  23 252 179 142 237 173 110 231  43  16 150 243
 237  98  96  67 154  63 243 231   5  59 242 115  47  91][124 176 248 232 139  96  81 234  35  53 165 185  31 255  74  27 107 153
 237 144  26  75 202  17 219 193  97 127 243 129 174  83][ 54 184  18 248 203 245  16 194 191  21 164  57  44 223 102 157 235 187
 251 144  22 111  26 241 155 208  27 123 210   5  47 150][185 175  96 105 180  63  70 190 117 108 252  76 243  64 159 180  24 206
  70 110 205 184 109  63 230 221  37  20 127 251 218 141][212 112 145 242   9 109  17 200 171 187 161  24 159 215  73  90 161 221
 108  82  11  71 218   0 145 208  93  62 128 113   7  34][ 57 157  62 250  61 215  67 120 199   8 245   0 251 211  40 245 216 168
  14 232 107 143 122 191 243 255 163  89  18  10  96  42][ 25  68 115 238  17  22  95 112 117  72 255   2 123 107  48 244 124 181
  63 234 201 147  49 207 243 255 130   0 115 179  96  32][213  84 189 117   0 126  68  58 120 242  99  20 215  48  25 251 145  68
 120  46 233 244 241  14 193 235  81  20 104 113  67  48][ 77 249 236 115 174  27  63 188  86 243   7 172 221  47 211 235   7  92
 251  94 214  76 239 176  78  75 125 252 190 183 153 121][ 37 117  25 111 112  15 103 184 120 232 110  76 246 113  25  48 148  76
  76 106 193 176 249  47 229 189  33  20  72 179  66 161][237 105 237 103 140  79  71 184  65 162 183   8 211  89  93  59  88 196
 124 106  73 246 249  40 231 217 197  52  99 187  82  32][ 93 105  19 101  18  78 103 184 100 224 106   0 223  87   1 112  50 212
 120 106  65 144 145  40 245 237   1   4  42 179   3  32][  3 149  34 136 150 160 188  39  28  67  90 183  12  46  50  64 103  19
 147 149 182   8   4 215  40  38 158 194 149  68 161  85][129 223 123  77 116 207 239 246 126 108 126   4 179 149 180 116  54  58
   6 104 227 184  49 127 103 175  34 128  81 152  69 249][ 70 153 223 243 170  68  59 158 175 253 151 163 253 183 232 106 231  87
 255 214 211  89 171 225 141 243 255 198 172 193 165 121][ 93  48 217  69  82  62 235  88 106 232  63  78 220  18 219 190  62 205
 126 191 145 244 189  66  93  45  43 228 235  35  75 241][ 54  32 214 233  76  41 234  72 239 160 227  27  75 203  85  26 170 141
 107 147  28 227 203 192 150 184 131  43 229 163  98 134][ 50 217   3 152  95 213 148 231 143  93 200   3  44 156  36 224 204 187
 147 193  79  43  50 253  49  52 158  59  17  28 180 222][ 24 203  75 237  22 130 111  53 100   0  86  66 113   3 176  64 114 162
   7 234 216 152   5  61 100 233 162 128  53 138 240  40][ 88 177 188 250 187 228  25 143  23  29 143  49 191 255  74  72 133  27
 189 145  26  72 219 147 235 247 157 127 144  64 132  67][216 248 158  54 171 216  84 183 161 155 166  57 111 243  74 147 167 247
 236   0 110  77 130  33 250 227 117  59  42 180 142  11][ 34 193  32 136 245 133 140  69  76   8  80   2 128 136  52  64 200  11
  19 145 210  42  64 213  37  24 138 224  21  28 240 128][ 67 249 237   5 162  28  47 180  46 225   6 236 220  38 214  54 166  79
 124 221 209 152 247  96 172  62  94 192 140 147 131 125][ 33 113  57  65  53  79  67  56 121 104 117  72 146  17 148  48 152  24
  20 106 201 176 113  14  35 156  33  16  72  10  66 177][190  85 111 235  21 135 239 248   4  74 215   2  89  95  57  97 124 152
  23 238 203 151 121 159 243 203 170 196  55 155 112 240][120 173 158  60 153   6  86 239 176 142 238   9  99 227   3  83 249 230
 232  34 108 203 217  46 251 231  69  19 225 114 238  10][  6 204  42 219  93 211 171 226  94   4  93   2 240 216  53 100  89  58
  51 219   2  26 126 255 109  22 139 201  20  11  53 238][ 31  85 123 239  70  54 127 112  21  66  95 194  89 127 185 228 126 157
 183 238 201 144  53 207 247 239 170 128  63 251  33  49][ 88 141  94 101 146  42 110  39  48 162 110 128 115  35   2  80  50 238
 105 168  56 216 129  15 239 239 214   1  33 226 234  10][ 95  82 227 135  98  18  62 120  57 202  83 230  93 247 237 228 118 221
 183 231 193 212 173 202  22 110 235 134  47 166  33 245][ 86  99  99   5 114   2 186  96  36 192 211 227  69 206 189  64  54  93
 127 227 192 211 133  76  52  32  42 134  37 167  37  21][ 90 185 150 250 139 204  54 231 175  17 168  16 172 255  96  82 163 115
 249  16  82  75 154 229 187 247  94  75 130  64 167  26][ 68 148 189 243 132 108 113  27  55  19 111  16 215  55  72 122 113 150
  61  24  26 208  51   2 205 175 112  68 160 193 228  34][114 104 134 158  77 138  64 200 187 148 226  11  98 226  69  90 248 237
 106 195  10 103 219  97 145 162 203  27   1  57 118   6][ 88 126 222 100  34  42 115  80 161 174 190 173 111 231 131  27  54 245
 237  98  40 213 128 104 210 227  97 129  97 243  15  59][129 176  31 105  48  46 113  55 108  73  98  84 215  17   8  49 144   6
  88  40 179 188 113   5 197 249  48  64  72   0 195  43][ 38 185 210  65 217 143  35 216  43 160 172 168  34 215 204  20  60 248
  66 248   2  43 234  85 127 156   5 126  83 130  70 176][ 88 122 154  52  43 121  84 254 163 154 164  41  47 243  67 146 166 247
 236  64  76  79 130  33 211 211 112  59  98 244  15  11][ 35 187   4  26 123 153 176  65 207  88  53 237 168 200 246 166 142  43
 226  21 199 107 206 209  14  16  25 251  95   6  11 157][118 102 138  46 137 123  22 200 146 238 137   9  70 232 107 152 153 205
 232 115  12  71 202  26 184  71  13  63 144 127  30  70][210 159 134 187 154 160  62 199  55  83 203 247 173 231 104  72 103 255
 187 147  59 159 155 243 252 102 158 202 188 211 165 155][138  88  55 157 101 216 178 198 253  64  82  34 172 156  55 228 234 121
 179  65  71 188  34 233  39 112 154   3  71  29 125 207][ 66 238 220 122 234 232  63 164 187  23  45 185  44 231  72  27 167 243
 237 130  34  77 170 119 251 150  84 107 192 211 167  43][124 184 216 232 138 224  89 202 163 181 188 169  31 151  67  26  75 221
 253 208  26  75 218  48 219 193  49 253 243 131  46  83][101   6 150  69 116  62  98  16 105 169 123  68 214  32 149 246 148  68
 100  44 132 240 193  12   6  62  97   4 202 227  74   5][ 42 219  18 188 124 132 156 231 141  13 216  37 172 138  38  64 206  59
 151   5  66 139   2 253 162 253 158 138  20  12 161 203][ 22 175 166 158 223 145 190 237 159 149 218 167 108 234 122  66 239 235
 187 213 246  75 142 253 184  54 223 219 149 110 189 207][228 232 156  83 219 205 179 162 218 180  36   9 228 241  68   6 129 126
 232  80  66 109 218 115  45  16  21 127  66  40  71 170][135  50 113  97 226  47 122  24 121 234 113 221 223  13 221  60 183 157
  85  54 181 180 221 210 142 220  33 230 239 167  67 149][250 189  20 172  61 231  86 111  23 170 248   9 239 242  32 212 216 255
 239  33 120 139  83 143 185 246 135  59  16 104 124  14][127 177 114  64  89 221  82  80 235 109 180  45  10 156  70 180 140 145
 212  80 159  43 244 212  27  93   0 123 235   5  78  87][174 232 224  26 203 217 145 198 155 119  37 185  44 206  79 159 139  27
 227  17  22  78 234 241  31  81  92 123 211  21 135 222][124  32 252 112 201 217  81 200 227 180 165   8  91 217  79  58  25 244
 232 112  14  99 234  16  91 203  69 127 227 171  78  34][112 176 232  51  52 203 211  22  50 101 182 153 243  13  18  24 155 182
 253  17  46 239 245  31 219 231  49  81 229 136  86  90][ 45  20  99 237 101  71 233 121  85 202 223   2 217 125 185 100 124 152
  23 173 233 182 113 206  87 223 235 132  63 174 112 241][ 34   4  96 137 244 161 168  67  22  35  88  18 128  40  52   0  73  10
  19 145 178  56  64 151  44  30 154 224 149  72 208 128][195 232 236  71  18 216 171 166 106 193  14 152 189   6 214 114  38  69
 121 223 195 156 189  99 237  45 174 192  36 129   3 108][152 220 123 125 112 207 123 246 124  72 126  68 119 149 161 113  54 254
  23 106 225 188  56  63 119 175  32   0 121 144  99 251][ 88 141 222 101 147  10 110  39  48 128 238 129  99  35   0 208  50 230
 104 168 124 216 149  47 254 239 134   1  33 226 234  10][116 162 159 150  79 235 128  73 190 181 161  95 198 194 104 155 249 172
 106  17  27  99 219  21 157 130  79 127  73  43 170 130][212  56 145 240  10 105   1 136 171 187 161 120 150 151  73 126 163 221
 108  16  11  71 202  64 153 144  83  62 128  49   7  35][ 27  22 227 197  87  54 169  26  29 202  86 230  89  55 189 228 126 157
 183 173 161 148 181 202  23 126 203 134 175 164  49 245][ 88 250 154  52  43 216  88 238 163 159 160 169  47 254  66 146 167 247
 236   0  78  75 130  49 211 241  84  59  34  84  46  27][ 35 145  16 152 221 213 148 231 143  89 136  27 172 156  36 160 205  27
 147  17  87  43  18 213  57  20  30 123  24  12 169 159][ 47  68  99 206 101  22 239 120  85  74 255  70  89 231 191 228 126 136
  54 238 233 179 117 222  55 126 130 140  63 255 112 244][218 253  18 254  27 193  22 229 191 144 168  32 108 255 100  82 163 243
 251 194  98  79 154 255 187 213  15 123  18   2 167  26][ 45 167  96  67 180  59  78 255 117 238 253 204 195 104 158 180  25 206
  70  46 252 186 109  31 174 207  37 244 231 254 218 197][213  52 179 193 215  62 235  80 105 234 247  94  28  26 213  60  63 237
  94 191 177 245 177 202  85  44  43 228 203  35  99 245][ 94 249 253 243 170 196  59 152 174 117 151 162 253 215 203  98 231 215
 255 210   3  73 251 241 221 249 255 228 132 131  37 121][ 94  51 222  38 163  58  56  81 169 224 171 237  79 175  67 154 182 181
 237 180  28 209 145  72 218 231 105 145 234 231 139  19][101 117  25 101 116  15 103 188 120 168 123  76 215 113  25  48 180  76
  68 110 193 240 249  31 229 173  37   4  72 179 194 161][ 45  84  99 235 109  87  79 120  85  74 255   2  89  95 185 228  92 152
  23 238 233 182 121 158 119 223 162 132  63 190 112 177][114 250 151 158  73 196   0 204 138  28 160 109 102 242 109 210 201 237
 106  67  79  71 218 113 144  50  79  62  24  59  38  31][ 37 113 125  71 116  15  99  56 125 224 107  72 210  80 157  48 152  12
  18 110 193 176 121  12  37 156   1   4  72 171  82 160][113  72  90 236  36   2  79 180   0  64 198  70 119   3 179  80 114 228
  28 238  73 131  52  45 242 233 170  16  60 178 120  24][ 60 233 251 106 219 217 210 205 107 128 232   8  43 216  68 176 152 251
 194  80  78  43 254  61  59 221   5 127 243   6  78 142][124  97 113 101 141  79  71 252  65 160 172   8  83  49  85 179  24 196
  68 106  72 243 249  12 243 201  69  52  99 187 214  40][124  57 216 232  40 224  83 216 163 173 172  41  31 151  67  88 201 245
 253 208  10  11 250  16 219 197  33 125 177 131  46 115][208 136  61 120  42 232  17   7 184  23 164  48 191 151   0 123 163  51
 236   0  50  77 162  81 193 227 114  91  96   0 167  43][ 18 184  22 184  75 229 144 194 191  21 160  57 172 222 103 157 231  59
 251 209  22  79  18 241 155 208  26 123 144   5  39 223][120 141 142  36 145 122  70 103  49 166 234   3  99  98   2 208 120 230
 232 160 124 219 145  47 251 231 196  17  33  98 238  10][118  40 215 168  77 201 224  72 171 160 160  11  66 202  69  26 232 229
 106 241  10  99 211 192 145 176 131  63 225  51  98 134][151 205  71 187 146 162  46 238  54  83 203 211 245 246  40  80 119 223
  59 215 123 216 207 119 188  38 142 192 172 211 161  16][ 92   5 181 100 153 106  21  35 233 167 175   8 223  53  13 126 129 214
 104  32  25 105 227  12 217 254  84  19 194  98 199  34][ 76 254 245  82 203 224  63 174  59  31  45  56  44 183  76 158 167 219
 225 210  50  74 171 115 125 214  84 111 194  81 167 171][ 81 105  19  68  81  78 103 101 229 128 238   0  58 147  33 244  48 252
  88 234  73 145 176  76 177 188   7   0 106  50  98  40][165 237 238  91 204 171 167 196  94 183 121  18 241 232 221  41 123 106
  98 223 242 246 111 114 108  14 215  96 197 251 243 164][ 96  74 224   5  52  26 226   0 117 166  98 137 195   8 151 156  18 100
 232  78  12 244 197  10   6 126   0   1  70 191  94  76][  6 220  34 154  93 209 163 192  95  12  89  34 164 216  53 100 217  59
 147 195   2 158 106 255  21  20 139 171  20  15  53 175][152 120 238 116  11  82 221  84 224 214 180  48  59  29  23  59  40 244
 253 235 236 101 167   8 211 235 244 145 103 176 118 122][  3 187  44  26 107 185 184  73 207  84  25 173 172 200  86 130 142  43
 251   5 134  43 206 213  30  16  11 251  93   6  11 215][ 86 171 166 154 223 129 154 237 159 149 152 167 108 238 122  66 255 235
 255 213  94  75 142 253 184  22 207 251  21  46 189 207][ 36 236 151  23  25 235 146 234 158 184  40   9 230 225 101 128 145 126
 232  16   2  97 138  61  41 150   5 127  64  43   7 138][230 127 138  62 168 141  22 232 154 138 137  45 230 232 107  19 144 233
 237 103 108  71 202  59 240  83  77  59  16 123  15   3][121 249  89  96  81 221  67 180  99 105 106   8  51 145  64 240 144 204
 100  88  95  58 176  61 251 237  36 108 106 130 194  42][ 76  12 190 118 137 108 117   3 238 151 175  24 222 255  67  91 161 119
 105  24  50 105 179  96 203 255  84  89 194 112 207  98][ 92   4 190 253 141  98 116 111 180  27 247  18 123 247  41 217 241 246
 255 162  56 195  91 189 243 227 247 145 179 113 228   2][124 113  56 100  57  79  87 252 161 172 164   9  95 215  73  18 132 213
 205  98  72  71 248  44 243 217  37  63  66  51  70 115][ 43  20 247 205 117 119 249 115  93  74 255  38  72 127 191 228 124 188
 151 168 161 179 113 206  23 126 194 134  31 236 120 245][102 111 136  62 232 137  23 168 155 134 136 169 230 227   3  18 144 121
 105 103 108  67 202  63 224  22  69  59  16 115   2   2][109 231  17 101  52  14 103 184 112 168 122  76 211 113 153  48 148  76
  76 110 201 240 217  14 229 236  37   4  72 179 194  33][ 60 109  40  60  93 211 198 231 211 164 140  11  35 200  83 144 200 234
 193 199  76  43 198  62 115  69 133  57 113  61 222 202][ 32 172 184  90 221 201 211 206 123  77 124   9  50 217 118  16 153 234
  67  17  18  58 234  55 127  29  21 107 209  10 198 202][ 95  33 195 160 131  30 124  65 169 233 171 205  79 238  74 146 182 133
 253 181  29 145 144 192 186 245  15 199 170  38 171  86][120 133 134 175 147 242  70  39 117   5 234   3 107  98   0 208 121 230
 232 160  60 155  81  15 185 231 146  81 171  70 254  14][ 54  95 122 200 118 219 118 113  29  32 126 170  78 223 165  80 126 185
 151  98 224 179  32 223 242 215  33 135 117 154   5  19][ 96  41  18  94  41 165 146  74 174  12 232   9 166 210  69  16 152  59
 234   0  10  11 138  49 145 244   9  59  80  67  47 138][ 67 174 135 154 170 224  45 135 190  83 194 245 228 230 206  95 167 103
 120 149  55  77 174  99 152  54 222 202 136  84 167 124][114  59  19 172   9 196   1  72 139 124 160 109 102 210 103 214 204 181
 236  67  79   3 218  17 144 176  75  62  88  42  38  95][113 141 121  76 220  75  71 191  82 168 188   8 115 113 144  48  88 230
  68 104 249 170 117  61 123 141 165 120 121 234 210  40][ 88 237  70  37 147  90 102  39  97 164 238 137 107  35   2 151  56 230
 232 224 124 248 213 141 246 227  68   1  99 182 202  10][116  35 155 168  76 197  64  72 167 140 177  79   6 218 101  18 232 165
 110 241  13  35 130  72 145 160 131  59  73  42 110   2][ 61 135 232 119 180  59 103 187  87 231 127 187 195 105 158 164  25 206
   6  60 188 248 109  30 238 207 181  69 247 238 222 196][ 24 220 127 127 114 239 119 242  52  74 126  66 127 247  33 113  62 251
  23 106  97 185  56 127 115 239  32   0 107 179 102 187][146 184 150 186  11 225  16 198 191  85 224  57 172 222 103  28 227  59
 235 145  22  79  18 241 153 210  26 123 144   5  39  95][128 169 185  91 248 237  97 215 118  25 100  16 183 177 224 120  65  58
  34  24  50  56 226  51  77 175  48 104 208 200 198 171][210 253  22 190  91 192  22 236 191 150 168 163 108 254 108  83 163 243
 235 194  98  79 138 255 187 242  79  59  16  50  39  10][ 88 162  14 161  13  75  33  73  46 181 230  14 215 130  74 200 120 140
 234 144  11 242 243  16 221 129 107 101 136   8  45 146][ 27  16 231 197 117  54 233  91  93 233 214  70  88  63 190 239 126 157
 191 173 137 145  53 204  23 127 218 134  31 172 121 253][101  48 185 101  68 110  67  26  98 227 111   8  87  49  73 122 145 198
 120  24   9 176 241   0 199 175  17   4 232 115  66  34][ 72 253 153  81 235  84  54 174  59 123 172  56  58 182 204 182 167 219
 228 210  99 106 251 115  63 215  86 111 202  81 175 191][ 90  58 154  52 123 184  88  78 171 141 168 169  47 174  67  18 166 255
 236   1  14  75 130  33 147 213  24  59 160  68  15  27][196 178 157 113 184 168  49  27 190 187  39 240 215 151 200  91   7  20
 108  24  50  85 203  80 205 163 115 228 128 193   7  51][124 120 120 232  56 201  83 220  51 164 164   8  31 151  67  80  88 189
 221 208  10  70 248  18 251 197  33 121 242 147 102 122][213   0 191 238  12  86  89  80 232 140 199   2  95 214  97 123 230 245
 125 234 137 195 178 200 211 233 235   8  32  35  33  99][ 41 141   8  77  93  60  64  47 117   9 236   8 163  32  22 240 200 138
  66  12  62 170  67  63 111 255 144  25  82  72 122 140][ 34  92   3 158  85 241 186  66  31  14  88  34  44 220  37 236 216  59
 147 195  39 158 122 255   5  22 138 171  21  79  53 207][  5 108  19 193 244 174 234  82 233 234 250 112 144 155 213  60 233 236
  94 190 177 183 128  74  28 188 163 192 201 241  99 165][ 33  62  89 101 116  46 111  55 121 168 126 100 183  51 128  48  22  62
  84  40 185 184  65  14 231 255  36 128 104 224  66 169][ 88  40 190 118 141 108  81 135 235  23 175  24 182 183  67 122 129 118
 104  24  26 109 250  32 219 255  84  25 192 113 199 106][120  97  40  37  11  95  86  40  32  36 231  11  99  12  26  17 120 220
 232  99  76 178 205  40 247  97 193  19  97  45  94  78][120 251 187 124  58 216  19 182 235 140 252  40 175 151 193  48 134 255
 236  64  74  43 226  45 251 245  36  59  98  48  39 107][246  42 238  48 143  49 152  66 171 151 176 187  14 172  87 155 175 243
 253 145  44 103 130 226 155  87 217 187 197 117 126   6][124 121  56 100 169  13  87 236 161 168 172  40  30 151  65  18 132 213
 205  98  72  67 218  40 243 221   5  63  66 179 198  35][ 18  56 147 186  59 225 185  70 191  21 192 177 172 222 103  92 231 187
 235 145   2  15  50 241 153 214  26 123 144   4  39 223][120 163 154  78  25 242  83 111 231  13 239  41 106 241  46 212 216 254
 232  16  26 171 163  29 251 245   0  91 195  14 238  74][165  29 119 221  95 239 175  99 221  66 104   2 120 248  53  97 250  61
   2  11 225 179  54 223  53  62  66   2  85 232 112 164][122 135 134  45 145 186  18 107  55  45 235 103  74  96  42 212 249 134
 232  16  30 155  65 157 154 231 144  87 186  78 184   6][176  13 122 220  82 235 125  99 157  34 122 162  84 255 165  80 126 185
  23   0  96 187  36 222 118  46  34 128 117 232 101 129][207 248 180  83 233 157 222 156 235 249  36  92 220 218  95 190 133  85
 253  95 135  69 251 112  15  93  13 252 202  55 139  21][242 231  38 156  95 193 152 239 159  12 152 163 236 206 106  65 223 249
 239 165 106  79 202 223 184  22 139 251  20  44  53  90][124 112 121 106  89 207  83 220  35 228 164   8  63  23  65  49  24 184
  85 114  10  98 248  28 219 201  33 125  98 147  70 122][  8 133  56 248 189 237 217  35 143  29  28  17 156  45  50  64 197  27
  19  29  18  40 114 149 207 221  26 120 146  72 149 194][ 34  22 247 205 118 242 185 119  93 227 118 178   8 191 182 101 254  61
  55 160 181 184  37 206  22  62 218 130  55 136 245 191][ 72 178 153 113 160 173 113 159  54  63 111 116 151 167  72  88 167  30
 108  24  51  88 147  19 207 231 113 100 168 192 135  51][ 56  93 127 124 115 230 119 242 245  74 254   0 127 255  33 113 172 251
 214 234 105 187  48  47 243 239  32   0 123 243 102 187][129  31  31 101 116 174 109  55 124 168 122  84 183  51 128 113 132  54
  86  40 241 184  65  15 229 186 112 128  72 224 195 169][ 40 253  57 107 116 201 147 238 206  45 252  41 182 221 100   0 153 122
 195  81  10  42 104  61 105 197  37 121 209  10  70 235][218  32 190 225   7 112  57   2 169 183 134  19 140 159  78  75 227 149
 185 144   0 213 145 192 211 243 218 135 134  68  45  18][249 255  92 101 252  31  71 253 208 172 180 108 115  57 144  51  24 228
  68 106 249 235 120  60 106 201 101  56 107 184 218 171][236 180  53  11  73 127 146 200  87 122 165  29 194 220  79 191 217  80
 234 114 175 103 251  51  27  81   1 127 218  47  94 214][ 98 236  20  63  89 201  23 166 187  23  40   9 166 227  64  16 129 123
 105   3  98  76 218  63 237 150  85  59  16  83   7 138][205 245 248  99 235 124  53 239 123 115 173  24 222 254  76  58 183 223
 224 176 247  98 251  66 127 223  87 111 203  82 163 150][210 237  22 188  27 192  30 235 191 150 136 163 236 246 104  83 247 251
 239 128 106  79 138 255 185 246 207 191  16  36  39 219][122  57  18  56  27 137  24  71 169 137 168 173 175 142  66 146 166 191
 205 145  30  75 210  97 145 209  26 251  96   4 175  31][ 53  88 251 238 100  70 239 112 208 202 243  66 115 221 177  96 126 252
  23 234 201 183  52  47 113 174 227 128  53 187 116 241][126 253 120  90 155 221  87 184 243  92 173 141 106 255  79 180 145 251
 213 114 255  64 250 183 107 223   5 127 115 119  78  87][252 168 189 126 141 108  81 134 242  31 165  24 246 247  73 122 129 214
 104  24  58 107 250  34 203 255  84 121 192  81 198  98][210 191  16 190  91 141  18 123 187  24 160  76  46 147   0 145 166 187
 204   2 102  15  26 255 179 209  26  59  88   0  43  15][ 60 173 236 113 148 251 227 155 119 245 126 159 195 109 158 172  25 206
 230 156 191 248 125  62  78 207 181  69 239 237 222 212][193  72 111  71 100  14 239  52 236 194  98 199 241  66 183 115  38 100
  58 110 229 181  53 108 100  42 226   0  44 178 113  92][ 88 123 122 124 114 152  19 182 233 140 124 236 175 135 193  16 134 251
 196  64 202 171 160 109 243 245  32 187  98 145   7  59][234 182 205  97 185 111  93 191  59  63 183 248 223  39 200 159 151 158
 253  56  59  92 233  22 207 215 117 245 226 192 198 113][ 17 205  67 205  84  18 238 119 116  66 126  66 113  34 180 228 120 238
  22 234 237 184  37 239  54  46 166 128  47 186 248 172][252  76 190 124   9  70  85 200 151 158 164   8  98 247  41  91 216 244
 237 226 104  71 234  27 211 227 193  27  82 121 100  34]