[101 100 245  69  68 111  69 190 115 251 103  24  83 113 137  63  17  76
  96  40  41 244 249  12  77 170 117  20 235 240  82  32][ 30  91  78 188  98 130 127 114 181 140 222 231  41 195  35  81 102 237
 167 198  76 159   6 108 242 163 170 136  45 183  41 219][125  69 120 103 244  30 111 184 113 232 127   8  91 121 159  48  62 204
  68 106 233 176 109 174 255 255  37   4 103 243  66  97][255 122 244  54  41  60  88 152 251 254 183 253 207 220 223 191 167 197
 253  87 173 103 238 226 146 219 119 191 206 245  11  85][ 61  30 127 127  65  63  85 112 113 138 125  76 123 123  35  57 188 185
  70  42 173 182  56  29 211 235  97   0 123 227  66 163][250 174 236  85  53 251 113  39 125 231 238 189 171  44 150 148   3 174
 236  12 188 248 229 142 142 255  16  83 231 204 222  94][248  32  58 248  45 221  80  67 235  21 165  25  47 155  64  25 136 184
 205  16  10 111 210 145 211 217  16 123  98   0  78  10][ 37 172 231  91 244 187 234 222  95 113 123  66 232 200 156 164 123  42
  82 157 151 248 111 255  44  30 151  68 223 207 243 164][161  73  83 206  84 192 239 244  85   8 124  66  48 131 165 117  88 234
   2 202  99 138  96 255 100  40 162 136  31 153 112 168][253  75  74 238  20 129  67 112  85   0 213 110 115 193 161  64  88 232
  14 106  72 163  78 175 240 229 162   8  60 187 112  40][219  18  66 137  98  55 232  91  45 106  86 247  29 142 190 220 118 141
 223 173 133  20   5 210  22 121 170 164  63 132  43 213][125 109  82 100  81 159 103 240 113 172 238   8 107 193   3 148  56 236
 196 110  76 179 224 174 243 221   1  17  99 183  78 198][ 54 195  82 170  94   3 218 200   7  32 249 235  79 202  44 128 126 153
 135 227  72  35   9 213 178 196 139 191 117 187  36 145][  0 172  35 181 244 232 169  55  60  67  90 209 181 173  16   0 139  46
  35   5  49 252 193  15  76  38  58  64 196  64 215 184][ 99 143 237  37 244  66 238  39 104 226 234 229  51  44 148  82  72 230
 121 173 253 154 197  15  60  46 190 144 109 224 246  88][118  33 134 188 137 231  94 105 135 132 232 137 203 238  33  80 216 245
 239 160  24  67 210 216 187 246 143  59 144 126 166  82][131 176 114  25 203 241 176  71 237  83 118  51  12 154 102 236 234  27
 242 129  23 191 151 211  22  56  26  75  95   4 171 159][ 41 221 121 103 116  75 103 184 101 104 126 104 243  49 145  52  26 198
  70 106 201 176 109  63 102 205  37  16 119 251  82 169][ 90 115 174 140  59  86  57  92 166 204 198 167  72 215 163 240 252 189
 251 228 204 131 243 220 211  97 171 159  18 182  44 255][146 142 214 158 130 226 158 230 189  23 242 179 108 238  40  81 111 247
 143 162 120 207   8 239 176  38 222 131  53 116 165  91][253 120 252 118 169 124  84 152 243 250 181 124  95 217 203 191 166 213
 236 114 237 103 250 160 211 219 117 191 234 241  78  19][112  80 157 117  40  74  69  51 224 186 166  56 215  55   1  59 128 212
 108  40  41 244 225  12 197 171 113  16  96 160  70  35][174 164 186 144 199 189 176 199 223  23 112  31  12 136 126 137 171  11
 131  21  54 127 146 211  31  83  30 107 199  76 251 198][230 127 189 126 233 237 150 220 137 218 184 109 126 253 127  59 142 115
 223  71 194 103 186 225 115  88 101 186  80 127   7 251][253 245 117 101 195  94 239 253 113 234 119 206  91  52 156 183  62 212
 116 110 229 244 253  10  55 235 101 132 111 178 194 245][118 124   2 136  31  75 182 238  13 166 234 139   6 154  97  85 121 221
 203 227 108   7 209 222 177  36 143  63  53 120  60 142][ 59 248 106  76  65  94 239 117  97  78 246 172  59 157 150  52  60 252
 213 238 201 191 244  41 115 121  96 129 111 180 102 253][124  80 188 102  41  76  87 152 233 186 167   8 223 119  73 123 148 212
 124 106 200 103 251  32 211 249 101  60  98 243  70  35][114  33  19 136  95  71 144  73 237 128 233  10   4 146  36  84 248 157
 106 224  77 163 146 220 149  48 139  31  25  10  39 134][199  50 192   1 226  57 168 152 127 115 183 253 206 110 223 254  55  13
 254  63 183  84 239 194 150  90  91 246 206 245  11  85][  7 176 147 152  79 253 176 200 159  89  80 114 188 222 104 236 245  57
 179  17  23  23  58 241 149  54  27 238 144  13  37 247][ 49  36  90 101  20  15  66 112 101 168 238  72  83  17   1  48 152 204
  76 104   9 178 209  14 247 237  32  20 105 171  66  40][114  49  31 140  79 195 177  72 134 164 200  10  68 214  33  86 120 188
 234 224   8  19 243 220 149  32 139  59  49  42  54 166][189  86 121 108 114  27  83 120  85  76 117 237 123  77 139  16  62 152
 199 102 233 182  45  31 114 201  33 172 119 191  70 241][197 112  21  77 168  79 101  57 238 250  99  88 214 144 192 255   1 100
 106 106 225 116 251  24  13 186  69  20  72  33  67  36][239  98 224  71 228  59 238 216 123 170 247 252  74 104 223 191  91 204
 230 110 164 246 205 234  30  31 101 165 207 255  90 133][ 69 238 133  85 168  30 100 151 234 187  42  92 210  32 212 254   1  70
 104  28 243 120 207  34  44  62  85  84 202 240 219  45][ 47 185 246 126 189 221 154 249 223 220 221 137 233 253 127 165 159 123
 251  17 198 105 127 157  79  95  77 255  87 174  93 215][169 229  25 127 188  15  71 190  86  43 100  92 243  97 136   0  25  74
  68 108 107 188  97  63 228 207  53  48  88 216 210 168][ 47 167  96 137 244  59 234 121  87 113 125 222  91 105 222 180 121 136
  22 175 159  50  77 215  30  28 161 228 127 175 250 148][ 95 162 140 161 168   2 109  25 174 245 159 143 205 202  90  90 111 133
 127 191 220  67 207 192 220  35 239 252 140  38 187  80][ 86 125  18 168 207 107 246 234  45   6 234  11  78 122  45  80 248 221
  75 227  12  35 219 250 177 244 143  31 249 123  33   2][ 41  52 187 113 113 237 113  19 127  11 127  88 190 151   4  56 181  58
  86  24 131 188  50  71  79 223  48  66 202  64  67 187][ 78 216 246 254 123 214 126 184 191 220  87 161 237 255  63  83 215 117
 253 195 198  67 186 253 111 255 207 139 182 182  37  87][ 92 161 152 176 137 236  84 143 163 181 171  25 223 243  72 218 129 215
 236  16  26  73 219   2 217 245  85 125 162  64 143   2][185 197 126 233  53 215 102 245  85  32 247   2  91  27 186 225 120 128
  22 106 237 189  53 159 127 203 166  69  63 158 248  10][ 84  99  19 108  26  67   7 232  38 132 235   8  86 211  41  80  48 220
 104  98  72   3 139  28 241 164   1  28 112  51  38  34][118 113 165 103 170  76  24 152 235 249 163 109  18 221 205  58 132 221
 125  87 143  67 251  32  27 120 101 190 193 179  70 119][228 164 244 115 236  43 252 251 255 187 179  24 207 105  92  27 159 199
 110  50 184 126 203 206 158 218  85 124 199 233 194 129][252  48 180 118 237  61 212 217 251 187 177  56 206 249  77  27 143 213
 236  19 184 103 251 192 155 219 117 190 194 249 195 131][228 110 149  18 220 171  66 200 251 177 169  89 194 232  77  27 153 204
 106 112  62  99 202  54 156 150  69 127 201 121  66 134][132  12  15 158 132 162 175  99 148   2  91  82 112 234  33  73 121  43
  19 162 112 148  10 255  96  34 250 128  20 121 177 160][216 233 144 112 185 141  86 159 179  49 168  25 191 179  72 144 129 223
 236  80  26  75 218  51 249 213  21 127 226  16 135  10][153 125  91  86 115 220 180 103 249 194 102   8  62 184  37 176 162  59
 210   0 229 175 178 239  51 255  22  11  75  80 235 159][ 44 169 144   2  29 159  66 232 211 180 168   9 226 192  78 148 152 104
 200 114  14 107 218  63  47 212   5 127  82  15  90 142][252  77 230  70 151 114  71 160 113 166 175  10  75 121 151 246 120 244
 236 234  44 231 253 174 251 239 197  19 103 247 126  38][222 190 214 186  59 249  26 202 191  31 181 189 174 239  74 223 167 155
 237 146  54  79 138 247 218 247  90 251 178  69 143  87][ 72 177 177  97 248  76  97  27  47  57 106  64 151 183 192  54 132  30
 110  24  19  24 243  17  15 252  33  68 194 128 199 177][ 52  96 214  80  93  63  64 200 251 178 162   8  66 208  69 190 185 252
 100  58  46 119 200  10 155 222   5  55 195 121  74 134][ 19 249  81 174  91 205  91 224 171  64 169 139  63 214   3 180 182 233
  85 199  71  11 122 255 177 212  11  58  58   7   3 124][ 96 207 109 101 236  75 229  55  64 230 122 233  19  45 144  19  10 132
  71  45 249 186 101  12 116  42 101 148 101 248 214 248][ 28 119 115  67 242 123  63 220 109 164 255 170  79  95 207 180  62 221
 206 242 192 243 173 232 119 201  37 135 103 247  39 229][ 31 191 186 178 179 244  31 191 155 207 156  53 238 247 235 244 151 123
 157  53 191  73  56 191 235 215  47 251 138 230 141 119][228 104 156 178 233 173  80  68 187 186  48  25 174 147  65  27 137  61
 102  16   0 118 218 112  93 146  85 123 192  88  74 139][ 67 204 119  93 108  31 236 119 237 202 242  64 234 136 148 231 234  37
 126  10 193 175 103 221  54  58  87  26  79 184  99 172][198 183 182 147 250 224 184 235 191 215  27 183 236 254 106  75  55  87
 255 149 178  73 143 247 156  22 223 239 132  68 165  83][139 152 185 217  53 247  57  87  31  73  86  18 188 159  38 108 205  59
 147  17 183 156 115 213 199 255 154 194 146  12  53 255][ 67  90 150 190  41 140  48 102 191 140 240  65 174 210  39 223 160  99
 110  85   6 111 130 233 153 242  82  11 216  37  41  15][ 65 189 191 113 176 174  51  19 190 121  74 113 158 183  64 112 167  63
 125  16 147 217 145 115 203 255  63 198 136  64 129  51][ 90 156 123 249 215 228 184  55 173  73  90  70 188 191  36  96 167  59
 145 129 147 168  18 247  79 253  26 202  59   0 161  59][ 26 149  50 154 215 241 176  71 143   5 125  35  44 158  38 132 250  59
 147 145  22 185  16 223  59  84  26  67 215  78 173 223][246 117 174  70 205  85 215 200 203 254 189  15  66 252 127  27 233 196
 255 115 204  99 186 192 123  89  69  63  65 127 246  86][225 232 122  90 117 157 114  71 123  11 124  24  62 152 100 180 187  42
  66   8  87  62 178 243  55 156  16 106  67   8 203 174][245 111 109 109  26  11  71 248 117 232 255 236 115  81 153  49  56 228
 108 238 233 179 109  63 240 235  33 148 109 179  66  97][124 185 243 100 224 104  87 210  51  13 110   8  63 247  73  88  50 222
  37  24  10  18 240  32 221 164  36  44 226 242  38 107][ 90 175  90 174 186 192  63 103 172   4 254 163 109 255  32  80 110 247
 239 224  80 139 131 239 242 229 170 139  37  66 167 203][224 106 156 176 232   8  84   7 171 182 160   9 134 131  65  27 129 181
 236  16  76  79 194  64 157 144  85  59 128  48  14  10][120 237  86 110  73   8  86 182 161 148 236   8 111 243   0 215 160 246
 236 106  72  75 130  45 243 225  68  25  34 242 110  42][ 66  12 159 183 102 162  42  34 172 131  90 194 244 234  49  74 226 103
 123 129  48 217 130 239 148 182 250 128 132  99  33 128][ 70  20 154 240 178 172  58  18 175   9  90 225 204 223 165  88 183  63
 127 148  18 145 129 194 223 252  58 198 132 199  35  83][ 38 255 104 200 246 165 175 247  22  12 120 238  48 201 181   4  94  42
   3 220 210  58  92 127 124  12 173 232  93 219 194 185][ 50 141   9 232  93 231 203 238  22  33 216   2  49 205  56  64  89 170
  19 185  42  43  92 191 121 132 139 125  53  10 116 170][255 223 124 126 187 221  87 191 169  94 188 173 110 255 174  55 151 243
 221 102 253   7  58 255 251 255 101 255  90 246 142 127][248 252  26 120 217 221  80 231 251  29 164  24  46 154 102 189 129 187
 204  16 126  79 178 247 251 217  20 123 210   0 238 143][ 40 245  56  74 121 207  85 253 107 169 188   8 158  55  68  48 153 158
  87  40  74  43 249  31 251 221   5 125  82 154 198 186][ 43  49 227  65 247 223 232  69 109 225 114 206 155  12 148 180 174 189
 215  29 151 184 117 196  31  92  18 194 207 140 215 253][202 226 230 254  73  20 124 125 183 158 213 151 233 239  30  83 222 245
 255 167 236  71 235 203 247 123 222 153   7 246 183  88][124 105  98  68  93 219  87 224  67 228 172  11  75 109  87 180  24 236
 198 110  76 243 252 190 123 221   5  55  99 191  94 214][ 58 203 114 216  87 213 191 247  15   5 124 130  41 143  38 100 126 187
 131 128 194 186  32 253  51 220 134 107  55 140 244 236][  8 120 211  64  98 204 101 214 121   2  98  72  28 151 197 188  54 188
   6  72  67 190 176  66  53 188  48  40  98 144  99 169][194 249  61 242 108 141 188 148 171  59  49 105 188 159  93  27 134 115
 127  67 194  69 138 225  52  24 126 186  68  19 131 139][ 93 109  28 166 168  14  95 184 168 250 143   9 215 115  67  83 148 197
 125 110  72  67 203  44 249 235 109 188  40 243 138   3][ 79  33 106  12  59 157 186 120 206 192 141 140 220 220 247 164  22  57
 219 111 197  35 254  93  82  29  11 188  94 175  11 196][252  56 253 116 169 125  81  91 251 251 164  24  31 183  65  59 129 212
 236  16  57 111 242  16 219 219  85  63 226  96 198  51][207  96 231  69 100  58 235  24 125 242 119 212 217  78 221 255 119 204
 126 238 161 244 237 194   6  58 227 132 175 247 112 245][130 144 191 217 101 253 176   3 191  93 114  53 142 156  38   9 205  27
 255  17 150 252 114 209   7  90  90 195 208  12  69 223][220  70 141 183 172 106  70 172 210 246 131 184 199 104 219 203 211 196
 236  99 125 229 239  34 176 227 101  21 172 123 156  84][ 83 249 174 150  25 220  59 196 175 253 142   8 172 214 210 118  38 247
 253 217 154   9 190 241 249  52 143 251   2   6  47 126][ 63 129  64 169 255  23 222 121  79 224 216 207  93 238  50 192 254 137
 159 173 213  43  87 221 190  95 143 252 159 174 185 212][199 253 125 114 248 156  94 183 169  90 188 249  94 127 220 115 167 211
 221 103 254  15 168 247 251 249  44 254   6 215 135  87][149 117 255  83 182  86 175 220 254 218  31  50 221 126 191  35  55  83
  93 255 243 197  61 106 233 139 175 132 173 243 163 245][156 172 110  59 222 233 167 235 118  22 238  19 243 225  41   0 121 170
  67 177  50 190  79  63 109 135  39  69 245  72 117 162][ 72  58 204 181  48 174 121  23  53 109  86 245 191   7 130  89  38 189
 189 148 184 220 193  69 198 239 186 192 174 128  34 121][137 162 250  91  53 249 112  66 255  13 103  17 170 136 190 252 131  42
 198  28 150 188  38 215 206 255  16  67 210 132  75 198][ 94  34 246 253  42 242  24  26 191 149  87 163  77 239 182  91 118 125
 189 145 150 197 167 213 194 243 219 207 182 165  37  87][139  24 231  87  36 187 232  86 117 203 114 246 235  12 181 173 126  42
 182 157 175 252  37 234   6 122 210 130 239 221 120 253][ 65 134  73 111 180  42 107  59 116   9 251  80 243  99 152 112  83 134
  12 172 187 184  77  31 236 174 162 192 172 194 192  33][ 41 205 224 141  84  11 230 255  87  97 126  78 115  40 182 164 120 238
  22  77 205 186  69 255  54  44 164 128 127 190 216 140][129 238  18  83 112 142 236 183 124 139 114  84 191   2 148 177 167 110
  70  30 227 252 133 110  44 190  54  64  72 144 203 141][152 166  78  57  19 203 225 127  54 166 102 151 171 225   2 129 121   8
 131 188  58 252  87  31 239 199 183  69 251 140 124 218][  3 172 182 155 195 241 188  71 238  83 126 179 172 154 102 232 239  59
 130 129 150 184   7 241   6  52  26 195 221  68 173 159][ 41  97  83  77  69 223 228  71 121   0 116  64  58 144 180 180  58  40
   2   8 197 190  52  64  54 156  20  42  75 144 235 172][146 120 145 184  79 245 176  90 159 122 240  86  12 158 101 236 237  57
 179 145   7 111 178 208 145  80  27 175  27  13  37 223][103 113 243 102 122  12  94 156 233 232 185 237 191 221 221 182  22 117
  93 110 197   3 220  40  50 120  37 186 110 183  11  21][ 48 172   9 248  92 199 130 239  22  11 208  90  48 217  32   0 217 186
   3 177 106  62  74 159 121 134 191 252 209   8 244 170][158 242 118  67 170  75 181 105 172 191 183 177 206  87 206  31 183  21
 237  50 112 213  43  86 152 194 119 215 231   6 167  39][ 17   9 151 173 214  38 171 115 188 129  90  66  93 227  32  66 118 103
  59 173  17 217  17  77 248 166 234 192 173  98 161 161][215 191  63 242 185 183  94 189 155 239 157 253 110 255 174 117 151 243
 221 247 254  75  56 255 251 223  45 255 150 231 165 127][122  41 160 254  61 237  86  67 143  44 185   9  43 253  37  16 200 250
 255  64  26  43 218 187 243 213 144  59 210  78  86  90][188 191   6  57 147 255  87 255  23 238 206 183 107 117  10 133 125 222
 237  48 127 248 121 191 251 199 133 215 123 236 172 243][160 168 122  90 229 253 240  71 123  15 116  24  46 152 100  57 185 170
  66  24  54 126 146 115  31 156  16 107 209   8 206 142][ 74 113 102 204 121 212 184  92 175 196 196 129 237 223  55 118 214  61
 251 224 198   3 178 221 115 121 139 171  22 182  39 123][ 32 245 120  98 125 207  87 125  79  41 189   8  86 253  12  48 152 158
  86  40  73  51 121  31 255 221   5  54  83 154 198 171][122 248  54 122 169 253  80 230 235  23 172  25  46 154 102  24 129 179
 204  80  14 107 178 245 219 211  86 123 210   4 239  79][ 14 160 182 176 207 181 176 199 159  23  17  19  12 232 110 139 171  11
 195  21  22 107  18 209  95  87  94 107 215  76 189 198][228  48 252 246 172  45 216 201 251 187 177  56 207 251  77  27 175  69
 110  19 186 103 202 192 155 219 119 254 192 249 131   3][ 59 161  99 193 213 223 232  69 109  73 250 202  27  28 148 180 238 191
 215 213 223 186 245 196  55 125 130 194 103  14 247 244][  1  52 155 113 116 175 113  18 127  75 127  92 182 147   0  56 149  58
  86  24 179 188 177  87  79 159  48  64 200 192  67 177][240 235 150 126  43  24  84 236 169 152 160 105 111 226  64 215 160 254
 236  66  76  75 130  41 178 240  68  59 106  52 106  15][ 42  49  54 108 125 221 152 105 207 228 221   9 237 221 118 164 222  57
 251  97 148  99 243 157  79  89   9 187  86 174  93 215][185 225  11 160 209 215 126 245  51  65 108  25  31 215 122 144 184 138
  19 252  95 154  24  23 251 205 132 109  56 146 234 202][195 218 149 158  40 156  20 191 239  89 176 117 174 210 166 215 199  51
 238  69 199  77 234 241 132 242 122 186  24  20 139  93][252  93 254  68 151 114  87 191 113 230 174  10 107 120  23 244 120 246
 236 234 236 227 245 142 251 239 197  19  99 246 254  70][120 165 152 112 217 205  85 143  51  53 172  24  15 179  72  17 145 222
 200  24 122  75 218  19 251 213  21 125 226 192 142  10][120 168  54  56 173 253  80 230 235  95 188  25 174 157  70  16 137 163
 237  65  30 107 226 181 219 215  80 123  82  29 198  75][ 65  72  23  95  45 221 236  39 237 194 186  72 251 168 148 230 202 167
 122   9 205 171 247 217 167 127  82  24  73  42 235  12][ 61 101 112 103 213  94  95 184 113 224 255   8  91 105 159  52 122 204
  68 106 200 178 253 174 247 255   5   4 103 247  66  96][199 121 159 254 232  45 191 220 170 154  56 104 252 223 105  27 135 123
 119  99 195  71 138 113  37  24 111 190  88 115   3 187][118  57 144 190 153 197  82  75 151 184 169   8 174 254  65  16 200 251
 253 192  26  75 218 251 179 213 143  59 144  43  38  26][248  48 189 116  41 127  81  31 171 255 180  57  31 191  64  59 135 149
 237  16  25 111 243   0 219 251 112 191 226 192 134 123][ 82 249  42 222  25 212  27 224 175 196 142   8 172 214  86 118 224 245
 249 219 206  11 186 245 251  52 139 123   2   7  63 110][222 190 148 186 187 177  26 202 191  95 145 191 204 238 110 222 167 211
 255 215  54  79 138 247 154 119  91 255 158  71  47  87][ 39 172 231  75 252 187 170 206  94  97 123  70 200 200 156 164 123  10
 114 157 183 248 111 247  44  30 143 196 221 223 241 164][ 79 227 128 161 172  10 107  25 175 229 143 135 141 139 210  82 110 133
 127 221 220   1 215 192 220 117 175 244 142 166 187  80][185  94 125  77  98  11 255 122  84 230 116 230  17  13 151  49  62 188
  23 238 225 182 101  30 102  43  33 132 127 185  68 241][207  96 231  69 100  58 237  24 125 242 215 214 217 110 215 255 127 204
 126 255 165 244 237 194   6 122 203 132 143 245 121 117][  2 144  59 251  53 231  57  19  31  73  83  18 188 159  36 104 197  59
 155 145 147 156 113 247 207 190 154 194 144   8 165 251][132 141 143 190 132 162  47 245 148   3  91  82  81 227 185  73 121 111
  51 171  49 212  11 238  96 166 254 128 180 251 176 160][ 56 245 106 110  89 221  87 125  97 108 237   9 107 253  14 180  88 142
 196  42  79 163 250 159 115 253   5  59  99 158 206 254][ 18 148  58 138 151 245 178  73  15   5  93  19 108 220  46  64 251  27
 147 145  22 169  26 215 123  21  26  67 149  78 173 199][ 74 246 116  65  42  43 189  45  43 191  55 185 204  47 206  31 167  21
 239  32 224 101  75 213  76 210 125 247  71 212 135  99][120  32  82 122  77 205  80  73 171  53 165   9 175 155  72 153 136 152
 204  16  14 103 210 145 211 209  80 123  98  14  78 130][121  45  24 109  48  47  67  50 100 168 238   8 147  17   1  48  24 204
  76 106   9 178 241  14 227 237  32  16  72 171  66  42][214 180 175 151 154  34 185 235 190 243 147 243  92 238 120  75 119 223
 191 181 178  89 143 211 220  34 223 230 133 100 161 209][220  48 221 116  42  76  89  57 171 250 167  57 223 247 201 123 167 149
 253  32  41  71 243   8 211 251  97 191 170 224   7  51][185 197 126 233   5  87 119 253  85 100 246   2  91  25 186  97 120 128
 150 106 236 189  61 157 123 203 230  69  55 154 248  74][ 82 191  91 224 178 174  58  71 173   9  90 227 156 159  36  80 182  63
  95 241  18 137 128  94 248 188  46 198 132 130 163  19][ 61  17 254 109 225  63  85  91 105 139 127  84  95 123  43  58 188 181
 134  40 156 178  48   8 211 255  80   6 251  96 234 163][224 106 154 179 232 205 116   7 186 191  33  25 180 131  67  91 128  47
 106  82  68  94 202  96 133  16 124  41 128  16 135 138][109 120 213  85 237  31 228  27 235 242  39  76 202 113 197 190   1 100
 104  10 193 244 251   0  15 122  69  22  74 244  66  36][147  52  99 137 102  55 232  91 125 106 210 246  25 142 182 237 126 140
  30 173 181 151  37 210  22 120 186 164  63 196 122 213][ 59 241   2 172  95  23 248 125  15 224 220  15  29 154  50 164 250 173
  95 237 205 187  85 220 254  93 143 245  63  46 185 222][ 93 237  24 230 168  14  95 184  33 170 190  73 215 115  11  82 148 196
 125 110  72  18 201  42 243 237 101 180  32 243  74  35][134 121 183 250 232  45 183 216 138 154  49 104 188 223 105 139 142 121
 119  83 195  99 154  96  85  16 111 190 216 123   3 179][246 125 191 230 237 109 151 248 201 218 185 111  86 253 101  43 141 245
 127  99 233  99 186 232 121  24 101 190 201 123 118 243][ 91 159 135 157 187 150 186 230 190 193 194 231 236 238 182 228 167 111
 255 133 167 217  55 255 184 119 158 195 158   4  41  93][172 236  16  50  89 221  82 236  91 180 172   9 166 192  74 148 153 250
 192  82 110 110 218  63 175 213   5 123  66  15  78 206][ 39 188 240 200  95 181 242 218  95  89 253  30   8 216 126 172 253 137
 146 191 183  38 126 215  31  28 131 110 223  77 120 214][252   5  70 229 151   3  78  53  53 160 138   2  75  35  33  85 112 246
 109 242 120 219   1 140 187 203 199  83  38 170 240  10][ 75 251 123 170 114 136  63 181 172  72  92 237 189 135 195  16  38 187
  95 222 195   8 164 109 244  45  42 168  44 146   7 121][ 49 159 113 103 116  11 103 184 117 162 126 104 115  97 157  52  62 222
  70 106 233 176 109  63 102 204  37   4 103 251  70 169][ 90 191  94 174  26 128  63 125  36   4 254 167 237 231  40  80 126 255
 239 226  88 155 131 111 246 229 170 137  37 226 167 203][ 73 154  14 177 112 172 121  19 189  91 118 245 189   7 146 217 167  43
 189  28 179 220   1 245 198 255 186 192 138 132  11  89][ 64  16 191 116  32 232  81  23 160  63  38  56 183  55  64  90 130 182
 108   8   8 105 227   0 193 227 112  17 224 128  70 107][ 44 189 211  69 113 124  99 210  99 233 108 104  58 183 197 180 122 222
 134  24  11 186 240 192  63 252   4  34 227 226 102 189][ 40  48  97 121  69 217 113  80 103  93 119 189 171 157 222  60 104 184
 135  20 143 176 118 145  71 217  48 235 243 141 214 247][228 164 244 215 236  47 252 255 255 187 179  24 203 233  92  27 139 199
 110  17 184 127 203 210  31 222  87 124 199 248 195 129][124 119 123 110 249  82  95 252  49 142 253 168  75 111 143 180 126 221
 205 226 200 163 237 206 243 253 167 141 103 247 166  97][245 205 111  79 252  26 239 189 229 112 255 134 211 111 158 115 126 198
 127 238 217 179 109 125 126 171 231 196 109 179 224 112][210 221  63  60  27 206  53 167 174 116 194   1 124 215  40  83 163 119
 233 225 115 205  49 125 249 227  94  83  32   0 133 122][ 47  42  96   1 124 187 234 218  79 224 252 206   8   8 215 172  89 172
  86 221 133 178  69 220  30  28 129 228 255 253  90 156][180 106 214 112  13  11  68  64 251 178 162  89  98 200  69  27 169 236
 108  82 108 103 202   8 146 218  69  63 193 121  74   6][160 172  41 249  85 207 193  79  86 171 240  27 162 153  52   0 217 170
   3  17 250 254  80 191 125  30 149 115  81   8 214 170][253 122 252 118 169  92  84 152 251 250 181 125  95 255 203 187 166 213
 252  66 237 103 250 162 211 219 117 191 234 245  74  87][183 107 236   7 236  27 238 200 123 172 245 175  67 104 223  31 122 204
 230 231 236 115 237 232  62  90 197 191  71 191 254 196][114 117   3 164  31  79 181 111  13 230 234  15  38 182  37  80 248 221
  75 161  77 139 209 206 177  22 159  63  49 120 182 222][215 189 237 215 222 119 239 191  86 251 222  90 113 254 213 107 127 255
  51 171 245 222 255 254  63  47 255 164 133 249 244 125][179 233  33 174  93 221  75 232 115 100 137  11  47 204  23  52 184 169
  81 207  78  15  62 191 177  92 137  57 117   7  22 236][ 58  21  18 232 155 103  80 103  45   1 232  24 142  63  36  80 206 155
 149 144  24 139  80 204 179 253  26  91 243  64 167 155][218 122  63 188  75 196 189 246 160  14 212 227  44 143  35   3 238 243
 215 193 232 207 162 233 113  99 250 139  37  84  39 251][ 27  96 229  77  44  27 232  89  87  81  83 198 233  72 159 173 126 137
 182 173 143 244 103 193   6  90 218 128 127 140 120 148][123 244 247  69   3  94 239 188  97 234 190 238  91  60 221 166  62 212
 124 107 205 244 253 202  55 110 101 150 111 246  66 125][143 156  19  26 215 149 176 223  94  91 112  86  44 218  44 228 245  11
 146  17 183  45  58 247  43  95  30  78 219   4 169 159][ 35 175  65  89 246 165 171 231  30  13 120 206  32 168 180   4 223  43
   2 157 179 186 100 255  44  30 158 234 221  72 211 189][238 230 166 254  73  84  92 121 191  31 133 153 233 239  30  91 221 213
 255 163 234  71 251 195 215 251 223 189   2 246 182  82][ 26 186 226 225  42 144  56  80  39  53 214 167 141 143 230  92 230  61
 191 212 142 152 229 208 222 241 138 199 166 132  37 215][229  41  89 103 120 143  67  57  54  40 229   8 243  67 129  48  16 172
  76 106  42  86 233  31 231 137  33  48 120 162  66  32][232 119 237 255  40  76  93  63  49 206 252  45 247  55 155 115  20 222
 125  44 235  92 243  41 231 251 244 152  32 242 198 123][ 72 146  58 188 117 188 120  23 253  13 115 117 172 171  58 216 229 191
 175 129 150 185 131 213  87 255  50 193 138 132 237  27][ 37 172 103  75 220 187 162 202  94 225 251  70 233 104 156 164 121 110
 126 189 183 248 111 255  44  94 143  68 221 223 241 164][199  36 238  69 228  58 232  26 125 242 223 150 201  44 215 111 255 205
 127 191 165 246 229 194  22 122 203 132 207 245 123  84][ 91  97 122 204 123 215 155 104 173 196 236 137  28 223  55 116 254 185
 219 239 196   3 182 221 243 121 139  59  23 166  39 238][126 233  96 160  25 153  75  64  39 164 135 137 139 135  82  84 126 141
 221 254  74  11 245 144 251 213 139 125  38 166  54  64][179 190  45 188 147 247  80 123  23 238 220 255 110 125  11  53 221 191
 253 177 255 207 113 159 251 214 173 215 187 228  54 127][125 121 253 100  45  77  87 152 233 184 181   8 223  91  73  59 132 212
 108 106 201  99 251  32 243 249 101  62  66 251  70  35][ 91 221  83 161 210 130  63 245 172   0  90 226  29 151   0 208 102  55
  95 249  83 153  21 253 252 225  46 192  45 130 161 169][187 113  98 140  93 151 222 125  15 224 220  15   8 155  54   4 248 173
  95 237 221 171  16 220 243  89 139 251  31  14 248 222][124 103 216 103 176  14  95 184  49 172 254  72 215 115   9  16  16 204
  69 110  72 146 201  46 247 237  37  52  98 243  66   3][155   4 103 161 166  54 232  83  60 123 218 215 153  14 150 233 239 143
  95 141 183 156 101 194 148 106 186 196 175 196 113 253][242  61 255  68 159 118  85  59 113 238 190  47  98  60  23  50 249 246
 253 160 252 235 241  14 123 238 133  23  97 100 118  95][187 225  99 193 245 219 238 101 109  73 250  42  10 156 180 164 250 187
 215 209 223 187  36 197  55 121 170 195  71  14 246 239][  6 144  59 251  53 237  58 128 158  73  91  18 252 223  44 232 213  59
 155 147  19 148  24 247 207 245 154 194 152  11 165 179][129  52 155 113 112 175 113  18 126  75 122  92 150  17   0  56 149  26
  86  24 179 188 113  31 205 191  48  64 200 192  67 161][252 125 183 228 239  69 151 248 136 186 152 111  94 253  77 163 173 245
 215  99 193  99 218 200 121   9 111 190  73 123 243 179][ 32 190  29 249 124 175 129 127  22 171 216 106 178  25  32   0 217  58
   2  16  58 254  67  63 109 134 177 240 216  72 208 171][  1 104 115  73  83 219 224  70 109  64 122  64  40 146 181 180 170  56
 130  88 135 184  52 108  55 188  18   2  67  16 111 172][ 32 184 122  91 229 237 240 199  95  31 112  24 162 216 116  25 201  58
   2  17 146 254  82  51  79  30  80 107 193  72 214 139][148 133 143 191 148  34 239 249 150  19  91  82  81 227 185  73 121 110
  54 186 121 212  11 190 232 166 239 196 181 251 176 160][207 125 149 238 234   5 191 252 170 154 184 104 124 247 105 147 167 119
 127  99 225  67 138 105 113 145 111 190  88 115  35 185][106  33  50 104  61 223 152  72 207 228 180  11 142 156  54 160 218  57
 219 113 156  43 178 220 211 121  11 127  87  14  95 198][  7 155 149  63 234 175  45  61 175  81  73 229 252 102 142 254 134  35
 118   5 151  24 127 117 140  54  90 194 156 230 131 213][198 164 175 183 222  34 169 249 190 243 211 210 221 239 120  75 119 223
  59 189 179  87 139 215  92  34 255 196 133  96 177 240][104 180 152 112 217 237  81  31 179 189 172  24  18 179  64  26 129 158
  64  24  26  74 242  20 207 223  21 127 194  64 198 162][  7  51 149 191 234 173 188  31 175 209  89 237 236 252 203 190 135 123
 115  21 151  80 222 241 140  22  93 226 220 126 139 213][153 193 110 206  68  86 239 253  84  70 215   2  89  25 186 101 120 132
 190 238 232 191  61 159 119 235 230   4  55 186 244 104][ 89 181  60  56 191 220 149 107 254  85 237  49 191 249  10  48 171 155
 220   1 126  43 250  55 243 255  82  95 123  64 171 194][ 61 181 121  78 125  95  87 248 119  76 253   8 123 221 142 180  88 216
 198 106 223 162 123 189 119 253   1  63 115 175  78 246][ 11 147  30 125  49 188 121  55 175  77 126  85 190 191  46  82 166  51
 253   4 151 137 178  85 207 253  50 194 202 132 139 219][ 86 190 134 186 251 177  58 200 191 127 153 255 204 238 111 220 247 251
 255 215 182  71 142 247 154  86 203 255 158 103  47 215][ 75 144  62 184 113 188  56  87 173  89  79 117 188 247  42 252 167  59
 189  21 151 137  50 213 143 247  90 203 154   4 171 223][ 25 137 215 173 150 134 105  53  52   1 218 194 121  35 176 197 118 255
  63 200  25 216  21 237 253 226 238 192  47 162 161 168][ 41 207 115  69 118  27 239 188 117  34 126 238 115 105 149 180 126 204
   6 234 233 184 109  63  38 238  33   4 111 187  80 169][219 193 103 143  68  86 111 125 117 102 215 198 121  38 190 229 122 132
  62 239 217 157  61 221  53  42 202 132  63 166 244 124][ 82 201 127 174  10  72  63 224 168   4 206 131 109 231   3  82  34 247
 233 195   0 137 183 109 209 231  74  17  37  51  39 122][164 172 189  95 140 239 197 175 222 183  44  24 242 253  92  43 137 118
 122  24  51 108 251  63 111 191  85 124 209 232 212 232][167  56 240 153  93 183 248 202  95 255  84  31 136 156 119  44 221 169
  19 149 167 118 120 250  15  95 155 238 223 125 112 223][ 43 122 226  92  87 176 184 198 235  13 124 230  40 136 183 188 238  41
 130 212 134 186 166 243  22  60 146 139 215 149 110 205][ 61 175  96 111 242  58 110 253 113 172 126 236 107  99 146 180  62 238
  20 238 216 152 141  45 118 239  37 128 103 247 202 173][ 72 144 187 116  40 236  81  19 160  29  38  56 183 183  64  90   6 183
 109   8  26  73 163   1 211 225 112  89 224 128 134 123][ 57 181 123 106 117  79  83 121  95  41 125   8  91 253  12  52 156 152
  70  42 217 178 120  31 255 221   1 116 115 138 198 163][205 126 215  21 122  42  33  18 184 194  98 252 253 194 193 191  39 108
 104  28  33 212 229  74  76 162 119 128 200 241   3 177][ 91 152 167 188  51 150  58 230 191 201 194 199 237 238 182 241 183 239
 255 197 173 217 183 255 186 119 250 130  46   4  41  95][195 122 183 158  41 245 153 156 175  91 149 101 252 214 175 127 198 115
 254  71 135  79 250 241 129  50 122 154  26  23  37 127][ 82 159  74 175  26 130 126 253  36   4 223 231 237 227  42  80 126 255
 239 230  88 154 203 127 246 229 170 129  60 226 174 153][226 178 189 116  40 108  89  23 187 187 180 120 190 191 192  59 135 151
 253  16  58  79 227  64 219 243 112 251 192 192 135  59][121 193  56 174  13 221 198  37 237   1 175   8 187 184  30 162 200 167
 126  65  92  43 246 177 177 253   2  57  80  10 218  14][ 89 238 172  52  41 157  68  39 235 255 142  28 175 168 214 183 129 230
 236  29 238 105 231  49 186 251  85  59  74  68 219  77][ 70  49 254 244 168  44  92  73 171 186 179  40 223 255  77  27 167 117
 127  19 152  99 202  64 218 251 127 254 192 241   3   3][242 105  42 174  25 221  91  96 173   4 237   9  47 222  39  48 248 185
 221 227  78   3 186 191 179 245 139  59  32   7  46 102][ 73 177  49  97 120 207  99  55 111  40 122  72 151 151 196 180 128  28
  78  88 211 184 241  20  45 252  32  64  66 130 195 169][ 33 176 250  77 116 159 243  82 122 202 124  76  50 216 182  48  61  40
  22  28 197 190 244  74  94  61  48 104  73 138  75 141][ 35  98  96   1 116 187 232  86  79 224 248 207 162   8 215 140 120 172
 214 157 141 178  69 216  54  28 135 176 223 222  90 220][ 41  36  57 109  57  47  67  62 112  42 238   8 147  49   1  16 152 142
  76  42 137 178 241  14 231 253  32  16  74 219  66  40][124 111 248 108 248  83  95 250 113 224 252 136  91 109 151  48  92 221
 199 234 200  50 237 238 127 255 165  45 115 243 230 225][124  32 122 106  77 125  82  88 225  44 189   8  75 217  75 156 216 144
 197 106   8  35 202 144 211 217   1  63  99 175  78 130][  2  56 181 217 207 245 177  71 143 127 216  50 172 158 101 239 205 187
 187 145   3 255 114 208 149  16  90 123 147  76  37 255][185  92 105  77  64  87 239 118  20 234 246 198  49   7 145  49 124 188
  23 236 233 182 117  94 119 139 161 128 127 176 114 248][250 185  50  58 139 253  22 198 187  85 168  25 174 190 102  16 129 179
 233  65  46 107 186 247 155 213  22 123 210  21 135  78][ 28 116 146  34  19 239  51  92 174 133  75   5 254 211 107  80 177  59
  72  48   2 145  24  30 233 196  15  98 128  83   3 138][168 245  56 112 217 205  85 238 179 189 172  25  50 221  74  17 153 218
 192  80 122 106 250  55 251 211  21 127  66  24 198 250][  2 143 182 155 211 241 188 199 110  85  91 179 172 138  54  72 239  27
 179 145  22 184   7 241  52  16 154 195 221  68 173 223][170  51  97  99 103 253 241  80 101  93 125 253 139 157 220 188 238 152
 151  84 139  50 118 144  71  88  32 234 119 143 214 247][ 43  53 161  75 209 181 232 222  90  17 233  84 168 110 221 188 221  10
 130 156 155 186 121 211  15  92 146 106 211  78 250 188][248  12 110  69  17 122  89  35 117 231 239 144  43  46 150 116  99 164
 236 136  60 220 117 142 203 255 144  19 103 192 110  78][ 95  19 194 166 162  38 190  17  45 232 219 231  77 226 191 206  54 197
 253 239 157 145 157 192 146 237 171 132 175 231  41  21][ 50 145  18 232 155 207  20 103  45   1 232  24 174 190  36  80 206 155
 223 144  24 155  80 196 179 240  26  83 208   0 167  26][ 57  16 190 108 225  62  80  95 233 131 110  28  31  59  42  58 190 165
 102  48  60 183  18 130 211 255  80  70 235  96 234 131][ 61 101 106 103 213  95  71 248 113 224 255  10  91 121  29  52 120 204
  21 234 232 178 125 174 255 239 133   4 103 255  82 230][252 108 252 247 156 118 223 190 210 182 143  18 243 127  25  99  93 214
 125 234 232 229 249  46 235 239 239  21 165 251 212  98][230 172 244 118 237  45 252 155 251 187 179  24 207 234  85  27 235 231
 110  17 186 111 203 226 159 254  87 252 196 232 195 129][218  58  58  83  35 252  57  18 173  93 215 181 142 158 198 126 166  23
 253 148 158 157 163 224 211 249  58 195  34 133 173 119][250 124  16 254  57 205  86 107 159 170 161  24 174 223   0  17 200 251
 221 147 122 111 218 191 179 209 135 123  82  40 134  26][141  54 151  17 250  43 161  82 250 186  50 252 206 224 193 159  35 100
 106  56  33 245 205  72  28 130 113 116 202 101   3 177][  3 132  47 153  84 174 169  43 126 115  75  82 148 176 180 100  97  15
  59 141 177 216 117 213  13  62 218  68  20   0 145 236][133 109  56 250 236 173 191 196 206  24  89  10 253 219 121 105 254 107
  23 223  82  50  74 241 245 153 174 104  20 219 177 161][  2 139  38 155 211 241 184 199 174  85  90 179 172 142  62  72 239  59
 187 145  22 152  71 241  12  48 158 195 149  68 173 207][199  44 237 145 236  58 233  67 255 243 218 223 156 172 215 107 239 143
 127 149 180 247 231 194 220  58 255 244 133 109 115 212][  7 185 193 175 155  77 174 141  47  97  25 207 189 110  90 166 183  67
 123 213 151   8 191 243 172  84  15 246 172 246 131 213][ 32 184 187 123 228 237 177 199 254  27 120  36 182 253 100  24 233  59
   2  17  19 186  26 113  77 158  50 106 217  72 231 155][124 114 114 106 105  89  83 216 227 172 189  40  75 221 207 148 154 248
 196  98   8  35  72 152 211 221  33  63 115 191  78 163][125 121 249 100 236  77  87 144 235 168 172   8 159 147  65  58 132 244
 108 106 201  99 242  40 243 217  69  60  64 251  70 162][ 29 236 103   3 188 187 234 204 126 225 219  70 219  72 157 228 123 110
 126 253 191 176 109 255 188  92 175  68 221  95 241 164][ 98 134 127  84 112 234 121  39 233  71 170 177  42  46 150  82 162 167
 237   0 180 137 229  79  95  62  18  65  69 192 198  78][201 239 148 236 234  37 159 255 138 186 188 104  61 243 193 151 167 119
 119 233  97  67 130 203 240 251 111 190  26 112 171 169][ 40 155   7 255 180 175 195 183  22  41  90  70 243 113  32  65 216  58
  38   8  27 184  81 189 237 182 176  64 152  74 208 169][254 104  56 234  29 221  83  72 215   4 181  10 107 217  63  52 184 184
 221  99  74  39 106 191 243 221 129  59 115  47  94  98][ 71 137 197 175 155  76  47 141  47  97  11 199 253  38  82 246  38  71
 127 221 151  24 191 243 172  60 142 196 188 150 131 212][ 47 172 160   9 221 191 202 211 219 123 125  92 138 168  86  44 205 109
 146  31 159  54 220 210  77  28 139 116 219 109 218 148][210 252  50 186 155 221  18 198 191  23 160  25  46 222 111  16 163  59
 235  81 102 111 186 247 187 209  30 123  80  21  39  78][ 24 189  60 184 189 217  81 235 247  21 236  25 159 185   2  16 139 155
 253   1  30  43  90 183 219 255  18 127 114   4 175  66][187 197 106 168 253 215 222 103 141 104 254  11  10 152  54 193 248 169
 223 231 124 191  16 222 178  89 138 211  31  30 248 206][162 183 115 200 244 217 250 103 237  12 248 234 138 220 180 164 254 187
 214 177 246 187  36 223  62 120 138 203  71 142 247 229][ 75 145  54 184  91 244  48  87 175  89 206  21  60 190  46 240 166  19
 251  17 151 137  50 213 155 119  26 203 154   4 171 223][235 191  23 236 250   7 157 255 136 186 152 106  92 123 161 147 199 247
 127 161 241  75 128 223 248  31 239 254  24  96 171  41][137  60 145 113  49 175  99  18 126 107  98  84 158  19   0  56 149  46
  68  28 179 188 241  87 205 190  16  64 202  64  67 169][228 127  89 101 116  79  71 184 113 236 126  12  83 103 131  17  24 204
  68 106 233 242 249  14 239 253  37 180 106 242  70 241][120 105 106 232  88 199  75  96  33 164 236 139  19 135   3  80 120 188
  69 226  76 147 112  28 243 205 129  57  97 131 118 106][211  86  81 141  50  16  58 120  61  72 211 231  45   6 140 213  54 153
 157 230 229 148  53 223 144  48  42 130  60 134  43  93][104 176 157 113 249 237  81  27  59 189 172  56 150  23  66  24 129  30
 196  16  26  74 243  16  79 223  53 127 192   0 198 243][  2  56 181 219 205 245 177  67 143 123 248   2 172 190 100 110 205  59
 251 145  27  59 114 240 141 212 218  59 146  78 133 255][186 172  40 238  93 213  91 104 215   4 229  10 107 219  54  52 248 185
 215 234 106  39 122 191 243 221 131  59 115  47 118 166][194 186 189 243 168 236 177  23 186  31  50 125 188 183  64  91 135  59
 127  16  50  76 210  99 205 146 122 234 128  64 135 251][114 156 111  21  16 235  81  39 125 103 170 157  34  44  22  80 227 166
 235   5  60 157 117  95 215  54 144  83 100  12  84  94][ 40 181  61 112 249 205  85 255 115 189 172  24 150  53  74  49 141  26
  68  16 122 106 250  21 239 219 117 127 194   0 198 251][ 63 133  99 202 213 215 111 249  69  68 223   2  89 244 190 229 120 162
  51 239 217 187  61 223  57  94 135  68  55 142 244 100][ 50 159  74 175  82 130 110 252  53   4 255 231 241 227 170  80 126 239
  63 238  88 154 201 127 246 165 170 132  61 227 170 145][ 33 186 250  92 116 157 243  82 123  78 124  76  50 216 246  48  62 168
  22  12 134 190 244 115  94  61  48 104  91 132  74 205][ 72 163 186 100  48 232  81  23 171  13  46 169 175 167  64  18 134 191
 237   0  26  73 162   1 219 245  48 249 226 128 135 107][148 132 207 255 156  34 233 250  22 146 211  82  81 227 249 107 121  78
  63 187  57 247 235 186 220 166 239 204 181 233  48 160][ 79  62 134 186 251 179 186 200 191 250 153 231 204 238 247 216 255 253
 255 215 183  67 142 246 158  87 171 255 156 119  43 215][248 108  58 172  17 213  83  98 177  12 244   9  63 223  35  48 248 185
 221 195 106   7  32  63 243 197 170 185  50   5 110 107][ 56  16 150 168 193 110  16  71 105   1 226  20  30 186  36 154 232 149
 244  16  29 155  17 192 155 254  82  71 202  64 171 146][244 205 188 247 140 110  87 174 228 182 142  27 243 125  17  75 201 246
 125 234 104 233 251  46 235 235 197  21 161 121 212  98][ 34 249  48 203 253 205 178 239  15  61 120  42 172 220 108   0 217  27
 131  81  82  58  90 245  45  20  28 127 208  10 215 139][121 170 142  48  41 157  80  87 251 127 164  29 175 168  82 150 161 166
 236   5 190 111 166  19 210 243  80 123 106   4 202  79][ 33 207  99  71  86  27 239 252 117 162 122 206 115 104 148 180 126 236
   6 238 233 186 109  63  62 174  37 132 111 186 114 188][ 91 205  83 235 211 132  46 119 164   0 222 194 189   3 160 228 110 191
  95 238  81 154  21 255 180 229 174 192  47 134 169 169][139 148 229 177 166 188 233  51 125 115  90 214 189  62 148 237 103  11
  63 157 179 220 117 211 141 122 218 194 166 196 209 253][120 129  40 174  29 205  83 104  71  37 237   9 163 217  26 112 216 138
 204  65  30  43 112  53 243 237 128 121 113  11 214  66][ 17 137   7 207 148 150  78 117  53   8 222  66 113 131 160 229 120 238
  46 200  89 218 133 237 186 232 230 192  43 130 168  44][ 88  18 190 244  32 232  89  19 161  29 199 185 191  39   2  90  38 181
 237 128  24   8 195   1 209 227 120 209 162 128   6  99][176 204 188 245 140 111 213 175  86 183 174  16 243 125   0 107 217 118
 121  40 120 237 251  46 235 239  85  21 192 120 212 106][ 64 177 158 224 170  13 185  91 174 185 186  40 151 159  64  26 167  21
 127  17  18 107 195  64 217 217 127 252 192   0 131   3][ 91  90  35 190  19 146  42 114  61  72 210 231 237 222  50 240 246 239
 189 197 175 217 183 239 176 231 186 194  60   5  41  93][122 249 120  80 221 221  87 222 227 252 188   8  58 189  87 180 141 250
 213  90 138 107 250 181 127 221  21 127 243 151  78 239][ 60 125 234 108 117  95  87 248 119 232 252   8  91 249  61  48 216 236
  22 106 232 242 121 190 123 255 165   4 103 187 114 162][ 13 182 243  97 176  46 111  51 117 239 127 116 223  39 128 124  55  14
  76  60 185 220 165  14 238 190  53 196 234 224 131 113][ 13 182 209  81 161  59  96  51 127 243 127 252 202  33 196 188  55  14
 230  28 145 252 109 214  14  94  81 230 238 229 195 181][255  48 212  65 157  63 194   4 107 225 171  92 139  24  86 190 152 196
 124  61 189 250 213 130 159  92  21 118 203  95 218   4][  5 181  93 107 218 109  51 136 102 121 169  56 223  83  72  56  19 146
  74  58  19  34 123  87  77 141  33 110 216 195 163  50][ 82  98 102 232  74   2 184  72 173  20 147 167   8 142  93  90 110 157
 239 245 138 131 199 208 146  48 138 211  37 134  37  81][ 40 109 248  92 221 215 221 246  83 160 252   8  57 191  55  52  92 254
 147 200 200  58 240 252 127 189 133  41  83 184 110 170][ 51  99 224   5  84 155 238  69  77 225 253 207 170   8 150 132 120 168
 214  13 206 178  69 200  54  28 134 177 111 222 218 204][223  19 202 166 178  50 106  80  49 200 219 231  93 234 251 208 118 237
  21 255 157 146 140 202 186 237 171 140 173 231  42  81][ 93 221 172  37 184  94  95 187  52 238 142   9 215 103  83 114 149 244
 125 111 248 201 249  14 251 239 101  21  32 242 133 112][130 157 123  93  86 199 175 246  92  14 116   2  56 247 181 101 126 122
  19 202 226 186  50 255 103  62 250 128  87 153 101 249][199 216 189 222  42 141 159 156 175  90 144  96 252 222 237 111 135 115
 127  79 195  69 250 241 197  58 127 154  16 115   1 127][ 91 165  67 160 209  86 110 221  35 105 219 207  89 158 250 208 191 143
  21 253 159 154 140 221 186 237 175 228 175   6 170  92][ 31 191 130 187 186 183 186 216 191 253 219 165 205 238 123  72 247 255
 255 247 159 211 142 246 152 247 171 239 158 103  43 215][ 21 229 103  67 156 187 227 220 126 224 251  66 211 104 157 228 121 204
 126 123 137 176 109 190 172 206 167  68 231 219 241 164][138 171  51  53 225 140 181 119 248  15 114  21 172 171  98 145 166  43
 167   5 242 252 162 227 197 243 122 138  66   4 167 203][181 207  74 175  80   3 110 248  52  96 223 199 115  99 154  80 126 238
  63 238 249 146  77  63 244 173 171 132  61 243 122 144][ 33 155  31 255 180 143  98 181  87   9  90  70 246 241 160 100  92  58
  46  88 155 184  67  61 172 184 160 192  24 138 216 169][153  43 152 197 170  23  93  95  95 254 252 102  14 178 199  47 167  45
  46  60 228 123 227 192 218 217 101 190 130 232  41 205][ 90 244  54 186 139 233  20 238 175  87 168  11 110 223 111  89 179 251
 235  17  74  67 154 245 155 211  95  59  82  86  39  90][120 188  56 248 221 253  80 234 247  53 172  25 158 187  64 144 169 155
 239  16  26  43  82 247 223 215  16 127 242   5  14  10][ 95 161 194 160 241  95 110 221  35 105  91 207  93 159 218 144 190 205
  21 253 223  26 152 213 190 221 173 228 175 134 171  83][104 125 187 102 197 205  87 247 105 160 236   8  63 183  65  48 184 255
  68  74  73  58 240  40 247 221   4  56  64 115 198  42][ 35  56 155 186 125 253 186  70 143  73 184  59 188 158  96 176 205 187
 223 145  23  47 210 243 159  93 154 250 216  72  41 219][ 16 185  19  57 146 239 179 199  62  65 104  65 188 247  32  64 183  59
   2  16  19 184  24 125 233 134  62  66 208  64 167 251][162 234  99  25 100 217 233 103  95  76 116 183  32 140 246 173 122  42
   3  13 195 190 166 213   6  24  48 224  87 140 119 252][137  48 145  81  97 159  96  16 123  91 115  92 158 145 217 189 149   8
  86  28 163 244 211  83   5 218 112  64 202 128  75 165][146 135 115 168  46 219 182 103 237   2 218 235 175 152  60 224 250 187
 223  35  92 191  68 223 176 193 138   3 101  14 189 143][139 114 107 201 106 240  57  21 172  76  95 245 157 135 146 102  38  25
 159 143 135  20 167 192  70 121 170 136  38 135 165 245][ 96 176  60 113 121 205  49 119  43 189  44  56 150  55  66  16 135  31
 228  16  18 120 243  21  79 215  49 115 192   0 199 251][ 67  44 239 177 236 170 233  87 238 243 218 211 157 172 212 107 239 167
 127 157 145 249 231 192 220  26 255 224 133  72 145 232][ 60 123 112  78 103 219  87 244  65 164 116  42 107 221 167 180  58 248
 198 106 200  50 108 189 119 221   5  59 119 191  78 239][ 36 127 125 101 112  79 103 184 113 238 126  12  87  55 131  49  28 252
  84 110 233 242 249  46 111 187 101  52  98 186  70 249][ 91 153  50 184  27 148 176 102 173  17  74  23 172 158  36 240 166  19
 251 193 151   9 146 229 155 245  26  75  26   4 171 159][ 64 179  26  96 120 140 113  87 171  29  44  13  46 131  66  82 166 187
 205  16  18  11 146  65 219 177  48 235   0 128 167  27][ 48 101 123 110  84 199  71 125  85 200 253  10 115  87 161  48  88 184
  22 234  73 178 120  63 115 141 161  56 115 154 230 234][ 10 188 151 186 177 228  49  23 191  95  94  53 188 247  34  68 167  59
 255  16  19 201 178 247 233 247  62 203 138  68 167 251][124 245 121 106 244 239  83 218  19 109 253  41  23 213  73  16  89 154
  71 120  10  50 248  63 251 141  33 125 242 155 214 227][162 134 115 200 116 147 250 103 237  12 248 242 140 142 180 229 239 155
 135 161 246 191  36 223  62  92 138 206  85 142 101 173][115 143  70 207 188 130  78 119 229   8 218  98 226 130 164 100  72 174
  46 200  94 154  71 253 174 188 162 192  48 130 248  12][125 102 232  39 141  31  86  28 113 166 229  29  75  73  27 155 152 204
 204 126 220 246 221  10 246 219   5  53 227 255 218  66][ 60 237 120 106 125 251  87 248  71  12 253  40 123 221  57  48 216 186
 135 106  74  50 106  61 115 201 161  61 115 187 118 234][192 177 159 177 170 140  61  23 190 185  83  49 189 151  64  75 167  55
 127  16  18 217 147  64 205 227 126 192 128   0 131 187][ 87 140  11 152  91 132   2 230 158  82 192  71  36 242  33 208 225 227
  59 133  53  11 146 127 152  38 218  91 152  37  41 142][ 41 121 122 109 116 223 247 252  87 232 124   2 115 249 181  48  88 248
 118 106 200 250 123 189 111 233  37 132 119 186 114 235][ 49 199 231  79  84  27 239 252 117  98 123 198 115 104 156 181 126 236
  38 238 237 242 109 255  38 110 229 128 111 191 114 188][ 56 132 106 173 100  83 254 103   4   2 250   3 115  59  50  64 250 167
  31 167 108 187  65 143 246 237 170 129  61 106 120 139][ 56  72 110 126  93 211  83 104 197  12 245   8 123 217  51  49 216 184
 135 226  74 171 106  61  83 203 225  41 115  11 118 234][244 205 188 246 140 110  87 167 176 182 174   9 247 121   1  91 193 246
 109  34 104 105 219  46 249 231 245  17 224 120 212  42][ 83  30  39 191  54 130 170  48 125 192 211 230 237 254 149 228 246 253
 125 231 173 153 149 239 176 118 138 130  12  39  49  53][147 141  90 202 210 146 110 103 117   0 222   2  41  35 166 244 122 163
  30 172 124 155   4 255 186 254 138  66  47 130 170 140][152  37 123 101 226  74 127  97  53 132 126 162  95  39 136  49  54 157
 198  98 120 184  37  14 246 225 100   5 101 162 167 225][ 15  58 194   1  99 189  56  82 111 233 126 239 136 168 215 188  54 172
 238 220 133 240 231 192  30  95  17 230 239 199  11 149][  5 116 217  65 216  47  67 216 126 179 168  92 214  83  73  56 147 200
  66 126 131 118 121  18 205 142   5 124 216 113  67 160][ 51 163 226   5  84  27 238  97 109 101 251 207 170   8 150 128 122 136
  70 197 222 186 197 201  54  28 138 161 109 142 250 196][ 82 217  26 186  97 204 181 231 172  17 170   0 188 150  36  80 234  51
 219   0  66  11  18 245 245 180  26  91  16   0 167 155][189  96  88  71 116  30  67 184 113 168 119 104  83  81 157 180  26 204
  84 106 233 180 105  46 166 184  33  20 106 187  74  33][ 35 165 241  94 125 213 229 111 223  13 252  10  32 248 252  36 217 186
  66 137 202  42 238 253  63  30 151  59  87  72 214 238][ 56  95  58 252 117 243  87 115  53  14 252  41  47 155  35 145 216 187
 197  34  72 171  64 189 243 215 160 155 115 125 110 131][ 47 141  99 154 213 247 202 226 213  64 206   3 112 252  55 228 216 170
  50 255  61 139  62 254  59 127 139  72 159  79 120 212][171 106 161 147 237 189 248 198 219 238  84 221 168 172 247 140 205 107
 151 157 132 126 230 242  15  94 156 227 214 252  94 205][ 58 144 150 160 145  94  16  99 105  17 227  16  14 186 100 222 233 157
 230  16  28 187 145 192 153 246  26  67 202   4 171  14][ 54 169 130 138 157 165 130 205 198 165 169  11  98 232 126   0 216 234
  74  85  30  43  74  48 185  20 135 123 209  79 250 134][106 163 201 105 248  64  89  77  43  61 253 168 137 135 204 114  94 157
 239 240  26  90 239  65 254 241 174 253 102 130 134 161][ 40  93 127 101 112 206 103  48 105 236 126   8 115 119 133  48  52 116
  87 110 193 176 113  12 103 191  37   0  98 178  70 249][208 208 158 179  50 206  57  23 190  59 134  17 189 183  64  74 167  55
 125 145  50 205 147  99 201 231 126 208 128  16 165  59][143 115 119 107 162 244  61 148 173  93  95 245 157 159 255 110 166  27
 183 223 211 144  55 224  70 121  42 194  38 215 165 245][200 179  26 112 112 140 121  85 168  29 100  13 191 135  66  16 164  59
  69  84  82  26 146   5 199 161  48 233  72 128   7 219][111 243  67 162 244 210 110 245  33 233 219 231  89 222 248 240  90 236
  23 253 223 146 236 156  62  77 175 204  45 134 250 213][165 106 153  65 164  15  71 218 126 234 112  92 147   0 209  56  25 204
  68 126 171 118 225  18 236 142  37  36 200 249  82 161][181 197  74 175  48  10 110 248  52  98 255 199 211  99 155  81 126 204
  31 238 233 146  77  63 246 175 163 132  45 179 122 144][ 70 183 132 176 185 189 148 143 191  63 152 253 140  40 206 143 135  83
 253  17 182  73 203 240 184  82 127 255 140  84 155  23][162 170  99  89 116 203 233  87  95  69 116 179 160 140 212  36  58  42
  19  13 227 190 102 215   5  28  18  96  87 140 119 252][  1 219  30 221 180 142 100  53 126   8 114  68 246 209 160  96  84  58
  46  72 211 184  17  29 108 170  32  64  24 136 200  41][ 21 229  99 103 156 155 231 248 118 224 251  66 211 104 157 100 121 204
 110 250 201 176 109  62 188 238 167  84 245 251 241 164][185 223 114  94  87 217 247 244  93  68 116  42  42 220 183 165  46 248
 134  74 228 186  36 255  55  89   4  43 119 191 238 237][209 141 205 245 188  42 109  63  86 179 210  82 211  35 144 107 105 238
 126 152 185 252 229 142 204 170 247 196 172 232 208  40][ 94 185 182 186 139 229  22 233 171  89 173   9 126 255 104  26 165 211
 249 147  90  67 154 245 219 215  95 127 146  70 175  82][124 109 236 111 140 127  87 248  99 230 237   9  83 109  19  26  88 228
 105 110  88 242 249  56 243 207  65  53 227 251  94 226][105 181 251 102 245 207 103 119  97  73 126  72  51 241  28  52 184 254
  70   8 217 186 240  47 127 188  36  40  67 218 194 169][ 95  56 162 184  57 181  90 208 175 236 218 133 237 239 115  88 223 249
 255 245 156 147 170 220 155 215 139 250 138 167  63  85][ 87  82  71 173  50 138 106  48  61  64 211 230 223  86 144 116 246 181
 125 231 173 149  21 206 176 246 138 194  44 163  35  53][ 66 157 191 220 187 196  49 119 175  73  94 100  60 247 160  84 166  59
 255  16  19 137  50 221 251 182  62 203 138   0 165 123][ 16 153  87 169 146 195  35 127  52  65 226 226  53  23  32  64 126  59
  11 224 121 153  49  95 249 166  54  64  52   0 165 123][ 26 206 122 165  34  10 127 246  61  38 118 231 175   7 147  81  54 221
 197 238 232 156  37 238 246 225 110 129  39 180  39  73][129 185 191 241 164 172 189 215 254  91  82  80 188 191 112 107 231  59
 127  29 179 248 162 225 205  58 254 192 132 192 177 233][221  82  83 165  50  30 122  48  53  72 243 237  95  79 128 208  54 245
 253 230 173 149   5 206 214 239  96 196  46 167  43  17][173  98  68  65 108  29  96  24 109 184 117  92 139   0 223 191   8 140
 110 110 228 116 207 192   6  25  65  36  74 173  90 132][104 112 154 120  89 205  80  87 175  61 164   9  14 159  98  28 137 185
 235  16  10 107 210 208 223 213  20 123 194   8 142 139][ 36 169  80 137 244 143 186 239  30  49 120  18 140 136  96   0 219  10
  19  80  18  56  88 247  45  20 143 102 213  10 209 129][ 37 189 113  75 221 159 227 252  95  97 105  76 242  88 156 180  89  10
  18 122 211  58 124 127  45  28   5 108  89 138 210 172][ 35 120 145 218 125 237 216  86  27  73 241 125 188 155 100  44 203 171
  87  25  55  46 208 243  30  28  26 250 216   9  75 143][ 43  38 250   1 245 187 178  70 111 233 124 101 136 136 215 164 187  11
 198  21 150 184  68 210  14  29  18 231 205  79  91 133][  3 187 241 213 195 159  53  23 127 239 246  94 172 186  70  56 231 191
 254 136 212 216 113 202  79 222 116 146  10  72 128  79][  0 178  56 113 114 237  49 119  59  61 108  57 190 151  66  16 167  59
 229  16  18  88 146  87 207 213  48  99  64   0 135 251][ 43  77 107 154 253 241 194 230 223  73 220  34 178 252 183 224 217 170
  22 145  47 170 102 191 110  95 174 203 151  93 124 207][ 40 241 125 111 124 139 247 124  87 136 117  98 115 249 189  48  94 248
 119 106 200 184 107  61 103 233  37 128 119 186  82 171][ 51 163 106 168  84  27 202  96  69  36 249 143   3   8 190   0 124 140
 199 229 156 187  69 141 146 108 136 241 101 142 122 196][124  72 248  78 124 216  83  80 225 140 253   8  51 201 179  50  72 184
 196 106  10  35 226   8  83 249  32  25 115 171  78  98][ 37 197 103  79 116  27 239 248 117  96 123 198 115 104 157 228 122 204
  54 238 233 240 109 255  38  46 229 132 111 191 112 180][189  86  90  69 114  26  99 120 121 162 119 104  91  83 141 181  54 204
  68 106 233 180  37  78 118 235  33   4 111 179  74  37][ 87 114  67 140 122  18 106 216  41 224 218 239  77 206 191 244 118 237
 223 231 205  19 172 200 144 116 139 174  47 183  43 117][163 106 162 150 101 189 188  71 219  79  84  31  44 236 119 140 173  43
 147  21 198 255 178 227  23  95  94 171 199  92 255 207][ 44  37 113  75 246 107 119 216  87 173 125  40  18 213 201  52  27 154
   6  58  19 178 105  62 127 140  37  36 243 219  70 227][152 135  83 173  38 131 174 103 236   2 218 243 175 170  48 192 110 187
 142 163 108 187  68 143 180 229 170 129  52 202  57 137][  3 141  74 158 212 162 110  99 117   6 235 131  96  42 180  81 251 163
   2 140  60 155  68  95  54  46 154  65  21 192 226 140][ 34 161 249  72 124 217 176 104 202  61 248   8 162 216 124  32 216 187
  82  65 158  43 230 213  31  28 147 123  85  10  86 174][ 40 251 124 107 108 201 215 252 199  28 188  40  50  81  42  16  72 114
 195  66  66  42  74  61 103 141  37  57 115 155  70 171][ 53  69  75  47  52  10 111 184  52 226 251 199 211  99 153  80 126 204
  31 238 233 144  77  63 244 174 167 132  45 243 114  16][124 169 184 250 185 213  83 200 163  21 173   8 126 255 104  16 157 219
 217  82  26  35 154 177 251 221   5 127 210   3 238  34][120 125 169 100  77 111  87 246  35 238 172   8  51  53  67  48   8 244
  97  74  72 123 241  62 243 207   5  49  99 123  86 122][ 95  95 103   6 242  26 175 117 232 192  91 230  93 228 182 247  54 103
 116 239 209 145 164 108  52  40 110 128 111 246 163 245][ 71  41  43 168  57 133  90  82 175 200 218  69 175 223 115  80 212 169
 127 213 143  11 210 220 223 253 139 232 154 167  50  81][135 241 247  91 162 212 127 144 173  92  95 229 221 223 253 126 166  91
  55 223 195 144  46 225  71  88 238 198 182 215 165 245][ 65 140 223 213 180 138 109 183 126 171 122  80 183  35 144 104  99 102
 126  24 241 252  97 110 204 190 246 192 140 200 209  41][ 16 206  83 237  50 195  79 182  36   0 250 224 183  39 160 116 102 244
  15 200  73 152 101  63 160 166  34 128  52 146 164 121][162 253 114 209 247 141 188 231 223 168 120  10  44 156 116   0 174  59
 147  81 242 186  16 255  47  24  23 106  85  24 195 139][ 33 109 115  71 116 207 103 112 117 160 126   8 115  53 149  52  56 252
 114 106  73 184 121  44 101 188  37   0  99 186  70 168][  9 135  18 205 244 159 100  55 124   8 122 100 177 194 176 212 116  42
  38  44 208 184   5  31  36 173  34   0  26 136 249 169][ 58 223 114  94  87 211 254 246 221  70 116 162  40 204 183  37  46 251
 131 194 228 187  52 255  55  26   4  43 119 158 230 254][ 98 187 250  72 233 157  80  79 235  13 188   8  42 155  68  20 134 186
 206  88  82  43 242 209  59 220   0 123  82 130 198  39][ 41 189 115  74 245 239  99 247 123  73 124  72  90 241 140  52 153 126
   6  24 147 186 248 127 111 190  48 106 202 202 194 161][166 237  18 153 245 143 166 231  30  57 120  18 140 136 116  64 235  43
  19  81 114 184   0 247  45  24 143 228 213   8 209 136][165 117 253  69 118  79 103 248 124 160 123  96  83  55 137  49  62  92
  86 106 225 240 121  78 101 140  37   4 105 243  66 177][  7  47  86   3 246 187 178 198 255  97 122 231 140 168 183 132 191  43
  66  53 182 185   4 254  46  92   3  66 205  79 251 140][ 67 251 133 147 168 157 180 191 138 249 152 237 172  60 198 134 133  83
 254  21 215  73 203 117  44  22 127 254 216  84 139  93][146 197  14 156  12 128 238 239 180   3 210  18 249 194  40  65 104 131
  63 226 106 143   3 255 176 227 250 136  52  24 177   8][130 253 191 215 240 201 189 103 188  73 114  48 188 190  36 113 166  59
  19   0 119 216  50 111 101 150  30 131 136  64 133 223][227 107 100   5 109 153  97  32  97 244 180 137 139   8 151 151 104 228
 206 110 204 114 228 204  22 121  65  49 103 189  94 196][163 176  35  89  77 221 168  71  91  81  97 216 168 156 116 165 200  56
 147 153 147 126 246 213   5  24 154 106  91  12 215 252][191  79  66  14  83 147 126 244 177 196 252 143 105 207 183 148 126 233
 151 238 204 135 140 255  50  76 129 171 119 183 106 220][ 21 197  99 103 148  11 231 248 118 160 251  66 211  96 153  96 120 204
 110 250 233 176 237  62 188 238  39   4 237 187 240 160][ 87  76  83 173  50 206 107  32  61  64 203 194 215  22 145 116 118 181
 125 239 169 149  53  78 176 190 138 192  44 163  35  52][  8 178  26 115  83 237  49 215  58  13 108  13 190 151  74  16 167  59
 199  16  18 152 146 117 223 197  48 107 200   2 143 155][ 52   0  83 205  30  67 226 104   7 128 241   2  99 195  45  84 122 184
  46 234  72 163   3 221  16 172 131  29 113 170  96 160][189   6 126  69  70  58 245 120 121 230 118  22  91   8 151  61  62 140
   6  42 164 244  53  78  86 235  65   4 111 249 107 133][165 197 103  79  92  27 239 248 117 242 250 198  83  96 157 167 120 196
 118 238 233 240 109 253  36  42 229 132 111 187 112 180][ 34 141 130 142 148 163 142 239  22   3  89   2  96 232  56  64  89 106
  19 227 114 168  11 191  40   6 143 128 149 122 176 136][154 222 107 188 114 192  61 183  53  77 214 183  45 143 162  80 102 191
 183 129 250 158 101 255 126 103 190 195  55 132 164 123][ 67  40 183 189  61 173 122 130 175 201 218  65 190 250  53  96 197 111
 127  85 131 201 147 253 141 254 159  26 144   8  17  47][180   6 106  40  84  35 203  88  85  38 253 191  67  77 191  16 120 140
   7 191 172 183 109 158 210 237 161 189 117 239 126 192][ 32 233  57 104  60 201 147  76  78  45 248  40 179 216 116  32 216  57
  70  81  14  42 202  21 253 148  43 120  85  10  87 170][ 80 156 158 190 186 236  57 150 190  19 142  17 255 247  40  90 167 115
 125 144  34  77  27 119 217 231 122  81 128  65 165 123][ 40 243 127 109 126 139 243 121 231 160 115 226 115 217 188  33 126 184
 119 106 192 177 111  29 102 233  33 128 119 170  66 161][159 114 231  69   2  18 254 252  97 194 246 230 121  79 159 182  62 213
 213 238 237 213 173 234 114 107 229 132 111 183 106 253][221  73  14 190   0 142  95  48 164 134 198   5 119 211  51  83 112 228
 121 110 232 133 144  45 241 171 224   0  40 179  34 114][183  38 104 170 124  49 218  88  91 110 185 159  75  72 223  16 223 137
  87 183 174  39  77 223 242  93 169 189 125 143  90 197][ 41 188 211  91 245 189 234 215 123  75 120  76  58 248 148 180 159  42
  22  28 151 188 252 247  46  62  20  98 219 206 202 173][165  69 101  69 140  27 239 188 124 226 242  70 211 104 157 230 122 196
 126 238 233 245 125  14  36 234 231  20 109 250  80 228][ 25  93  86  79  19 130 102 182 101   0 234 102  59  19 160 244  98 238
  12 202  65 184  21 239 160 236  38   2  63 146 233  29][104 125 187 118 213 205  87 119 177 228 238   8  50 181   3  48 136 254
  81  72  73 186 240  47 119 173   4  49  99  90 214 250][ 41  77 115  79  85 207 227 112 125   0 122  72 123 209 181 180  56 190
  82  74  65 186  49 127  55 188   0   0  67 138  66 168][151 219 119 203 170   4 191 216 175  94  95 226 221 223 253 102 119 217
  63 255 195 144  46 240 101  88 239 142  53 243 101 113][ 28  84  93 229  50  75 103  56 100 160 122  96 215  23 137  49  54  84
 110 106  97 240 121  12 197 170  97   4 104 171  67 177][ 18  94 110 191  48 246  63 118 185 206  94 167 173 239  35  81 230 255
 149 133 168 153  32 239 227 247 250 129  36 245  39 251][ 65 157 155 215 180 140 107 183 254   9  94  64 191 179 176  96 231 110
  62  24 147 152 163 111 237 191  54 192 128 192 193  41][135 173  94   3 214 187 170 198 124   1 122 198 108 200 190 160  62  11
  66 245 183 185  13 127  60  14  14  66 205  11 105 140][166 236  56 250 184 197 219 198 159  28 164  17 144 223 103  17 201 251
  27 210 122  47 106 119 251 145 135 127 144  25 230 234][185   4 110  68  65 118 240  96 113 194 247  27  75   9  55 189 120 172
 198 174 172 247  52  78  83 239  65   1 107 244 106 198][250 117  99 108  93  95 214 101  65 228 236 143  34  28  23 148 248 180
 195  97  77 187 113 140 115  89 128  59  99  62 126 222][ 96 169 122 104 240 157 214  69 235  13 232   8  35 136  68  48 140 187
  70  80 222  58 240  31  59 221   0 123  81 138 198 142][ 34 221 118  94  87 213 190 230 221  68 124 163  40 252  55  32 238 123
 147 195 196 187  54 253  51  30  70 139  87  30 101 222][ 67 251 168  30 248 221 151 180 142 237 156 237 180 252 198  32 132 115
 254  69 199   9 250 125 172  20  63 250  88  30 139  93][ 90 163 150 184 187 201  16 111 191  29 160  57 174 255  96 146 163 187
 237  16  26  75 130 213 155 211  95 123 146   4 175  11][ 50 205  98  94  81 209 254 236 145  68 252 135  40 207  55  21 248 235
 147 230 110 187  46 255  51  60 132 171 119 158 126 222][108 237 185  96 221 237  71 158  99  53  44   8 147 243  72  58 153 218
  64  90  26  98 250  51 111 221   5 125 210 243 198 162][182 202  19  78  57 193 130 232 207   8 241 104  98 208 173 148 248 248
 206  98  75  39  10 127 144 148   1  63  89  43 110 143][ 61  69  71  79  84  10 111 248  53 162 251 198  83  99 153 245 124 204
  54 238 233 210  77  46  52  46 229 132 111 179 114 160][ 35 121  74 232 124 141 122  87 173 200 120  69  61 159  49  16 204 169
  31 220 137 155  16 220 247 221 162 168  24 138 114 155][ 67  57 187 172 125 204 120  70 239 201  74   0 190 154  33 112 224  57
  63  81   3 155 146 221 153 188  10  10  16   8  49  43][  3 169 211 215 116 141 106  23 127  73 122  68 188 130 180 244 103 175
  22  28 147 152 228 255 172 188 178 192  14 128 195 173][209  89 191 181  50 204 181  87 252 200  86 102 182 181 161  96 166 119
 126  65 193 249 178 104 245  32  38 130  72  16 165 123][ 21  69 105 103 180  11 111 248 116 160 250  66 211  97 153  96 122 204
 110 234 233 240 109  62 188 174 167   4 109 251 242 160][  0 156  59 254 114 205 179 103  60  67 106  18 188 247  32  96 183  59
  19   1  99 157  50 111 109 166  62   2   8   0 165 251][ 69   5  59 199  48  46 107  32 184   0 203 192 213 179 153 113  54 253
  88 238 161 144 181  76 245 170 170   4   4 163  35  32]