[ 19 242  15 161  58 151 184  88  39 120 210 231 125 222 254  96 254  13
  55 205 199 145   7 213 146 104 170 134  45 134  57 221][ 34 111  70  76 217 211  70 103  23 160 206 168  98 167 165 212  88 238
 202  76  73 139  65 127  50  22   5  59  50 158  62  44][105  61 113  69 115  74 103  51  97 232 127  40 186  49 128  52  50 182
 100  10  81 184 241  14 101 188  32   2 107 162  70  49][  7 110  32  26 122 185 138  74 222 205  88 239 236 200 183 132  30  41
  87 245 134   2 110 127 140  20  41 250 220  15  19 229][ 45  17 255 127 236 111 119  29 229 201 127   0  94 117  33 122 188 118
 118 104 145 176  51  72 103 175 101   0 203 242 226 179][ 80 125  58 244 145 204 117 119 168 136 110   8 190 191  32  16 164  63
 125   0  64 185 178  45 243 237  54  19  64  80 135  27][ 50 168 166  59 205 227 161 206  86 119 208 147  98 232 118   8 249 234
 226 149  62 255  79 181  28   2 223  83 245  76 182 206][230 164 156 155 172 173 216 143 159  59 177  24 142 232  92  91 201 131
 127  17  58 111 203 210 141 218 223 252 208  72 211 129][ 73  15 194  39 228  10 103  55 117 226  90 205 243 225 210 196  18 230
 110  79 217 184 197  43 228  62  36 128 110 238 208  24][ 41 175 120 107 244 143 111 255 116  45 124  40  51  17 146  48  95 186
   6  56 251 186 108  63 111 205  37 224 103 138 214 233][177 188 190  85  91 179 177 111  82 183 224  54  32 184  38  57 233  63
 226 128  52 255 214  31  92  14  82 107 201   8 234 142][105 162 152  93 236  61 100  31 123 123 124  92 186 179 214 188 133  14
 118  28 147 122 194  81  78 255 112 104 202 200 203 137][ 64 184 215  85 202  96  52 143 238 179 170 176 221 242 193 254  39 215
 234 144  17 105 183  65  28 166  87 111 233 224 167  40][108 236 249 119 244 111 111 190 127 170 126  72 243 113 153  48  59 238
 118  26 217 184 249 127 239 255  53  36 194 250 198 169][221 120 159 119   3  15 119 144 104 232  39  76  86  81  73  59  54 100
 124 126 225 244 185  40 241 137 101  34 104  51  67  51][123  50   3 160 105 208  88  71  41 105 211 253 173  14  82 218 238 165
 253 149  15  31 199 192 150 241 186 250  46   4  59  93][ 80 185  22  30 155 196 176 207 238  17 234   0 124 242  96  82 225 191
 106 145  18 203 155 117  25  38 154  75 136   0 167 138][ 98 182 172  17 224 172 180 135 186  59  50 249 132 188  76  27 141  87
 245  17 178 122 194  96  12  50 126 247 193  84 151 251][254 230 125  99 170  91 213 168 235 182 183 186  79  93 205 187  55 213
 237 115 108 101 237  20 219 203 101 247 229 179 199  99][174 188 168  30 219 241 151 239 218 247  36 153 104 252  78 136 153 107
 161 145  54  78 254 179 105   7 223  63 211 116 223 222][169 116 112  97 109  93  84  20 105 106 180   8 171  25  23 181 206 144
 196  74 204  54 112 128 231 217  16  51  99 158 206 239][ 57 106 210 117  97  62 122  80 161 142 118  68  43 227 131 154  38 237
 196  78 140 182 160 104  86 253  96 128 227 245 106 137][153 120  58 126  33 204  87 182 232  14  96   8 183  19   3  49 128 123
  68  66  72 172 240  43 225 237 116   0  72  16 195 139][ 65 176  29  77   8  79  97  56 118 112  99  72 210  81 136 112  17  76
 106  40  67 240 251  29  69 170  37  20  72   2  66  32][117  98 201  37  40  43  71  24  96 170 243 236  83  65 137  27  24 196
 108 110   9 246 205   8 212 233  97 180 109 251  82   1][220  81  61 103  45  14  79 184 233 184 167   8 223  83   9 115 132 212
 108 106 233 225 249  44 243 251 101  20  66 179  66  35][108 188 149 116 137 108  69 158 178 183 160  24  95 247  73 155 129 214
 232  24  57  74 250  32 139 227  85  62 194 113 134  50][248  32  30  56 105 205  80  80 163  20 164  25  47 155  66 155 170 177
 205  16  14 103 210 145 211 209  16 123  98 132  78  10][ 90 125  59 254  51 200  55 103 173 140 238  40  46 255  33 112 162  59
 207  64  64 139 162 239 243 245   6  11  66  18  39  43][120 161 158 190   9 156  80  73 163 181 161   9 175 211  74 210 160 245
 237  81  14  75 218  17 219 225   5 123  34   6  14  10][124 181  25 232 249  79  85 123  35 169 173  24 223 119  72  16 217 157
 221  56  91   3 219  31 251 213   5 125  58 162 166  50][248 212 211  85 241 126  69 151 115  43 102  24  91  55   8 188  57 222
 180  24  57 254 113 166 159 254  84  70 226 209 230  32][ 91 178 236   5  91  62  56  61  59 245   6 191  77  44 222 254  55 197
 253 189 149  81 181 196  30 111  93 247 175 132 155  93][  1 127 121  69 112  79 119 188 125 232 126  96 211 119 141  52  30  92
  22 106 225 176 105 110 111 158  37 132  64 179  71 249][102  45  36 190  45 173 206 104 143 168 185   8 174 232  53  80 200 226
 127  67  10 107 218 253 177 222 203  57  80 111 114 138][252 117 105 103 155 119  87 248  49 238 239  41  83 125  11  48 124 220
 221 230 233 150 249  46 115 237 165 151  99 247  70 115][101 171 133  87 140  46  97 190 114 249  34  92 210  97 216 126   1  70
 104  28 177 248 251  32  13  42 117 116 200 225 210  32][101 166 200  85 236  59 108 159 123 235  49  92 211 104 220 186  17 206
 116  29 221 118 205   2  14 126 245 180 204 248 218 132][124  56 186 240 189 237 241 214 255 185 182  26 158 185 101  62 175 245
 127  24 146 107 179 242 219 223  55 254 194 137  65  43][ 87 186 241   1 179  88  58 152  43 253  29 237  12 158 206 182 183  93
 253 119 151  81 173 209 158  92  15 231 174 135 143  87][125 101 112 103 253  95 255 184  97 234 255  10 219 121 159  52 122 196
  95 110 200 178 237 174 127 255  37 149 103 255  82  99][237 120 189 118 237 124 245 216 123 250  53  92  94 217  77 187 139 220
 116  90 165 118 250  98  95 219 117  62 202 241  75 147][  3 140 167 157 220 187 162 239  94 227 218  71 232 232 186 232 121 238
 126 149 183 251  79 255  28  54 223 192 221  76 249 204][145  74  75 125  20 138 111 116 116 130 242 198 243   1 177  96 120 236
  38 238 233 180  69  46 164 174 164   0 109 184 112 168][246  97 166 172  13  75 214 232 139 166 128 139  70 236  95   3 248 213
 235  99  76 103 203 152 145  82 207  63  81  63  86 210][181   1  78 188  12   7  92 105 148 150 241  23  83 105  58  91 216 160
  95 102 124 231  90  28 227 235 225  21 121 168 240 130][  8 140  62  93 116 172 249  54 252  27 126  16 188 187 180 105 135  34
  38   8 178 184  35 127  71 191 114 192 210 128  97 171][220  64  26 172  29  71  91 120 180 132 199   3 223 223  43  64 248 181
 253 227 104 135  24 142 209 225 139  29  50  59  61   2][107 143 228  71 242  58 238  51 113 226  63 216 105  44 150 183  39 214
 245 173 181 216 173 239  46 123 244 192 103 230 210 125][ 84  57  27 184  43 204  18  64 169  12 161  77 206 211  32  24 166 121
 204 114  21 131 154  96 145 240  11 122 200  35  43  19][204  56  62  50  13 237  17   0 238 252 167  24 150 217  67  59 128 113
 104  83  62 101 154  48 193 145  65 121  72   1  15   2][ 60  52 232 245 215 107  87 121  21 231 246 187  91 125  27  24  91 190
 151 161  56 178 117 158  95 207 241 177 247 236 214 242][245  45 249 100 148  79  71 184 112 226 174  24  83 113   1  51  25 212
 100 106 105 246 249  46 249 175 101  52  97 251  66  42][ 60  93 108 238 158  39 215 248  20 166 189  15  83 125  59   1  89 204
  23 110 124 163 121 190 123 207 165  53 247 251 220 210][205  80 229  71 100  58 105  24 117 250 119 244 217 101 159 255  55  76
 118 174 161 244 237 192  70 123 241 132 239 167  82 245][105 117 124 101  53  31 122  56 105 232 254  12 223  57  18 176 156 204
 124 110 205 240 241 142 239 255   5  20  74 171  74  66][126 253  96  68  93  95  87 248  67 228 172 139  74 220  87 180 152 252
 199  98 204  99 252 190 123  93   5  63 115  63  94 214][ 70 217 189 187 170 192 189 166 142 255   2 179 245 247  72  75 199 115
 185 209  18  72 203  49 205 163 255 233 144  81 133 123][ 95  94  84  39  51  58  58  58  45 226  58 231 109  46 135 215  55 213
 237 165 165 145   5 239 190 103 105 147 175 231  11  21][ 84  69  92 175  26  11  87  40  36 164 235   9  87  99   9  80  50 213
 104 226   8 147  73  14 240 167  97  21  32 179  46   2][228 166 149  67 220  41 130 136  90 179 161  88 198  96  76  26 153  70
 106  50  54 102 203  22  28 150  69 126 216  75 194 132][  7  96 226 133 110  19 170  72 110 226 149 207 200 200 223 172 127 205
 127 175 135 247 173 211  22  28 139 164 207  39  59 212][114  85  31 174  91  67 158 108 132 128 233   2 116 222  41  80 248 253
 123 227  72   3  91 124 177 160 139  58  57  51  39 154][ 34  32   0 136 109 157 208  74 207 177 176  11 134 152  84  12 200 136
  75  81   6  99 194 209  29  16 153 127  87  13  82 134][194 126 166 158 203 164 188 199 185 159 194 151  44 174 103  11 237 119
 235 133  36 207 146 224  17  50 222 139 137  84 175 223][ 65 232  17  17 153 141  65 158 238 185 162  76 182 242  64 246 129 102
 104  92 131  73 251  49 141 152  21 124 200  16  67  44][173  62  97  73 116  59 235  18 117 198 118 244  51   5 149  60 126 172
  22 124 185 180 101 238   6  62 160 128 239 237  82 244][ 43 175 162  24 245 189 224 119 123  13 124  92  42 168 214 148 169  42
 194  28 150  58 130 215  30  92  20 107 202 140 218 141][188  46 106 126 117 241 211 112 209 140 253  43 107 221  55 144  88 184
 151  98 168 163 104 191  83 221  33  43 119 175 126 231][ 60  42 226 100  97 251 106  80  97 228 246 141  43  13 211 152  42 236
 198  78 140 246 100  40  86 205  33  33 231 247  78 216][126  99 222  44  58  27  91 104 171 164 167 173 207 195 131  18 246 165
 236 102  72   3 194  76 218 241   1  59  34 166  43   1][153 213  79 111 178  11 111 125  53  64 247 230 251 103 154 245  62 230
 127 238 233 240 109 221 238 235 103 128 111 190 226 249][131 139 102 155 148 155 170 197  94  65  83 151 224 200 190  72 121  42
  51 149 246 188  79 255  44  62 154 192  93  12 248 140][216 189 146 120 153 221  81 199 187  17 164  24  62 159  64  62 161 187
 253  16  26  79 178 243 251 217  20 123 210   0 167  58][ 40   2 238 101 116  91 249  25 119 245 118 161  27  13 150  24 122 140
 167  28 158 248 103   0  78 235 113  69 231 168  94 192][247 236 254 126 234 253 126 232 251 178 165   8 123 250  79 187 175 247
 254 210 110  71 218 115  63 219  79  63 201 115 107 134][ 54 101 106 168 221  91 198 232  87 164 216 139  67  72  63  16 120 204
 207 231  92 163 109 254 186  68 129 127 117  63 118 198][ 92 119 216 231 144  14  95 156  34 172 239  13 223 103  75  82  52 213
 109 234  72  82 217  42 243 229  37  52 168 243  34  18][ 36 249 121 105 252 207  91 252  83 232  60   8  51  93  88  48  29  90
  85 120 203  58 248  63 111 157  37 252  81 154  70 251][116 102 218  32 114  40  82 218  35 171 232 237   3 195  75  24  59 205
  68  52  14  54 128  10 114 204  37 189 233 243  74 131][137 174 236 117  52 186 105  63 119 230 126 148 139  32 146 245  51  44
 102  60 231 252 229  31 206 255 119  69 238 228  75 236][ 84 160 254  65 226 120 177 194 105 245 183 184   8  30 198  63  47 149
 228 176  20 123 164  64  95 193  85 103 225 193 167 231][ 66 253  37  58 189 201 150 238 255  87 168 137 238 236 118   4 129  99
 235  65 102 107  26 255  57  22  29 123  80  92 215  94][ 42  59 178   1 241 253 177  83  43 237 124  45 142 157  70 156 175  59
 215  21 151 250 242 192  79  93  48 235 203  68 143 215][124 105 122 238  29  79  94 232 225 160 174   8 255 219   1  16 248 244
 237 106  72  35 216 173 243 253   5  57  98 179  70  10][121 109  18 100  17 158  71 246  97 140 238   8 171 195   3 244 112 236
 204  76  76 187 240 175 243 253   4  25  98 183 106  10][ 38  99 134 140 237   7 238 105 175 128 249  10 200 234  41  80 248 237
 127 226  72 195 203 220 181 182 207 157  17  58 178 128][ 96 173  47 117 244 235 229  39 248 168 122 105 179 185 145  16 139  38
 102   1 112 248 192  14 108 166  53  64 196 104 215 171][246 236 222 222 201 208 118 238 251 155 166  24 106 250  79 251 233 247
 236  82 126 111 202 227  59 251 215 127 129 113 234  14][ 26 106  26 165  90 194 185  82 172 132 214 163  61 135  33  83 110 189
 207 192   0 155 129  72 212 161 170 129  37 161  37 243][ 41 151  89  47 178 107  71 191  54 109 255 252 243  55 136  48  23 142
  94  40 187 152 109  63 236 191  36 212 124 194 198 121][ 92 196 140 174 168   6  95 172 160 158 143  13 215  99  27  83 209 229
 125 111 104  67 203  46 240 227 239  29  40 243 152   2][ 59 211 104 108  35 159 217 125 109  76 244 237  43  13 150 181 174 161
 223 109 204  43 117 157 210 217  32 147 127 140  78  95][ 56  27 122 174 118 128 123 114  13 132  92 231  45 143 163  64 110 251
 135  83 194 155  38 173 246 229 170 139  53 139  52 233][109  32 216 101 188  43 227  56 106 166 187   8 215  97 217  16  27 196
 110 122   8 244 205  14 204 174  37 116 232 171  66   0][216 186 158 250  43 233  81 198 187  31 164  57 175 255  74  27 135 179
 237  16  58  79 130  49 219 211 112 123 226  69 143  91][ 39  61  97  77  86  43 239 121  65 224 253 238 113  45 148  36  94 180
  87 174 249 186 109  30 118  12 161 240 119 170  82 245][ 66 237 184  18 219 240  54 135 251 127  40  29  44 174  78  82 161  75
 234 148 118  75 186 243  63  30  23 111 128  84 175  94][  0 141  59 188 228 236 161  99 188  31  74  17 180 247  32  65 161  59
  51   1  50 137  50  87  69  38 122  72  16  72 165 242][ 90  16 230 188  75 242  56  65 165 196 199 183  41 198  34  78 104 189
 235 128  12 147 167 200 215 225 202 139  35  36  45 214][ 64 185 157 182 172 237 117  23 170 185 170  24 183 187  64  26 133 183
 108  16  27 105 211  33 205 255  94 120 200  80 131  42][ 93 243 120  97 242  25 122 156  43 125  63 173 159  15 222 144 183  93
 213 118 150  80 173  81 238 205  37 247 238 135 143  83][246  56 244 116 237  44  92 216 251 186 177  56 206 251  77  27 175 197
 125   3 168 103 202 192 150 251  87 190 194 241  67   3][114 225   0  32  41 205  64  64 171 236 161  13 167 128  66 150 136 164
 204  86  78  99 210  17 145 208   1  59  72  14  94  92][ 80 142 125 101  50 106 107  54  32  37 238 168 183  39 128  82  38 246
 109 136  40 152 225  47 229 231 176 129  32 128   6 105][ 70 183 239 179 186  96 189 191 190  87  27 247 237 239 250  75  55  87
 191 149 183  89 175 243 220  39 255 198 172 228 165 113][ 28 156  63 232 115 239  83 242  37  77 108  12 127  55  33 112 183 187
  85  56  59 186  48  63 251 255  35  64 242 195 103 243][ 80  53  31 229  18  78  51  48  44  96 106  32 215  23   0 112  54  29
 121  96  65 144 177  14 245 167  35   0  32 162   7  51][124  99  90 108  58  27  83 104 171 164 181 169  79 195 199  18 190 181
 236 114  72  35 234  88 218 241   1  63  98 162   6  97][ 94  50 244 103  42  47 158 152  43 174 191 237 207  43 223  30 183 213
 253  39 128  97 205 192 214 223 109 182 239 247  11  17][ 66 253  36 186 221 205 150 239 191  85 136   9 236 252 100 132 129 115
 251   1  98 107  26 255 185  22  31 123  80  84 151  94][ 60  52 105 101  83  87  85 123  49 238 246  43  83  61  15  49 124 156
 213 160 233 146 241  12 119 239  37 151  99 228  70 243][248  32  86 122   9 221  80  72 161  52 165   9  31 223  74 155 232 145
 205  16  74 103 210  17 211 217  64  59  98   4  78   2][197 114 243  87  32  46 123 152 123 234 119 124 222 246 205  62 183  93
 124  30 161 244 253  98 132 158 119 166 200 241  67 245][244 106 148  48 137   9  18 200 251 190 160  25  66 200  69 155 137 245
 236  82  46 103 202  50 155 210  69 127 201  61  78   6][116   3 216  37  18  10  70  56  32 160 235 169 215  99 139  82  50 196
 108 226  76 146 201  12 240 231  97  21  40 179  10   0][ 54 109  99 164 221  75 214 236  21 164 234 139  67  44  53  16 120 204
  75 227  76 179  85 158 185  68 135  55 117  62 118 206][181 197 111  79 236  27 111 189  37 240 247 206 243 103 158 115 126 196
 127 238 249 240 109 125 118 235 231 132 109 186 226 113][145  75  79 127  52 138 111  53 116   2 114 198 243  65 177  97 120 236
  38 238 233 180  69  47 228 174 160   0 108 184 112 168][ 99  96   1 187 104 204  72   5  41 105 209 221 135 142  80 248 196 173
 125 149 159 218 198 193 148 240 154 234  12  20 179 221][ 24 185 187 232 211 205  49  69 171  85 100   1  46 151  98  80 162 187
 131  80  82  26 178 213 223 209  22 107 242   2 167 250][ 80 184  30 184  91 192 177  73 166  17 226   2 108 210  96 210 232 181
 234 209  19  11 147 117 157  32 138  75  25   2  47 154][216 249  26 252 179 204  53 103 184   4 238  41 191 191  32  81 162 187
 253   0  96 203 146 109 241 225  62  11  96  16 167  27][207  96 231  71 110  58 235 152 127 242 247 214  89 108 223 239 119  68
 126 174 161 244 237 194   6 122 227 132 239 247 122 245][ 92  86  94  39  34  26  63  48  44 174  63 228 207 103 139 222  55  85
 236 110 192 213  41  12 198 231 111 134  42 247  13 113][124 119 112 111 180  26 254 248 113 230 255  42  91 121 157  48 122 220
 223 106 232 178 237 174 247 255  37  21 103 255  70 227][179 108 225  77  85  63 233  86  85  98 114 198  59  12 149 172 124 172
  22 188 169 180 117 142   6  94 144 128 239 220  82 252][246  48 190 244 172  45 248  89 251 187 177  56 143 250  69  27 143 213
 127  17 178 103 202 192 154 219  95 190 192 249 195 131][ 87 249 243  16  91 159  58 192 171 240 131 173  12 142  87 182 167 253
 221 215 135  81 188 244 155  88  13 246  13 167   7  85][248  48 149 116 169 109  80 218 251 187 176  24 159 243  73  27 129 212
 108  16  43 103 210   0 219 251  85 127 234 224  66   3][194 156  62  20  83 248  49  39 185  69  46 185  44 190   6 118 163  55
 233   1  52 205 178 207  91 119  24  67 194   4 175  94][124  32 193 101  84 107  67  24 114 228 243 204 211  65 209 144 120 204
 102 122  41 242 253  10 221 207  37  52 107 251  70 224][235 134  64  23 212  56  98 185 117  39  95 222 227  97 154 212 113 206
  38  15 184 190 205  47 190  46 176 192 175 239 216 100][124 101 216 103 240  14  95 184  32 172 239  13  87 115  75  82 220 204
 109 238  72 210 217  42 255 237 165  36  42 243 226  35][121 116  56 101  52  15  83  56  97 228 238  13 211  25  19  48 152 196
 125 110 200 178 241  12 247 253  33  20 104 171  74  66][ 84 172 190 118 236 233 255 200 250 182 185   9 247 250  75  27 187 239
 110 211  46  99 202  49 253 203 111  57 229 115 111 130][235 116  82  68  87  63 224 127 121 227 102  92  42 152 150 180 176 140
 242  44 165 255 181 207  22 126  16   2  75  12  90 141][ 90 111  91 244  50 192  55 103 173 140 250 163  44 247 161  80 166 187
 239 192  64 139 162 239 242 229  46 139  32  50 167 107][228 160 156 177 172 173 216 143 191 187 177  24 151 248  92  27 203   3
 127  17  50 111 203 210 205 155 127 252 192  72 211   3][ 45  25 255 111 236 206 119  53 238 201 127   4 126 247   1  50 148 118
 122  72 145 169  59 105 103 189  37   0 202 242 195 243][244 254 220 254 234 248 150 238 250 191 177  57 247 250  79  91 235 255
 108 210 126 111 206  35 254 227 127 127 225 115 239 139][173 244 222  81 225 126 116  95 115 251 110  24  91 179 204 189 153 222
 246  24  53 254 241 130  47 255  84  71 235 240 234 166][218 190 158 186  43 233  18 202 187  31 180 189  47 255  74  27 167 251
 237  16  62  79 138 243 218 211  88 251 162  69 143  83][134 190 189  63 155 229 181 239 186  95  64  21 172 253  66 131 177 123
 193  21  51 108 154 123 137  22  95  47 216 100 175 219][ 26  91 122 174  86 133 123 112   5   4  76 135  45 143  51  64 126 251
 131 199 202 187  20 255 243 229 138  40  61 139  49 216][ 66 189 180  18 249 244 180 143 250 127  40  25  44 190  78  90 129  95
 235  17  54  75 186 243  61  22  95 111 128  68 167  95][ 64 169 146  21 202 224  48  15 230 177 234 176 189 178  64 126  99 247
 234 144  19 123 215  65  29 164  87 105 232 192 167 172][120 143 158 126  25 138  87 183 177   5 174   8 119  99   0  80 145 246
 236   8 122 139 192  63 251 231  52  89  98 130 238  42][ 64 169 153 242 184 236  85   7 170  25 175  24 183 183  72  50 129  59
 124  24  27  73 250  49 237 253  54 120 192  64 131  42][120 111  94 100   9  24  86 103 225 132 172   8 107 243   3 147  40 246
 236 106  72 107 130  44 243 233  69  57  98 178  78  10][155  50   3 169   2 134 184  89  38 104 210 231  25 158 150 224 252 141
  31 165 143 150 245 213 148  40 170 132  61   4  57 221][ 88 120 158 252  41  13  93  95 191 153 164  24 190 187  68  30 172 245
 127  24  66  79 211 193 211 255  86  58 194  48 227  43][ 56  48 238 237  86  75 241  89  23 229 246 171  83  93  27  24 124 156
 247 176  11 242 113   8  95 139 225 197 231 168  86 243][ 80  48  31 101  18  78 113  51  36  32 234   0 119  23   0 113  54 181
 125 168  73 153 177  12 209 227  32  16  32 128   7  58][253  97  44 173  45  15  78  56  23 228 164  13 223  45  83  19 216 196
 125 111 236 114 217 152 255 219 197  52  82 190  82  82][120 188 186 120 153 253  80 199 235  29 172  24  62 155  96  59 161 187
 221  16  26 111 178 241 251 217  20 123 210  64 230  42][120  97  80  34  45 205  66 112 169 100 185  13 143   9   2 144 152 160
 204 102  76  35 208  29 147 217   0  57  98 143  78  82][116  81  26 174  91   7 150 232 134 136 233  10 118 243  41  80 248 221
 123 226  72  35 219 124 177 164 143  30  57  59  34 130][124 105 122 110  93  79  82 232 225 168 185   8 123 219   1  16 248 244
  76  98  72  35 200  44 243 253  33  57  99 187  70  10][124 189  25 104 249 127  83 123  35 168 173   8  31  55  64  48 217 156
 221  56  25  43 249  30 251 221  33 125 250 163 206  50][120 233  90 238  29 207  82 240 161   8 190   8 123 219   9  80 248 252
 205  98  72  35 200  45 243 253  37  57  98  51  78  10][ 45 173 121 103 180 127 103 191 118 168 254  72 251 113 153 176  91 222
  70 122 217 184 105  63 239 205  37  20 230 250 218 168][154 157  22 188 131 230  52 103 189  27  98  16  44 255  36  91 167  51
 179   0 112 249  18 205 147 251  82  67  82  64 165 139][ 97 163 152  81 228 189  96  19 123 121 124  76 158 169 214  56 133  46
 102  28 151 122 194  81  94 223 112 108 202 192 202 133][ 33 121  18  69 116 159 226 113 237 136 126  76  58 216 181 180 188  40
  86 108 197 184  20  29  38 157  33   0  75 138  75 140][ 40  34 239  97 108  91 225  89 103 229 118 163  19 141 214   0 122 140
 231 188 138 176 231  64  71  41  32 197 103 136  84 242][ 56  69 112 103 101  95  86  53 105  38 189   8  11  25  30 181 170 148
 213 106 204 178 117 136 183 217  20  51 103 222 222 142][253 113  61 100  44  78  87 184 233 184 183   8 223  83   9 115 148 212
 108 106 233 225 249  44 243 251 101  20  66 179  66  35][ 14 130 196   3 186  57  56 155  47  53  59 245 205  34 206 220  39   3
 238 148  22  16  79 243 142  22  58 199 191 199 143  29][149   5  79 250 148  34 239 249 212  67 219  86  81 227 184 105 121 226
  31 175 185 167  44 239 240 175 234 192 189 251 240 160][ 10 184 174 154 207 227 145 206 150 247 198  27 228 252  98 140 201 123
 235  17  18 107 123 181  89   7  93 127 208  92 189 250][ 94 154 172 190 185   6  29 184 150 191 132 133 229 231 107  75 213 119
 253 181  42  65  27 189 201 247 255 221 144 108  21  82][ 88 243  26  32 242 157 126 255  43 105  60 237  31 143  74 144 183 143
 197  52  86  24 128  85 250 197  52 229  40 130 139 155][ 33 165 121  91 244 203 235 119 118 109 127 112 243   5 156  32 127 154
   6  24 243 184 109 127 111 143  52 192 245 136 198 233][216 120 186 240  61 253  81  86 255 185 182  26 191 157 101  62 175 253
 127  80 170 111 242 246 219 217  19 122 194   9  99  59][242  96  80 168  77  29 208  77  75 160 160  11  14 152  85 148 248 153
 203  97  78  39 192 223 179 208 129  63 115  30  94 142][ 87 130 238  71  82  58 234  58 121  97 215 146  73  44 158 190  55 199
 253 189 188 216 173 231  30 126 216 197 231 133  90  84][177 188 182  63  27 227 176 103  86 183 225  55  96 184  34   9 107  63
 226 129  62 255 223  63  92   6  90  99 241   8 167 206][182 207 237 206 221 103 207 254  87 182 252  26  82 101 189  37  93 214
  23 126 248 227 121 191 123  30 197  52 247 251 244  96][109 184 157 118 137 124  85 159 162 247 164  24 247 247  66  59 129  86
 104  24  27  74 251  32 203 203  85  61 224 112 198 122][ 69 184  21  89   9 143  99  58 238 240 162  76 214 208 132 244   1 100
 104  74 129 225 251  48 141 184   1 116  72   1  67  36][137 134 251  85  54 250 105  55 125 231 126 181 171  40 150 112  51 174
 100  12 181 252 101  78 206 255  48   1 231 204  86 124][ 94  56 246 255  43 240  56   0 239 212  71 163 109 255  39 107 162 115
 249 195  22 201 170 233 199 243  75 139  39  39  37  87][ 41 151 121 111 240 123 111 189 125 101 111 236 247 103 138 116  23  94
  70  46 241 152 125  63 238 255  36  68 118 194 198 121][ 33 244 113  65 116 207 235 255 123 232  60 104 146  21 212  52  31  24
  86  56 227  56 249  95 109 156  37 228  87 138  70 249][  7 110 135 150 215 242 174 198 182 198  74 195 104 238 245 142 123 107
 147 149  53 218 174 234  56   6 223 195 133 118  63 204][ 69  61 157 247 160  46 103  25  62 170 107  64 215 115   1 122 149 119
 124  26  17 208 217  74 197 174 103   0 200 115   3  49][ 56 233 123 110  83 201  83 224  97  68 237  10  51 213  33  48 120 248
 192 226  75  43  56  61 243 205   1  57 115 139 102 234][ 64 155  10 190 224 140 127  51 168  12 110 165 183 231  34  80 134 103
 109  78  88 137 130  45 194 245  34 136   8 163 135  83][ 77 184 149  87 153  30  96 186 250 241  34  92 250 113 212 182   1  70
 104  92 177 248 251  41  13  58  85 116 202 161 210  44][134  12 180 215 173 104 165   3 252 146 139  16 238  50   5 111 201 118
 106   3  48 228  67 226 133 178 218   3 128 105  21 174][ 40 106 234 119  97 252 250  80 225 198 126 141  59 141  19 186  42 232
 198 204 132 240  36  40  87 237  32   1 227 247 110 218][ 92 240  30 168  43  82  19 200 172  85 167 169  30 214 234 250 230 149
 238 242  23   3 170  64 208 225  43  95   2  39  47  83][252  73  26 254  13 199  87 104  20 134 197  10 127 215  35  81 120 248
 141 106 104 135  90 156 243 225 225  57  50  59  60  34][237 120 253 119 232  92 244 220 250 250  52 124 223 219 197 187 167 125
 244  90 225 118 250  98  87 219 117 174 203 241  75 179][ 98 169   4 190  13 205  70 238 143 180 168   8 167 248  85  82 201 226
 239  67  10 107 218 191 187 212 145  59  80   9  86  10][ 43  51 179  65 241 253 185  87  43 205 124 109 188 156 215 188 159  59
 215  21 151  58 242 192  79  93  58 234 206  68  15 255][207  54 193   1 234  57 168  24 127 251 183 253 207  78 223 191 183  77
 254  63 183  84 239 194 142  90 127 190 206 245  11  85][183  12  97  77  86  55 202 122  93 226 250 222  88  44 149 164  94 140
  22 173 189 182 117 222  52  30 129 144 255 173  82 244][152 164 183  63  11 235 177 192 214  55 199 179 227 120  10 139 105 255
 234 147  62 252  79  55 140  99  82  67 231 141 172 194][ 77  53 151 229 177  78 103  61  38 169 107  64 223 115   8 246 148 116
 124  56  17 208 209  10 233 254  39  20 138  98 131  35][216 146 188 173  42  12  25  27 166 125 150 181 191   7   2  83 198  21
 125 165 170 205 195   1 194 225 250 144  44 128   9  89][223  19 218   5 178  62  58  24  41 233 187 237  95  46 207 242  54 213
 253 230 149 145 157 194 210 253  33 150 174 231  11  85][245 201 111 111 164  10 111 188 116 226 247 134 211 111 154 113 126 196
 127 238 201 240 109  61 230 235 231 132 101 179 240 225][124 117 112 111 213  30 126 248 121 164 255  14  75 105  29  48 124 220
 223 106 232 178 253 174 247 255 133  20 111 255  82  18][ 33 183 125  67 244 203 235 255 118 105 127 102 211  21 156  32 127  26
  22  24 243 184 125 127 111 142  53 192 101 138 214 185][155  16  99 169  23 103 233  91 100 104  82  86 153  30 176 228 124 141
  63 173 143 148 117 211 149 104 170 132  63   4  48 245][232 160 189 112 168 105  81  13  99  63 165  56 150  23  72  59 129  16
 108  16  26 102 235  17 203 217 117 125 224  64 198  99][189  60 197 101  53 123  99  24 113 234 247  92 219  37 129 189  88 236
 196 110 169 246 245  14 231 219  33  20 106 175  78 240][166 204 255  94 221 119 207 239 223 179 124  26 112 252 189 175 217 242
 178  58 243 111  59 191  63  94 213  62 213 249 212 108][124  97  80  40  53  77  82 112  33 108 185   9 143  29   3 144 152 160
 204 102  76  35  80 158 243 221  32  57  98 175  78  66][ 73  57  21  81   9 157  32 130 235 240 162  76 190 144 197 246 128 102
 232  76 131 105 243 121 141  24  17  58  74   4  75  44][ 90  95  90 172  58 130  62 119 173   4 222 231  45 199 162  80 126 191
 239 224  64 155 135 237 242 229 174 139  37 150 173 203][124 115  90 236  93  79  82 120 225 172 249   9 111  91   1 144 248 180
 204  98  76 163 208  12 243 225  33  25 104  35  78 130][212 254 222 191 184  42 182 184 190 246 243 229 247 234 203  83 255 127
 236 115 174 240 207  43 236 227 111 149 140 115  15 147][ 64 176 157 177 172 173 113 158 190  59 176 120 151 187  72  91 135  19
 127  16  50 105 203  49 205 147 127 252 144  72 131  43][188 103 122 232  77  87  86 105  19 174 189  11  75 217 111 144 216 184
 135  98  76  35  72 159 243 205 129  63 115  62  94 130][ 35  96 229  77  37  31 232  91  87 234 242  70 139   8 149 173 220 140
  54 173 205 244 117 152   6  90 209 128 127 140  88 188][101  34 203 101  32  43  75  24  96 170 119 236 211  33 145  58  30 196
 100 110 136 240 229   8 196 249  97 148 100 227  82  33][ 88 249 178 122 185 253  80 199 171  21 172  25 174 155 102  24 129 187
 237  16  26  75 146 241 251 213  22 123 194  64 175  11][248 124  62 240  61 253  81 210 255 187 180  26 191 159  97  57 175 185
 221  16 171 111 114 246 219 219  18 122 194   9  71  43][176  50 106  69  86  75 249  89  36 236 119 162  19 157 215  32 126 156
 119 184 137 182 245   0  87  41 161 133 101 138 116 243][248  48 221 244  41 109  80  31 171 187 178  56 159 243  64  27 135 149
 236  32  41 103 211   0 219 251 113  62 232  96  71   3][223  51 208  37 242  47 186  25  59 169  51 253  79  43 223 146  54 197
 253 125 148  80 141 194 254 221  41 182 239 231 139  17][ 16  73  83  77 114 218 160 102 109   0 114 226  59  23 165 180  34 189
 134 200  65 184  37 108  54 172  50 130 103 144 103 173][ 65 217 251  78 180 141 235 181 111 200 126  76 179 211 244  52 156 110
  22  92 211  56 249 127 255 188  36 200  90 170 195 121][ 90 144 140 188  57  70  89 184 135 189 134  13 223 119  42  75 193  69
 253  53  42  73  91 157 201 247 221 223 146  44  20  90][120 175  22 110  59 152  86 231 161 140 174  41 111 227   2 211 160 246
 236  96  76  11 130  45 242 225  96  27  98 166 234  11][253 230 194  31 213 187 106 200 118  39  71 159  67 224 158 220 121 204
 162 127 190 246 237  55  30  47 177 197 231 191  90 196][220 121  61 100  40  78  87 184 233 168 166   8 223  51   1 115 132 212
 124 106 201  99 241  44 243 251 101  20  66 177  70  35][ 33 170 234  65 228 173 232  83 107 249 120  92 147 168 214  56 139  46
 102  28 151 122 194  16  78 157  48 104 200 200  75 137][196  48 190 240 172  45 249  67 171 187 176  56 159 159  69  27 167  53
 127  17 146 111 130 192 219 219 127 254 192  96 131   3][124 101 120 103 240  14  95 188  49 172 255   8  83  99  75  16  88 204
  69 110 104 210 233  14 239 237  37  37  98 242  70 162][199  36 237  69 236  58 233  24 127 242 215 214 217  76 223 239 119 204
 127 191 165 244 237 194  22 123 227 132 239 245 123 245][ 26  92 115  92  99 240  55 102 169  70 238 168  44 183 167 180  38 243
 198 192  65 139  34 237 115 255  16  11  99 212  39 255][115 105   9 187  96 204  77  85  41  73  81 201 183 158  80 120 204 169
  21 215  79 154 244 177 181 241 186 224  36 146 182 240][ 41 181 254  81 225 191 245 215 127 191 110  28  26 251  78  59 153  94
 226  16 182 250 243  96 111 255  84  71 203 208 202 134][ 72 184 158  31 217 228  33  71 230 181 231  16 168 178  66 254 233 255
 234 144  26  91 211  97  29 165 215 105 224   0 174 138][251 118 105 108 122 123  95 120  65 110 181 173  27  28 151 181  30 152
 213 102 237  39 116 140 114  89  32 191 127 190  70 117][121 176 189 118 137  93  85 159 226 247 164   8 179 247  74  58 133  86
 104  24  27 107 250  33 203 201  85  61 226  80 198 122][ 94 190 222 186  43 249  26 202 187  95 181 189  47 255  74  94 167 219
 253 151  54  79 138 243 218 247  91 255 130  69  47  87][235  35 102  24 109 157 248  97 251  28 117  29  10 200 254 157 184  40
 230  45 214  99 166 213  18  89  65 235  67 140 250 197][ 82 249  31 152  75 197 177  73 166  84 230   2  60 214  98  84 236 185
 234 208  75  11 179 213 209  33 138 123  17   0  45 114][121  36  56 101  21 111  83  58  97 238 238   8 211  25  19  48 216 204
  93 110 200 178 241  14 231 253   1  52  96 251  82  98][ 40 172 217 101 244 187 111 191 118 171 126  64 255 113 128 176  59 254
   6  40 155 184 233  63 239 239  37  69 226 250 202 169][ 41 181 243  72 113 221 243  83 235  65 109  24  26 149 108  52 184  26
  82  24 147  43 176 211 127  28   0 106 203 138 226 182][ 44 187 243  67 242 143 107  83  49 133 127 132  25 135 196  20  62 186
   7 220 146 154 176 102 111 156  37 224 235 131 230 241][ 42 168 174 152  77 217 177  75 134  21 198 139 164 204  98 198 232 171
 235  17  14 107 243 145 217   1  27 123  85  12  60 250][222 147 192  35 146  51  58 217  55  53 151 247  77  46 206 220 127 159
 173 212 158  16 141 210 154 197 171 231 175 135 171  85][ 80   0  29 229   0  78  73  48 164   9 166   0 151  23   0 115  34 181
 125 136   9 137 241  12 209 163 114  16  32 128  39  58][181 133 207 254 148  34 239 249  84  66 219  86  81 227 185 105 121 198
  55 175 185 243  47 174 248 175 239 196 189 251 240 160][ 98 188 180  18 219 244 180 175 154 191   8  57 172 254  70 208 129 123
 227 145  54  75 218 247  45  22  31 107 128  68 167 222][ 66 189  20 154 153 205 148 239 190  63 136  25 172 252  64 132 133  51
 251  17 114  73 154 255 185  22  31 123  16  68 143  95][188   5 126 100 213 127  83 120  85 164 255  26  83 121  59  49 120 148
 215  42  56 178 113  14 115 239  97  69 227 235 126 226][151 120  35  48  27 205 186  64 171 224 161 141  12 206 119 145 166 253
 221 215 229   7 156 254 185  88   9 246  69  53   3 214][148  55 158 189 168 107 255 248 118 190 243  41 215 235  11  11 187 253
 108  99  44 241 203  30 232 227 239 181 232 241  15 131][124  50  86 106 105  89  80  88 163  60 181  41  15 219  74 159 168 144
 205  34  14 103 202 145 211 209  97  63  98   7  78   3][ 59 181 120 126 249 221  95 125 211 229 189   9 123 253  94 180 156 186
 213  10 222 107 250 191 123 223   5 123 115 142 222 254][215 166 239 151 222  34 169 187  62 243  83 215  93 239 216 107 119 223
  63 189 179  92 175 215  92  46 255 228 173 228 177 113][247  64 230  66  77 146 232   0 229 132 199 131  73 200 215 124 120 164
 253 251 140 215 173 192  83 104 139 205 167 183 116  70][ 94 114 114 168  43  80  56  72 167 220 150 163  13 151 227 118 102 149
 255 240   4   3 166 192 210 241  43 239  38 167  39 119][248 169  58 120 189 205  86 230 251  29 172  25  46 153  64  16 137 187
 205  80  26 107 210 183 251 221  16 123 210   8 198  10][105 184 132  85  13  31 192 154 235 240 166  76 234 240 212 182 129 102
 248  15 135 105 223 177  14 122  69  54  74  45  90   4][ 44  53 120  99 253 255  83 120  99 173 173   8  95 127  10  48 217 190
  84  58  24 178 121  62 223 221  33 113 242 203  78 163][ 78 187 188 158 203 181 180 207 154 183 132  25 172 249  74  15 141 123
 235  17  22  75 218 241  79  83  95 123 146  68 143 138][242  48  47 172  45  75 145 104 169 230 162 171  70 156  39  19 248 181
 239  33   8 103 193 200 209 178  75  63  64  44  55 114][114  50 229  53  83 207 176   3  58 233 242 255  18  28   4  24 236 189
 255 149 140 254 213  77 149  34 112 210 105  12  86  91][196 177 155 242 188 237  83 151 186  29 175  24 183 247  72 114 129 219
 108  24  26 105 250  51 201 245  52 120 192   2 135  34][ 18  18 230 137  13 217 248  74  77  85 214 167 139 140 183  73 106 172
 191 149 158 189 119 208 134 112 154 195 191 140 124  94][  3 133 227 141 212  54 232 123 127 113  74 214 208 242 188 116 121  14
  50 173 151 144 245 211   4  62 139 132 157 100 243 180][  1  87 117  69 112  78 239 184 125 168 126  64 217 119 157 116  54 220
  22 234 225 176 121  78 101 190  39 132  66 178  71 177][ 35 157 115  73 211 215 167 247  93  65 124  66  56  23 164 164 127  58
  18 184 243 186  48 255  47  28   6  66 219   2 227 253][ 20 242 120 107  82 205 123  81  49  77 117 175 125  87  10  16  54 153
 151 130 194 146  60  85  87 165  32 225 119 130 166 243][146 142 134 158 219 226 190 230 188  23 210 179 108 238  40  67 111 243
 143 195 112 207  10 239 176  38 222 139  21  85 165 219][140  22  94 252 114 142 123 112 188  12 119 229  93 195 162  81  54  61
  23 238 224 149   0  78  70 171  34 128  42 163  43 177][ 41 175 248 111 244 191 103 255 119 169 126  66 243  97 146  48 123 238
   6  56 154 184 109  63 111 239  37  65 235 202 202 169][ 98 169  59 152  75 197 145  73 174  88 224   9  52 214  96 112 200  57
 122 192  66  11 178  85 209  48  10  59  16   0  39 234][ 44 177 190 121 205 239 245  87 255 215 125  29 218 253  86  26 137 110
 227  21 150 248 242  96 111 223  85 115 195  84 198 242][236 247 248 101 240  74  71 184 113 172 254  44  83  99 137  17  26 204
  69 106 104 242 233  46 238 239  37 148 106 243 198 179][ 33 179 125  67 244 175 235 251 118  41 127 102 211  81 156  36 127  26
  22  24 179 184 109 127 110 142 163 196 237 138 210 177][192 176 157  52  40 105  16  15 187 187 176 120 158 179 192  59 135 151
 108  16  49  79 195  64 220 242 114 254 192  64 135  43][170  35 110  24 109 185 248  99 237  92 244  25  42 200 182  29 168  41
 239   5 150  35 166 213  18 121  64 235  87 140 127 199][196 181  59 250 184 204  87 185 250  29  37  56 247 215  72  49 147 218
  76  90 122  77 186  55 249 217  53 124 144 131 135  99][ 56  36  58 101  21 111  71  62 113 166 238   8 211  49  25  48 153 206
  92  42  40 178 241  14 199 255   0  20  66 251  70  42][ 44  53 121 107 244 239  83 120 115 237 125   8  83 245  15  48 152 254
  70 122 152 178 120  62 127 221  33 112 243 203  70 226][ 92  54 158 165 184  15  94 186  54 238 222 101 215  43   3  64 151  69
 108  39 252 209  65  14 236 231 111 149 168 224   9  19][199  36 239 145 236  58 233  26 127 243 215 215 217  44 223 107 127 205
 127 189 181 244 237 194  94  58 255 164 237 229 115 245][ 98 185 174 154  11 213 144  72 142  53 133  11 164 221  98  66 200  59
 235  17   6  75 250 177 219  17  27 123  16  14  53 206][ 94 190 254 186 187 185  26 202 191  31 189 189  46 238 111  26 167 219
 255 215 190  79 138 247 154 215  27 255 182  69  47  87][  1  69 125  69 116  14 239 184 125 172 118  64 219  87 149 101  62  92
  86 234 225 176 121  76 101 186  35 132  66 179  69 161][ 64 176 159 176 170 172  57  87 174 187 176  48 156 159  64  27 167  55
 127  17  18 109 130  64 217 155 126 250 128  64 167  59][100 216  60 161 140 207  83 178 134 121 166   9 215  25  67  74 201  84
 125  91  74  97  89  53 205 219 229 116 144  57  84  98][ 30 240 238  27 139 243  17 200 150 119 199 183 105 236  42 143 105 215
 235 211  63 247 127 181 223  67 217  83 247  93 172 246][124 119  90 236 121  95  86 120 161 140 253  45  79 211   3 144 248 164
 204  98  76 163  80  14 243 245  33  25 106  51 110 147][ 26  75 118  92 123 240 189 102 169 132 252 163  41 175 167 151  46 243
 199 192   0 139  38 232 115 241  82 139 231 245  47 255][ 26 219  78 175  50 130  62 117  36   4 222 231 237 195 178 208 126 239
 255 231 204 155 197 237 246 225 170 128  45 150 169 153][218 185  18 186 155 201  18 230 191  21 160  57 174 222  98 144 163 123
 201  82 118  75 154 247 187 212  30 123 144   7 175  78][101  49  85  69  37 127  98  48 109 224 171  76 202  48 212 182  16 196
 108 106 153 240 245 204 135 188   1  22  74 239  66  36][155  20 101 169   7 118 105  23 117 107 218 118 153  23 144 237 110 140
  63 173 169 156 117 210 135 120 154 194  63 204 176 253][ 41 255 115 109 244 157 239 247 127  73 124  76 179 145 148  52  28 234
  22 124 219 186 228  63 108 252  36 232 111 154 210 185][120 121  63 100  41  78  85 182 233 162 174   8 191 183   1  51 164 244
 124 106  73 107 243  40 243 249  69  56  64 176  70  58][205 122 215  21 106  10  45  16 184 130  98 244 253 194 193 190  39 108
 108 142 225 212 199  74  20  38 119 128 140 241  35 185][223 116 195  37 211  94  46  25  57 224  67 223  93  30  92 247  54 213
 253 247 245 212 157 202  60 120  15 198 175 167 171  21][226 109  98  92  77 208  94  98 233 134 204   3  40 220  55 119 200 232
 219 195 108  15 246 234 115  56 142  27   7 117 126  78][ 88  34 187 116  32 104  81  23 163 173 174  40 191 183 192  58  34 182
 109   8   8 216 224   0 209 229 112 177 162 192   6 107][218 110  30 254  11 192  29 230 173   6 236  33 175 215  33  83 230 243
 237 128 106  79 130 239 243 243  94  27  34  80  39 107][223 118 194 165 243  31 236  89  57 242  83 223  77  10  95 159  54 205
 213 191 245 212 157 202 190 217  13 230  47 164 139 149][ 36  78 255  94 108 235 199  80 213 142 247  40 114 213 183  44  88 112
 102  74 168 167 106  40  71  63  97  25  87 251 116 227][190 248 173 222 155 245 147 236 147 255 197  55 104 255 110 175 221 123
 177 147 191  79 250 177  75  83 223 255 179  21 190 247][176  48 107  65 118 107 249  89  36 232 119 178  19  29 156  40 126 156
  87 168 137 182 229 130  87 137 162 196 101 136 116 241][126  50  82 106 105  57  82  88 171  44 185 109  78 219 207 156 190 145
 205  34  12  35 202 208 146 208  33 191 106 167  78  23][ 45  34 112  75 117 157 234  88 123  73 117  76  43 200 223 188 156 136
  22  92 143 178 116 145   7 221   0  40 223 143  90 149][215 164 239 215 220  34 233 249  22 243 211 214  81 239 248 107 127 207
  63 189 177 214 239 214  92  46 255 228 173 232 176 176][ 66 189  20 158  25 197 150 239 142 157 136  25 236 246  96 132 129 115
 251   1 118  73 154 255 185  22  95 123  16   4 141  15][ 36  94 124  90 124 233 211 250  86 190 124  42 114 121 165  33  89 122
   3  74  34 110 106  63 111 143  97  57  87 235  86 171][181 132 207 255 220  34 111 249  86 146 219  86  81 227 185 105 121 206
  55 190 185 246  79 142 124 175 255 196 189 234 240 160][190 235 238  26 201  81 167 204  22 246 197 155  75 204 127 223  89 206
 235  87 110 215 239 177 126  99 205 125 247 127 254 214][180 140 190 125 220 103 133 239  94 190 126  16 115 252  53 107 217 118
  48  34 249 255 187  62 235 235 247  61 209 120 212 170][ 33  34 232  99 116 169 224  29 122   1 121  92 183 200 220  24 155 138
  70  28 150  50 206  66  76 156  50 104 205 194  66 128][ 66 188 148 147 219 229 176 239 186  61   9  17 172 254  76 134 133  91
 235 145  54  77 218 247  45  22 159 123 128   4 143 159][157 255 141 189 184 122  60 186  62 242 194 197 215 238 147  67 215 109
 108 101 173 217 255  15 234 231 111 149 140 241  11  80][248 224 189 248  41 205  85  71 255  17 164  24 191 155  64  59 136 189
 108  16 106 111 242   1 211 249  86  57  66   8 199  42][ 72 184 157 177 168 173  49 150 190  57 178 120 183 183  64  75 167  19
 127  24  51  73 211  17 205 195 123 252 144   0 131  43][181  62  87  69  48  63  98 112 113 234 243 124 195  21 133 189  58 252
 108 106 173 244 229  14 135 250  97 146 106 241  66  53][ 90 176 190  27  91 244  49  68 230 117 231  20 104 246  74  94 225 126
 234 144  31  91 251 113  95 229 146 107 162   7 174 254][ 35  63 211  67 242 243 170  70 125 201 120 226  40 172 245 164 254  59
 130 144 135 186  36 234  62  92  50 131 199 215 107 141][209 128 172 165  28  94 120  43 108 241 146  19 215  58  18 107 226 133
 125 165 189 205  85 140 209 227 251  84  44  40  89   2][252 115  88  96  48  27  82 112  49  44 253 109 223  27 131 144 150 156
 197  98 204 178 192  30 242 253  32 177  98 183  78   3][ 64 187 152 186 184 169  16 135 170  25 168 253 166 242  64 154 133  59
 237  17  30  75 194  49 152 149  58 123 136  64 139  27][  3 163 135 141  84  54 168 107 126  81  67 198 128 162 158 228 252  13
  50 173 151 216   5 213  28  62 155 198  13  36 113 196][ 35  16 229  69  37  95 232  67  77 121 114  70 138  24 148 175 200  12
  54  13 205 248 117 193   6 120 208 130 127 140  88 140][203  16 156 189  40 252  88  23 175  91 130  53 191  30   2 219 135  55
 253  21 191  77 211 193 195 251 122 210 136   4   9  91][124 117 114 110 213  15  86 248 113 168 255  13  75 121  31  16 248 204
  95 110 232 179 217 174 251 255 133  22 107 255 122   2][ 93 177 147 101 177  14  66  25 119 169 111  64 222 243 200 244  16 124
 124  56  25 208 145  78 169 253  37  86 138 162 139  33][141 182 197  81 179  59  98 187 115 227  55 252 203  33 220 189  55 204
 228  62 185 244 253 142  14  94  85 246 239 229 194  53][ 49 132 125  76 126   7 194 123  87 160 254  66  82 121 188 112 126 196
 126  40 225 171 113  95 123 175  33  84 119 168  96  33][117  98 202 101  32  10  75  56  96 162 231 200 211  97 153  50  26 196
 100 238   8 182 205   8 196 169 225  20 101 179  82  32][ 66 253  22 158  27 229 146 238 142  29 136   9 236 246  40  68 129 115
 235   1  22  11 218 255 185  54  15  59  16  78 133  14][ 95 228  71 161  67 118 236 110 121 250  91  78  93  30  92 191 183 205
 215 191 229 214 148 204  28 122 223 230  47 246 171 148][253 112  80  69  29  31  86  16 123 224 171  76 203  24  23 180 152 204
 236 110 173 246 213 138 178 221   1  50  75  63  90   6][181 134 207 253 220  34 111 251  86 179 211  86  83 225 185 105 121 206
  54 190 185 246  79 142  92 174 231 196 189 233 240 160][ 50 233  42 154  25 205 146  72 142  53 129  11 166 217 106   0 200 177
 235  83  14  35 218 113 211  16  11 123  80  11  55 130][165  99 104  75 116  27 239 216  68 100 245 143  83  73 159   0  88 136
  87 239 204 182 108  19 118   9 161 189 117 187  94 192][ 45  34 129  33 244 169 225  25 126  57 113 220 151  73 216  24  27   8
  70  61 178 244 200  18  76 156  50 100 204 136 211 161][ 64  40  19  88  75 197 144  72 174   0 193  72 164 211  96 241 200  57
 107 192  66  67 130  85  17  32  10  59  16   2  39 170][ 12 185 190 121 157 221 245 215 239 213 236  29 158 253  66  26 137 115
 251  17  82 233 242  99 239 223  85  91 194  84 199 250][ 31 228   7 161 209 118 104 201  53 251 195 215  73 206 126 217 253 141
 151 181 255 215  29 220 188  74 159 228 173  70 186 212][ 89  63 159 165 176 207 127  50  54 236 126  45 151  39 130  80 182 239
 109  76 137 216 209  46 254 231 101 128 168 240   0  91][164 247  93 101 112  78 103 184  49 236 126  44 211 119 139  19  92 220
  68 106 233 240 249  14 111 187 101 148 106 179  70 241][ 36  30 124  95 126 235 179 122 206 142 125  42 242 113 165  44  78 122
  35  74 160 160 107  63  71  31  97  57 213 251  84 171][ 57 175 250 103 244 191 103 219 119  45 127 108 115  97 154  48 124 238
   6  24 154 184 105  63 126 207  37 193 235 202 234 169][159  20  86 164  99  54 122  80  53  74 123 215  93 151 170 221 182 141
 151 174 165 149  16 206 210 239  98 134  42 247  43 213][ 36  90 252  95 110 171 183  24 222 142 117  40 242 241 167  28  78 120
 226  74 192 160 107  58  71 175  97  25  87 251  70 163][ 91 203  70 175  50  18 110  61  53  72 218 231 233  74 178 192 126 237
 191 239 205 152 197 237 182 107 170 128  45 182 185 157][ 60 100 187 110   5 111  67  84 117 175 111   8  83 241   8  56 153 252
  68  42   8 182 121  14 211 255  49  21 194 251  70 162][ 94 190 246 186 251 161 186 202 191 125 153 191 205 238  67  90 167 251
 255 215 150  67 138 247 222 119 187 255 158  87  47 215][120 125 187 102 137 204  87 247 233 226 174   8  63 183   1  50 162 247
 124  74  73  43 176  40 243 249  68  56  64 114 198  58][196 180  57 114 184 204  87 185 186  31  39  56 215 215  72  16 147 222
 108 122 123  77 186  55 233 181  37 124 192 131 134  99][ 26 107 238 220 171 144 190 102 173 140 252 167  45 142 167   6 238 243
 239 197  68 139  38 232 178 113 174 139 103 181  47 223][ 71  44 239 145 236  42 233  19 255 243 218 215 153  44 213 107 111 143
 127 157 177 240 229 192 220  26 255 228 173 236 115 245][124 117  82 174 107  91 118 112 173 204 251 173 207 223   3 144 182 253
 206  98  77 179 176 140 242 241  33  27 106 183  47 215][ 76 217 191 240 237 207  83 178 174  48  46   8 214 181  97  80 129 116
 123  88   8  57 154  48 221 143  69 116 176  57  68  42][ 88 179 154 100 112 140  81  23 171 141  46  45 175 167  66  18 166 191
 237  16  26  11 130  65 219 245  48 249 226 128 134 123][253 113  80 111   9  31  70  56 113 160 231  76 219  81   9 180  80 204
 236 106 237 246 217  14 183 253   1  22 106 183  74   4][ 82 219 111  95  27 208 186 176 175 216 222 231 236 206 148 102 102 117
 253 195 199 201 191 253 183  48 203 155   6  39  45 127][212  80 157 247 138 110  21 157 180 251 131  16 215 119  73  91 213 213
 125 162 121 197 251   2 209 227 127  20 160 113 165 114][120 161  61 250 169 201  85  69 167  61 177   8 191 155  64  91 131 187
 237   0  90 107 194  17 211 241 112 123 112   0 199  43][210 252  18 186 155 193  54 228 191  87 161  57 110 222 110  85 163 123
 235 211 118  79 186 247 185 240  31 123 144  21 175  94][ 62  50  83  74 123  57  82  88  41 232 249 237  78 223 205 148 190 153
 199 118 141  51 200 208 150 220  33 190 239 167  74 149][ 33 167 125  67 244 143 235 185 118 233 127 198 211  65 156  36 126 142
  22 124 177 184 109 127 110 142 165 196 239 138 210 177][  3 131   7 137  86 134 169  99 126  37  67  86 132 136 180 100 120  13
  58 157 144 152 101  85  28  42 186  68  21   0  49 228][  5  67 125  69  52  94 231  56 109 172 126  64 219  17 149 100  92  84
 110 106 201 176 113  76 103 190  99   4  66 170  69  33][ 33 239  97  73 244 159 239 247 119 105 112 206 179 136 148 180  94 170
  22 124 211 186 100 255  46  28  36 224  95 136 210 189][126 248 191 250 139 245  21 220 135 245 199  59 120 223 107 106 205 215
 251 211 159  67 251 177  91 115 221 127 179 127 172 118][ 60 124 121  98 117 255  67 216 115 237 125   8 123  85  13 176  57 248
   6 122 171 178 120  62 127 205  33 116 227 251  70 226][ 90 238 151 254   9 196  28 103 191  31 168  25 174 231   0  83 197 179
 237 128 106  79 194 247 243 242  94  27  16  80 167  10][184  52 107 193 166 107 233  83  53 162 247 242 147  29 156  45 126 156
  87 168 185 180 101 194 198 137 162 196 103 200 212 177][128 184 159 177 170 174  57  23 190 187  86  48 191 183 192  75 167  55
 125  16  50 220 131  81 205 227 126 192 128  64 133  59][111 167 100   3 221  27 198  41  99 228 189   9 195 104 222 151 153 236
 196 127 220 114 237  28  62  24 133 125  71 174  94 196][ 40  14 110  95 100  43 227 114 116  14 127 160 115  97 179  59  26  96
 102 110 128 180 105  41  70 171  96   1 115 235  70 233][ 77  33 208  71  49 158  66  17 121 136 111  72 207 210 142 244  18 172
  76 122  31 176 253  12 138 252   1  82 234 163  74   5][ 41 207   5 205  53 142  79  55   5  40  90  68 255  33 144 196  84  38
  12  44 233 184  65 191 164 254 160 144  26 142 208  40][217  15 102  31 187 250  71  41 245 198 231 165 107  98 135 215  50 230
 236  46  44 193 109  47 226 235  65  17  34 164 108  68][190 249 172 254 139 245 149 204 135 255 133  59 248 255 111  47 141 123
 251 211  26  71 250 177 107  83 223 255 147 119 151 243][186  34  46  56 109 249 241  67 239  93 244  27  14 204 118  75 168  41
 231  21 150  35 166 209  83  81  90 235 215  12 127 215][ 39 117 113  73 220  55 238 248  97 200 249  70  89  94 157 180  94 152
  22 234 201 166 125 222  55  28 167 140  95 243  98 181][ 49  79  83  79  52  14 231 176 100 136 122  68 115 113 145 180  60 100
   4 110 201 176 105  63  36 172  33   0 123 187  66 169][ 82  99 106 232  10  81  24  73 165 132 148 163  13 143 229  80 126 157
 207 241  72   7 166 192 146 225 138 191  55 150  39  83][ 79 122 198  17 107 185 176  82 235 249  30 236 142 128 199 190  39 100
 238  20 133 241 175 192  30  86 117 187 238 247  11 149][ 91  67  74 175  50  18 110  52  52  72 219 231 249  66 147 208 126 237
 191 239 205 144 197 109 246 233 174 128  45 182  56  25][ 31 129   7 160 201 119 106 200 167 233 155 199  88 254  58 208 249 133
 127 253 141 147  25 212 154  95 171 196 143 119  58 212][ 26  91 234 188 162 144 190  71 173 132 218 167 173 206  39   0 238 243
 239 197 204 139   6 232 242 225 174 139  37  54  45  27][ 88  89 123 228 242 203  55 198 167 164 126  43  63 151  97  80  34 253
  39  82  64 187 128 104 241 165  37  43  36  59  37 107][ 37 109  97  73 244  55 206 242  85 234 248  68 153  40 149 164 221 232
  22 238 237  58 116 254  38  28 167 172 223 249 250 132][173 112 243  95 101  93 103  89  87 234 117  24 115 213 141 188  89 248
 230  10 105 182 250  59 103 255 117  41 194 251 214 160][124  85 114 174 115  91 126 112 173 200 251 173  95 223  43 112 254 253
 223  98  77 147 180 204 243 245  33 139 106 183  39 211][ 63 122  82  78 115  27 122 216  41 192 245 239  75 207 191 148  62 233
 135 238 205 183 140 250  54  93   1 171 127 191 106 149][114 163 148 254   9 228  84 239 187  23 168  24 174 247   8  83 197 147
 237 128 122  75 202  81 147 246  82 123  16  64 166  10][189  68  97 110  92  91 207 232  84 230 241 138  83  76 157 161 120 204
  23 239 233 182 125 158  55  75 173  20 117 191 118 244][220 244 153 229 136 108  69 159  50 191 138  24 215  55  73 122  53 215
 125 152 121  92 241   2 253 167 116  20 160 240 132 122][ 73  61  63 245 112 207 123  54  61 236 126   9 183 183   2 112 166 239
 127  76  65 152 177  44 255 239  52 128  32 128   4 123][ 94  58 162 186 187 163 186 216 191 252 155 239 205 238  99  12 255 253
 255 215 134  67 138 244 156 215 171 255 158  39  39 215][120 117  59 102 201 204  87 119 233  10 239   8  62 247  64  50 160 246
 124  10  73  43 178  43 243 253  20  56  64  82 198  43][ 35 163  97  73 244 155 232 119 127 105 120 198 184 136 148 180 126 138
  22  28 215 184 100 223  46  28 182 224  95 140 210 189][ 36  83 125  69 108  79 103  56 108 238 126  76 211 117 129  51  28 212
 110 106 201 240 121  12 103 191 101  20  64 186  70 241][160  91 248  95 110  13 183 218  95  46 116 174  98 237 167  12  62 122
  98  74 226 124 251 123  69  62  80  50  85 249  71 185][ 13  42 145  49 244 175 224  19 126  57 115  84 159 129 208 140 153  12
  70  28 179 252  65  18 140 220  51 100 202 141 195 161][ 96 179 122  64 112 141 121  85 168  13 108 173  55 135 198  16 166  58
  69  88  82  26 176  69 127 153  32 104  64 128 134 251][ 86 244  31 186 139 225  21 236 175  87 161  41 110 222 111  31 179 251
 203  19  78  67 186 245 153 210  95 123  16  87  39  94][ 74 188 151 120 177 236  49  23 175  89 110 100 188 247  32 220 167  59
 239  16  19 201 178  85 201 246  58 202 154  68 167 123][151  20 127 132 195 114 125  64  57  66 207 178  93  54 191 125 118 141
  20 167 189 147  53 202 179 238 202 134 173 119 175 116][  8 189 190 253 153 220 180 231 175 213 238   1 174 255  98  18 161 123
 251  17  86 233 178 245 235 247  30  91 194  84 135 218][181 166 205 245 156  42 105  59  86 243 210  86 211  33 144 105 121 206
 126 188 185 252 101 142 204 174 247 196 173 232 240 160][102 233  19 184  25 205 146 200 142  48 136   9 164 217 105   0 200  57
 107  83  66   3 218 113 177  16  11 123  16  27  39   2][ 37 147 109  67 244 143 235 185 118 237 127 198 211  69 156  36 126 142
  54 252 153 184 125  61 108  46 163 196 111 138 208 241][ 41 175 122  71 244 139 227 113 119 173 255 108 251 225 150  20  94 174
  70  92 186 186  73 191 110 223  37 192 223 138 242 161][ 76 252  57 106 248 207  87 188 170 190 173   8 223 215  72  16  21  90
  76 122 115  71 186  55 233 159  37 124 192 243 198 243][ 38 251 114 208 247 201 186 197 159  37 112 171  44 221 102   0 191  57
 147  81 210  59  24 247  63  20  15 239 215  14 167 219][ 67  44 239 209 236 170 233  87 254 243 218 210 157 173 212 107 111  47
 127 157 177 248 231 192  76  58 254 192 140 192 211 169][182   4  97 193 164  43 236  83 117  35 255 210 147  33 156 109 123 158
  95 168 248 246  69 194 246 254 210  68 231 216 208 160][126  41 224  38  93  91 194 192  99 228 175 137  99  12  87 148 152 196
 193  87  12 251 253 172  63  85   5  51 103  47  94  94][ 82 251 110 222  42 132 186 176 175 136 219 230 240 222 149  98 230 245
 125 195 206  65 175 253 242  56 171 154   4  51  49  31][ 16 217  59 254  48 204 119 117 173   8 238   0  54 215  32 112 230 123
  92  74  64 171  50 109 243 189   6  10  64  50 167 187][ 44   3 238 109 237  62 244  17 229 140 127   1  91 105 179 206 136  36
 230  44 148 176  67 136  70 255  96  17 211 238 204 193][ 34 185  48 153 247 205 178 231  95  33 120   2 140 152 100   0 251  59
 147  81  18  56  88 247  45 156  27 102 213   8 209 131][ 57  93  87  77  48  14  71  48 100 136 250  68 115 113 129 245  60 228
  28 110 233 176 113  13  33 168  33  16 107 178  96  41][ 35 139  97  89 116 155 233 119 127  65 118 198 176   8 148 164 122 170
  18  12 147 186 101 213   4  60 144 192  79 140 210 188][ 57 130  64 203  29 187  64 105  87  33 247 186  75  65 154 228  89 138
 174 184  62 190  77 151 158 207 145 117 255 142 216 132][ 15 100   7 164 229 118 238  96 225 202 219  66  88 254 189 186 249 237
 118 175 205 147 172 192  18 127 239 199 143 119 122 196][121 198 230  22  41  90  71  36 225 199 175 169  74 104 158 214  50 228
 236 110 252 193 175 110  50 127  85  19  99 182 238  76][210 102  30 184  42 226  25  72 172 158 131 177 133 198  33  91 230 181
 237 163  40  71 130  72 209 161 234 153   0 113  39  67][ 49 241  73 107  52  15  79 245 101 104 254  76 115  17 152  48  88 136
  20 110 201 178 117  61 244 201 164 144 121 154 210 169][ 92 147 250 234 146  63  59 216  23  37 255 239  75 239 233  80 118 159
 135 240 138  50 189 147 243 229  43 172 247 251  37 113][ 86  59   3 168  58 175 122  80 175 236 218 231 141 207  99 212 246 185
 255 213 158 131 130 220 156 212 139 234 158 167  39 213][ 19  11  74 188  50 128 190  69  61 200 210 231 173 202 183  64 254 171
  63 197 205 153   7 200 176 117 174 136  28  52  57 157][237 253 117  87 237 253 231 236 219 123 245  24 250 240 222 191   9 194
 242  78 231 118 254 243  63  26  85 126  75 253 218 228][189  92 109 109 124  91 199 248  84 234 240 106  83  92 149 161  88 252
  87 107 233 246 125 190 119 203 229 180 117 187  86 241][162 249 114 208 215 213 190 231 159 132 112 139  44 156 116   0 174 187
 147 209 210 186  50 255  63  24  14 235  85  28 231 223][206  54 154 176 170  40  48  27 190  63  19 245 142 191  74  91 167  23
 237  17 182  69 139  66 222 215 127 239 136  68 143  19][152  61 115 198 210 203  55 103 173 128 126  34  61 151 161 116  34 186
  19  72  65 187  32 238 117 164  36   2  39 218  39 171][ 35 163  97  65 116 155 232 115 127 105 112 198 168   8 148 164 122   8
  18  29 151 184 101 213  14  28 146 192  95 140 218 189][ 60  87 115 172 114  74 127 120  33 200 251 233  95 255 169 112 254 253
 215 226 204 147   4 204 242 253  35 142 103 183  38 211][ 86  50 142 179 170 162  60   2 174  27 203 229 197  38  10  74 231  71
 125 151  26 213 203  34 196 230 250 192 168  83 161  19][ 43 133  36   8 221 191 194 111  69  65 252  11 194  72  54 165 216 130
  90 125 190  43  95 157 186  89 129 125 223  14 216  12][122 125 106  70  83 223  82 244 241 236 254 173  98 221  95 144 156 252
 213  99 206 179 248  47 115  93   1  63 107  31  94 223][129 136 207 213 180 171 109  55 126 243 210  86 147  35 144 107 107 230
 126 156 185 252 229 198 204 186 247 196 172 200 209  40][ 40 163 120 106 240 201 119  89  99  45 125  40  55 211 200  16  26 154
  70  74  90  58 232  51 247 133  32 105 112 138 198 163][ 67 254 167 159  60 164 171 150 190 217 218 199 252 238 245 110 205 103
 127 221 131 201 234 249 141  62 255 248 156  93  49 253][ 91  83  75 175  48  18 110  56  52  72 219 231 243  78 155 208 126 236
  63 239 205 146 205  45 230 237 170 128  45 183  56  89][ 43 161  97  81 117 155 232  87 127 105 114 246 168 136 148 164 122  42
  18  28 211 184 101 213  14  24 146 194  95 140 210 189][ 66 191 191  92 250 212  49  55 191  89  94 100  60 183 166 116 166  55
 255   0 147 217 179  77 126  54  54 202 138   0 167 127][ 62  41 104 137 207 115 209  72  71  52 164 139  10 128 103 140 106 136
 202 208  30  35 103 144 154  81 129 127 247  13 126 198][105 189 251 110 245 204 119 255 105  73 125   8 126 247  40  52 185 218
  86   8  91  58 176 119 127 191  52  72 226 194 230 187][204 253 217 115 177 236  71 182  51 190 174  24 255 119 193 126   3 254
 125  90 122  76 249 103 237 183  21 112 162 209 134 104][208 217  27 238  18 196  55 113 172   8 239   0 126 215  32 112 246  49
  91  98  65 131  50 109 241 165  34   8   0  34  39  59][136 177  26 112 112 140 121  85 168  93 100  13 191 151  66  16 164  57
  85  92  82 152 146   5 203 233  48 233  72 128 171 219][ 87 115  43 238  40 138  63 120 172 132 219 229 255 222 189 112 246 253
 127 227 200   3 191  88 240 184 171 152  12 179  35 113][236 253 117  82 249 239  71 188 251 190 173  24 222 247 201  55  19 246
 206 122  99  65 250 127 111 223   5 124 210 243 198  97][124 109 108 103  12  79  87 232  99 246 172   9  83  45  83  19  24 228
 233 110  72  99 249  60 243 203  65  61  97 251  94  82][ 23  21 254 165 195 118 125 103 113  71 254  18  93  62  31 124 126 207
  21 165 253 147  53 202 177 239 206 198 165 116 167 230][ 32  97 125 101  96  79 111  56  61 172 126   8 211  53 129  52  28 116
 127 110  65 240 233  12 101 191 101   4  66 186  70 225][ 41 175 114  75 244 155 235 240  95  36 126 230 235 201 182 180 126 170
 198 124 250 186 109 255  62  93  33 192 127 143  90 165][169  43 194 113 229 153 232  18 127 176 118 200 143 129 211 157  10  40
 198  92 150 248 199 192 142 217  16  97 198 141  91 136][ 94 177 182 186 139 229  23 232 171  85 169   9 110 255 104  18 243 211
 249 210  74   3 186 241 155 215  79 127 178  87 167 114][218 249  62 252 155 217  52 231 175 212 166   1  46 255  98  67 162 115
 251  65  70 105 178 253 251 243  95  91  66  20 165  90][ 35  77   2  29 117 159 238 246  93 224 240  68 186  40  55 165 216 110
  18 237 237 186  84 252  38  30 134  16 218 252  90 140][114 162 149 250 121 205  80  73 171  61 161  25 142 231  72 214 197 147
 237   0  26  11 218 209 155 244  83 127 146   0 134   2][127  57 203 174 181 240 222  80 121 200 217  99 219 250  87 176 218 238
 149 199 157 178 196 234 178 125 175 139 175 247 122 199][232 208 122 126 123 213 146 248 142  20 229   1 126 253  42  64 154  81
 235  66  70  39 186 127 115 249  64  59  83 174 111 203][100 185  80 104 121 221  82 200 235  57 161  41  10 155  68  16 136 153
 230  80  30  43 202 117  31 221   1 127 210   3  78 131][239 189 245  82 237 253 212 239 251 251 188  24 106 120 214 191 137 194
 254  30 255 111 255 245  63  90  85 127 203  93 202  76][104 105 243  69 116 207 111  48 125 160 126   8 215 117 145  52  56 124
 118 106  65 176 241  12 101 188  33  16  66 170  70 160][138 222 255 125 114 194  61 183  56  79 118 229  60 191 166 113 166  63
 183 128 225 222 160 111 103 103 126 131  37 148 167 251][189 124 124 236  79 119  87 248  87 166 181  26  91  93  51  41 221 216
 150  98 232 103 125 190 211 203  65  60 115 251  84 226][ 42 255 114  94 121 157 159 228 155 236 188 173  42 220 150 180 142 251
 215  71 194 107 234 255  51  92  13 187  87 159 214 255][ 62 172 164 170 157 255 210 203 135  53 141  11  99 205 126 128 217 170
 203  21  30  43 106 159 187 213 129 127 211  78 222 198][ 83  59  75 168 120 135 122  80 175 200 250 237 189 206 241  80 238 185
  95 213 139 155 130 220 154 221 171 232  60 163  35  17][ 95  95 103   6 178  18 175 117 232  76  95 230  93 230 182 231  54 103
 116 239 209 145 172 108  48  40 110 128 111 183 163 245][124 233 152 250 153 229  86 232 163  17 173   8 126 247 104  16 145 211
 249  82  26   3 154 177 251 221   5 127 146  83 174   2][ 34 239 118  75 126 155 234 247  95  36 254 174  43  72 183 132 126 170
 198  92 194 186 101 253  62  94   2 195 127 142 120 173][ 66 251  29 154 186 193  23 141 174  93 132 165 180 214 226  82 135 115
 237 211  83   9 234 117 232  37  47 251  16  18 167 123][188  92 111 103  69  95 199 112  85 230 246  10  83  29  49 171 120 244
 246 107 233 246 125 174  87 203  97  16 103 185  86 240][182  87 115 236 112  14 107 120  61 196 251 232  79 223 173 116 254 253
  23 230 201 146  32 206 180 248 131 142 101 179 102 241][120  34 202  12  77  89  65  65  97 229 173  11  43   0  70 150 104 140
 194 128  76 163 229 136 147 213 128  59  99  14  94 198][ 54  21 239 228 215 102  93 127 113 207 255  18  91 127  58 112 248 215
  23 185 184 179  49 202 251 239 206 199 229 118 246 227][164 245 253 101 114  79 119 248 118 160 123  96  83 119 141  49  62  92
  86 106 225 240 121  94 101 140  37   4  97 243  70 179][147  11  11 172  48 134 110 117  60 200 210 231 181 142 176  64 246 171
  31 197 237 158   5  79 176 164 170 136  12 128  57  25][124 109 104 103 157 207  87 240  98 228 238   9 115 101  19  16  24 246
 101 106  72 178 248  62 247 207  37  49 113 251  86 122][144  15  91 221  98 131  55 115  52 132 126 226  53 195 165  85 126 185
   7 226  96 190   0  78 116 160  34   0 101 160  39 169][218 223 250 252 242 210  61  55  56 206  94 183  61 191 162 112  38 255
 181 132 225 222 164 239 246 239  62 138  47 240 167 249][208  81  95 236  42  66  17  68 164 132 230 162  55 151  33  83 102 181
 109 224  72 135 129  12 241 225  42 145  32 144  37 107][  1  13  23 214  87 159 224  98 221 192  98   2  60 184  53 229 234  32
  26 105 101 185  16 236  55  58  82   2  75  40 121 142][ 84 179 137 161 176 164 110 159  54   1  74 229 149 227  73  80 119 207
  61 149  27 144 209 112 236 164 175 196 172 211 161  17][218 233  54 252  11 193 180 231 191  20 162 179  46 223  38  67 226 243
 235 193  98  79 130 253 187 243  94  27  51  20 173  74][ 35 163  98   9 116 155 168  67  78  97 112 230 136   8 182 164 238   8
 214 157 151 186  69 213  14  24 154 196  95 140  91 156][ 36 167 121  99 242 107 115 248  51  36 125 168  83 103 200  48  94 218
   6 122  26 178 232  63 127 141  33 236 231 251  70 225][ 57  22  59 236 116 142  91 119 117   9 126  68  63  19  32 112 180 188
  20  44 153 186  48  31 243 255  48 192 122 128 226  43][218  88  54 252  15 217  52 102 191 182 166  59  46 159  39  91 162 245
 251  67 104 111 178 251 243 243  94  59  66  60  37  74][ 35 163  97  73 119 155 168  67 111 113 114 230 136 136 212 164 110  40
 146 157 151 184 101 213   6  24 146 226  95  12  91 141][179  77   7 158  29 133  78 100 149  66 200  70 113 195  49 197  88 226
  27 206 105 131  26 191 177 174 202   8  25 187 112 184]