[130 175 119  89 211 219 164 231 253  80 112 242  40 156 164 165 110  59
 194 241 247 253  36 253  60  82  18 195  87 140 239 173][ 90 160  62 254 175 196 120 190 183 189 134 153 223 223   0  82 103 215
 253 128   8  75 219 245 223 235 251 217  38 128 167   3][204 190 220 183 168  44  92 158 179 183 167 189 255 231  74  91   7 215
 253  22  62  71 219  35 202 227 117  57 168 241 138  19][252 242 222 114 250 169  91 220 187  29 165 189 207 199  74  26  23 215
 237  82  58  71 138 113 218 211  53 255 226 147 143  19][  9 120  21  35  61 143 163  88  78  56 181  68 190  17 144 169 140   9
  94 127 195 240  89  61 197 137  59  52  90  11  11 161][ 56 141  26 236 157 215  86 103 197  12 252  11  99 249  32 208 216 186
 143  96  90 171  64 191 243 245 129 123  83  10 252  10][ 96  40 245 127  46  15 215  56 127 162 118   8 255 249  68  50 150 125
 125   8   0 112 219 186  15 223  69  50 231 234  71 163][208  57  31 108  43 202  22  96 236 162 162  40 190 146  32 113 162 245
  76  99 109 167 144  61 241 225  75  59  64  49  39   2][108  48 181 112 233 124  80 155 187 251 165  28 158 183  75 191 129 214
 236  16  27  78 251   0 207 219  85 127 202  69 206 115][204 168 149 112 201 253  81 143 187  55 164  25 142 183  74 158 129 219
 232  16  58  79 250 115 223 215  85 127 210  64 134  98][ 66 170 134  28 171 184 176  71 186  31  66 177 172 162  64 222 163  59
 233  17  54  77 130 115 156  54  94 203 128  68 175 143][220 117 127 101 178  74 119 120 121 170 127  40  95  55   9  49  50 212
  76 106  97 241 185  78 247 239  37   5  98 243  71 163][124 190 252 114 184 173  81 216 179  63 189  61 247 247 202  26   7 214
 237  26  58 111 202  51 218 223 117 121 224 195 206  51][ 53 188 218  97 246 251 178 194 122 225  57  42  22 152 197 176 187 217
  70  17  23 243 156  50  31 205   5 103 201 107  75 135][ 90 239  35  12  25 212  30 166 166  68 206 133 175 238  23 212 228 231
 233 197 202 137 183 109 243 119 158  27   2  86  55 126][ 33 162  77  91 208 191 233 151 118  33 126  84 179   0  28  60  93 138
  34 156 155 184 117 119  15 158 150  64 217 136 192 188][ 87  91  19 142  50   6  31 252 169 200 250 237 126 230 171  84 254 245
 254 231 205 147 173 236 176 180  47 150  44 183  35 125][ 79 161  38  11  19 188 186   8 238  81  79 133 248 230  30 240  54   7
 248 220 151 137 191 101  78  45  26  72 202 135 171  86][ 21 181  27  97 182 251 178 203 110 113  57  40 150  24 236  32 187  31
  74  49  23 185  29  20 189 141  39 119 217  75 203 135][108 244 185 102 137  77  87 156  99 178 173   8 215 247  73  50 145 214
 104 122  43  98 250  35 251 221  69  60 194 115 198  34][244 237 158 182 216  10  71 239 187 179 170  93  70 227  73  91 241 239
 108  34 120 199 202 106 248 178  95  62 136 112 162   2][  8 179  26  96  48 143 121 215 174  45 174 141 143 195 106  16 189  29
  79 140  10 153  24  81 235 221  35 108  88 146 163 176][ 80 155  88 109  16  13 127 188  62  37 238 205 239  35  11  16  54 195
 237  76  74  57 153  63 246 253   0  16  88 131  11  24][199 172 173 247 141 108 237 158 250 191 146  24 252 252  88 107 129  71
 125  25 178 109 251 226 201  58 255 252 128 112 213 107][ 18  43 119  85   2 154 168  70 108  20 242 226  41   6 132 164  46  59
 194 128 129 248  39  96   5 192  82   2  67 128 103 172][193 173 223 127 170 218 244 167 252  19 226 120 247 184 132  51 163 246
 110   0 117 253 199  47 191 250  84  67  64 192 203 172][117 120 251  68 102  89 242  80 105 224 116  42  59 156 213 188  50 252
 246  90 193  54 182  64  87  77  33  43 111 179  75 189][ 82 232 245 113  42 136 120   0 235 145  98   1 175 203  85  31 162 189
 108 208  14 120 195  81 142 250  83  67 225 128  67 142][100 173 151  95 216 162  38 239  54   2 233  80 241 247   9 112  17 126
 104 170 114 211 203 127  53 166  71   8 192 114 166 160][ 67  84 101 165  83  14 255  56  61 234 250 199 217  63  21 112 124 213
 127 239 201 144  89 206 103 126 235 128 111 247 112 113][ 21 205 213  61 147 239 111 142  63 112  72 128 191  38   1 244  35 107
  88  94  55 152 117  61 173 238   5   0 176 241 131 252][133 199  15 237 176  10 111 189  54 170  75 192 243  99 136  64  89  78
  46 234 105 208  73  31 236 167 175 132  40 242 144 160][ 29 101 195  71 128  35 111 216 119 226 111 192  89  99 217 124 123 204
  54 238 233 208  45 122 244 206 231   4 191 243 115 160][204 237 191 119 138 108  63 148 160  19  79 128 255 247  73 122  39 119
 121  74  80  68 186  33 231 233  78   8  34 243 167  34][116 165  63  78 218  71 175 232  52 160 235  10  81 231  45  48 120 221
 106 234 121 251 249 110  61 174 143  60  65  35 230 160][  4 182 220  81 242  43 161 159  62  55 103 180 193  35 206  28  55  30
  98  24  50 252  93  84  76 158 117 100 243 192 199 176][ 56 141 107 110  85 199  71 113 213  12 252   2 115 241  48 112  88 250
   6 234 120 187  56  63 115 237 160   9 115 170 246 234][209 214 189 101 186 106  29  31 118 239 159 176 215 118 138 112  55 149
 124  56 249 197 101  14 233 167  63 212 160 208 133  97][130 157  59 254 251 229 183 231 158  11  88  50 188 255  36  96 207 123
 155   1 115 171  26 255 125 183  30  11  16  88 165 187][248 234 138  56 168  24  92 143 179 150 160 233 175 227  67 154 131 197
 236  20  78  79 202  33 218 243 117  61 224 244  74  10][111  55 121  69 246  26 190 184 121 232 255 236 220 124 149  48 222 221
 247  99 145 178 233 204 126 127 175 150 207 230  83 165][169 227  20  33 100  31  70 252 121 122 112  76 215  64 158 181 144 204
  68 110 237 246  72  61 166 219 101  36  74 178  90 141][253 188 157 186 169 253  20 206 187 115 160  29 191 254  74  59 135 227
 252  21  63  79 250  51 155 211  93 122 152  85 139  95][ 70 148  31 154 170 224 177 234 190  91 201 240 212 242 168  97  87  59
 234 130  51  15 174 119 144  34 122 207  24   1 165  53][182 237 213 118 190  35 206 238  91 178  56 216  70 233  93  25 159  95
  21 115  56 246  73 254 168 158  77 246 197 243 210 129][215 174 183 118 173 124 212 139 250 251 147  80 222 252 221 107 129 103
 124  17 189 109 235 194 153 251 255 222 132 112 213 103][223  66 254 230  38   2 126  52  57 194 247 199  95 111 149  83 118 245
 125 239 233 215 141 234 242 251 239 148  47 183  96  81][120 173  60 122 169 221  84 174 155  61 172  25 174 249  66 146 129  83
 237  81  94 107 202  55 251 215  85 123 210  92 206  10][102 237  62  94 157 213 150 236 223 144 173   8  98 248 109 181 217 242
 235  66 106  99  90 189 187 223 133  59  83 127 222   6][135 237 212 183 214 171 238 174 127 179 122  86 237 104  93 143  59 107
  50 219 247 252  31 255  44  30  95  68 237 241 217 140][136 141  54 254 189 220 252 231 221   1 126  18 253 251  52  97 234  50
 187  72 114  41  58 255 119 255 210  75  18 140 245 170][  2 137 106 218  60 209  90 230 207  69  72 129 162 206  54  96 194 107
  11 192  70 137  62 253 170 124 130 107  20 142 236 206][  5 166 223 167 214  42 162 248 126 178 123 230 213  96 217  64  55  77
 106 127 161 240 207  90  44 166 111 132 205 251  33 129][151  94 183 221  38  48 173  18 252 138  82 118 172 250 181 239 230 127
  63 139 161 213 167 234 132 122 250 130 134 117  49  37][ 41  95 114 140 118 150 158 247  85 192 254 231 115 172 183 228  94 110
   6 110 237 187 116 175  50 125  34   0 126 190 120 221][125  94 230 111 117 118 247 212 225 236 254 167  91 253 183 119 252 252
 255 238 237 243 237 168 119 249 167 131 111 255 118 255][224 173  86  95 216 170 100 175 186  19 234  88 227 243   4 243 161 255
 104 128  58 219 203 127  61 190  87  65 192  64 235 168][106  40  10  38 114 233  58  64  35 233  41 233  31 151  66  16 182 189
 245  85   6  26 128  21 222 133  57 233  32   7  11  83][249  44  50  96 253 189 114  98 251  41 174  24  94 249  84 148 177 230
 108  28  28 111 136  62 219 221   1 123 195   5  74   2][141 254 190  30 251 159 182 254 222 234 246 124 252 252 231 229 223 127
 234  99 167 235 239 255 126  55 103 186 218 125 169 223][ 71 223 111 140  62  82 175 253 172 204 222 231 252 230 179  96 118 125
  63 239 197 147  45 237 240  45 175 144  28 191 177 125][148 111  87  71 146  11 102 188  48 162 234  72  83  97 137 177  48 244
 104 106 121 240 201  46 168 142 101  20 105 243 194  32][ 53  21 229 101 150  91 230 185 119 224 122 199 211 108 149  96 127 206
  46 237 185 240 125  14  47 238 229 132 109 174 212 116][228 195 205 127 140 169  71 156  86  50 235 220 243  97 137  25  25 194
 108  74 107 102  79  51 228 171 101  52 121 251 208  32][108 161 165 190 173 205  87 233 199 220 173   9 242 253  91  18 200 226
 127  67  90  99 250 185 235 221  69  63 210 127 214  98][201  76 238 215  69 158 252  55 245 130 214   2 249 237  53  99 106 230
 123 202 232 255 182 234 103 251 214   1  39 244 113  42][217 104  90 112 187 252  80 199 243 137 166  24  63 211   1 248 163 191
 108  24  46 111 146  42 211 255  17  27 226 208  74  11][ 39  38 254  85 224  63 124 103 121 231 123 156  83  40 150  57 159  78
  68  46 189 240  37  12  38 223 117   4 193 241 202 197][182 104 246 252 110  35 222 200 155 162 248 139 111 239  53  17 222 253
 119 231 232 227 142 249 178 250 205 187 119 255  99 129][ 84  52 219  33 178  42  80  21  40 161  43 125 215  51  72  24 183 149
  77  48  56 208 145  14 233 167  52  84 232  98 131  19][173 190 173  31 221 223 167 254 118 254 254 126 243 244 195 181 121 110
 226  12 229 250 255  63 111 103 103  41 235 124  94 255][ 81  95  95 101 176  14  79  53  96 136 186  68 247 115 129 115  54 246
  92 106 233 161  49  44 225 233 100 144 104 178 194  41][217 188 213 122 171 189  80 215 251  91 180 124 142 179 192 191 167 147
 252  24  59 111 178 243 155 219  86 123 250  68 235  63][193 168 159 177 108 173 232   7 238  59 112 120 151 179 208  59 207  43
 126  29  18 126 194  81 204 154 114 120 200 200  67 169][ 16  99  95  69   2  91 182  96 108  64 243 226  73 156 165 161  62 221
 206 226 197 179 165  76  50 225  99 135 101  50  47 133][  0 186 246  81  19 143 169  86 175  21 102 148 233   7 132  28  46  58
 106 156 162 248  53 125  69 154  82  64  67 128  71 184][ 57 200 186 237  52  78 223 247 195 106 252   0 179 157  48  98 200 253
  84 195 205 175 192 169 227 253 170  49  81 186 238 154][ 22 162 241  75  10 113 168  72 110  55 241 242 137   6 204 175  47 157
 226 144 131 119 175  80  29 192  83 103 195 193  39 165][224 165 189 179 157 237  20 143 154  51 136  25 150  61  72  27 137  19
 233  17  58 106 211  19 203 211  84 127 208  72 214  42][  9 156  19 251 178 165  42 215  30  11  88  86 189 243  32 232 247  59
  22 152  19 152  26 183 173 207  58 192 152  72 161 169][ 81 159  31 101 176  14  79 183 100 232 186  68 247 115 128 115  22 102
 124 110 249 137  81  45 224 171  37 144  40 226 192  49][148 214 119  87 168  31 172 189 254 190 183 244 203 109 156 175  47  84
 236  42 241 229 125  30  47 250 117  84  71 248 197 165][ 22  42 211  81 202 249 168  67 190  17 240 242   9 142 196 172  47  59
 194 144  19 255 166  80  31 196  18  99 195 193  39 164][ 68  47 219  65 242 234  59  82 169 173 127 224 141 167 193  26  55  61
 110  58  16 209 160  66 221 180  35 230 224 227  39 163][157 143  62 179 140  95  94 184 116 250 194  82 247 108  25 105 253 215
 108 243 253 252  95  62 249 227 103  65 233  57 169   0][178 254 104  49  90 139 144 102  22 164 208 255  35 140 194  17  12 184
 195 213 238  94  68  31 124   1 185 253 117  12  30 219][120 253 156 186 153 253  20 206 135  29 172  25 174 251  66 146 129 243
 237  80  10  75 218  49 251 215  20 123 210  88 142  10][173 116 197 223 241  42 111 158  55 143 127 181 121  99 137 222 115 238
  55 238  34 208 249 235 110 254 165 132 174 247  82 249][ 39 183 105 101 244  27 255 249  61 232 255 237  90 125 158  48 158 205
  95 247 221 179 233 206 126  92 173 214  79 174 242 229][125  20 244 106 219  50 147 216  80  85 121 183  89 122  63 121 127 193
 182 243 190  38 127  53  90 239  99  77 255 231 106 199][221 148 120 123 226  48 187 248 114  91 117  55 217 122 222 105  55  11
 180 179 183 102 191 215  78 107 107 237 255  71 171 215][ 68 192 189 177 108  77 124  51 239 114 135  26 223 253  82 107 167 149
 122 131 197 101 219 210 215 211  87  93  16 232 141   2][ 87 106 145  50 169 172  73 150 171 191 128  93 174 194  65  94 135 103
 108  28 170  79 226 114 153 244  31 186 128  84   3 109][231 118 246 118 107  60 248  88 185 218 247 189 239  95 223  63 191 221
 255 183 164 119 239 192 215 251 119 171 239 245  39 247][188 116 123  96 112  15  91 120  49 170 245  88  27  87   9  49  62 152
  21 106 233 182  48  30 243 201  33  44  98 179  98 177][ 21 173 186  54 178 175 182 232 250 226 123   8 247 248  91  48 179 111
  96  99 212 177 190  63 248 175  39   0 233 115 131 138][ 94 164 166 166 143  38  95 232  63 183 131  19  79 227  88  94 243 197
 121 239  40 211 153 208 217 226 207  20 162 119 165  98][152 127 108  37  16  90 111 184  52 228  70 229 211  39 147  80 114 204
 108 238 233 208 253  47 230 231 167 132  46 182  84 248][ 72 216  90 105 176 206 113  23  60   1 118  48 151  23 129 120  39  28
 109  24  43 188  49  31 199 255  50  68 192 128 198  57][108  48  42  98  77 127  82  72 227 236 175   9  66 216  95 176 152  76
 192  98  12 243 248  26  83 221   1  55 194 111  94 214][120 168 156 118 141  88  80 134 179 183 166  25  35 185  66 154 129 246
 237  16  44 111 194  34 219 247  85  59 226 120 222  10][150 175 166 187 186 165  62 231 182  53 203 183 225 239 234  64 237 127
 251 214 190 217 203 183 254 230 143 194 176 215 165 198][236 164  61 107 233 111 115 184 111 127 163  25 223 115  72 219 145 197
 108 126  50 100 251  55 207 251 101 116 194 243 198  99][ 45  38 222  85 224  62 124 127 121 163 111  88  75  35 143 253  23  78
  86  46 181 210  37  12  38 251  85   4 234 241 234 133][ 82 142   4 187 137  47  20 175 190  63 130  85 231  98  10  75 129  67
 109  39 126  77  75  63 184 214  95  87 152  84 137  11][207 173 229 223 221  52 108 191 187 179   4 208 248 231  92 255  19  94
 123 156 179  72 255 243  47  95 223 237 134 244 195 172][ 88 168 182 250 137 253  16 199 187  19 160  24 174 187  96  27 161 179
 235  16  18 107 146 241 219 215  82 123 210  64 135  10][ 21  94  83 239  50 235 111 114  61  74 123 230 127 118 161 117 118 185
  22 238 233 148  45 255 176 238  43 128  61 251  33 117][232 180  49 126  65 205 199 121  50  74  97  24 242 215   8 180 217  58
 241  34 113  54 218  55  69 255 112  42  82   3 214 178][219 188 181 186 137 237  85 206 187 123 160  25 191 254  66  59 133 243
 124  17  63  79 250 179 217 210  93 122 178  84 135 127][120 168  86 255  73 142 123 220 171  56 166   9 111 243  12  82 165 215
 109 202   8  67 219 245 215 251 195  57  34 145  70 130][254 243 222  50 200  44  95 220 179  52 165 141  79 199  75  27  55 223
 237 246 122  67 154 112 251 241  69 125 170 243 142  82][ 45 231 199  71 212  51 110 248 119 162 238  64  83 224 249 244 121 204
  38 238 233 242  47 106 186 206 231  36 143 243 114 164][ 37 229 108  35 244  11 231 185  96 228 127 141 211 105 154  17  24 196
  68 110  93 184 109  44 110   9  37  85 109 170 218 208][  2 201 106 218  60 209  94 238 207  68 200 131  46 206  54  64 218 107
 139  65  70  43  62 253 186  20 142 107  28 159 245 222][128 205 151 127 136 142 166 167 252  19 227  80 247 227   4  51 163 119
 104  74 112 252 203 111 173 170  84  64  64  81 131  40][117 169  23 206  89  71 195 232 180 136 235   8 114 242  40  52 248 245
 106 234  73 235 155 110 185 190 143  94  65  43  98 162][218 106 214 117  34 170  56  87 188 174 114 245 205 135 129 219  38  61
 237 128  32 213 129  72 212 227 122 131  36 240  37  49][120 245 184 112 185 205  85 175  59  61 172  57 151 191  74  24 129 147
 237  16  90 106 219  53 251 215  53 127 240  24 198 107][148 189  31  97 146 203 178 225 118 241 179  42 215  28 192  33  59 159
  78 113  55 249  45  28 253 129  39 117 225  11 143 131][130 222 103  91   1 151 173 231 252  22 242 214 232  70 180 173 109  58
 162 172 225 252  55 255  37  58 222  66  83   4 229 252][215  72 246 231 110  10 110 244  57 130 242 194 223 107 149  91 126 229
 127 239 232 215 205 234 182 250 239 132  39 179  99   0][ 92 117 127 100  50  74 119 112 177 166 239  40  95 183  41  16  54 245
 236 226 104 209 184  78 243 239 101   5  99 243  39  35][100 173 150 126 152 139   6 233 182 147 233   8 243 242   8 112  81 126
 104 202 122 203 219  61 185 166  87  24 200  98 171 136][104 237 184 123 157 221  85 175  90  55 172  24 182 121  74  56 137  90
 232  16 126 106 251  55 239 223  21 123 208  88 206  42][147 201 135  13 145  79  77 238  55 113 170   0  34  54  49 244 161 198
 120 220 127 153  49  63 185 254  20  22 240  16 230 110][253 239 197 115 152  43  71 188 119  51 171 220  83  97 201  19  25 206
 108 126 251 112 207  55 252 202 101 116 251 251 194  48][  5  39 141 165 240  46 175 185 118 162 107 196 213  98 153  96  63  76
 106 190 161 240 205  26 236 166  39   4 232 243  33 160][119  91 107 140  50  74 127 248  41 204 254 228 127  70 167 116 126 245
 126 239 201 147 173 236 176 188 175 132  44 183  35 125][ 91 223 111 204 118  86 191 244  44 204 222 230 253 182 179  96 118 245
 191 239 193 155  53 236 246  45 175 128  30 191  49 121][138 141  54 252 221 212 252 231 223  27 212  18 172 255  36 225 235  51
 187   0 114  11  50 253 243 251 218  75  18  12 229  10][199 254 132  31 221 164 236 191 254 251  48  84 232 232  94 143 161  75
 106 145 183 108 159 243  46  94 223 108 203 116 251 158][235 252 188  30 187 189 158 239 222  91 188 152 254 252 238 246 207 127
 250   7 167 107 254 247 185  62  95 190 216 125 171 157][220 188 181 246 173 236  21 159 251 255 130  24 190 184  92 127 129  87
 125  17 187 109 251 243 217 250  95 126 128  80 151  47][182 101  96 204 220   3 206 235  67 226 184  10  66 232 125  34  89 200
  95 227 232  39 204 154  58  12 143 188  85 126 210 132][  9 153 146 251 180 151  42 215  22   9  78  70 189 243 160 228 119  59
  22 152 147 152  25 191 173 221 190 192 154  10 169 169][238 174 166 158 233 177  30 238 158 151 200 217 236 230  41  95 215 127
 251   7  38  79 202 255 248  55 223 187 150 125 191 161][145 101  31 135  94  15 103 104 124 160 195  10 246 113   9  97 120 212
 122 106  97 247 221  78 181  34  71  20  97  58  49 168][108 240 185 100 217  79  87 184 123 242  37   8 223 119  73  50 145  84
 104 122 105  98 249  18 239 223   5  62 194 114  70  34][ 56 159  18 236  61 131  82 103 149  12 248  43  46 217  32 208 216 186
 134   0  92 171   0 159 251 245   2  91 115  14 236  11][221  79  29 103 176  14  79 184 116 168 207 100 247  99 137 113  18  68
 108 110 233 144  73  46 228 239  37 144  40 243  64  33][  0 129 252  65 178  43 187 191 110  45  62 180 223  33 142   4  55  22
 110  28  18 184   1  87 110 159  55 212 219 202 197  57][ 57 205 114 140 182 150 238 119 213  64 250 198  51 168 182 228 110 238
  22 109 237 187  20 191  50 108  38 128 127 188 248 140][ 41 161 169 105 221  63 233 223 118  49 234  84 147   0  92 168 217 142
  98 156 155 186 113  19 141 253 146 100 217 200 192 164][ 64  32 221 103 122  15 251   8 127 160 123   8 255 251  68  16 190 253
 110   2   0 240 203  24 135 255  33  50  97 162  71 163][108 165 185 107 189 125  86 168   7  49 173   8 247 117  73 144 153 210
 253 114  26  98 219  55 255 221   5 127 242 123 214  34][138 157 147 254 251 197 183 231 158  11  88  50 188 255  32 224 207 123
 147 129 115 158  26 255 109 182  30  75 146  88 165 187][241 180 222 120 170 188  80  87 251  27 180  92  31 250 198 123 167 183
 108  24 191 111 178  19 219 251 116 123 232 192 235  15][ 92 180 156 118 168 172  95 152 179  55 173 157 223 231  74  26 135 215
 237  30  58  69 219  51 219 255 117 125 232 211 138  18][ 85  79  79 103   2  10 111 176  96 192 254 228 115  99 153  49  54 228
 116 238 233 145 173  46 240 175 101 128 109 243  98 121][216 250 189 115  42 236  17 150 174 191 134 116 183 215 193  91  39 117
 109  26 235  69 171  49 193 227 127 152   0 208   7 123][237  48 188  80 233 125  80 159 235 251 180 120 158 191  79 187 133  87
 236  16 151  78 251   0 207 219 117 255 194  65 206 115][  9  23 211 229 182  98 190  23  44 203  90 246 221  63 161 224 119 119
 191 184 177 153  37 206 110  47 174 196 175 224 161  49][209  89  95 100  40  78  69 180 224 218 162  88 119  51   1 115  36 244
 124 106 105 197 177  40 241 234 101  16 104 176 194  57][ 84 238 159  22 168  14  39 238 186 186 170  76 214 227  73  27  17 230
 108  62 105 199 219  42 248 150 117  60 136 112 163  40][182  36  95  88 203 117  76 123 177  23 101 216  42 119 140 189  47 154
 199 174  57  71  50  87  19 154  80  46 243 209 230 180][ 57 165 173 105 157  63 201  95  86 173 237  24 211  96  28 168  89 142
 106 188 186 250 121  31 141 255 145 116 209 200 218  32][251  93 230 111 127  22 254 116 229 200 246 167 123 125 183 103 238 244
 255 230 236 243 229 232 119 249 230 130 103 255 116 255][103 180 221  88 203 245  90 200 191  83 165  92  76 247  76 190 191 147
 243 158  51  71 250  83  31  30  81 126 218 193 170 244][ 88 195  90 100  48 143 111 188  38  44 254 141 227 195  10  16  60 252
 108 108  74  58 209  29 226 237  33 180 104 130 194  56][157 101  28  35 173 159 207 148 230 116 175   4 207   1 219 167  10  66
  76 110 201 161 121 180 230 201  37  20  74 223 203  96][189 116 123 111 112  63 107 120 113 138 117  88  91  87 137 181 126 152
  20 234 233 246 120  30 199 203  97 132 106 241  98 161][144 159 175  95 202 118  47 251  54  31 207 242  81 231 168  96 125  94
 170 170 242 153 239  55  85  39 250 196  49 225 164 240][167  45  68  87 172  46 109 184 189 242 227 213 241 115 141  91  99  78
 127 126  49 212  89 110  14 250 247  20 139 225  66 177][ 16  42  31 125   8 151 136  71 164   9 226 192 163 142 148 160 236 183
 236 128  15 171  99  33 131 233  58   1  65   0 175 188][217  88 215 116  40  78  69 181 240 218 166  88 119 119 129 123  34 244
 124 106 233  69 187  42 241 235 117  24 106 176 194  57][ 88 159  60 101 169 124  93 191  32 126 174 173 255  47   3  83   7  87
 253  32 248  72 243  37 235 235 116 149  34 212 142  91][ 82 168 150 250 137 237  16 195 171  17 160  25 174 155 100  26 161  59
 235  16  26 107 146 241 155 210  82 123 208   0 135  10][ 47 119 112 197 254  27 190 121 109 168 127 238 221  12 148  32 254  93
  95 103 209 178 237 206 126 125  47 134  79 162 147 161][ 59 164  96 196 212  19 206 123  81 226 188 139  67  44 151  32 121 196
  21 173 236 235 229 142  58  79 133 180 231 236  82 204][248  44 114 112 189 189  80 198 251  43 172  24  47 249   1 153 163 175
  76  24  62 239 130  62 251 223  21 123 227  64  74  11][182 237 215 119 182  35 206 238  95 162 114 218  86 232  21   1 155 111
  53 123 120 254  73 126 168 158 205 116 205 249 210 128][ 94 160 150 166 143  38  74 200  55 180 139  10  79 243  73 210 249 197
 233 254  24 195 153 128 153 231 207  87 162 103  39  34][ 25 120 122  69 118  91 178  64 104 192 116  42  59 152 215  56  62 189
  86 194 133 182 164  74  86 205  33 161 111 179 111 135][120 253 184 122 185 237  85 143 171  61 172  25 182 183  74  18 129 147
 237  16  26 107 218  49 251 213  20 127 208  80 142 107][229 116 189 103  13 111  67 152 122 186  35  88 215 113  89  59 145  84
 120 122  41 116 249   2 197 155  69  52 192 251  66  32][ 16  42 191 121 136 181 136  66 230  17 160 208 163 138  68 170 205 187
 202 145 159 237 246  48 137 193  26 113 193  65  47 172][ 72 156  23 127  48 238 121  55  56   9 106  80 191  51   0 112 133  55
 125  24  49 156 145  15 237 255  48  64 200 130 195  59][173 190 166  31 223 191 180 250 118 250 118 119 243 252 146  37 125 110
 226  15 166 252 239 191 127  99 119 160 227 236  86 255][207 190 133  83 141 181 236 191 251 187 128  92 232 250  92 191 129  78
 121 152 183  77 219 243  15  30 223 253 138  84 219 140][ 36  97  68 137 204   1 134 200 134  48 184  10  64 200 121  10  88 200
   2 115  66  35  74 144  60   0 143 124 213 123 240 128][ 99  68 197 229 116  46 239  56  61 234 250  66 217  59 149 112 220 205
 127 175 137 146 217 206 119 127 171 148  15 242 112  32][134 192   6 155  12 128 168 200 150  17 211  18  72 202  57  73 120  73
  59 211  34 199  11 245  16  34 202 204 148  25  48 128][ 16 136 166  81  17 143 169  39  52  13 230 132 235   3 148   4  92 162
 110 156  10 248 115 111   1 222 146  64  75   0  99 184][254   6 164 188 141 109  85  11 167 183 135  25 207 127  74  27 201 215
 253  49  60  71 195 128 155 243 221  95 146 108 214 102][ 12  22  94  94  98  58  55 120  57   6 111 228  75 103 143  29  54  93
 196  98 161 242  24 109  66 251  64   2 107 243 111 145][ 57 149 229 101 148  15 231 185 117 224 122 198 211  61 148 224 121 222
  61 237 249 248 125  14 173 239 229 132 111 170 208  48][120 110 134  60  57 185  82 198 163 254 160 237 175 131  67 154 129 231
 237  86  46  79 202  57 218 243 117 185 234 245  14  75][200 108 230 247   5 156 236  86 245 138 246  10 233 251  21 235 104 230
 127 202 224 253 146 234 119 251 214   1  35 252 126 138][ 76  59 219  64 242 168 121  83 169 140 126 224 141 167 225  92  38 189
  70 152  16 153 160  74  95 180  35 192 194 225  39 161][ 92  99  28  44  26  66 158 104 100 200 249 168 209 222 131  32 222 245
 204 227 205  35 207  92 240 161  43  25 121  35  43 130][ 56 159  26 206 253 179 210 231 213  12 254  34  98 249  38 192 216 186
 135 112  24 171  74 191 123 247 128  91 211  74 252 139][252 228 253  99 172 127  71 152 127 250 183  24 223 115  73 187 145 212
 108 122  43 100 233  18 207 219 101 124 226 243  78  35][100  64 179 196  77  77 125  17 235 243 167   8 222 183  82 126 233 181
 123   8   1  39 242 192  87  62 211 108 130 170  87  34][ 17  99  27 105  24  83 154  72 100  64 250 192 147  12  17  32 252 157
 206 227 205 163 101  92 241 133  43  13  97   3  47 132][ 90 111  50 218 123 209  26  64 171  12 173 169 172 222  47 212 230 187
 207 194  78  11 170 247 179 245  26 187  18  23  47  79][216  50 156 244  10  44  25  16 162 181 167 157 199 135  66  91 164 213
 237  16  10  69 211   0 211 227 123  25 160 128   7  34][206 190 181 215 173 189  68 159 251 187 134  88 254 241  88 175 129  86
 253  25 187  77 251 243 219  58 223 126 138  85 155  43][ 20  34 153 105   8 117 152 200 102 179 161 208 147 142  89  43 205 149
 232 179 141 103 239  16 137 193 235 125 193  99  47 132][ 21  57  55   0  95 203  35 192 237 232 186  40  30 145 225 180  58 184
 222 113   1 235   7 108 152  28   1 122 207 139  35  47][244 237  23 190  29 197  66 232 211 128 168   8 230 216  41 180 216 232
 104  98 110  35 218  63 185 208   5 127  80  59  98   6][247  72 214 239 110  10 238 236 121 162 242   2 207 234  21  91 122 197
 127 235 104 247 205 234 180 250 207  16  37 187  99 128][ 90  30 210 181 146 170  40  23  61 135 110 247 141  39 131 220  55  47
 175 156 177 156  21  78 156 231  58 192 174 196 169  89][218 188 181 242 173 253  85 159 251 251 132  28 174 251  64 255 129 247
 253  17 187  79 250 243 153 243  95 126 138  84 139  63][223 188 181 186 169 237  85 207 187 251 168  24 174 247  64 191 129 243
 253  17  59  79 250 243 153 215  95 122 146  84 135 127][166 188 221  89 192  99 188 207  56  31 100 188  17  55 140  25 139  91
  65 128  50 222 112  51 103 139 116 169 217  81 231 179][236 240 185 101  41  79  87 152 123 168  37   8 222 119  72  50 145  84
 104 122  97 116 249  10 239 251  69 118  66  51  70  50][124 229  88  96 221 111  87 232  19 178 173   8  87 181  73  48 153 220
 205 114  42 115 217  23 251 205  37 117 242 251 206  34][151 236 231 119 150  47 230 238 119 170 114 242 114 121 148  65 253 254
 119  39 169 244 141  47  60  46 117 130 233 121 240 169][ 27 218  39  93   9 148 172  47 124  14 250 198 233 238 180 224 237  51
 238 140 201 188 119 255 132 255 218 128  89  76  97 124][  5   5 205 101 176  42 111  57 116 162  75  64 211  33 145  96  82  76
  56 238 185 240  77  14 236 175 167   4 172 243 192 160][162 104 214 255 108   3 236 236  31 178 240 218 109 234  53  27 250 237
 119 227 104 247 203 251 180 186 207 152  85 121 115 136][195 188 149 210 173 252  84 159 251 251 134  92 174 249  76 239 133  86
 252  24 187 109 219 243 155 250  87 126 138  84 219  31][251  93 102 255 110  18 252 116 245 210 246 179 107 125 181 111 238 245
 255 239 236 247 231 239 118 250 198 130 103 253 112 223][ 93  79 103 101  18  10 111  48  96 192 126 228 115 103 145 116  54 228
 124 238 201 145 173  44 240 175  37 128 111 179  98 113][189 172 222 151 182  43 143 238  86 162 242 154 126  96 145 128  63 239
 114  47 105 245   9  46 184  46 109  16 205 250 123  40][ 37 160 169   9 221  79  65  89  87 121 244  12 130 137  90  60 217 140
 106  29 155 122 243  16  31  28 145 124 218 136  90 164][100 180 189  99 205 111  85 137 122 247  45  24 214 117  72  58 145  94
 104  56  51 112 251  18 205 159  85 119 192  75 198 226][233  33 136  59 153  45  65 142  50 149 172  28 182 243  75  30 137  74
 104  28  58  74 251  49 205 221  16 120 218  65  66 250][  1 139  26 219 176 149 106 247  87   9  84  66 181 195 160 100 118  42
   6  92 150 152  33 127 174 220  50 224 152 136 169 141][ 53  45 108  71 148  75 199 168 101 228 239 141 211 101 159  20  88 196
  64 110 121 186 125  46 108  14 133  84 109 171  86 112][231 120 237  88 200  37 121 202 234  95 160  29  16 154  87  59 173 193
 122 220 134  71 178  80  95   8 245 124 201  49  98 214][138 149  54 250 189 245 144 239 207  29 188  27 174 255  44 193 201  51
 159 144  58  43  90 245 251 211 158 123 146  12 173 139][236 176 188 113 169 253  16 151 250 255 180  61 158 157  70  59 133  27
 236  16 150 108 250  16 207 219 117 127 192  64 207 219][ 10 220  18 255 251 213 190 231  31  11  92  50 172 255  32 228 255 123
 147 128 114 156  26 255  45 247 158  75  18  76 173 171][ 92 117 122 102 242 202 127 112 177 134 239  32  95 247  43  16  54 245
 237 226 104 211 184  78 243 231  37   5  99 243  38  99][ 95  89 107 204  50  30 127 248  45 196 246 174 127 150 179 112 126 245
 127 239 201 147 181 236 242 173 175 128  38 183  35 121][ 48 165  96 228 220  43 198 107  81 162 184  10   3  40  85   2 121 196
  95  33 248  43 197 142 184  78 141  60 117 106  82 136][ 66  42 218 180 118 224  56  82 171 193  86 163 189 155  99  90  98  45
  23 149   6 155 132 200 212  53 186 139 142 133  59 139][ 82  22 218  69 146  58  59  19  61 167 110 247  73  39 131  80  55 253
 236 180 180 220 149  78 190 231  51 192 237 228  47  85][  2  57 123 192 114 162 185  64 169 141 116 165  12 143 165 152 174  57
 215 220   2 145 176 192  22 153  42 130 197 129  39 251][120 232  19 252   9 140 122 222 187  40 162   8  59 211   0  80 233 245
 109 194  10  75 219 179 243 255 131  56   8  17  98   2][253 191 132 115 201  95 103 184  55 250 174  76 211  97  73 191  57 198
 106 126 121 115 251  63 191 207  69 116 234 251  66  48][ 92  45 221 103  25  15  99  88 127 168 251  72 223 251   0  16 186 253
 110  66   8 241 217 124 215 253   1  48  97 163  67 160][116 181 248  98 248 109  85  95  34 189 173  57  87 247  72  26 147 158
 109  16  26 107 234  18 219 199  53 125 224 194 198  99][109 180 151  54 169  78  71 188 186 251 168  76 247 227  72  18 145 238
 108  30 105  67 219  42 249 151  87  60 200 114 162  56][216 174 191 127 154  66  55 251 116  75  71 240 113 247 138  97 117  94
 106 170 242 221 175  47 118  39 118 128  33 224 164 225][139 159 119 229 242 198 111 183  61 201  94 230 253  39 176 100 102 119
  63 221 241 152  37 238 236 236 174 192 174 208 165 121][ 96 163 121  97 240  11  79 191  97  44 254 172 179   5 136  16  94 152
  68 232  90 186 225  29 108 140  33 232  99 130 198 184][ 96 237 156 250 137 201  87 174 130  21 172   8 182 243  64  18 129 114
 105  66  74 106 218  49 233 209  84 123  80  89 198  42][246 253 236  82 201  45  95 248 163 190 172 141  75 231  75  31  93 194
 109 254 122  67 218 114 251 216 197  60 234 243 198 240][ 56 221  18 172 117 139  82 103 149   0 232 143  46 203  32 208 220 187
 134  32 124 171  80 159 178 245   0  91 122  14 172 154][ 85  42 143  61   8  52  72  18 244 138 194  68 179 236  81 234 204 229
 108 157 141 230 247  40 193 239 251   8 200  97  40  28][245 100  31 142  78  15 231 104 124 162 227  10 114 112  25 113 120 204
 106 234  97 247 217  14  53  42  67  60   1  59 115 160][209 180 190 120 168 173  85 215 250  95 176  29 183 250  70  59 167 179
 124  16 190 111 178  49 219 251 118 120 200  64 235  75][124 165 220 114 136 237  95 156 179 243 173  29 215 231  75  26 145 198
 125  94  58  67 219  35 251 255 117 125 232 243 202  82][216 133 250  97 178 155 233 199  54  37 118 188 219 162 254  96  51 143
  38 156  58 184  37  22 254 205  37 229 237 136 197 116][ 26 217 106 170  93 197 150 238 142  72 216 199  63 220  54 192 202 123
 151  67  70  43  18 253 249 197 174 235  28  30 253 218][221  88 151 116  40  76  69 180 241 250 166  88 119  55  65  59  32 244
 124 106 105  71 179  34 209 235 117  24  96 241  66  40][120 245 184 112 184 205  85 191 163  61 172  57 151 183  74  16 129 155
 237  16  90 107 234  21 251 197  53 125 240  64 134  43][180 165   8 136 220   1 198 235 135 162 184  10   2 232 121   2  89 192
  78  99  74  35  74 154 184   4 143  60  85 122 240 128][ 66 184 151 186 139 233  16  66 171  17 160  57 174 210  68  30 161 187
 106  16  18  75 146 209 153 144  26 123 216   0   7  14][205  85  29 103  32  14  71 184 104 234 167  76 215 115 137 115 148  68
 108 106 233 212 249  12 231 251 101  20  10 243  66  49][ 32 223 124  95  92 203 215 247 213   4 108   8  50 113  36  33  72 114
   2  72 106 170 115  63  99 190   4  27 113 136 198 170][  8  42 211  73 242 184 233  82  45 132 126 224 169 167 197 188 126 187
 198 152 146 186 164  72  30 172  50 136 227 129 103 237][166 167 244 195 236  43 234  73  95 179 177 250 207 107 220  11 251 141
 127  51 178 112 205 214 156 154 207 244 213 203 211 129][ 45 167 238  78 220  19 102 248 119 242 254 198 211 224 219 177  89 206
 110 238 237 242 239  56 174 207 231  45 239 251 120 132][157 188  24 179 149  95  71 177 116 238 158  28 223  97 155 165  25 198
  76  46 253 244 125  46 235 207  37  21 234 252 217  97][ 71 241   9  15  58 211  11 184  38 100 205 164 240 198 203 100  86  76
 234 238 195   3 255  61  40  36 175 188  28 183  49 116][124  33 146 226 153  18  66 200  34 160 163  11  71 243  73 210 249 197
 232 242  12 195 153   8 219 231 135  29 161  35 110   2][ 15  99 120 229 126  15 255 121 125 160 255 206 221  11 148 160 126 197
  95 239 193 176 205 206 126 125 175 132 111 170 171 128][198 238 134 158 168 163  62 236 190 190 211 213 236 230  33 219 199 119
 255 103  32 199 202 252 184  50 255 191 148 117 175 129][100 169 148  58  25 201   2 200 226  21 161   8 230 224  72  22 137  96
 106  80  30 107 202  49 153 148   5 127 208   3  70   2][231 164 148  83 173  60 164 159 219 251 170  93 218 248  94 255 197  70
 104  28 183 109 251 226  14  62  87 126 202 125 201  85][ 27 207  98 172 214 150 238 119 245   8 218 198  57 168 182 224 110 234
  23 205 205 185   4 239 178 111 166 128  63 156 248 141][228 191 157 218 172 173  68 191 214 191 189  92 242 241  72  91 201 230
 108  24  58 107 219  49 175 211 117 125 216 248 218  34][ 83 232 149 147  27 204  40 198 175 113 170 136 174 182  64 222 167 199
 104 148  19  73 155 117 153 182  30  86 168   0   3  28][134  65  14 136 204   0  44 200 134  16 208   2  80 194 105  75  88 192
  42 242  66  67 203 209  52  32 239 252  20 121 176 128][ 72 148  19 125  49 172 115  51 173   9 107  80 254 243   8 244 181  51
 108   8  17 184  16 127 205 254  16  66 202   0 163  59][212 144 158  48 138 236  17  27 182 255 167 189  87 183  66  91 165 215
 237  16  58  79 155  18 219 227 117 223 168  65 142  83][104 115 184 101  52  95  87  56 105 232  62  76 215  41  83  50 144  68
 108 111 205 240 225  10 231 253  37 181  72 187  94  17][229 237  85 113 197 205 228 149  98 184 106  72 243  65  89  61  57 106
  96 122  83 112 250  52 111 200  69 100 233  90 198 166][ 99 187 129  15 188 141  70  45 111 224 168 237 230 224 197 148 158 111
  74  69 207  42 218  93 172  20  13  58  88  62   3  28][213 145 140 177 173  47  80 187 174 119 135  29 215  57  90  75 129   6
 121  63  62  77 219  21 207 227 253 117 152  40 153  82][ 83 141  75 133 147 190 104  55  61 193  74 199  61  38  50 240  39 175
  61 156 149 152  53  78 190 111  26 192 171 196 169  92][124  60 187 114 234 104  83  18 179 191 173  56  23 247  65  58  35 254
 108  26  24  99 170  34 217 199 117  60 226 241   6  35][109 189 173  82 217  95  71 184 247 251 166  76 210 245  75 187 157 198
 120 126 253  67 251  62 191 223  69 124 202 114  66 116][241 145  93 237  14  30  80  73  76  97 243  54 151  24 168  98 234 132
  62  97  93  49 113 149 144 233  42  20  61  10 217  33][145 235  27 155  52 131 107 244  94  13 112  70 181 195 160  64 242  42
   6  92  86 184  32 125 172 136  34  96  16 136 161 136][ 50   7 100 190 165  15 204 239  29  47 208  31 143  40  50  89 217 202
 159  39 184 186  81 164 179 254 222 144 148 220 208  88][130 157  26 223 243 209 190 231  31  15  92  50 172 255  38 196 239 123
 147 128 118 156  42 255  47 247 158  75  18   8 173 143][121  98 156 231  93  31 230  56 127 168 191  76 215  97  72 176 185 196
 110  42  73 115 251 158 255 223  69  52  90 170  90  32][  6  59 126 240 226 129 185  65 172  28 119 167 156 151 167   9 174  41
  23 212  18 153   0 228  84 153  58 194 197 129  39 179][238 237 229  82 249   5  79 249 179 190 173  13 202 231  77  23 221 214
 109 254 122  67 250 123 123 222 197 124 194 115 230 242][208 188 191 184 168 237  85 223 254  95 162  29 183 251  64  27 165 119
 125  17  58 109 146  49 217 227 127 120 200  64 167  91][247 252 180 186 141 173  92 239 219 127 176  93 238 250  94 159 141 227
 125  21 255 111 218 243 185 222  93 126 216  92 139  94][252 189 156 114 136 205  87 159 179 251 172  25 211 243  75  27 153 198
 125  92 122  99 218  34 251 207 101 125 232 112 202  50][162  74 223 189 108  11 237 236 158  50 240  82 238 234  53 139 122 237
 111 235  97 247  75 251 148 178 255  48  93 121 123 136][230  36 244 195 236  43 234  72 127 178 179 154 207 107 221  27 255 205
 127 187 176 118 201 242 158 154 207 244 197 235  67 128][ 41 176 160  73 125 223 225  72  95 249 116  12 130 156 214  60 216  44
  98  28 147 250 241  16  95  88  33 118 218  12  94 182][ 32 140 126  95  30 173 215  39 220   6 236   0 114 105  38  65  72  50
   2   0 104 168  83  63  99 175  16  25  81   8 196  42][124 229 248  98 216  75 118 248 115 162 173   8  95 241  73  48 187 220
 198 122 104 115 136  30 251 207  37  53  99 251  78 162][ 56 141  23 184  91 231  86 103 149   1 232 139  47 239  32 208 216 187
 130  36 126 171  82 191 163 246   0  91 114  12 168 138][120  56  19 124  25 204 107 210 171  40 234   8  62 147   1  80 232 253
 104  72  11  75 211 241 243 253   3  58  74  17  98 170][162  74 118 253 108  42 252 236 221 146 242 243 235 248  53  75 238 245
 127 231 232 247 195 239  20 250 218 130  85 249 113 137][217  88 157 117   0  14  69  54  52 179 166  84 215  51   1 123   1 116
 124  40  41 220  81  12 201 235 116  16  40 240   0  56][ 52 229  20  46  29 205  86 168  71 144 169   9 231  89   9  16 216 232
  76  98 110  35  91  61 187 215   5  63 112  59  90   2][ 61  21  33 103 149  63 194 248  85 226 235  78  67 124  29 180 125 222
 148 127 189 178 125  30 187 239 197  22 227 127  88 116][247  72 246 231 110  10 238 236 121 130 242   2 207 107  21  91 123 229
 127 235 104 247 205 234 182 250 207 144  37 243  99 128][  9 178  26 161 112 173 120  83  46 105  95  69 159 131  82 112 166  47
  23 156 151 152 144  85 207 221  50 224 136 130  11 144][170 149  52 250 189 197 144 111 207  29 189  27 238 255 108  65 201 147
 255  17 122  43  90 245 219 211 218 123 146  12 165  27][  4 170 119  81 114 203  33 113 125 168 118 104  72 133 196  53  62  60
 238 184 240 248  97  92  76 146  97  70  66 160  38 165][124 101 126 102 242 194 127 240 177 134 239   1  95 247  43  16 126 253
 237 226  72 195 168  76 243 239 101  13  98 243  38 227][108 181 153  99 217 111  68 137 107 243  45  24 214 113  72  56 145  30
 104  56  19 112 249  18 207 223  21 119 218  74 198  34][205  84 149 101   1  78 119 184 121 234  39  76 222 115   9 123 149  68
 124 106 225 244 249  10 231 251 101  20  74 115  66  49][157   5 221 101 148  46 103  56 116 162 111  64 211  33  25 112 112 204
 104 110  57 240  93  14 237 239 165   4 232 251  80  32][ 32 163  64  65 114  11 105  63  53  37 126 236  19   3 132  20 126 140
   6  44 211 184 101  29 108 140 160 196 127 130 198 185][ 89   8 171 101  52  62  96   3 100 200 218  68 183  56 209 232 200  44
 124  29 141 184 247   8 140 239 186  16 232  32  88  60][ 27 208 161 109   6 122 232  47 126  67  90 198 241 188 180 224 249  10
 190 133 143 184 119  23 132 239 250 128 125  12  81 125][112 164 236 135  28  43 202 103  65 163 153  26 194  40  20   2  73 230
  95 163 184  43  73 174 188  30 153  48 101 106  80   8][ 76 240 153 101  97  79  87 152 123 224  36   8 222  55  73  50 145  84
 104 122  65 240 249   8 239 251  69  54  74  51  71  50][189 172 222  87 151 123 239 234 118 166 247 146 123 224 186 140 123 239
 162 175  41 245  61 111 248 175 119   1 231 253 248 160][198 238 142 158 168 233  63 238 190 222 199 253 236 230  35  91 199 247
 239 199  36  79 235 119 184  51 255 185 144 113 167 121][189 205 204 255 156 143  71 174  86 179 194  18 243 241  29 193  89 254
 127 211 250 254  79  63 189  47 229  16 241 120 248   8][126 253  48 186 187 209  22 236 187  21 173 169 174 222 111 148 207 187
 205 195 110  11 202 247 187 213  11 123  18  23 175  78][116  53 249 114 250 105  83  26 179 189 173  56  87 247  73  58  55 222
  69  26  26  67 170   2 219 143  37 124 224 227 198 243][180  73  13 136 204   3  13 239 134 176 152  66  16 162  97  75  72 136
 106 226  65  99 203  80 244   0 239  60  20 120 176 168][194 176 147 184  11 233  17  66 171  17 160  57 166 214  64  30 129 187
 106  16  19  79 146  81 153 144  26 122 144   0   7  54][115 169   1  38  81 221  66 233  43 233 168   9 175 172  80 176 184 207
  84  69  31  26 217  61 185 212  13 126 105  14   2  92][153 214 238 127 146  18 101 191  53  15  79 183  83 103 154 209 121 222
 181 172 248 212 109  15 102 239 229 132 227 246 252 114][105 172  27 120 113 252  96  50 233   9 110  88 190 179  12 244 129  38
  76   8  51 185 176  47 143 255  16  64 202 128 202  32][ 11 223 115 215 246 214 127 183  61 204  86 230 253 103 180 229 118 119
 183 236 241 152  37 237 238 251 174 192  46 148 165 121][ 83 169 147  32  17 196  67 198 175 233 170   8  46 146 100 244 161 207
 108 212  15  27 160 245 153 244  27 127 128   7  35 110][220  96 152 240 137 109  84 206 187 243 164  25 159 247  75  27 129 221
 249  16  30  71 218   0 219 217  85  63 192 113 142 130][ 81 159  91  37  50 139 122 183  61  45 122 231 173  43 144 208 183  47
   4  44 246 184   5 127 190 237  38 192 101 128 193  73][224 161 180  91 153 109  64 142  43 241 160  25 182  51  73  31 129  74
 121  92  59  76 211  53 207 218  80 122 154   1  66  10][ 93 105 106 236  38  26 127 244 109 224 222 130 123 223 179 112 126 253
 255 238 204 147 181 236 243 233 175 145  39 183 115 120][149 132  12 169 140  11  76  57  22 114 147  87 211 105  26  73 121 132
 127 167 253 245  77  31 208 227 235 212 189 234  24  16][ 56 217  24 184  95 149 150 247 134   8 220 167  55 157  34   0 206 187
 151 193  78  43  82 189 251 197 174 251 125  24 185 219][ 32 141  56  94 223 141 150 231 222   5 236   3 230 233  38  64 200  58
 131  80  82 170  90 191 111 183   6  91 209  74 204 138][ 83 176 149 148 169 172   1   7 171 217 130  92 142 178  68 126 133  87
 120  17  23  73 146  65 153  50  94  90 136   4 131  61][ 27 223  66 190  52 150 238 247 229  72  90  70 121 234 180 228 110 235
  23 205 205 153  20 237 178 237 174 128  63 156 249 140][165 120 185  49 200 197 161 214 122 242  96  93 145 155  85  56 137  41
 115 157   3 126 242  16  77 136 255 108 217  48  67 250][ 74 176 188 113  41 253 176   7 186 251  33  57 174 158  70 154 135  59
 237  17  23 109 178  81 143 215  83 251 200   4 143 219][212 255  93  70 138 106  70 184 227 178 171 200 195 227  77  83  19 246
 108  98 104  65 219  42 187 164  69  62 224 115   6  34][190 172  12  57 169 243  21 239 188 150 132 177 207 119  35 155 203  99
 221 166 124 205 106  28 170 211 255 151 146 116 175 223][237 112 213  70 237  31  70 152 123 250  53  92  74 112 221 191  25 196
 228 122 229 118 255  34  30  90  69  62 203 255  74  37][134  90  30 177 224 133 185  81 172  29  85 245 157 131 226   9 110  57
  31 220  82 141  18 224  68 145 250 200 140 129 161 145][ 60 101 122 118 242 202 126 240 181 140 239  33  95 247  33  16 126 253
 199 226  72 147 138 108 243 231  37  13  97 243  46 163][106 237  66  50 249 205  82  71 163 201 236  13  42 211  70  20 136 170
  83  92  30  43 210 117 122  28   5 123 202  14 218 154][252 189 156 112 168  77  85 159 179 186 172  25  83 243  67  27 129 198
 125  26 122 107 218   3 251 203 101 125 224 240 198  34][124 172 149 250 153 237  80 202 175  49 169  25 143 255  72 154 137 147
 233  16  62 107  91 183 219 215  21 127 210  65 135   2][ 77 117 149 101 129 126 119 184 121 234  47  76 222  51  73 255 144  84
 120 106 225 240 249  72 231 250  69  22  74 115  67  51][129 235  27 171 180 129 110 253  78   0  80  70 181 195 176  65 122  42
   2  92  83 184   6  61 236 128  38  96  60 154 225 168][130 222  26 219 246 209 190 231  31   7  92 179 164 255  38  64 255 123
 147 145 118 190  10 255  47  22 158 203 149   8 189 159][164  36 213 147 236  43 234  72 127 178 187 154 207 106  93  27 123 205
 111 179  48 246 223 242 156 154 207 124 197 235  83 128][100 196 205 135  28  47 203 160 137 163 155  90 243 104  28   3  73 230
  95 227  57 183  81 239 189  30 170  80 133  43 208  32][116 183 248  98 208 109  81  25  35 181 173  24  87 243  72  26  49 158
  77  48  26  67 184   2 219 133  37 125 224 194 134  34][ 64  18 179 217  38 168 177  22 238  31  86 112 173 151 172 108 230  27
  46  24 130  60  35 241 133 244  58 194 150 137   5 169][254 149  52 250 157 213 208 233 143  61 181  26 206 255 104  73 201 147
 255  17  58 111  91 213 219 211 219 127 146  12 148  19][ 77 112 177  69  65  95 115  24 123 224 110   8 222  17  69 182 145  92
  96 106  65 240 249  72  47 220   5  38  74  51  67 182][130 220 186 219 246 193 191 231  31   7  88  51 180 254  38  64 239 123
   3 128 118 188  58 255 111  54  30  75 144   8 165 207][246  72 215 247 110  10 238 232 121 162 242  18 239 106  21  91 123 229
 127 235 104 247 201 234 183 250 207 144  37 249  99 136][109 116 153 100  93  31  71 120 127 232 173  76 210 249  70  48 153 236
 110 110 205  99 251  31 255 223   5  60  90  42  74  82][110 237 245  86 249  29  79 232 187 190 181   8 194 255  77 183 217 214
 109 250 107  99 250 126 191 222 197 126 195 115  70 114][208 188 191 178 168 236  85 151 182  95 166  24 183 183  64  91 161 119
 125  25  58  73 155  49 217 227 119 120 224  80 135 122][109 185 173 116 185 159  71 186 251 250 164  76 214 245  82  50 141 102
 124  92 175  75 250  50 239 223  69  60 202  97  66 122][ 71 191 157  19 186  42 167 153 186 251 155 252 212 226 201  42  55  71
 108  87 145  65 143  98 168   6 111 252 140 115 131  53][117 100 143  46  28  11  71 120 116 170 203  72 211 225 137 115  88  76
 104 106 105 227 201  10 240 167  97  60  64 123 114  32][139  40  27 187 116 240 104  18  94  89  82 246 189 142 177 233 198  43
  30 149 183 220  70 240 132 241 186 200 156 129  57 213][120  57  27 248  25 205  81 198 191  40 236   8  62 147  33 208 232 239
 108  72   9  75 146 252 243 249  18  59  74  16  98  58][253 103 132 100 157  31  71 184  81 238 175  12  67  33 155 151  89 196
 236 110 236 103 233 142 250 235  69  55  99 255  94  70][252  33 188 116 201 109  85  79 162 179 165  24 151 179  65  27 201 214
 121  26  88  71 218   0 219 217  85  61 192 112 198 162][109 116 145  67 205  63  98 152 123 235  43  76 218 121  93 190 153  76
 112 126 145 112 249  66  15  92   5 118 202 127  90 164][221 206 147 117 176 174  67 158 116  11 102  84 211  99 129 244  17  78
 108  60 187 156  37  15 168 239  53  68 234 208 192  33][ 71  63 143  23 170  42 175 146 186 250  26 228 244 230 197  74  39 103
 124 223 177 193 143 106  44  38 111 130 140 243   1  53][ 90 223 150 190  59 128  30 162 187  14 218 231 175 234  33 210 231 247
 237 195 110  75 138 191 176 246 238 155  48 119  45  11][105 172  26 120 117 188 112   7 249   9 110  24 186 144   2  48 129  34
  68  24  55 188 144  23 207 255  48  64 200   0  75  10][189 238 206  31 151 243 253 222 118 199 246 150 107 224 187 237 121 238
 162 174  46 247 125 255 250 239 215   1 231 253 236 228][ 19  35 111  73  18 159 168  83  44   5 243 198 169  14 148 161 110 185
  78 156 147 184 101  76   7 168  34 192  97 129 103 188][206 238 172 158 136 253  31 206 190 183 132 153 254 231  67  90 221 119
 235 135  58  79 234 115 253  55 223  61 144 245 143 240][114 233  19  34  25 192  67 196 231   5 234   8  46 210 100 244 216 255
 104 209  14  11 178 241 185 244 142 123   0  22 230 110][130 188 146 187 221 229 176 231 158  23  72  19 172 255  98  76 201  59
 179 145  54  92  82 247  45  86 222 107 144  76 165 218][ 98 108 147 254 109 236 116 198 255 131 234   8 190 251 101  90 193 239
 106   0  11 239 146 227 145 254  86  26 128  80  99 142][224 168 157 185 204 173 168  79 174 179 192 152 183 137  80  27 203  63
 123  17  50 111 211  49 221 176 123 120 212  72 131 136][189  52 135 123  17 127  82 216  87 234 119  94  83 124  25 169 217 220
 246  63 173 246  89  46  75 239 101 135 235 127  88 151][126 253  56 186 153 209  86 236 187  21 173   9 175 254 110  16 201 251
 221 195  78  11 218 181 251 213  15 127  16  83 142  26][254  67  67 232  76  23  78 113   5  46 245 206   3   7 181 245  92 136
  23 238  73  54  96 158  19 217 161 188  51 171 116 228][ 27 217 127 215  54 146 125 181  61  72  86 230 121 127 180 229 118 255
 183 236 193 152  37 237 230 235 238 128  47 166 233 253][ 17 217  82 220  52 132 236 119 197  72 218  70 177 250 180 100 106 170
  22 205 205 171  22 253 160 172 174 136  61 152 248 157][118 101   2 172  89 131 154  72 143 128 233 137 204 202  45 208 216 189
 235 227  78   3 202 223 177  52 139  59  16  55  47   6][132 108 157 179 176 167  41 150  62 187  82  80 213   7  65  72 197  63
  63 152  35 212  73  50 205 151 191 196 144 209   1  41][ 97  55  57 101 116  14 127  48 121 236 127  76 214  61  17  49 148 220
  93 110 233 240 241  78 231 249  33 132  72 162  66 115][220 103  84 102 139  43  71 168 224 162 171 200  91 113  77 146  17 212
 236  98 120  99 221  14 184 133 101  60 107 115  74  32][148 173  61 233 152 239  83 179 164  52 138  16 151  51   0   3 128  55
  77 112  58 201  17  61 233 129  43  85 112   1 133  34][180 172 157 115 217 237 224 202 254 179 160  24 231 241  72 178  41 254
 106  16  50 127 219  51 157 158  87 127 225  72 203 130][210  40 182 216 137 245 120  71 175  51 130  25 174 155  96 127 225 167
 255 145  62  79 146 209 147 250 218 123 130  68 163  14][252 100 193  99 168 107  71 136 115 162 165  40 195 115 201 191  25 204
 228 250  40 118 237  42 172 218  69  53 227 243  66  32][137 172 238 123 132 171 225 151 119 119 118 178 251 232 150 233 125 190
 255 157 187 252 111 243 140 187 117  64 239 204 216 172][ 90 249 191 188  59 208  49 199 191  13 206  49 172 183  32 114 226 115
 239   0   2 203 162 247 243 247  30  27   2  16 167 123][124 178 159  58 217 221 113 216 190 255 181 124 254 246  74 155 233 254
 238  16  59  99 250 113 221 227 119 127 203   0 111 211][ 88  57  27 248  17 205 115 102 189 200 238   8  62 151  37 112 232 255
 238  64  73 187 178 238 243 253  18  27  66   0 103  58][ 42 180 112  90 249 253 208  79  91  63 237  28  42 205  76 156 153 154
 194  28  58 122 250 147  31 221  16 127 211  76 206 254][139 159  36 155 159 149 182 239 221  80  92 247 232 120 190 165 249  42
 146 165 247  56  62 255  46  95 142 235  95  14 249 220][221 247 237 103 186  95 127 184 114 254  55 236  91 117 219  51  55  84
 252 126 235 208 255  35 234 207 101 244 238 247 206 113][252 136  52 250 157 237  80 200 143  49 161  24 223 223 104 219 201 147
 235  80  58 103  90 181 219 219  83 127 210   9 197   2][109 105 228  69 237  26  78 168 107 166 175 140 203  40  87 190  24 196
 224 110 204 114 253 168  38 123  69  53 199 255  90  68][188 127  90 246 242 130 118 240 181 140 251 233  79 239  41 144 254 253
 199 226 104 195 138  14 250 231  37 137  98 179  46 131][109 113 176  69 101  31 230  56 105 232 118  76 202  24  87 182 148  76
 230 110 197 240 249 202  47  92   5  38  74 183  74 133][108  61 217  98 240 109  67  25  35 189 173  24  83 247  73  62  17 222
  68  58  26  66 250   2 219 156  37 124 226 227 198 162][ 68 196  31 166  60  45 239 184 136  56 155  72 215  97  25   3  72 196
 127 107   1  97 218  45 237 176 235  92 136  59 209  32][105 185 183 124  57 221  81 230 251 248 172   8 190 183  65  50 129 119
 124  64   3  75 178 123 251 255  85  59  74  48   3  43][114 224 146 254 109 228  80  79 251   3 233  24 174 251 108 220 217 251
 123   0  10 111 218 227 147 254 146  59 210  88 226 138][128 156  59 187 210 193 191 231  30   7  88  51 180 254  36  64 255 123
   3 129 114 156  58 127 109  38 190  72  16  72 165 251][228 229 245  94 249 125  71 232 123 182 169   8 242 255  77  54 217 214
 108 122 107  99 251  63 187 222  69 126 195 243  70  38][252 173 252 118 168 237  85 255 178 190 172  24 119 247  66  19   9 246
 109  24 122 111 250  34 251 203 117 125 224 224 198  42][  2 158  26 155 246 225 191 231  30  15  88 179 180 238  38  64 255  59
  19 145 118 190  42 255 111   6 190 203 149  72 181 219][ 77 247 239 103 178  30  47 184 178 252  31 228 209 103 219  51  55  84
 124 254 225 208 189   8 108 175 103 196 174 243 131 113][174 181  52 146 255 121 148 235  91 243 185  59 206 120  78 169 155 147
 223  49  62 111  74 246 219  87  85 127 223  77 221 199][208 188 191 254 168 236  81 151 182 127 130  24 247 247  64  91 161 247
 125  16  59  77 187  51 217 227 119  88 160 192 135 123][246  64 215 159  76  10 238 232 125 162 243  26 239 234  29  91 123 197
 110 227 104 247 201 235 181 186 207  17  37  58 119 128][ 87  95 131 158  58 132  46  48 191 200 219 231 228 226 161  68 246 109
 125 199 197   1 143 238 176  54 175 154  28 115  49  85][253 119 236 110 189 127  87 184 211 254 189 173  75 117 223 183  29 212
 236 110 237  99 255 158 235 255 101 191 235 255  94 119][198 112 185 190  44 108 185 216 186 219 145  93 148 223  73  11 173  89
 127   7 131  71 154  35 209 163 123 188 128 121  39 243][236  37 189 100 205 109  85  43 226 191 173  24 214 177  73  59 201 214
 104  40  56 103 250   2 219 219  85  60 192 104 198  34][  2 252 146 153 205 229 176 199 159  23  64  19 172 191  98  77 201  59
 179  17  50  94  82 247  13  22 222 107 146  76 173 202][125 125  59 100  29 159  87 122 111 232 174  12 222 221  70 176 152 236
 110 110 201 107 249  62 243 221   5  62  74  59  66 242][171 205  98  74  85 219 231 252 197   4 124 138  40 205 190 181 120 152
 146 107 227  62  60 255 119  93 132 105  87 158 254 252][118  97   2 190  25 129   6 104 143 160 129   9 230 194  41 212 216 253
 235 227  78  67 202 253 177  52 139  59  16  63  39   6][ 42 173  80  90 217 253  85 111  27   5 108   9  42 177 110 148 201 170
 194  24  26  42 210 247  63 220  20 123 219 140 198 174][126 233  48 186 217 205  87 232 163  20 173   9 110 255 107  16 200 251
 205  67  78  11 218 245 251 213   5  59 114  23 166   2][216 217  87  84 168  78  68 182 177 186 166  88  19  55 128 255   0 244
 108 106 121  77 179  44 179 234 101  24  34 176 134  56][166  36 208 131 236  43 234  75 127 179 179  26 207 106  93  26 123 143
 111 179  48 118 223 210 156 158 207 124 197 105 211 128][169 190 239 209 133 255 241 151 119 127 246 222 251 253 150 109 125 174
 254 157 191 252 119 247 207 251 245 193 239 204 252 255][252  98 204 228  40  94  79 152  35 186 135 152  91  71 203 255  20 212
 252 106  73  69 235   0 211 251 229 189  34 179  92  49][ 74 158 191 254 187 192  61 167 191  29 206 177 172 247  32  66 167 115
 235 128 114 201 130 245 235 247  94 203  18  68 165 123][101  53 209 101  52  46 103  48 112 170 123  76 211 113 145 176  16 236
 124 106 169 240 249  10 164 190  33   4  72 251  66  33][210 168 159 152 140 165  48  71 175  19 162  27  36 154 100  91 225 183
 111 145  58  79 146 209 153 178 218 123 128  64 167  10][ 61   4 107 251  22 163 235  81  86  64 223  66 115 201 177  96 120 168
  23 191 169 179  44 222 242 175 171 128  53 235 112 224][128 172 157 185 204 173 225  15 190  51 224  88 183 163  64  27 161  47
 106  25  51 127 211  49 221 162 123 120 192  72 131 168][ 32 141  56 249 253 237 147 239  78  45 120   8 182 185  32   0 201  27
   3  17  18  58  98  55 237 149  20 123 208  72 133 234][ 18 106 223 221 114 194  61  71 188   6  98 161  44 135  33  80 102  59
 203 128  66 157 130 105 116 166  62 131  32  16  39 171][124 246 212 118 153 122  71 184  51 174 174  12 106  99 139 148  17 228
 236 234 105 195 249  46 184 231 101  61 226 119  14 112][ 20 118  83 166 114  10 126 248  61 170 251 229  71 195 169  16 190 253
  70 226  73 147   9  78 176 230  39 134  40 179  35 145][ 72 125  51 116 123 221  55 230 239 168 174  40 190 179  97  52 162 127
 254  64  67 235 178 125 251 245  23  59  66  16   7  43][208 188 191 246 170 232  81 159 182 159 162  56 247 247  64  91  35 247
 109  16  58  77 187  51 217 227 117  89 160 192 134 123][108  48 185  67 237 125  83 152  75 191 173  24 218 117 205 190 153 148
 226  58  27  98 251  16  15 221  65 126 194 235  78 228][124 178 183  88 105 221 113  88 239 253 244 108 238 213 202 191 236 156
 238  80 143  99 243 209 223 211 113 254  75  12  70 247][248 172 252 118 168 237  87 254 179 191 173  24 119 247  64  19   9 246
 108   8  58 111 250  35 251 207 117 121 226 224 198  34][ 90 223 134 190  59 128  60 231 191  13  74 165 108 231  34  82 231 127
 191 133  98 201 131 255 248 119 254 139  16  84 173  91][ 32 172  49 249 245 233 177 239  94  45 120  56 182 181 104  32 217  26
   2  16  18  58  98 183 237 148  20 107 208  72 133 171][  5  53 219  99 244  14 110  57 124 233 123  84 211  49 152 112 151  12
  86  60 241 176  89  14 108 191  39 196 200 226 203 161][221 247 237 103 178  94 127 184 114 252 159 228 219 119 219  35  55  84
 253 238 233 208 253  14 238 235 101 244  46 183   3 113][118 249  18 190 137 193  22 232 191  28 169  41 238 255 107 208 217 251
 239 195  94  67 202 253 177 212  15  59  80  55 175   6][  0 157  59 191 214 227 175 231  22   5  90  99 245 247  32  64 255  59
   3 129  50 152   8  63 237 166 174 192 144  74 165 251][252 104  60 242 205 205  80 204 199 180 164  24  31 219 105  59 201 242
 235  82  42 103  90 176 219 219  85 125 242  25  78   2][197 225  21 247 172  12 103 184 184 186  19  80 215 243  73 107 176  76
 124 106  97 116 155  32 197 168 103  60   8  59   1  33][101 176 248 114 232 125 209 216  98 127 181  24  83 220  94  58 157 154
 244  50 158  98 254  16  95 223 113 125 209 203  78 194][130 189 148 154 205 245 180 207 159  23  64  25 172 255 110 141 201  27
 251  17  54  79 210 243  47  18 222 107 146  76 133 202][228 165 185  96 141 109  85  15 227 191 173  24 150 177  72  59 137  94
  72  56  90 107 250   0 203 217  85 127 192 104 198  34][ 87  87  11 174  18 134  47 248 189 200 219 231 212 230  57  64 246 237
  63 231 237 151 158 206 176  54 143 142  12  51  49  85][ 21   5 107 248 150 226 107  91  84 195 223 210  81 239 176  96 122 170
  63 188 185 147  37 222 248 239 170 192 181 234 240 224][ 69  53 209 101 180  46 103  57 120 168 123  76 215 113 153  52  16 108
 108 106 185 240 201  14 164 190  37  20 200 235  66  33][245 115 249  68 168  94  95 184  97 244 175  12  83 119 207 119  20 212
 124 106 201  67 255   8 243 249 229  60  34 243  70 117][ 88 121  27 252 115 217  55 102 173  12 254  42  46 151  33 116 226 251
 238 192  66 171 162 237 243 245  18  11  66   0  39 107][220 224  58  98 144  78 115 240  48 164 167   9  95 151  74  18 177 221
 237 250  88 215 185   6 251 229  37  69 224 163 166  98][118 233  18 190  25 193  22 232 139 148 161   9 110 218 105 212 200 249
 235  67  78   3 202 253 177 208   5  59  16  63  46   6][124 160 144 250  77 237  80 201 251  19 225  24  79 249 104 218 201 154
 233   2  26 103 218 179 211 255  81 127  82   9 238 130][116 179  88  99 242  75 119 253  35 173  61 168  87  83 200  16  55  94
  69 122  82  18 201   4 126 133  37 229 224 131 134 163][136 140 150 189 146 170  32  39  52 135  66 146 173 162 160 201  99 111
  34 128  48 220   5 111 140 231 254  65 160  64 173 136][200 168 158 177 202 168 161  71 190  19  66  16 181 179  96  75 163  63
 106 145  50 221 146 113 221 163 122  64 128  64 163 138][131 180 239 253 182 175 248  27 127 123 114 246 179 189 148 105 127 190
 127  20 191 252  87 223 143 250 115 194 237 200  80 191][184 253 120 106 221 221  86 238 183   4 172   8  43 223  96 144 216 250
 199  66 106  43  90 191 251 205   5 123 115  27 206 170][194 164 245 249 252 169 249 207 159  59 176 122 188 255 252 105 239 155
 127 149 179 127  74 215 156  30 255 254 148 200 129 169][245 252 157 126 153 125 198 188 243 250 185  88 211 121  93  59 153 214
 108 122 239 103 219  51 235 223 101 124 249 123 202  18][151  31  14 181 146 134 122 115 180 194 203 213  77 227  35 209 118 237
 201 238  61 157  21 110 178 231 171 192 168 161  43  16][124 183 241   6 219 127  87 248 115 238 189  45 106 124 143  52  29 246
 196  98 252  99 252  62 123  87  69 191 227 127  94  87][125 246 220  92 153 127  87 184 115 254 172  44  75 102 143 181  21 196
 236  98 173 243 251  31 251 255 101  55 235 247  78 117][ 97 117  61 101 116  78 103  48 104 232 122  76 214  55   1  48 148  84
  95 110 193 176  49  76 229 190  32   0  72  50  67 179][252 172 253 118 184 237  87 255 179 191 164  24 115 247  72  27   9 246
 108   8  58 111 234  51 251 207 117 121 227 241 198  43][ 82 223  14 189  19 134  62 246  53  77 218 231 104 238  34 192 118 239
 191 197 228 219   7 239 184 103 254 131  45  20  41  95][235 114  55 105 104  93  49  88 175 252 243 237 158 159 198 190 238 157
 254  84 135 119 243 209 150 216  99 254  74 172  39 245][ 69  55  19 103 176  46 103  49 120 168 123  68 215 115 129 116  22 124
  76 106 185 176 193  14 164 190  37   0 200 227 195  33][252 108 188 250 205 253  85 196 195 182 164  24  59 217  97  27 201 240
 233  82 106 103 218  48 219 219  85  57 210 121  78  42][189   4 235 251 150 163 235  89  86  69 223 146  83 233 184  96 123 168
  23 185 185 179  45 222 250 239 171 192 181 234 244 224][ 32 164  25 251 245 233 177 239  94  55 120  58 182  53  40  32 155  26
 130  16  51  60 104 151 173 150  20 103 208  72 133 171][ 44  48 185  99 236 109 211 216  98 253 189  25 211  93  91  58 153 216
 101  51 154 102 251  16 207 221  33 125 193 235  70 242][ 21  55  27 167  50  78 111 120  60 232 235 197 215 102 139  80  54 205
  94 238 201 144  61  76 180 167  43 132  40 179  35 113][ 64 121  55 124 123 201 183 230 173 140 110  40  46 191  36 116 166 127
 238  64  64 235 162 109 251 180  22  11  66  16  47 175][216 188 191 250 170 232  85 159 178 191 166  56 119 247  64  91  39 247
 109  16  58  79 171  51 217 227 117 121 160 193 134 107][ 92  96 123  96  17  70  83 240  33 164 167   9  91 215  75  16  48 220
 205 242  72 215 185  14 219 205   5  85  98 179 102  98][228 180 185 101 173 109  69   9 114 191  45  24 214 117  72  59 145  86
  72  56  57 100 250   2 207 223  69 125 192 107 198  34][144 205  31 175 150 195  79 189  20   4 218 194 247 103 160  64 118 118
  29 234 121 137  41  63 233 166 175 128  52 186 165 120][118 237  24 186 185 193  86 232 175 180 169  41 110 255 107  16 217 251
 237  66  78  67 218 253 185 213  15  63  16  51  47   2][ 87  92  43 142  28 198  47 248 188 200 207  70 212 214 187  96 116 237
  63 239 201 147 188 110 241  38 175 136  28  59  49 112][ 93 243  81  35 114   9 122 252  43 232  57 237 239  70 201 144  54 221
 196 102 199  16 205  53 188 197  45 246  44 151  11 153][ 33 239 106 111 244 143 111 244 121 104 124  76 243 105 150  49  30 234
  70 111 237 186 108  63 238 253  37 160  77 186 210 201][196  28 153 255 172 109  69  27 158  58 145  80 182 183  33 106 197  91
  61  26  59  44  83  51 193 180 122  56 152 105   1  51][229 112 249  71 108  95  71 152  83 254 181  12 211  88 223  59 156 204
 100 106 237 118 253  32  71 219 101  60 193 251  70 117][  5 231  27  97 180  14 110 181 124 169 123  84 215  49 152 112  23  12
  22  60 241 176  73  14 236 191  39 196 200 178 203 161][244  52 188 179 140 111  81 152  82 191 177  25 215 121  75  27 153 215
 125  50  58 102 219  34 201 203 117 117 192 251 214  67][184 173 120 122 253 205  85 255  87  63 108  24  51 243  74  49 153 154
 198  24 122 122 106  63 123 205  53 125 243 216 206 170][184 255  24 250  57 201  82 236 147  12 164  41  47 219  97 145 200 251
 205  66 110  47  74  63 251 193  36  59 112  25  78  11][229 245 157 119 172  79  71 188 114 250 177  92 211 121  89  59 153 198
 124 122 235 102 251  51 239 223 101  60 200 251 194  19][145 142  86 189 178 170 122 183 189   3  74 244 175 227 160  64  55 111
  12  28  48 157   5 127 168 230  62 192 164 192 161   9][ 17 142  86 157 146 162 110  55 180 130 202 198  45  34 176  64 103 239
  44 140 176 157   5 111 168 174  62 192 161 192 161   8][248 180 222 114 155 237  85 255 177  63 172  57  95  55  10  18 165 151
 205  48  56  11 154  23 251 231  53 125 162  64 134  59][244 113 253 102 232  78  87 184  99 254 183  77  83 125  77 123  20 212
 125 106 201  98 249   8 119 169 101 180  97 243  70 115][130 172 214 241 254 169 232 199 255  51 240 154 173 235 116 137 239 187
 127 153  50 127  78 215 156 158 223 108 213 200 129 168][ 79 108 254 119 162  58 127 150 163 242  15 176 221 255 211 127   7 127
 253  30 160 208 175  32  70 251 117 129 166 245 131 117]