[249 112  16 104  77 205 208  72 207 224 168   8  18 153  68 180 200 172
 106  96  15  39 210  16 147 216   1  63  90  14  90 150][222  57 250  96 178  86 123 144 171 248 191  43  95 191  95  58 183 213
 253 247 156  85 189 224 251 201 175 245 167 183  39 115][127  98 234 100  45  31  79  88  65 236 188  77  67 205 215 150 156 228
  85 111 205 243 253 136 242 217 165 180 111 191  90 125][ 95 112 238 132  43  82  63  72 173 196 150 163  77 206 207 191  62 245
 223 247 205  67 166 200 242  97  47 175 167 247  47 117][159 179   6 161 150  39 168 120 108 249  18 199 221   8 154 161  62   7
  95 253 181 217  21 204 172   8 175 196 173 132  57  21][ 78 122 243 183 107 120  57  86 187 223 246 245 188 191 193 190 167 253
 255 145 131 213 163 224 215 113 254 139 134 245  39 251][ 90  97 231  68 211  22 237 127  33 228 158 138  89  47  85  54  60 245
 125 173 200 219 181 204 123  78 143 164 103 180 118 108][ 51 141 226 139 212 147 238 253  87  65 222 198 104 232 182 228 120 234
  62 253 255 187 109 255  62  46 135 192 255 142 248  92][ 75 142   6 215  53 190 104  55  53  15  95 144 171  35 146 228  69  46
 189 140  56 220 229 143 142 255 218 195 166 196  26 237][ 71 159  13 175 178  38  47 191  54  91 219 229 245 103 184  64  87 199
  61 165 187 152  91 127 172  38 234 196 188 226 161  89][150  43  46 186  75 229  59  64 180 212 197 151  13 199 115  73 108 185
 131 215  50 199  18 240 219   1 139  73 177 133  37 210][121 188  26  56  25 189  80  87 251  69 172  29 174 168   2 180 129 170
 204  12 142  43 246  19 146 221  16  59 234  68  75  14][125 117 248 102 237  95  87 188 105 232 189   8  91 125  93  54 156 212
 252 122 201  35 249 168 251 221  69  60  99 255 194  35][188 183 124 227 150 187 218 248  85  36 253 167  91 109 188  33 126 154
 151 234 188 186 109 191 106 203 161 197 119 139 212 177][ 76 252 157 178 169 237  83 152 187 191 165  61 254 247  75  90 135 117
 237  82  42  69 218 179 203 215 101 127 146 123   5 115][138 153 100  91 149 248 120   7  63  85  70 149 169 142  22 105 195  43
 185 149 158 216 119 245 143 123 218  67 150   4 244  94][ 18 148  62 216 155 242 185 103 172 135 223 179  76 255  38  68 239  51
 187 177  16 203  34 204  91  54 222 195 151  68 165 246][  7 145  60 179 173 175 185 154 142 121  19  19 220  63 122 107 167  19
 123  29 146  88  91 212 205 211  91 116 144   9 145  82][ 99  72  86 153  39 186 176   7  63  49 226  18  14   8  30 201 232 175
 170  17  30 252 195 245 150  48 218  83  93  12 216  14][140  49  31 249  65 236 101  18 165  26 100   0 191 211  97  91 192  56
  98  74  74  84 210   0 199 217  64   8  82  81  70 170][108 164 244 119 252  63 253 191 235 187 191   8 219 105 156  62 139  70
 127   8 154 107 235 197 255 255 117 212 194 238 195  33][132 132 134 159 156  34  42 233 150 147 211  18  64 226  40  75  89 110
  42 178  48 245  75 222  28  38 215  68 148 105  48 128][183  88  47 140  44 119 195  80  77 238 148 238  18  28 183  47 204 196
  94 111 137 167 117  40 209  56  96 184  93 187 114 117][249 179 236 101 168  14  93 189  97 248 182  77 219  61 218  51 132 196
 125 126 221 112 249   8 255 201 101 180 107 178 202  91][ 96 169 245  88 211 233  49 135 251  53 110  24  42 145   4  52 161 186
 226  24  18 248 162 117  29  62  20 115 211   0 198 110][ 28  17 254 109 164  78 125  29 164 235 247  49 223 125 137 106 254 116
 253  56 152 177  99   2 239 239 101 193 230 250 228 115][116 229 228 206 221  79 214 232  91 170 249  10 106 120  29  16 249 205
 127  99 104 243 201 255 191 254 135  55  81 126  86 138][ 42 235 161 181 236 137 172 239  74 248  88 207 161 168  84 130 200 107
 227  69 198 122 198 177  44  16 239 236  85  60 219 204][199  36 230 145 236  59 248  67 255 251 146 147 140 172 215 107 239 141
 127 149 180 247 229 194 156  26 219 228 133 100 115 197][ 32 160 121 115  80 140  97  22  48  37 103  24 179   7 136  56  13 158
  96   8  26 156 241  39  71 175  48  64 224 128 198 250][ 92 233 155 232  40 204  81 156 162  29  38  40 159 215  73 122 166  89
 109  88   3   1 162  49 211 233  32 108 162 145 167  35][184  73 116 253  29 159  68  49 213 162 182  26  19   9  53 211 200 164
  78 106 104 167  65 158 243 235 160  17 115 184  80  10][253  57 105 101 228  79  95 184  33 232 247 202  83  93 145  48 124 244
 125 234 201 178 249  44 247 233 229 148 101 187  86 113][184 253  91  42  82 195  83 244  49   0 228  40  55 215  32  17  50 248
   4 226 107  30  24  63 243 193  36  56 120   2  38  58][146  54  62 153  11  48  56  71 172  55 199 179 140 134 226  75 103  31
 251 145 180 223 135 210 212  32 218 131 148  69 165 239][ 87 108 135 175  29  86 174 236 188 226 202  71 232 250  51 224 248 237
 123 231 237 211 215 238 181 118 207 128  12 119  57 220][105 120  55  69 101  94 100  38 105 232 118   8 186  17 148 183 136  52
 108   8  73 252 241  12  39 250 112   2  74  16  66 174][ 95  90 224   9 114  50 234 152 119 238  82 231  73 106 159 220 119 205
  47 255 172 244 205 222  28 110 191 196 175 183 104  85][247 101 110 100 108  28 253 112 233 216 182  13  91  60  23  51 172 197
 117 239 236  99 162 200 115 249 230 152  77 241 115 213][ 66 190 187  54 122 237 176 123 191 249 185 125  62 253 196  16 167  63
 255  17 183 107 186  95 219  23  57 250 216   2   7 251][ 25 178 192  67  49 155  66  29  87 171 119 252 203  65 218 164  31 136
 214  28 191 180  77 150 142 223  21 246 254 142 202 165][110 127 226  86 195 180 127 240 161 204 125 141 104 239  31 150  60 230
 213 238 192  19 188 233 119 125 196 137 107 247 238 214][108 241 252 229 188  94 123 150  99 169 190  32 219  61 216 114  71 214
 125  88 218 169 249 160 127 237  37 213 230 154 212  59][226 225  19 168 236   5 156 205 139  32 184 104 134 154 108   2 142 145
  95  65  90  47 194 209 176 152  14  58  84  26 131   8][101 114 217  64 120  10 107 216 235 136 176 236  82  66 197  58 222 212
  78 122 201  39 196  72  62 156  37 188  73 178  66  49][ 74 242 244 112 107  89  60 190 187 254  52 189 142 255 206 190 167  17
 253   0 230 101 170 211 142 223  85 191  70 244  15  95][157 101 112 105  52 159  91 248  87 168 124   0  91  75 185 164  27  40
   6 122 203 176  41 158 234 221  37  68 114 187  64 161][244  32 158 240   9 237  80  73 163 151 161  25 119 219  73  27 169 145
 109 144  42 103 210  17 217 211  81 125 224  96 102   2][219 205 134 182  19 150  46 228 180 194 202 199 109 238  50 209 246 229
 253 231 237 219 156 239 178 103 143 128  13  54 169  92][  1 152 159 159  20 133 161 165  30  27  67  86 244 242  40  64 209  43
  43   1 115 216  91 119  13  54 250  64  24  10 177 184][171  41   2  88 109 153  96  99 229   8 252  40  42 145 166 148 232 168
 206  12  94 171 130 213  22 121 128 123  75  12 122 134][216  81 127 100  27  78  85 121  49 228 166 138  95 119  11  51  54 213
 253  96 104  87 181  14 243 233  69  21  99 176   6 122][ 41 185 188 125  77 157 240  95 223 121 116  29 170 153  86  48 201 170
  98   9 214 122 242 145  79 255  84  43  91  12 218 206][ 84 106 154 176 162 168  56 134 170 147   2 221 151 162  67  90 167 239
 109 149  14  81 130  64 144 229 126 173 168  81  11  11][239  50 244  64 235 255 217  19 235 255 183  61   8  14 214 190 143 133
 237 148 180 103 229 192  95  91 112 247 231 133 206 103][163 207 102  15 126 151 142 236  93 104 218 231  96  72 190  36  94 239
  54 239 237 186  77 255  52  62 138 130  93 158 248 220][225  64  81  77  72   5 104 120  83   2  97  88  80 210 140 252  88 152
  50 170 193  54 239  87   6 174 225  44  89 163  98 164][ 18 189  18 186  51 228  16 103 169  13 104  33  44 223  36  80 162  59
 135   0  22  11 146 253 177 244  26 107  16   2  39 139][ 80  89 191 188  43 204  23 102 173 196 236  40 126 247  35 114 166 115
 249  64  65 139  50 111 241 247  78  11  80  48  39 123][  8  98 236  49   0 250 105  22 119 229  70 149 163   7 147 237  74 172
 170 156 143 220 245  20 198 243 210   1 167 140  92 220][ 90 217 126 190  43 208  29 231 174   6 204 161 236 247  34  81 230 123
 251 193  64  11  50 253 243 247  90  27  22  20 167 123][137 130 118  81  36 218 105  21 127  71 103 148 171 128 146 253  50  44
  38  12 247 252 167  65 198 251 114  65 102 132 205 196][255 109 241  71 245  94 103 184 113 230 255  10  75 125 157 182  57 212
 204 106 233 242 237 238  63 254   5  22 103 255  86 228][ 45 221 125  71  52  78 111 184 125 170 119  64 243 115 153  55  86 212
 126 106 225 240 121 108 111 187 101   4  66 187  66 161][130 136 146 216 241 180 248  71 191  25  82  81 140 154 116 248 231  59
 159 149 151  28  18 211  14  62 154 207 152   4 185 159][  8 157  23 189  83 230  49 247  60  73  74  84 156  55  32 192 167  59
  19 136  51 152  17  95 237 167  58  64 176  64 161 171][114 182 187  62  91 249  17  83 191  77 253 189  14 206  46  16 175 187
 207   0  62  79 186  87 219 215  24 251 242   5  39 215][ 41 175  99  67 117 159 195 240 109 104 124  76  51 128 150 180  24  42
  70 110 207 186 124  61  47 220   1 112  74 138  90 172][137 142  22  55  53 191 240  55 125  15 119  48 171  41 146 196  47  38
 230  13 182 188  65 143 206 255  50 193 202 140  89 137][ 67 190 191  54 250 229 185 251 187 255 153 253 188 255 196  50 167 127
 253 149 179  75 186 115 219  54  63 250 136 102  39 251][ 58  56 246 121  59 255  88  83  63 237 246  61  42 189 151  60 215 189
 245  21 159 250 243 154 219 255  48 211 231 132  86  95][ 37 183 152  67 244 189 226 155  90  41 121  76 146 120  92  48 153  10
   6  29 151  56  88  23  46 157  53 116 216 203 218 133][ 59  20 236 233   7 118 112  83   7 127 223  51  26  29  62 108 221 159
 183 149 158 148 113 144 199 253 152 199 183 204 244 247][250 149 236  92 139 119  84 255  23 254 188  63 106 254  39 115 221 214
 189 160 252 107 251 159 251 255 197 191 115 124 116  95][ 32 189  27  91 213 205 103 247 101  13 108  76  50  49  40  52  72 170
   2 216  91 186 112  55 111 156 148  96 219 138 230 170][ 67  41 132 133   9  38 104  54  39 160 202  69 177  35  17 214  76 230
 123 140   9 202 209  72 132 190 222  16 136 228  40  24][105 113 184 108  45  93  87  23  67 236 172  13 147 189  83  48 152  44
 196  12 205  34 242   0 227 221  37  57 202 254  90  91][120 188 248 117  49 233 113   7 123 165 110  24 191 179  64  80 129 190
 236  16  58 124 209  35 223 247  20 113 226  72  70  42][164 237   6 158 221  71 166 232 150 186 185  10  66 248 105   1 249 234
 106 226 104  99 219 191 189  22 207  63 209 123 176 130][ 49 237  10  51 148 139 230 231 116 164 234   3 163   8  19   0 120 238
  64  79  92 184  68  47 236 229 132  65 101  89 218 136][142 125 158 246 236 165 191 244 137 186 157  58 220 255 233  43 143 115
 247 115  49 103 170 226 255 223 111 250 134 123 163 179][214 184 182 186 139 245 144 195 191  23 161  25  46 254 111  24 161  51
 235   1  54  79 186 243 147 214  90  59 144  69  39  78][125  49 242  32 107  95  80  64 105 105 180  40  14  26   6 190 170 149
 204 208  13 171 208 192 155 217  64  91 107   6 106  15][202  95 190 254 232 132  63 247 190  30  68 149 172 239  35  90 230 115
 191 198 226  79 178 235 243 183 254 137 144 208 165 123][ 70 105 147  19 233 205 187 196 170 185  25   8 236 214  72 142 134 127
 234  83  83  67 138 113  13  16 111 251  64  19 135 163][129  78  91  93 244 170 233  55 124  33 114  80 243  33 144 112  51  46
  38  28 177 184  69  47 108 174  50  64 204 144 193 168][ 16 150 252 249  34 232  49  14  62  23 102 179 173   7  42  72 231  19
 175   0  34 156  35 211 199 183  90   3 180 192   5 123][ 83 222 135 190 170 178  60 167 175 210 202 229 237 238 131 223 167 103
 253 199 229 201 143 237 176 114  95 154  12 116 169  93][163 141 102 158  92 130 238 230 148  66 218 215  40 238  55  65 104 227
  27 197 228 207   6 239  48  43 250 136  29  85 120 220][ 67 184 143 158  56 142 171 232 190 200 195 196 244 230 182 102 246 109
 122 207 129 211 190 125 156  54 203 168   8  35  51 125][224 135 205  47 176  34 107 185  20  45 219 227 225 102 152  80  94 222
  44 172 184 152 205  47 172 166 170 192 181 171 132  41][168 177  59 122  93 205  81  81 235  29 101   8  62 213 104  52 128 184
  66  88  18  43  58  21  91 153   0 123 114 138  70 170][ 35 180 145 136 253 125 184 207  31 123 185 255 140 190  78 174 255 155
 255 181 183  99 251 211  29  30 159 254 223  92 139 215][252 232 156 250   9 205  86 164 163  28 164   9 215 211  64  91 192 244
 237  82  90  99 202  49 251 241 101 123  48  57 206   2][139  15 103  29 244  18 236  55 125  67  82 214 137  32 180 229 126 174
  54 141 245 248 101 206  36  62 254 128 239 164 250 189][217 180  29 101 185 111  85  63 112 234 175  88 215 119   8  51 149  20
  76  40 121 100 241  31 235 223 101  84 106 224 194  35][ 86 186 234 156  91 240  59  66 191  93 198 183 108 238  70  94 227 237
 253 149 175  79 246 247 159 119 219 251 166   5  61  87][ 39 190 227  81 113 235 235  82 123 239 124 252   8 164 212 180  63 172
  22 156 179 190 180 218  15  28  17 236 199 204 102 245][163  52 119  76 108   7 201 121  77 200 248 234  82 220 156  33 158 189
  87  45 205 183 101 204  16  24  33 150  77 168 115 245][187  75 101 143  92 211 206 232  85 100 208 175  97  76 183 161  88 232
 147 239 237  54 109 189  54  73 201 185 119 191 124 220][239  98 236   4  45  28 201  25 235 254 151 189 203 136 223  31 129  68
 237  29 204 101 231 128 218 121 253 189 198 180  94 111][114 181  51 160 249  13 152 107 169  40 184 105  14 189 108  48 142 147
 221  49 218  43 128 213 187  92   8 254  70  12 134  95][ 41  77  19  86 117 157 100  39 237 130 234   8 182 145  37 180 192  34
  74   8  65 169  48  42 167 220  20  26  74  90 194 170][165  98 168 179 108  61 245 216  91 255 181  53 214 248  91  10 221  77
  87  31 172 118 236 130 198  95 119 180 197 253  91 195][184  15 126 108  82  18  87 112 161 132 254  32 123 115 163  81 126 180
 196 234 104 135  36  14 242 235 160 129  99 163 110 227][131 206   4 159  60 151 174 236  94  90  80  70 236 200  56 225 219  75
  19 103 231 172  79 255  36  18 219  10  28  29  57 141][ 40 204 185 110 124 111 119 252 127  10 125  40 247 247 169  48 145  88
  70 106  67  35  41  63 227 223  33  60  82 243  70 171][134 124  59 186  58 229 159 236 158 206 153 191 244 238  99   1 239 121
  95  71 230  71 186 127 241  16  47 186  92 123  39 211][ 33 133  76  39 180  47 230 190  92 226  75  78 211  56 152  33  89  70
  88 111 253 176  93  31 236  14  69  84 108 250 216  12][137 194 226  85  52 250 232   7 125  71 119 181 235   8 150 212  51 172
  46  12 166 252  37  79  70 127  16  65 102 132 253  84][  2 181  59  45  90 239 177 123 190 109 219 253 244 255   8  16 182  63
 255   1 147 153 179  87 221   7  58 234  72   0 135 243][228  48  85  73  73  79 225  89  98  33 227  24 210  23  12  60  24  28
  98  56  17 246 241  16   5 168  17 116  65 131 198 160][123  33 233  76  93  86  73 122  97 192 236   2  59  47  20 182 216 156
 121 169 153 235 241 205 155 253 139  29  71 164 118 108][130 145 108 251 133 252 248   7  63  85  67 145 170 158  30 105 193  27
 185 145  30 200 115 245 207 123 218  67 148   4 213  94][ 73 181 120 101  96  46 115  48  97 232  63 109 219  61 218  48 180 212
 117  44 221  56 249  12 223 237  97 196 106 162  66 115][216 145  61  79 170  94  13  57 166 112 135 228 253  87 136 247  22  22
 253 234 211  65 255  21 233 225 107 212  42 130 133 121][ 92  81 250 101 164  10  95  61  37 169 191 160  95 127 200  82 126 212
 253  56 216 161 225   2 250 239  37 212 231 170 224  51][184 127  86  45  83  26  70 101 105 128 248 238 110  66 133 151 190 237
 196  99 237 243   4 109 176 225   4   3 107  54  43 141][105 120  83  85 101 219 240  38 121 201 114 104 190 153 132 180 162  62
 102   8  65 188 160  40   7 252  48 130  66  24  67 175][101  81 125  69  52  78 111 184 108 232 126  64 211 113 157 116  86 212
 124 106 201 176 105  76 231 190  37   4  66 187  70  33][ 23  86 225   5  50  50 234 152  55 237 222 231  65  44 151 196 127 205
   5 189 173 144  77 222 188 110 175 196 173 183  27 213][ 35 132 241  89 245 191 224 199  95  51 120  80 138  56 180 164 217  10
 130  28 191 186 116 247  47  94  20  98 211  76 218 172][ 31  55  70 128  53 183 234  80 165 141 159 231  76  75 187 133 126 165
 223 189 172 145   4 204 186  84 139 198 175 198  57  85][105 186 162  56 121 253  81  83 251  95  36  29  46 133  82  28 129 138
 199  28 158 111 178  17  87  93  16 123 202 132 206 223][ 67 130 150 153 101 184 176   3 255  17  98  17 172 138  38 200 227  43
 170  21  22 188  70 209   4  50 154  67 156  12  57 140][ 43 161  96   3 213 157 226  77  83 101 109  29  35 200  94 180  89 138
 194  29 159 186 252  55  15  93 144  97 235  14 218 220][145  93  19 175  20   7  78 176  20   8  90  70 247  83 161 228  84 120
  22 234 233 144  81  63 164 230 170   0  56 187  48 169][220 125 250 226 182  70 127 208 163 184 191  43  95 223  91  18 191 213
  93 251 200  71 136 234 251 201 175 253 229 243  39  83][  4  28 159 243 198 236 165 194 254 179  66  80 148 179  97 107 161 127
  42   0  49 220 146  96  69 162 122   0 152 113  33 171][190 135  76 227 166  27 222 249  13  34 191 199  91 109 190   1 126 195
 159 238 248 185  77 191 234 219 225 212 127 175 216  17][127 237 228  78 221  91 214 236  81 230 239  10 107 124  31 180 249 212
 208 106 109 227 253 174  59 127  69  23 231 255 222 102][ 45 181  28  43 181 175 198 185  78 105  57  76 214 120  58  32 153  10
  86  61 215 184  88  29 237 221  37 116 216  74 217 129][121 107 107 108  44  31  79 120  97 236 180 207 115 205 151 182  26 228
  85 110 205 167 228 140 242 253  33 184 111 191  82 113][ 39 205 102  27  28 139 174 236  95  64 203 194 112 200  60 164 216 171
  18 239 231 176  79 255  44  30 139  64  93 143 120 140][  4 129  29 227 172 173 105 144 142  57  11  64 212 179 121  72 161   3
 123  88  19  24  27 112 205 152 139 116 144  11   1  34][211 121 187 116 165   4 221 247 121 218 176  88 154  58  85  59 188 213
 125 235 232 111 242 194 209 251 222 154  65 112 227 235][150   0  46 186   9 231  57  65 180  87 199 147 212 199  34  89 233 177
 123 150  56 199  26  84 211 131 219 201 144   1  37 114][219 204   7 190  21 214 110 224 177 194 194 194 109 254 181 229 240 229
  61 239 237 215 181 239 176 110 207 130  45  55  49 124][191  16 168 243 173 125 121  80  87 123 215  19 145 157  94 106 205  28
 255 149 190 148 121 130  71 221 186 215 146 205 244 211][158 123 242 131 226 131 183 216 182 180  86 167  76 215 235  12  54  93
 247  83  66 209 154 112 122  96  47 239 167 183  39 243][105  35 208  68 105  14 233  88 104 168 184 236  27   0 197 178 126 132
 198 110 193  35 197  72  20 137  37 188  75 182  74 169][ 45  98  64  33 111  25 235 216  99 180 244 138  11 193 219 158  58 200
 194 254  14 118 238 128  94 217   1 109 231 191  74 196][177  85 101  44  44  15  79  61 193 234 177 238  83  76 191  51  94 229
  93 111 237 167 101 142 176 250  97 148 125 254 210 117][188  68 237 231 164  34 239 152  84 138 247  66  83 105 153 107 121 196
  21 250 169 244 109 138  98 239 231 132 231 251 112  32][ 75 215 242  91 226 176 188 191 117  75 126 244 232 124 158 244 151 219
 182 128 151 186 231 231  38 127 246 203 207 214 234  93][ 94 107 238 236  43  82 188  73 165 220 214 163 201 206 151 239 110 245
 255 231 204  67 231 200 242 121 239 157  39 246  63  85][ 28 112 146 104  43 201 176  72 239 138 241 104 158 216  69 186 170 185
 206  83   7 167 130  64 144 208  34  58  73  51  43 135][125 125 123 101 228  78 111 176  33 232 254  74  83 125 145  48  60 252
  85 106 201 178 241  12 247 233 165 132 111 187  82 177][ 90 141 140 187 155 188  56   7  62  87  75 151 173  46   2  75 231  19
 187 149  54 136  87 247 207 231  90 193 184  68 173  90][ 81 244 250  64  52  14  91 190 115 169 190  42 211 149 220 112 119 220
  93 120 203 186 229   6 251 237  37 196 103 146 208  57][138  10 230  83  52 250 105   2 125 117  70 149 171  12 151 253  67  46
 175  28 182 220 101 228 206 123 208  65 230 133  92  92][219 210   7 191  59 128  26 140 158   1  67 245 236 194 169 192 246  35
 189 229  38   5  27 255 176 102 186 130  60  22  41  25][ 67 149  77 173 240 226 105  63  54 125  94 231 245 119 186 113  87  79
  63 173 177 152 109  29 236  35 235 196 188 192 176 113][144 244  31 186  90 196 180  69 188  17 195 114  52 214  40  65 230  51
  75 128  99 207  18 127 177 160  58  10  16   0 165 187][ 90 201 126 190  27 208  30 238 142   4 204 131 109 239  34 208 102 243
 249 195  68  11  30 253 243 231 202 155  55  22  45  90][157 221 111 111   2  82 159 185 112  66 223 162 113 124 155  99 126 215
 189 227 237 135 237  43 227 227 239 137  37 243 182 115][ 86 182 107  56 218 235 177  67 191  77 253 189 132 206  38  24 239 153
 207 144 183 139 178  87 223  39  58 239 241   4 167 215][ 41 177  60 121 237 221 240  95 207 125 116  29 190 153  70  18 136  10
 226  17 150 122 210 145  95 217  48 107  90  12 202 219][139 134  38  19  53 248 120  34 253  79 119  53 238  40 158  77 161  46
 238   5  62 252 101 247 142 247  82  67 194 141  76  78][196 172 134 157 140  34 168 235 150 179 211  18 192 226  97  75 121 110
 106 176  50 215 203 222  28  34 223  84 148 105  48 128][ 75 134  58 223  53 188 120  35 189  13  95  17 174 235 158 212 165  43
 255   4 182 153 162 231 142 127 146 195 130 132 219  79][ 83 205  55 222 253 217 230 231 253  72 218 106 174 248 180 228 232 235
 254  67 221 171 103 253 181 122 206 219  20  12 245 237][216 123  51 104 240 204  85 223  59  12  52  56  31 151 193  52  38 152
  76  88  67  47 160  83 243 253  36 238 114 144 102 107][ 87 109 135 175  29 214 110 228 189 234 218  67 234 254  51 240 248 229
 127 231 109 195 209 238 177 118 207 147   8 119  56  78][ 35 235   3 175 125 137 172 101 206 232  88 207 172 136  84 132 136  42
 227  77 198  58 198 253  44  84  14 233  69  14 219 204][109 161 241  75 241  88  99 157 123  37 109   8 195 208 206 244  19 142
 100  28  19  50 239  19  15 252   0 109 226 130 198  36][ 28 230 124 105  52 219  65 251  87 162 118   2  83  73 187  97  91 168
   6  40 234 244 101  31 234 207  37   5 119 168  84  33][ 29  79 194   7  20  10  78  56 116 162  75 226  83  97 145 100 122 236
  12 110 233 176  77  14 160 238 165   0 111 251 120   0][115  33 132 173  29  30  72  13  39 137 226  69 163  34  18 210 200 164
 124 140  12  10 211   9 172 252 154  16   8   6  90  12][ 32 136  13 154  77 205  64 239  87  51 224   8 178 192  40  81 201 170
  98   8  74 110  91 181 141 146  81 121  80   8  84 170][  9  16  63 229 100 111 185  83  84 105  86 114 157  29 144 173  76  30
 151   9 129 252 113 141  69 203 122 128  71 200  17 249][165 252 123  72 116 253 227 218 233  72 124  72  18 217 180 180 152  24
  86 120 163  37  48  63  39 157  32 124  81 137  70 229][116 228 244 238 125  75 214 232 127 172 241  42  74 121  12  16 249 220
 239  99 104 227 201 223 187 254 133  63 119  59 118 131][ 44 236 117 111  56 111  71 252 127  46 189  40 255 119 137  52 147  90
  76 106  97 161  41  63 227 222  37  52  82 243 199 161][221  52  29 101 176 110  65  58 116 170  47  24 215 115   9  57  17  20
 124  56  57 244 121  14 203 251  97  84 234 225  67  32][238 242 246  82 237 221 249 144 235 127  55  29 136 156  94 191 143 145
 247  21 150 118 238 224  79  89  82 239 199   5 207 215][ 74 186 250  84 107 253 185  74 187 255  60 189  44 190 215 158 167  61
 255   5 134  79 174 211  26  95  91 175 198 100  15  95][ 41 165  50 117 149 191  68  39 121  35 238  28 179  41  28 180 152 170
  64  12 252 186  80  47 167 222  16  48  74  72 218  14][ 67  34 175 156 120 143 171 104 254 200 198  68 244 198 181 112 246 109
 122 239 129 195 182  93 156  54 171 136   8  33  51 245][ 76 169 242 100 188 189 254 183 235 169 190   8 222 249 212  54 135 167
 126  24 146  41 235 212 255 255  39  94 194 226 195  35][165   5  83  72 252 159 198 105  85 138 241  66  82  88 189 160 216 160
  22 122 253 182 100  30  50 190  33  80 121 171 248 132][ 76  52 157 242 169 253  83 152 171 190 165  45 238 247  75  95 151 117
 253 114  42  71 186 176 219 211  69 127 146 119   7 115][  3 138 146 152 113 180 184  71 191  25  80  85 172 138  52 216 231  43
 179  17  22  28   2 209  12  54  26 203 152   4  41 143][ 33 171  83  75 240 143 235 245 107   9 116  64  56 193 164 180  30  42
   2 120 211 184  40 125  44  28   4  98  91 130 194 173][109 125 250 100 244  30  95 182  97 232 126   8  91  57 149  48 188 252
  86 106 201  58 248 172 127 221  37  32  99 251 194 235][125 249 244 118 233  92 223 249 235 238 180  40 235 252 215  55 190 245
 236 226 204  99 238 105 255 251 103  59  99 178  71 223][  2  44 166 145 236 190 248  71 255 251 218  19 140 184 214 107 239  47
 127 149 178 253 231 194 156  26 218 226 133  76 177 205][  1 201 151 187  60 133 163 140 158  25  65  84 244 210  40  72 193 107
  42  87  19  73  90 117 141  50 250  72  24  11 177 144][ 11 138 231  85 116  18 232  55 125 195  82 214 168  40 148 237 110  46
  50 141 229 252 101 205  12  58 218 192  79 132 121 157][122  80 252 236 111  94 217  90 163 236 180  47  27 157  87 191 238 181
 253 225 204 103 243 137 211 249 224 191 127 188 126 123][ 90 188 182 186 137 237  16 196 187  31 161  25 174 255 106  27 161  51
 233  19  18  79 154 241 219 211  94 123 210  87 167  74][ 90 191 162 182 211 208  23 231  51 197 204 175  44 174  66 150 163 239
 197 197  94  90 166 227 187 117 158 171  39 116 175 222][163 255  97  65 215 223 167 237  95 224  48 206   8  16 212 165  28  10
  82 124 243 186 125 220  44  24   5 102  79 142 210 188][ 74 254 183 222 233 212 191 247 175 142 252 133 172 231 101  86 199 123
 235 220 194  75 178 235 127 247 222 139 146 212 167 251][136 223  30 255 116 135 239 253 148   8  84  22 181  89  58  65  92  58
  23 233 226 188  80  63 228 129 170 128  61 152 185 171][159  98 178  88  75  53 208 200  95  28 180  23  14 200 239 141 189  73
 134 246 134 103  42 241  27  89   3 111 211  21 111 199][208  32 149 177   9 105  32  79 186 179 160  25 151 179  64  27 161  31
 104 144  50  79 211  80 221 130  90 121 128  64 131 138][  1 207  27 125 176 142 111 183 116  10 122 100 247  99 128 112  53 110
   6  44 177 184   1  47 236 175  54 192 232 144 193 169][ 60  32 250 106  87 155  90  72  35 129 109 139  91 203  25 176  58 185
 213 184  10 162  92 140 219 205   1 125 247 167  78   2][ 46 253  32 186 157 213 214 239 215 117 137  15 168 200 126 128 201 235
 203 215 222 107  94 183 187  87 159 123 219  31 220 222][155 111   6  28  91 150 156 101 225 196 196 143  40 202  55 183 188 237
 192 239 236 195 182 237  50 121 207  43 107  52  43 204][ 98 191   8 168 116 137 146 103  11 105 216 239 167 136 210   0 156 171
 215 149  31  58 192 191 184  84 170 251  93  14 154 155][ 94  95  62 254  27 210  30 224 165   4 205 131 109 239  35 208 126 245
 237 226  76 131 154 239 243 231 142 155  51  55  47  10][209  83 238  69  36   6  79  61 113 238  87 228 211  37 154 103  86 196
  61 238 233 212 229  12 226 171 228 132  44 178 240 121][212  16  47 251   9 228  25   8 182  23 199  17 212 215  43  89 209  49
 121 146  58 199 123  22 193 167 219  89 144  97  52 114][106 178  99  80 105 253  81  84 171  93 180 189  10 157 222 156 134 136
 215  28 146 111 242 209  95  88  16 255 194 132  70 255][220  22 237 109  24  70  79 184 112 206 215 130 211 109 155  99  92 212
 125 235 233 197 253  13 243 227 239 148  39 242  52 112][201 159 109 253 228  86 109  63  48 110  86 244 241  55 146 113  87  78
  53 172 249 216 229  15 198 235 250 196  36 224 148 121][189  85 101 109  36  15  79  57  81 202 243 238  83 124 144  49  30 228
  84 111 253 160 101  14 226 235  97 144 125 186 208 113][252  63 122 224 164  38  95 176 161 170 190 109 223 127 209  19 175 245
  93 243 232 103 136 234 251 201 175 189  45 243 111   3][119 109 135 158  61 211  94 236 189 232 218 105 238 254  19 242 248 229
 255 231 109 195 203 238 176  54 207 155   0  55  58  79][ 10 183  47 169 176 234 185 119  60  93  90 181 157  47 154  64 167  31
 255 133 146 152 177  21 229 229  58 192   4   4 167 251][109  97 241  69 116  78 103 184 101 224 254  72 211 113 157  52  26 204
 124 106 201 176 253  14 101 188  37   4 103 187  66  32][160  60 123  72 240 239 117  87 121  74 116  56  58 151 197  48 167  26
  70  24  99  46 160  94 119 156  52  40  80 192  70 169][  0  63 114  85 114 168 179  82 237 140 126 228 172 131 165  20 166  59
 198  64 144 185  34 110 102 180  34 130  74 129  39 187][237 120 168 243 164 124 253  80  80 250 151  25 151  29  83 107 205  92
 127  95 184 247 248 128 223 203 255 244 130 249 116 243][218 210 229 127  42  74  92  61  39 123 134 241 107   7 136 223   6 212
 253 140 232 204 239  29 230 250 244 146  38 148 132 121][ 71 168 168 177 141  45 152 143  27 119  20 159 141 173  94  10 135  75
 249  21  22  76 219 211 207  87  95 253 156 109 155 210][ 66 145  41 250 133 236  89 175  63  85   1  17 182 223 124 121 193  27
  57 145  26  72  91 117 207 250 218  79 144   0 213  90][ 47 110 160   8 253 173 147 202 202 253 252 173  18 140 215   8 221 104
 195  87 158  34 238  48  92  28  41 253 221  95  94 215][ 60 114  74   4  95  91 195 104  64 228 180  14 107  76  23 148 120 132
 198 235  77  35 116 200 113   5  33  61 111  62 126 244][ 69 125  25 224 148 237 107 150  46 169 154  72 151 147  65  32 180  91
  95  88   3  33 152  32 253 141  47 124 128  91   1  32][101  57  20  14 237  63 198  88 235 232 169  76 210  88 149 189 156 168
  78 110 141  35  90  88  48  24   1  62 216 115  74   5][213  87 222 229 186  22  92 191 181 170 158 230 127 115 169 231 119 247
  60 184 233 193  65 206 186 251 239 150  46 240 169   9][ 41 132  50 113 213 191 112  55 121  39 110  28 138 185   2 156 137  10
 192  28  62 188  80  23 143 255  16  66 194  12 218 130][245  29 123 197 118  78 111 112 105 232 254 106 114  55 149  52 126 252
  87 106 233 178 177 206 119 172  33 128 103 251 118 249][214  20 167 181 161 102 109   7 189 243 138  19 204  63   4  79 231 215
  61 177  57 221  49 194 153 182 222 198 132 116 181 118][154  92  23 189  13 247  92  98 149   2 194  18 239 123  33 237 200 177
 155  35 109 229  83 191 131 243 218  18  58 125  56  30][ 92 114  18 104  43  13  22  72 237 138 185 104 143 218 105 184 254 185
 206  99  77  35 202  64 144 244  34  58  88  51  43 133][117  73 237 199 143  23 206 136 198 242 132   2 211  72  95 239  88 196
 120 239 205 103 255 168  17  10 207  60 125 127  88 108][189  69 237 205 132  18 207 152  84 194 215  66  83  97 185 239  88 196
  60 234 233 228 109 138 224 171 231 148 127 251 112  32][163 204 132 157  45  37 156 238  30 123 208  87 238 232  50 193 217  67
  63   5 231 110  91 151 188  82 223 190  28 124  57 158][252 117 188 102 171 109  29 252 139 250 181  25 223 125  75  27 143 213
 221  99 232 103 251  16 243 219 109 191 114 251 135  83][ 90   7 238 213 162 114  45  55  52 139 223 242 217  39 144 123 119 247
 189 169 184 216 165 204 246  39 254 129 167 240 165  33][178 225  40 154 141 209 212 237 159 127 149  59 130 220 126 164 217 154
 219   1  94  47 106 243 187  86 157 255  87  12 220 222][ 63  46 194 174  53 182  74  64  21 134 221 135 105 203 183 132 124 233
 151 159 140 135  12 238 178 117 139 139 167 239 120  68][109 124 210   2 209 253 102 210 107 232 236  44  34 176 199 188 169 238
 194  94 135  51 252  96  62  29   5  43 203 119 106 215][251  90 107 108 116 223  79 112  65 232 245 206 123 205 151 180  60 236
 213 110 205 167 124 157 114 233 161 176 111 191  86 245][118  56 157 234 171 111  82 216 171 188 165  41 222 215  65  26 151 245
 253 114  26  71 186 152 219 219  69 127 210  35   7  51][ 89 221  31 100  48  14  71 182  96 200 254  76 119  51 129 112  52 228
  76 106 201 185  49  45 240 237  37  16 104 178  98  41][214  79 215 165  34  66  47 176 160 134 218 227  69 103 129  83  38 245
 109 226  96 209 141 104 240 162 111 133  36 243  39  97][148 223  30 163 178  38  31 191 180  63 142 247 213 103  41  65 119  87
  13 246 122 201  25 127 232 167  47 212 184 241 161  27][218  98 238 252 105  82 125 116 173 220 148 163 137 143 215 223 238 245
 255 231 236  71 231 200 214 113 239 155   6 180  63 223][ 12  46 188 177  44 107 249 146 127 255 150  61 143  41 211  11 143  69
 111  29 170 228 227 194 204 223 115 181 198 253  21  99][190 245 106  40 207 125 214 251 201 222 188 143  75 252 111 167 191 210
 199  99 252  35  62 154 243 217  69 191 119 126 222 215][109 149 221  97 176 111  83  59 121  43  47  24 215  49   8  56 147 214
 108  42  57 248 121   6 207 255 113  84 194 193 194  34][215  23  14 173 176 166  79 183 164  73 207 213 213  99 186  83 100 231
 125 239 189 129  21  44 224 235 170 192 168 243 169  81][130  12 134 149 172 170 168   7 190 179 210  18 141 170  80  75 201  46
 127  17  48 252 195 196 140 242 223 208 132  72 177 128][185 113 104 108 124  87  75  89  65  72 253  76  19 221 150  48  88 136
  85 252 143 163 117  31  83 237 161 156 127 130 122 240][ 32 160   1 235  13  13 192 136  71  57 161  24 194  88  76  16 217 128
 106  32  10  34  91 151 151 220  17 126  81  10  80 134][236 253 149  94 249 111 103 188 251 250 189 120 254 119 141 183 147  86
  78 106  97 101 121 127  37 154 101  52  66 243 199  49][130 189 182 145 229 173 184  71 254  91  82  18 172 190 116  75 231  59
 127 145 178 248 130 225  13  58  94 194 132  68 161 203][206 138  62  88 117 252 121 206 255  31 118  17 140 206 190  92 163  11
 255  20 182  13  34 215  79 127  26 207 130   5 237  71][190 253 182 126 157  95 214 236  83 234 252  11 106 252  63  50 217 254
 245  99 236 239 251 175 187 255  69  27 115 127 254  79][  7 151 232   9 242  48 187 159 127  69  93 247  72 108 158 108 119 143
 183 157 151  58 239 211  62  62 190 207 255 198 249 213][ 71  41  47 156 120 142 171  74 254 232 198  68 148 210 180 116  54 109
 122 237 129 219 183  93 212  38 171 192   8  33  35 241][ 93  71  95 101  54  10 111  56  96 160 127 196  83  33 153 115  54 196
 108 110 233 176  69  12 228 171 101 132 111 179  72  33][ 33 124 123  72 244 239 229 119 120  74 120 104  18  28 149  48 139  58
  86  56 225 188  32  95 103  30  32 100  89 216  71 185][ 42 181 180 250 205 237 212 239 159 119 169  25 142 253  78  27 137  27
 251  17  58 106 218 147 159 215  85 127 210  76 214 202][ 33 237 250  71 244 142 255 247  97 200 126   8 115 249 150  48 124 238
  22  72 217 186 248  45 127 189  36   0 103 250 194 232][200 134 230  29 118 250 232   2 125  71 118 181 203  40 158 212  51 134
  78 173 166 188  37  95   6 111  50  65 231 132 111  84][249 169 250  96 244 157 122  87 123 137 118  24 187 233 212  48 190 175
  95  88 158  58 224 223 254 221  39 250 198 136 195  41][181  73 229  69 142  23 207 236  84 242 180 142  83  72 245 167  88 196
  18 239 237 114 125 168  51  10 197  52 127 255  80  44][ 75 141 140 187 155 148  28 167 191  85  74 145 173 238  42  67 199  99
 185 149 118  72 210 247 239 247  94  75 144  68 169  78][118 246 118 238  95  15 214 232  63 164 241 175  78 108  13  16 255 221
 238  99 104 243 217 220 191 246  71  55 101 187 102 131][ 10 157  83 223 211 210  60 103  37  65  78 226  60 183 160 228 102  59
 146 128  83 152  48 255  46 116 154 195  62 134 169 189][ 44 105 105 225 244  15 199 252  83 168 124  10  19 169 209  48  88 232
  23 122 201 178 108  62 127 141 165 172 117 251 210 168][197 221  21 155 172 173  38 136 142  91 137  84 244 210 233 192 193 106
 106  94 115   5 218 115 172  48  47 124  24  91 145 145][142 194  54  26  53 248 112 134 255  93 118 181 238 204  62  92 163   3
 239  21  54 252  34 247 135 119  82  67 210 141 197  86][181 133  94 229 166  11  94 189  21  98 186 207  83 105  62  65 255 199
 127 231 253 169  77 159 250 239 229 212 125 250 216  17][180   4   6 186  92 131 202 104  23   2 209  18  99 200  57  65  89 168
  23 163 106 167  75 223 144 194 139  44 117  11 112 128][ 67 171 142  21 146 130  44  39 172 192  66 197 237 226 146 194  38 103
 121 205 212 217 135 109  60  39 238 128  12 164 171  28][233  96   0  45  61 156  64  36 100 169 227  93 179   2  18 210 200 164
 108  92  78 158 193  15 148 249 186 144   8   4  90  11][ 44 120 252  91 109 253 177 216 219 186  53  56 184 221 229  47 141  56
 182  26 131 118 250 240  79  27 117 170 211 121  87 183][237 253 245  86 249 127 103 188 255 250 182 120 218 118 141 183 151 246
 238 106 225  97 123 255  47 218  69  54 202 243 194  53][254 116 188 246 171 109  92 252 155 186 181  93 223 255  73  27 175 213
 253  99 232 103 218 128 211 217 109 191 106 121   7  19][137 158 191 127 176 198 125  55 180  79 126 181 245  55 130 114   7 126
 125 140 243 220 113  43 231 175 246 128  32 240 165 249][ 20  82 219  47  50   2  26 216  52 128 123 229 101  67 169  80 118 253
   6 246   8 151  13 110 240 166  34 128 233 179  41  25][233 109 113  69 116 206  99  48 125 232 127  72 211  81 149 181  56 252
  70 106 233 176 245  14 103 188  33   4 106 170  70 161][ 82   5 134 173 140  34  76 107  37   3 219  18 201  42  40  74 120 135
  63 160  24 155   3 200 144 230 218   0 165  96 161   0][ 38 185  40 186 157 217 144 207 135 245   4 153 166 220  98  33 137  59
 211  81  30 107 250 181 251  81  29 123 212  13 158 222][238 216 230 184 245 248 176 135 191  85 118 181 172 220  63  88 227  19
 251  17  54 109 178 215  71 119  26  75 214  12 215 214][ 42 185 106  26  25 209 147 231 171  69 172 161 168 254  38 148 136 179
 217 196  94  11  98 253 107  85 152 219  83   6 174  94][  8  61  58 121 211 173  53  87 168  12 108  12  62 151  35  16 164  59
 199   0  66 154  50  92 103 221  48 107  64  80 167 251][ 58 227  96   5  77  27  78 190  99 228 188 141 107 105 222 148  25 202
 197 110 204  50  69 157  54  95  69  53 127 252 218 220][217 124 165 117  36 110  73 150 113 206 150  85 123  61  23 123 164 228
 125 238 169 197 241 106  67 235 240 144  42 245  82 123][253  23 101 109  36  15  79  57 113 234 179 104 215 121 152  49  30 180
  93 111 249 164 101  30 228 235  97 144 117 170 210  97][ 41 237  97  71 244 139 239 255  67 168 124  74  51 233 212 164  88 234
  22 120 217 186 108 190  46  28 165 160 215 218 210 168][182 253 183 126 253 207 150 236 219 250 240 121 110 252  44  51 221 255
 245  99 237 231 218 191 187 254  69  63  89 126 198  31][ 42  97 225  30 233 217 173  79 155 231  48 141 174 204  87 156 155  43
 211  21 194 103 254 218  53  28  29 187 215  92 215 252][ 45 219 115 110 116 215 210 248  69  72 253 237 123 205 183 176  94 248
 134 110 207 163 124 189 114 237  33 184 127 175 122 217][ 74 133  12 186 153 132  28 175 191  29 140 145 173 239  74  82 197  67
 253 148 126  73 218 247 235 247 158 249 146   4 141  74][252 127 126 228 188  38  95 182 177 170 190 109 223  63  65  19 135 247
  93 227 232 199 193 174 251 255 239 176  44 241 106  27][ 92  16 189 248 137 102  81  10 182  23 135  49 215 247 105  90 209 149
 125 144  56  71 251  18 195 231 251  93 176  97  36  98][126  91  26 190  27 214  30 232 165  12 205 135 109 239  43  80 252 245
 233 226  76   3 154 237 243 229 139  27  59  55  46  82][ 74 155  39 191  49 204 125  53 189  93  83 197 254 111  24 197 166  51
 255 199 227 200  27 237 229 114 122 130   6   4 133 123][  3 149  90 219  83 240 186 103  93  65  78 182  56 178 166 228 103  59
 146 128  55 152  52 255  46  47 154 195  31   0 169 159][ 21  27  91 180 114 198  57 113 180 200 126 229  92 215 162  80 182  57
 151 196 213 153  50  76 243 169  34 194  40 162 171 211][137 151 236 255 160 150 125  55  54  79  95 180 245 119 138 112  87 126
  61 140 240 220  97  63 231 239 248 192  36 224 148 251][ 59 105  96  64 107 221 218  88  97 108 188 139  43  28 223 180  46 129
 213 254 206  35 228 221  19  89   1 191 103 135  78 215][117  73 237 197 141  19 206 172 196 226 134  10 115  40 215 239  72 228
 120 239 205 227 127 168  55  10 205  20 109 255  80 108][212 249  29 243 168 205 103 184 174  56 130  16 151 211  96  99 128  84
 124  90 123  69 187  52 233 193  39 116  16  17 133  34][218 227 228  76 171  26  92  63 163  59 135 248  75  47 156 255  39 215
 253 138 221  85 207 211  54 250 213 151  46 212 202  29][203 215  94 197  56   6 108  55 189 170 146 246 253  51 128 115  70 247
 126 168 237 221  65 206 190 186 246 128  44 240 168  25][ 93  99  26 174  32  25  94  72  96   0 233 104 199 194 107  16 254 249
  76 226  76  35 204  26 176 229  35  57 120 179  43   0][ 41 173 227  79 244 159 239 247 123  73 124  74  58 233 156  52  89 234
  22  28 211 186 228 255 111  60 164 192 199 202 210 237][192 153  57 251 237 205 121 175  62  81   1  17 148 223 104  88 193  27
  59  17  19   8  91 117 205 184 154 108  16   0 133 114][219 106 199  21  18 150  40  52 188 192  66 228 125   6 145 247  38 101
 124 205 165 221 165 108 180 106 106 128  46 181  33 125][178 120 106 222  78 208 223 220 149  86 196 135  97 207  63   9 120 248
 179 194 110 199 254 249  83  33 202   9  53 185 124 218][110 180 180 242 205 237  80  75 219  63 173  25 142 253  76  26 137 155
 251  17  50 111 218 147 223 223  85 127 210  76 214 198][223 220 165  62  11  84  78 156 241  90 130  80 255 118  25 254 241 213
 253 235 237  71 191 163 179 255 207 159  42 119 171 119][ 35 205 111 169 124 131 239 238 206  64 218 195 241 204 180  96 250 168
  95 231 222 187 101 191 252  44 170 208 117  11 112 200][206 216 182 154 253 248 240 207 191  95 114 177 140 204  55  88 163  17
 251  21  38 101  58 211   7 119  90  79 214   4 165  87][ 74 202  62 218 249 244 185 207 255  95 116  17  12 142 119  88 163  11
 183  21 150  15  42 213  95 127  26 207 210   4 231 207][198 141 191 150 246 228 175 167 186 151  10  18 252 119 104  75 231  87
 123 155 112  77 171 227 125  54 222 196 132 113 165 106][  0 136 150 149 180 174  60  39 190  59  82  16 174 170  48  73 195 111
  63  17  50 220 195 231 140 182  94  66 128  72 129   9][ 40 173 114 240 244 159 120  99 233   0 112   8 191 139  52 177 162 187
  70  25 114 255 144 221 255 217  18 104  66 136 195 136][ 72 185 174 117 187 222  60  55 190 189  78  32 189 183 210 242  39 119
 253 136 146 217 183 237 239 231 255 129 166 132 141 123][183  17 115  71 118  14 239 112 121 232 250  98 123  55 181 117 126 252
  23 234 193 179  37 204  54 168  99 130 111 187  98 189][ 10 182 122 191 114 165 184 119  60  79 125 245 172 239  34  80 167  59
 147 133 182 152   2 247  70  55  58 194  26 196 175 217][193 121  47 217  58 194 169  86 254 200 198 116 180 150 177 104 102  45
 122 204 177 223 167  94 212  34 186 200  12   0  35 233][ 34 158 186 222 228 225 179 242 158  15  92  35  52 255 166   0 201 123
   7 130  18 187  42 255  80  22 186 139  16 105 117 235][  7 133 234   9 214 242 187 203 127 229  92 131  72 172 254 100 127 143
  51 189 150 186 173 208  30  60 143 231 183 134 245 212][197 253  17 154 252 173   6 172 222 218   8 124 246 242 233 233 215  99
 106 126  99  69 218 127 172  22 111  60 152 123 137  29][ 53 125 105 107 116 135  75 120  87 104 125  76 115  73 159  49  92 168
  23 110 233  50 124  63 102 205 161 188 125 171  82 225][108 188 183 127 248  79  99 248 127 187 246  72 242 245 201  61 153 254
 110 122 121 242 251  63 239 255 101 116 194 186  70 169][221 220  13 188 139  86  92 169 176 250 130 193 223 118   3 251 229 229
 253 231 109  69 187  17 243 227 239 148  58 116 169  80][  3 156 149 157  46 251 176 111  94 123 218 103 174  56 242 232 207  47
 190   5 133 184  67 153 140 246  91 178  28  76  25 207][191 189 116 114 185 157  94 181 251 123  52 185 111 252  94 181 135 115
 213  87 246  72 190 247  42 223  29 251 207 149 202  71][108 233 189 126 232 205  87 252 191 183 165   8 247 247  72  90 151 254
 109  90  58  75 251  49 255 255  85 124 194 243 198 106][ 79  63 149  39 178 126  58 146  41 251  30 228 223  54 211 254 167  87
 252  29 149 216 253 232 142 127 127 134 142 231  11  93][ 33 187  49  13 124 157 231 121 111  77 124  76 190 201  30 148 140  10
  70  77 210  58 242 117 103  28  36  40  90 142 210 237][ 74 122 238 181 109 156 248  84 173 254 215 167 172 142 119 223 238 189
 255 199 196 215 178 192 215 123 218 131   6 180  63 223][ 84  14 215 181 162  34  47 186  54 186  90 230 213 103 129  75  55 117
  61 255 161 208 141  74 204 166 111 132 164 241  33  33][254 183  42 108 219  93 214 251 145 206 188  47  59 253 119 179 157 209
 213 165 236  43  50 154 251 223 101 191 243 108  94 219][ 71  42 140  49 168  46  41 158  58 253  26 237 151 162 195  26 135  79
 124  21 151  88 199   0 140  54 127 244 136  97   3  85][ 63   5  98 192 213  55 238 107  81 163 250  10  72 232  61 156 249 174
  19 189  28 179  16 222  27 126 139  79 215 111 250 134][114   1 198 173 141  38  72  79  45   1 203   2 201  42  40  74 120 135
  63 176  24 155 209 192 157 230 218  68 177 202 176   0][ 74 185 182 117  51 220 120  54 175 141  70  33 173 191  18 214 166 127
 253 192 132 216 146 237 207 251  90 195  38 132  47  91][239 191 120  80 235  48 124 183 251  63 174 188   8 170 214 255  39 135
 255 128 180  91 231 210  94 127 245 255 142 228 234   7][253   7 124 101 164  10  77  57 113 170 247 104 215 113 144 117  62 148
 125 106 248 176  69  12 228 235  97 144 103 170  64  33][136 216  21 251  89 196   5 175 190  17  97  16 188 215  40 113 193  27
  19  72 115  78 122  55 229 247  30 104  18  16 167 186][227 141 164 188 157 167  76 183 151 239 128  29 162 172  50  65 201 230
  61  13 189  75  82 191 169 118 221 216 152 108 216  94][108 168 215 126 121 137  96 232 175 176 160   8 255 211  73 114 146 252
 106  88  66  75 203  49 223 250  69 125  66 162  71 170][ 35 173 224  73 212 179 238 111  95 225 124  78  32 232 180 164  89 234
  18  29 151 186 109 191  62  28 135 232 223 206 216 140][ 27 209 123 172  83 214  57 119  52  76 118 165  29 150  34 112 118 189
 151 229 193 154  52  77 243 237  42 192  43 132 167 251][  0 224  23 233 117 143 232 103 237   1 104   0 175 154  32 144 162  43
  74   9  82 185   2 221 172 254  18  66  64   2 163 136][ 74 155   7 251 160 140 122 191 175  89 222 228 252 247 152 241 167 147
 127 206 211   9  27 245 167  50 250 194  14 131 177  57][ 38 177 233  28 203 217 244 107 187 117 181 157 106 252  94 151 185 139
 243  37 183 107 190 209  27  95  89 127 215 108 222 214][252 109  74  46  81  73  71 248 113   6 237 137 107 195  43 144 120 232
 196 226  78  50 204  63 240 197  33  57 114 183  46  66][ 88 213 189 255 180 110  93  63  49  75 255 101 255 127  24 115 151 247
 125  41 233 200  89  45 227 255 244 144  44 242 202  91][192  40  27 123  74 169  49  66 164  21 226  16 183 147  65  91 224  31
 106  80  18 159 195  33 213 160  18   1 192   1  39 170][ 94 124 181 204   9 116  71 138 235 246 138  72 200 254  85 254 241 213
 253 163 137  67 187 192 177 246 207  31 130 117  55 118][199  22 239  85  34  34  41  18 188 202  87 244 221 102 128 127  55  53
 125 188 177 212  37  78 196  42 123 192 172 225  33 113][120 221 254 127 177 238  93 182 165 201 254  37 127 127   3 115 150 247
 253  96 200 201  49  45 227 251 116 145  42 242 230  91][126 124 191 246 169  79  95 176 169 250 182 109 223  63  65  27 141 245
 253  99 233  67 154 168 243 219 125 186   8 241 135  83][118 181 151 126 123  79 150 232 159 186 241 105  78 252  44  19 221 253
 237  99 111 227 219 189 185 250  69 190  81  43  38 151][ 15 122 195   0  71  52 234 210  99  98 124 206   9 204 223 188  63 201
 146 223 135  54 180 226  22  92 129 172 239 247 106 212][204  60 191 118  73 228  81  19 249 222  39  24 254 127   7 123 129  55
 249  17  49  71 178  72 211 251  88  27 130  96   7 114][ 41 173 115  75 244 191 239 247 127  73 124  72 184 249 180 164  91 106
  22  24 147 186 108 255  47  60   4 194 215 206 210 173][198 144 190 184 237 236 184 203 191  95 112  49 140 222 127  73 231  27
 251  17  54 101 146 243  31 119  26 207 212  69  37  95][111 185 245  85 249 221 102 183 251 242 166   8 170 254 197 191 175 246
 254  74 247 105 251 253  63 218  85  50 203 180 202  60][196 140 151 214 220 160 175 166 186 151 138  18 252 243 105  75  99 119
 123 155 114  73 139 227 125  38 255  76 128 113 165 170][ 43 175  96  72 245 185 234 199 111  97 124 201  11 136 214 180  24 138
 134  28 159  58 100 151  62  93 128 253 215 142 218 204][ 38  58 232  94 109 181 208 218  95 143 252  47  96 233 127   8 217 234
 163  17 142 102  90 187  87  31 213  59 217 122 124 155][102 176 184 208 237 253  80 202 219 187 165  24  30 253  77  62 137 153
 243  24  18 103 250 208  95 223  81 127 210  73  70 130][ 61 111 230  33 180  43 239 218 102 228  26 239 211  44 211  32  63 196
  78 127 134 176  45  46 236 205  37 132 237 255  86  81][221  85 127 229 164  14  79  48 100 234 158  66 211  55 177  99 118 212
  60 238 233 177  61  12 241 171 231 148  44 251  96  33][ 27  27 146 173 182 186  48  39  95  97  90  38 175  58 162 224 246  63
 191   1 151 152 225 159 172 245  58 131 148  76 157  79][199  22 239  85  34  42  41  51 120 226  87 244 217 103 148 123  55  53
 125 174 177 212 165  78  70  46 107 128 172 225   3 113][146 120  23 184  51 193  52 198 189  90  96 177  44 150  33 153 166  49
 205 209 102 207   2 124 177 146  90 195   0  16 175  27][ 52   4 134 173  13 111 194  72 135 170 219   2 195 248  57  72 249 132
 110  35  24 163  91 152 145 214 195  21 209 107 112 130][169  93 119  69 117 206 227  48 237 232 118  64 251  85 149 181  56 252
  76 106 233 176 113  12  55 248   1  16  75 170  70 176][ 51 237 107  74 214 215 239 253  71  96 124 138  49  13 190  36 122 202
  19 252 219 186  60 253 127  13 132 100 119 154 248 232][  0 176  25 225 122  43  33  89  46  41 121 104 149  19 192  48  55  29
  70  56  19  58 201  20 220 133  51 228 200 131   3 161][ 62 183  96  64 219  63 211 123  83 236 188 175  75 237 223 180  29 156
 231 176 156  51 229 156  91 205  37 255 247 238  94 247][ 10 150  51 155 243 181 185 123  62  77 125 247 188 239 174 204 175  27
 147 133 146 152  34 247  79  55  58 200 155 196 169 217][ 34 222 243 222 127 241 179 206  31  15  88 226 172 252 165 236 223 123
 167   1   2  42  98 243  12  54 154 203 150  95  53 237][205 236 144 158 248 173  38 172 222 242   8  92 252 242 233 253 147 107
 106 111 103  69  94 127 172  22  79  60 152 127 139 140][ 21  27  95 197 118  10 239 112 108 128 250 226 121 115 149 113 126 253
  23 234 193 178   5 108  52 168  99 128 109 163  99 177][205 136 224 251 124 185 233  26  95  83  81  18 223 232 220 108 219  10
  63  17 182 124 239 179  76 127 186 204 148 141  81 165][ 85  23 199 165 178  46 111  55  36 234 219 230 213  35 144  98 119 197
  61 172 249 144   5  14 236 174 175 132 172 242 129  49][ 58 169  18 168 219 197  17 231 135  77 252  11  44 151  34  84 232 187
 135 208  90  11   2 245 249 208 142 235  51   0 166 251][ 43 243  99  73 214 151 174 255  71  97  88 206   8 204 252 164  62 138
 146 253 215 186  52 253  46  12 133 228 127 142 211 252][231  57 176  85 239  29 157  25 219 250 180 120 190 156 213 175 142  89
 255  83 183 101 226 192   6 217 119 186 214 125  67 181][ 65 123  47 217 184 194 173  87 246  72 198  96 176 147 176 104 102  46
 122 136 193 159 231 124 244  46 186 200  12 144 163 169][ 59 105 106  96 117  87 219 114  97 108 188  11  11 157 183  48 174 169
 213 239 204 163  52 156 115 221 161 191 103 183 126 222][184 201 119  77 103  27 110 225 101 160 246 234  75  75 148 181 122 244
 214 234 104 180 101 253  54 200 197 132 119 182 226 172][ 65   0 143 252 141 230 100   7 246  11 202  18 240 179  48  72 217  46
  42 136  25 217 147 195 209 182 222   9 128 112 176  42][209 253 249 245 178  14  63 183  56 235  90 252 181  55 128  51  55 215
  85 173 241 216 177 106 229 175 126 128 172 240 131 121][196 175 151 247 216 160  47 188 178 150  11  18 229 227 233  71 115 127
 107 202 114  73 170 107 108 166 255  44 128 243 165 168][253   3 125 101  52  10  73  49 117 160 247 194  83   1 145 113  50 132
 108 234 248 176  69  12 198 235  97  68 103 171  80  32][ 56 255  74  62  80 203  87 252  51 108 252  45  51 215 163  16  88 232
 133 106 104 154 232  63 243 197  33 169 115 179 110 251][215  61 191 180 221 116  84 202 251 248 164   8  28 254  85 187 181 223
 248 241 191  67 186 192 187  89 207  63 136 113  59  22][ 35 189 115  91 244 187 234 246 127  73 120  98 168 248 180 164 127 106
  18  88 147 184  44 255  46  60   6 194 215 222 211 173][ 82 175 168  50 219 232 183 199 170  21 140 187  44 238  78  18 171 251
 193 145  30  75 138  97 251   5 158 123 229  84 175 202][ 90  61 245 212 155 118  21  15 251 246 138  42  46 190  69 255 227 247
 253 129  41  75 178 200 179 240 207  63 167 116  55 126][ 66  56 118 124  51 210  56  67 173  13  66 161  44 222  38 212 166  57
 189 129 134 217 130 205 147 250  26 131   6   4  47  95][ 29 111 101  39 180  11 111 176 101 236 186 237 203  33 145 151  46 230
  93 127 248 248 109  44 236 217  37 132 103 255  82 105][ 58  40 234  97  87 249 240  67  83 165 124 139  43 140  86 180 120 186
 147 145 158 186 244 146  95  93 144 107 231 140  94 222][ 76 114 137 165 104  45 127 152  50 250  49 237 223 199 217  91  23 205
 125 238 200  86 203  32 212 195 237 172  46 241   2 145][144  76 189 254  11 224  81 236 159  22 228  16 254 247  41 127 193 115
 104  74  43  71 122 127 195 242  82  27  18  81  36 106][122  43 226  88 219 241  89  71 235 245 164 169   8 174 214 252 162 183
 231 145 158  75 230 212  27 127 209 251 199   4 110 127][ 73 179  88  44 114  14  57  95  43 105 124 237 189 151 194  20  54  63
 151  12 215  24 148  93 102 165  34 168  46 128 139 217][  3 242 208 155 255 209 180 205  95  83  81 242 172 220 238 236 255  27
 178  17 135  62 206 243   6  22  30 171 215  30 189 143][235 249 245  84 237 221 244 231 251 249 182  12  42 184  86 183 233 231
 254  85 247 107 247 253  63  91  87  59  75  28 203  79][ 32  32  84 109   8 139  96  72 239 176 224   8 135 193  68  48 152  60
 106 104  10 115 195  29 149 184   1  61  80  10  66 136][ 63 185 234  56 207 221 145 235 187 109 180  47  30 252  86  48 188 185
 215 145 159 107 178 209  91  87 153 255 205  44 223 215][ 27 145 115 236  19 214 121 119  37  72 206   0  61 151  34 244 126 185
 149 236 201 155  48 205 243 237 186 128  35 132  38 251][249  80  55  69  37 222 225  48 237 232 242  72 250  84 149 183 184 180
 110 106 225 165 113  76 151 250  64  16  67 170  66  36][ 80 133 255 198 195 110  53  79  49  39 239   2  91 183  44 126  49 215
  49 184  24 219 185  64  91 175  87   7 163  98 165  98][ 89 117 189 246 172  44  93 189 169 250 191  72 255 119   9 123 134 215
 125 110 233 107 251 141 241 251 118 152   2 242 131 105][118 241 151 254 107  79 150 232 191 168 249 232  94 254  44 178 222 253
 255  99  73 227 219  93 185 182  77 158  64  43  35 183][118   1 130 168 189 103  66  73   7 169 219  10  67 251  56  64 248 132
 127 176  24 163 209 208 187 252 131  95 146 107 244   2][ 22  23 194   9 130 178  60  83  61  69  79 231 205 167 162 196  54  47
 175 165 148 145   5  80 146  36 138 199 190 230 169  85][150 169 188 178 219 201 183 231 138 149   8 139  44 221  75   1 171 251
 195  81  82 107 138 117 253   1  29 123 245  88 135 202][ 40 181  81 200 245 241 208  79  15  73 124  40 188 215 172 180 223  27
 134  16  19  42  96 223  47 221  48 234 218   8 238 191][228 120 184 240 109 237 209 194 219 185 180  24 158 153  85  58 137 121
 119  80  10 103 250 242  95 221  17 127 192  41  70 130][ 17 161  19 137  50 138 161 103 236   1 106  64 180 130  32 100 162  43
  74   8  66 153   1  85 164 180  26   2  64   0 163 173][ 53  37 187  69 213 111 231 207 122 227 110   8  82 189  93  58 185  78
  82  56  17 241 184  10 123 159  69  52 192 122 199 226][120 217 191 238 169  78  95 189 161 200 190  77 127 127   9 114 132 247
 253  66 201 137 251  45 251 255 100 144 106 242 230 123][ 65 131  94 223 228 140 111 182 124  73 126  68 245 226 158 112  86  78
  62 204 215 152 239 101 110 191 242 196   8 130 233 141][213 121 189 243 162 206  63 144 174 250 150 112 223  87 193 123 167 117
 125 210 209  68 187  96 201 201 111 244 160  51 133 115][192 196 159 185 176 174  98 158  62  11  98  80 215  67  40  88 179  15
 108  56  51 157   1  31 200 166  50  68 136 129 161   1][  7 115 227  65 242  27 239 213  59 229 126 238   9   6 212 180  62 205
 151 252 129 216 165 204  62  12 165 228 239 214 195 253][ 77 229 148 158 249  27   6 232 222 242  41  72 254 242 105 183 147 107
 106 111 101  67 154 255 188  22  79  62 154 127  11 132][ 25 151 114 191  54 154 122  51 125  69  91 167 191 158 162 112 246 187
 159  17 150 152  36 175 188 245  58 194  44 142 133  95][  3 136 178 203  48 181 186 218  62  89  93 215 172 175 190 204 255  27
 151 157 147 152  35 243 142  60 154 204 222 133  41 245][ 55 151 110  94  95 210 158 249 217  76 252 167 104 108 191  53 254 243
 151 165 188 163  46 239  50 126 192 155 247 230 126  87][  6 248 190 184 108 229 185 194 175  93  56  51 140 159 102  74 239  27
 251 209  22 111  50 241  95  16  26 239 208   1  37 211][ 21 179  81 227  50 139  43 184  38  41 123 228 215   7 136 116  54  28
  20 122 147 144  73  53 204 196  34 196  40 131 131 177][217  89 253 231 166  78 109 181 112 234  22 106 255  55 145 115  38 212
 125 106 233 220 177  40 231 235 229 144  46 176 149 121][ 99 157 169 188 253 199  86  39 217 203   8  27  52 248  50  96 193 102
  49   5 253  75 208 175 185  54 221 122  24 108 208  75][  2 143  34 137 220 163 174 239  22  37  88 167  32 172  50  64  93  43
 147 149 150 154  69 255  44   6 158 193 149  14 180 200][201  81 255 231 100  78 109 181  97 234  55 104 255  55 153 119  54 212
 124 234 233 212 185 202 247 235 245 128  38 178 196 121][ 23  27 138 136 147 182  43  83  37  77 223 199   8 230 182  68 116 171
 191 157 149 153 150 200  18  36 170 200 187 231 185  85][ 58 185 107  40  95 209 145  71  43 197 252 175  14 156  86  48 174 187
 247 145 159  43 246 213  91  85  26 251 199   4 119 223][123 177 180  55 109 221 240  47 107 125 180   9 174 156  86  50 236 187
 255   1 206 106 243 213 159 219  86  59  67  12  79 207][ 25  17 115 232  21 214  88 117 101  72 255  64  57 223  48 244  88 184
  23 168 217 154 113 221 195 253 162 192  51 134 100  43][139 249 125  19 114 210  61 117  57 105 116 181  61  23 134  53  38  59
  23 204 231 220  52 109 102   9  50 128  47 132 139 253][252  17 210 232 253 199  86  89   5 160 253  10  67 219 101  80 216 236
  23 122  24 163 208 138 187 253 133 127 179 187 242   2][249  16  55  68  45  94  97 104 237 202 243   8 250  88 148 183 184 180
 108  42 233 167 243 207 147 251  64  18  66  42 102  37][188  60 186 240 125 237 179  64 219 191 181  24  30 221 109  56 171  57
 215  18  34 103 186 242  91 221  17 127 192  73  71 163][116 115  18 108   9 205  66  72 227 172 169   8  98 211  97 144 184 176
 200  98  74  35 154  29 145 244   1  59  89  43  70   2][ 13 122 148 161 168  47  74 154  51 187 179 236 223  35 209 218  23 205
 125  62 139 212 201   0 140 223 101 180 138 241  10  49][ 26 167 172 178 219 225 181 239 162  21 136 171  44 239  74  19 171 219
 203 145  18  75 138 117 253 129 159 127 229  80 167 234][ 77 139 241 111 164 142 111 183 124  45 123  68 219  99 152 240  20 110
  46  78 208 184 237  39 236 255 119  68 194 138 209 225][  3 237 115  75 246 155 170 246 127  65 124  66 104 232 188 164 126 106
  18  89 135 184  44 255  46  30   6 192 223 159 121 141][ 77 241 188 230 173  28  93 189 169 248 190  40 255 119 136 114 150 215
 253 106 217  67 234 225 247 251 103 156   2 242 131 107][ 86 127  59 182 170  68  31 182 184 206 156 161 255 255   3  51 151 119
 125  99 224  69 186 110 241 227 111 153   4 115 135 123][ 73 139 243 111 244 142 111 181 122  13 122 100 217 227 154 240  86  78
  36  78 210 184 237  53 236 253 166 196   6 146 211 233][  9  73  31 237  52 142 111 180 116   8  86  66 183 131 177 101 118 108
  30 106 201 184  33  44 228 233  34 128  54 185  97  41][ 56  30 106 109  19  95  83 122  53 204 244  47  59  87 163  16 124 176
 199  32 236 151  96  31 211 199  33 145 115 172 110 251][172 120 186 242 125 237 243 192 251 187 181  24 158 223  97  26 139 121
 223  82   2 103 154 226 221 213  17 123 192  25  71 155][121 213 121 236 184  78  95 189  41  72 190 108 127 127 136 112 150 215
 125 104 219  41 241 223 251 253  37 212  42 178 194 123][226  48  99  72 109 213 145  72 203 100 244   8   8 156 246 180 142 184
 211  64 135  47 182 209  23  24   1 191  87  12  86 254][194  57 243 244 203 208 180  71 250 176  64 186 172 190  69 187 162 191
 241 145 116  90 162 200  31  99 223  43 165  32 135 174][100  12 255 222  75 226  19 202 143 151 237  32 100 247  41 126 209 240
 235 162  24  71 106  43 219 183 211  27 146  99  36  98][127  97 151 174 123  79 158 104 191 168 249 202  78 246  41 182 254 253
 254  99  69 227 203 223 177 182  79 190  66  63  35 133][ 43 180  89  73 210 251 184  91 127  97 125 186 157  94 140 180  63  27
  18  48 183  58 117 223  47 221   2 102 255 192 139 183][143  96 240 209 207  29 189  89  75 242  21  26 140 152  95 175 166 217
 115  27 199 118 246 192  87  89  95  62  70 124 195 231][139 179 103  65 114 159 169 117  61 248 118 198  57  14 148 165  54  45
  83 252 225 216  53 204  46  24 239 132 111 132 227 253][ 26  19 118 220  99 208  56  65 173  13  67 161  44 158  38 220 230 189
 183 145 134 155   2 213 147 112  26 195   6   4  45 223][105  38  96  71  36  63  72  57  97 110 189 236 203  64 158 181  30 132
  76 172 237  52 109  29 134 217 161 180 110 230  90  69][ 17 202  26 217  18 128  43 246  60   1  66 194 189 131 160 192 102  27
  42 200  66 157   5 119 228 165  58  64  48 128 161 169][  6  96 176 209 205  61 248  93  79 179  85  26 140 137  93 110 227   9
  51  25 130 116 239 208  15  30 159 100 150 156 209 228][ 23 160 224 201 188 177 232 138  63  65 220 130 141 142 254 104 255   9
  63 157 158  16 111 211 142 221 154 204 150   5  49 196][ 68 239 159 223 248   2  47 248 182 182  79   6 245 227 233  67 115 110
  42 238  96  81 187 127 108 166 231  44 160 243  37 240][150 185 178 170 207 149 182 205 143  53  89  23  12 216 110   0 234  11
 179  87  86  59 154 241  63  80  15 111  21  15 189 198][120 176 120 170 108 201 208 104 107 109 253  43  63 221  90  48 250 157
 119   1 158  58 250 149 223 221  35 239 101 138  86 203][163 231  97  71 244  25 239 253  89 224 244 206 123  72 222 165 126 238
  22 239 237 118 236 239  62  88 165 168 111 190 250 253][ 22  96 178 193 197  29 232  73  79 241 197  10 143 136 125  40 249 136
  19 155 202  48 250 208 151 221 159  36 147  94  81 132][ 73 240 255  69 100  94 111  53  97 234 127 106 123 119 216 118 118 212
 116 234 201 246 233 200 119 239 229 132 111 178 226  57][169 142 104  73 116 147 235  56  85   8 244  98 187  25 182 228  88 136
  22 104 170 190 101 159  70 253 162 200 119 141 120 173][233 249 254 236 249  28 127 189 233 248 126  40 223 247 192 246  38 215
 125 104 209  59 162 193 254 249  37 172  38 180 194 225][252 199 108 238  40   6  95 185  16 190 149 141 251 111  59  83  86 196
 157 239 232  71 239  61 251 235 237 189  55 178 244 121][139 240 103  85 102 210 233 118 125 242 118 182  57  31 150 173  47 172
  23 173 225 252  37 207  70  11 254 128 103 148 119 253][179 251 104   2 117 157 218 244  75 108 180 109  42 156 215  49 174 137
 215 199 238  42  44 253  50  88 160 186 127 143  90 223][105   0  51  76 109 223  82 104 237  72 247   8 126 216 135 180 152 180
 238 106  13 163 115 221 147 255  65  27  66  43 106   7][  3 233 114 203  86 153 174 236  94  65 124  70 104 200 190 164 122 107
  18 217 199 186  14 255  46  28 143 200  93  30 249 140][188 125  82 220 215 143  86  85  23 136 244  10  42 249  37  80 248 250
 134 122  58 182  80 190 123 253   5  58 243 251 114 130][101 172 185 126  93 236 243 130 250 203 105   8 246 248  65  58 129 122
 112  26  19  44 250  35  13 190  16  58 192 107  66 170][127  33 162 228  77  61 236 120 107 240 189  10  79 168  94  47 184 205
 115 239 220 115 186 192 151 217 207  46  67 111 115 166][ 29 139  98 111 181 154 111 181 103  97 110 128 203 225 152 244  82 110
  44  94 218 184 205 181 238 253  38  68 102 142 219 160][160 245 121  73 244 207 103 255  83  37 124  40  50  17 136  52  24  26
   2 120 114  58 112  63 111  12  20 116  83 136 198 168][ 94 121 250 164 170  66  31 248 160 236 158 171 125 255  67   2 166 245
 253 227  72   3 161  40 243 197 175 187  36 119  39 123][139 254 126  95  98 210 185 246 125  78 118 179  61  31 191  57  55 121
 151 207 229 220  36 255  70 123 122 129  39 149  47 249][ 13  51 144 225 161  15 104  17  47 169  55  76 159 147 193 158 132  45
 124  28 153 208 209   0 206 221  37 164 138 162  75  49][  2 211 218 142  98 240  62  93  47  73  93 231 109 206 238  84 126 155
 151 135 134   2 206 209 118  37 170 139  63 214 175 215][  2 226 243  71  98 137 188  71  42 137 122 224 173 142 212  16 182  63
 135 145  66 152 132  67  44 148  62 163   5   2 167 169][  2 207  34 155 148 195 174 231  22  69 218 163  40 174  50  64 124  59
 155 213 114 153  76 255  44  38 158 193  21  14 180 216][ 89  88 127 237  54 142 127 244 237 136  94  66 127  19 161 112 102 244
  60 106 193 153  49 236 243 235  98 128  34 179  97  41][154 235 108 185 138 129 157 239 134 148 132 175 165  11  82   3  42 203
 235 215 126  74 199  61 236 195 223 249  53   4 159 202][ 12  60 190 240  45 233 177  66 255 191 180  56 158 223  97  27 163  57
 207  16  34 103  50 242 219 209  51 123 210  73   7 163][ 35  57 123 168 119 213 217  87  11  73 124 111  60 157 244  52 190 187
 151 157 155  58 178 221 127  93 168 234 127 140  50 251][ 18  19 114 138 107 208 184  64 173   5 243 161  44 222  46 212 230  57
 191 209   6 131   2 241  19 112  10 139   7   7  47 223][199 245 151 158 123  91 166 232 255 240 233 108 236 242  45 246 178 109
 234  99  71  67 159 223 188  54  15  63  24  63  11 132][ 46 172  42 184 221 245 250 238 155  29 188  11  12 237 118   1 233 219
 147  17  54 107 138 244 127  85 159 239 211  28 247 203][124 244 152 162 190 205  22 223  30 171 152  42 246 255  72  64 213 223
 255  17  90  56 203 178 253 199  63 255 176 122 149  27][ 31  97 224 169 244 147 106 217  23  97  89 131 159 142 123 104 127 137
  23 213 142  16 109 146 206 221 142 228 183 143 144 216]