[219 223 103 220 246 146 109 119 245  72 222 230 121 175 182 229 110 167
 191 237 249 155  36 239 114 107 238 128  63 156 248 125][154 159  98  13  35  90  80 123 237 204 124 165  11 236 167 213  54 185
 149  36 205 185  36 158 186 113  37 135 119 228  46  95][  2 161  18 153 254 137 184 111  30  49  80  18 140 138 120  64 127  11
  51 145  82 216  67 213  28  18 158 236 148   8 161 137][157 196 125 225 164  11 111  57 116 162 183  82 211  67 152  97 123 132
 126 234 249 180 109  30 238 203 231 196 101 170 208  32][220 127 159 117 170 234  55 182 186 250  14 224 255 183 193 123  39 119
 252  66  97  77 163 106 252 227 127 144 130 241 135 121][125 237 120 100 212  79  71 252  96 168 252  10  83  89 145  48  56 204
   4 106 200 178 249  60 251 205  37  52  99 187 246  32][ 58 191  98  10 211 151 186 215  57  69 124 175  41 207  54 148 126 187
 151 213 214 154  20 255 126  92 138 227  63 134 174 223][220 125 159 244 170 234  23 182 186 250 186 104 158 183 193 123 167 119
 108  66  97  79 170 106 249 247 103 190 136 113 135  49][121 223 108  76 154  82  95 191  97 196 174 167 115 103 150 115 118 198
 253 238 236  11 237  45 250 239 165 149  39 246 238 120][106 184 176 242 205 237  80 199 203  57 161  24 174 159  68  26 137 147
 251  16  18 107 218 241 155 217  20 123 210   9 199  26][ 57 125 130  13  93  63 230 206  86 232 238  78  98 224  55 164 120 236
 226 110 205 179 221  58  55  39 133  55 107 127  90 158][ 45 245  97  79 221  95 198 184  87 232 239  12 226 120  31 180 216 236
 230 110 205 178 125 191  47  95 133  62  91  63 218 214][ 77  38 245  87 170 122 103 152 123 250  63 120 207 117 205 191  51 214
 252  58 185 244 237 234 174 254 101 151 230 247 198 101][ 74 185 151 250 203 252  52 199 175  25 108   0 172 183  96 222 167  59
 251  16  19  73 146 241 159 246  94 107 146  64 175 187][194 188 151  90 203 245  36 239 187  19  40  24 104 247 108 223 161 115
 234 144  51  79 186 247  63  50  85 107 146  80 167 190][154 138 240  89 151 253 112 207 127 119 102 151  42 140  54 221 163 139
 174  20 182 125  55 215  91  95  16 119 243 204 205  94][ 18  93   7 157 155 199 172 103 172 198 202 135 236 230  33 199 230 103
 235 197  69 201  55 236 177  54 222   2  24 124 165  92][ 11 189 114  89 247 217 176 103 222  77  92 179 172 156 182 164 175  59
 147  21 151 184  38 247  46  95  58 227  87  12 221 223][ 33 141  99  11 148 159 198 119  68  64 122  70 179  24 180 228  88  42
  18 109 223 184 117 189  44 124 128  64 127 142 248 156][ 83  20  11 173  82 142 121 119  60  65  74 199  61 142  50  80 182 175
  31 165 229 153  53  95 149  38 186 128  40   0  35  88][214 184 168 178 203 225 185 206 186 119 132 187  44 254  78  11 175 219
 241 145  22  79 186 241 217  17  95 255 133  68 167 210][ 61 123  88 195 172  25 198 252  64 184  29 110 195 232 217 163  94 200
 134 122 205 114 207 168 174 201 229 188 127 251 216 133][  2 154  97 153 122 225 153  71 159  93 216 247 172 174  36  64 207 187
 151 133 146  10  66 215 148  54 154 251 149  12 165 251][ 10 188 204 218 219 241  24 199 151 113 140 179 168 158 101 252  75 187
 155 144  31  15 122 247 159 215 154 251 150  68 172  62][ 87  16  43  37  48  70 107  24  41 232 195  68 223  22 158 116 182 141
  92 239 137 144  53  76 145  60 138 132   8 167  35 116][146 204  14 190  28 130 142 172 148  18 216 146 113 238  56  65  89  99
  59 195 106 141  11 191 224 227 254 144  20  91 176   8][122  48  97  64  75 221 144  80 171 125 180  47  10 157  70 190 172 149
 221  81 142  99 242 208  83  89  17 187  67  13  94 215][109 181 181  71 185 127  86 188 123 251 189 104 218 117 205 182 145  78
 252 126 159  98 235  54 175 223 101 254 202 255 218  55][162 176 160 177 205 237 176 207 155 119 132 153 136 157  78  11 201 155
 243  17  30 126 218 177  15  82 217 127 210  76 214 218][ 66 159  17 157 122 128 185 239  62  17  88 242 188 230 160 100 231  27
 191 128  51  11 131 215  52  54 154 138  28   0 167 185][220  77  79 239  38   2  79 184  52 230 211 230 119  71 169  83 118 228
  61 238 105 149  41  44 240 171 231 144  44 187  52 113][118  64 212 237 108   8 232  72 171 178 178  10 207 234  93  90 122 197
 127 227  72 103 195 192 150 250 203 188  37 184  99 128][ 72  55 152 100 248  44 119  19  43 173 126 105 159 179  64  18 167 159
 109  16  18  26 194  64 223 245  37  41 226 226 135  43][ 66 221 178 254 113 140 126 246 191 128 234   8 174 191  53  80 231 255
 127 193 200 155 146 255 187 254 158  10   2 214 163  11][ 52  96 202 231  84   2 111  88  48 160 255   2  83 107  25  80 122 205
  23 234  72 178 201 200 244 237 167 132  37 251  98 160][180 205 120 239 222 139 207 248  87 160 249  10  83 105  57   0 122 236
  23 106 120 178  73 191 251 205 165  52 117 187 208 128][116 200 196 190  13  64 133 169 210 182 160  11  98 233  41  75  89 230
  33  35  72 103 138 185  81  34 205  29 117  42 116 138][ 61 125 122 109 118 155 251 242 117 224 126 170  59  61 183  48  62 252
  23 110 224 184  45 174 110 255  37 128 103 187  82 249][ 66 205 150 156 157 140 126 167 191 131 202   0 172 186  48  82 225 231
 123   1  64  73 147 255 189 182 222  26   0 112 161  10][214  94 199 103 226  42 111 176  49 166 191 253  75 103 129  95  55 244
 109 238 232 215 141 106 246 234 103 132 103 243  38 113][186  36  97   5  87  91 198 105  81 230 233 155  67  44  22 180  88 140
 194 163 108 190 125  30  63   6 129  55 103  46  86 246][ 82 177  18 172  59 208  26  96 171   4 176 171  14 222  34 212 182 177
 239 227  78   3 130 217 147 245  10 251  48   6  47  95][  3 159  42 152 253 189 184 103 159  93  88 183 172 172  54  64 207  43
 147  21 150  40 118 215  28  22 154 235 156  12 153 223][118 175 154 166 250 161 158 233 139 172 153 171  76 238 111  18 191 243
 205 243  86  67 138 218 250  20  47 191 133 118 175  67][119 214  84  75  60 183 194 136  79 121 189 102 195  74 191 244 217 192
 140 126 143  35 109 181 170 221 131 223 158 159 120  21][171 219 106 218 247 149 191 245 157  72  84 231  60 223 182 229 238 187
 151 197 227 187  48 255 119  89 174 170  31 156 253 255][215  68 133 183 136  14  76 172 176 242 131 213 247  98  25 251  65 199
 125 175 105 197 223  42 129 162 255  20  40 112 145  16][198 188 149 186 153 228  21 143 151  87 130  21 228 247 105  79 193 211
 233 144  59  79 219 243 249  22 223 123 152  80 164 122][220 111 247 117 170 106 127 178 187 190  22 224 223 247 193 255  39 119
 253  74 161 213 175 106 238 255 103 132 166 241   7  97][ 79 209 183 218 171 212 191 253 142  89  93  96 252 247 232 230 230  91
  63 203 211  73 186 241 187 113 111 238  26  82 161 189][198 180 148 178 233 237  48 202 191  59  49 121 140 246  72 219 133  27
 239  16  50  79 218 243 157 210  91 239 216  65 143 147][ 90  50 119 224  43 220  88  17 175 121 182 233 159 151 192 254 166 149
 253 144  11   1 195 192 211 249  34 219  34 132  47  51][ 57 175 104  43 156 159 202 253  70 105 220  79 227 104 190 160  88 170
  22 125 222 186  93 189 110  77 165 244 125 142 216 140][198  58 149 178 235 173  56 138 191 187 144 125 140 158  65 155 167 117
 255  16  39  71 218 224 156 210  95 190 136  85  15  19][  8 178 146 153 109 141 177  87  30  29  84 114 172 135  96 205 205  59
 163  17  18 248  67 209  77  16 122 235  82   8 165 171][  1 126  10  13  20 159 226  84  70  73 216  70 179 216 178 160  88  40
   2  77 135 184  84  61  36  45 162   8  93  10 121 140][151  91  71 142  22 146  46 112 180 192 211 231  65 198 179 229 118 229
  60 239 237 145   5 206 176 102 235 128  45 183  56  85][109 245 145  99 233 127  71 156 123 250 189 104 222 113 201 190 145  94
 236 122  91 114 251  56 237 223  37  52 202 123 194 179][ 85  17 191 225 130 110  85  19  32 251  15  16 215  55  73 122  53  86
 125  56 153 208 177   0 201 175 119  68 160 224 133 115][ 10 176  24 185 109 173 176  67  30  29  80  21 172 155  98   9 201  11
 163  21  18 126 210 209  77  17 218 107 152  12 137 154][104 180  48 224 253 253 209  75 207 125 189  25 158 157  90  36 137  19
 219  17  54  47 242 215 223 221  17 127 210  12 215 194][121 135  64  69 176  26 110  57 113  37 127 236 107  35 142 212  50 198
 204 124  28 184   5 159 190 253  32 213 239 134 202  12][205  60 150 252 173 180 104  18 184 154 206  80 189 179  97 251 197 103
 125 152  35 207 210 234 205 247 250 136 138  97  41  41][128 164 145  87 240 110 103 183 120  43 111  24 214  51   8  57 145  94
  68  40  49 252 113 110 237 190  52  64 192 192 195 160][119 114 212 186 251 113 154 136  27 255 177 253 206 222  79 218 223 217
 255 183 191  71 223 210 158  86 219 255 157 119  42  87][215  79 142 191 142  34 190 229 148 230 218 151 237 238  59  75 127 231
 191 231 252 193  15 238 176  99 239 144  61 119 185  84][169 157  27 110  52 143  99 112 109  72 110  76 182 145  32  48 176  60
  76 106 225 189  48  63 225 253  32   0  74 138  67  41][ 18 234 229   1 146  11  41 198  54 177 194 203  17   5 208   9  46 221
 121 221  26 216 197  68 220   2 253 212 165 129 146  40][148 167 200 165 150  35  79 255  22 167 142 154  81  35 208   2  59 198
  44 170 120 219 141  30 248 142 239 228 165 224 160  32][ 52 225  24 162  77 221 210 200 207 188 177   9  66 216 111 150 152 136
 206 115  78  35 218 145 153 208   1 127  81  15  94 198][ 37 123   0  33 116  15 194  16  74 168  58  76 147   8 209 160 152  76
  68 111 205 176  85  28 164  28  33  52  72 171  90 129][ 51  77 194 141  85  10 238 198 105 128 106   2  33  40  21 212 122 236
   2 239  76 178 212 234  52  60 134   0 109 250 122 140][ 34 175 225 219 213 225 225 207  31   5 105  26  40 231 108 148 217 154
 131 144  18 186 106 247  15  20 146 107 211  76 246 238][ 42 166 234  42 221 177 178  79  95  13 253 175  42 200 126 128 217 139
 130 149 158  59 198 147 126  85 154 107 213  78 254 206][168 220 123 109  68 207 115 112 116  12 116   0  51  23  34  49  56  56
  23 106  96 182  48  31 103 137  32  33 115 138 102 235][ 51 211  72 137 213 151 254 101  13  68 211 199 168   8  54 192 250 131
 159 229 222 187  85 221 180  56 138 211  29  14 249 222][ 16 207  19 188  50 192  53 103 188   4 232 161  44 151 160  80 102  59
 143 192  66 139   2 127 240 164  62 139  48  16 165  43][ 56  36 236 225  60  43 200  31  70 177 186  90 147  41  89   0  90 132
  95  57 138 176  69 156 238 205 161  84 229 200  80   0][ 60  69  67 238  92   2  79 252  21 128 249  66 115 195 185  80 122 232
  23 234  73 167  75 175 240 172 167   8  53 187 112 160][136 157 148 219 245 253 181 151  94  59 126  48 188  49 160 236 131  58
 178  24  51 248  57 243 109  31  20  66 218  72 133 171][184 223 104 229 213  91  70 247  81  46 252  58  35  61 164 177 249 198
 132 225 121 190 113 191 187 207 132  51 115  88 220  58][188  66  18 238  13  66  82 104 213   4 227   3  66 217  41 193 216 184
 138 226  76 167   8 140 179 241 130  27 115  47 124   2][201 222 238  95 224 178 175 182 180 210  70 164 249  38 147 103  71 118
 187 142 225 220 255 111 102  47 255 128  14 244  49 248][138 178 140 185 105 173 185  91 190  61  21 125 140 131  66  11 205   9
 235  21  18  88 194  81  76  17 123 254 152   4  11 211][250  56 182  60 141 244  80   3 223 215 228  17 170 188 103 255 193 171
 172  16  62  78 246 192 203 115  80  91 146  68 124  78][144  22 114  77 114 139 184 117 125  46 114 230 111  15 164  80  54 189
 166  32 160 188   5 207  22 238  48 130 103 138  71 185][ 60 237 101  71 205  31 207 252  65 162 188  10  67  97 221  39 121 206
  86 234 233 115 255 170  63 200 197  52 119 251 210 164][124  48 152 112  45 109  80  25 171 186 181  24 159 153  65  26 133 149
 236  18   8 103 210 128 211 219  81  62 194 233  66   3][199 188 151  86 233 188  36 135 187  83  42  84 236 242  76 255 133 119
 234  20 183  76 154 227  13  58  86  74 138  84 131  28][ 36 177 187 115 216 237 117 223 162 253 109   8  20 247  72  58 133  27
  83  24  19 122 186 113 111 157  21 108 192 194 199 243][ 93 125  88 231  50 142 127 176  41 232 127 169 223  95 139 112 182 253
 253 226  64 208 168 111 247 221  39 128  32 179   3 115][237 112 253 103  32 126  83 144  97 186  55  56 219  17 201  63  23  84
 100 122 169 244 249   0  71 251 101   4 234 243  66  33][164  76  68 154  92 129 134 232 132  16 248   2  96 200  61  75  72 224
  34 115  66  39  10 189  48  40 207  92  85  59 112 128][187  76 102 220   4 147 200 114 209 194 212   2  99 200 183  37  88 228
  23 239 237 231  36 143 146 106 203 152  55 173 112 236][221 148 137 243 133 108 101 145 104  95 167  30 155  55  75 123  97 130
  14 188 187  36 120 194 223 233 246  84 170 104 112 114][ 97 174 174 190 204 173 148 207 202  31 152  29 182 248 126  11 137  99
 123  21 182 107 202  49 205  19 127 123 208  88 155 139][ 79 148 244 193 242  50  59 158  10 251  31 182  93  55 238 238  55  87
 191 184 147  73  41 194  94 207  63 198 182 231 165 117][ 66 173 174 179 245 240 188 199 190 119  90 179 172 190 118 106 225 127
 251 149 150 217 174 227 126  23 222 195 133  68 189 206][ 94  76  98 254   4 160  78 242 181  66 210 130 105 207  53  89 127 225
  29 227 232 199  14 238 146 110 223 136  55 245 112  88][ 58  69  67 236  85  67  78 104   5   4 233 139   3 141  49 208 120 153
   7 227  72 163  16 142 179 228 128  29 115  63 118 130][159 223 102 158 156  18 142 255 149  66 218 247 105 110 190 195 125 227
 159 231 253 205  15 255 170 107 239 129  63 252 184  92][145  63 111  69  50  10  47  51  52 238  86 244 217  38 148 112  54  77
  60 172 225 216 165  78 102  46  37 128  44 224   1 121][ 65 133  67  11 146 155 102 175 118  65  74 196 242 192 156 244  48  14
 104  92 247 152 109 127  44  44   5  68 122 134 192  44][ 55 239 225 199 214 131  79 254  19 160 218 203 113 109 157  36 127 238
  53 239 249 218 109 255  62  14 141 196 167 247 240  44][ 91 146 215 253  63  74 105  56 175 249 146 226 239 119  28 207 230 245
 125 229   9 193 195 205 156 250 219 150  46 164  49  49][254 253  99  24 203 220 148 223 187  92 180 175 106 220 127 189 252 243
 253 215 223 103 178 243  59 121 205 251 103  84 222  87][ 18  73 126 236 102 130 255 116 237   0 246 163 125 223 181  97 254 245
  63 239 192 177  36 237 242 235 234 128  53 178 113  73][ 24 136 142 189  21 143 170 234  30 170 210   2 255 234  32  65 249 108
  63  64 104 216  75 191 141 231 239  20 148  40  17 136][140 128 236 177  44  41 105  17  38 113  87 147 151  15 218 105  73 136
 127 157 154  84 103 144 198 201 250 228 180 137 208 240][198  48 151 147 234 237  57 138 191 255  83 253 140 246 203  95 167  27
 255  17 179  92 171 210 140  18  95 238 136  69   7 247][ 26 159  34 138 151 147 177 103 140   5 222 162  44 178 162  68 104  59
 139 129  82 137   4 223 248  36 138 195  23  14 189 175][215  70 111   5   6  34 235  48 100 226 215 198  81  38 155 103 118 196
  60 239 169 149  37  78  20  42 234 132  45 227 113 116][ 98 173  50 254  81 132 122 231 187   1 106   8  44 251  36  80 246 251
  23 193  66 155 144 255 183 252 142  10   0   2  99 138][230 110 199  86 200  38 110 178 177 162 170 205  65  99  85 219 109 230
 107 238 104 215 201 106  52 170 197   0 225 241  98 160][ 86 198  74 186 178 130  58 152  62  69  91 247 205 199 186  64  55  89
 189 245 182 149  12 119 234  39  59 197 164 135 173  81][ 60 205 121 237  86 139 207 248  85 160 250  10 115 105  49   1 122 236
  23 106 232 186  77  63 245 143 165  52 117 187  80 170][ 10 178  20 217 105 217 185  75 142  29 244 176 140 134 234 238 206  25
 234  16  18  10  98 209   4  17  26 255  18   8  13 181][ 71 151  59 202 252 148  62 189 238  89  29  96 252 242 248  98 135  75
  62  90 215   9 170 241 174  56  47 236  28 210 161 165][ 92 127 147 118 163 222  55 182 189 234 127 232 223 247 193 244 167 127
 236  66  81 217 169 106 255 247  37 134 226 243 135 115][ 66 221 146 190 221 140 118 167 191   9 234   8 174 186  32 208 225 239
 111   1  82  11 146 255 189 246  30  10   8  80 163  11][188 205  65 236  92  75  79 248  23 162 248  74  83  99 185  80 120 236
   7 234 104  50  89 191 245 174 165  52 119 187 212 160][ 61  63 232  65 246  43 107 154  97 236  62 239  83  41 215  52  63 204
  85 126 152 240 109  44 126 205  37 164 239 251  82 241][230 204 133 154 169 232 132 142 159 211   0  85 166 224  97 207 193  99
 234  21  39  77 218 227 140  50  94  90 152  93 153  30][ 67 188 158  90 201 181 176 207 254  19 160  92 172 250 108 251 133 115
 234  16 183  79 154 113  27  26  95 122 216  64 171  30][ 70 127 247  71 178 122 126 184 123 186  63 232 207 252 205 190 183 245
 252 114 149 240 173 106 174 223 101 247 230 243 199  37][ 73  13 238  95  52 150 127  52 244 194  70 128 249 239 179 103  70 102
  59 206 229 216 190 173 110 127 255 128   6 247 120 120][  3  21  11 172  80 230 105 119  60  73  74  86  53 150  56 112 164 143
  19 141 145 153  49  79 213  46 186 128   8   0  35 248][ 10 181  50 178 239 249 176 103 207  61  61  59 140 157 110  15 163  27
 223  17  22  43 138 213 159  81  18 127 214  14 143 199][162 176 180 249 201 229 144 207 159  59 128  27 172 158 108  11 205  27
 251 145  50 111 218 241 159 210 218 127 144  12 133 218][122 114  98  96 107  93 217  80 169 124 180  47  10 156  87  54 172 145
 223 209 143  35 176 192  83  89   8 187 103   6  86  95][109 253 155 103 241 251 118 252 127 232  63 104 222 247 201 180 183 126
 238 122  81 241 169  58 254 221  37 183 202 243 203 179][177 213 117  75  48  15  79 189  85 104 119  96  83  21 156  53  30 144
  22 106 233 188 121  63 101 138  37 196 115 154 192  57][217  28  91 110  50 239 115 112 125  66 111  40 126 211 160 113 178  56
   4  42  97 181  56  47 243 237  32   2 106  35  99  35][ 58 170 168 186 235 241 153 202 154  55 148 187 172 204  90   8 143  59
 195 149  22  79 238 243 216  87 155 255 213  68 159 195][ 92 117  30 230  51 158 127 240 169 168 127   9 223 223   9  80 182 245
 253 230  64 209 184 236 247 255  47 132  34 179   3  83][194 188 149 218 137 229  16 143 159 243 128  28 172 247  68 223 197 115
 251  16  51  79 218 241 143  18  95 126 154  68 133  62][ 22 182  17 171 185 101 146 200  15 125 185 253 206 254  78 152 223 155
 255 151 159   3 203 215 153 212  27 254 216  71  15  87][ 69  36 133 229 172 106 109 154  98 234  74  72 247 115 217 126  17  70
 124  42   9 208 239   0 141 174 255 148 164 242  17  32][ 87  48  43  37  65  86 107  88 105 232 231   4  95  22  31 116 180 141
  93 239 137 150  53  76 149 125 138 132   8  39  98 116][202 237  40  27  57 221 158 174 155 124   4  25 174 220  86 149 129 107
 217  87 102  76 250 191 175  93  29 123  82  21 143 222][238  48 180 226 237 125 144   9 139 249 181  25 158 157  77  59 140 145
 253  19 154 103 250 128 219 217 205 255 194 111  70 115][  0 241  59  67 153 205 247 253 239 125 172   8 158 215  76  52 157  26
  90  88  83  41 186 117 239 157   5 126 194   2 199 251][120 223 108 108  58  82  95  63  97 228 190 175 115  37 150 115 110 230
 253 238 204 139 229  45 242 233 229 145 103 246 246 120][166 160 129 155  77 225 136 202  22 117  65 155 128 204 122 140  89   9
 131 149  22 126  94 211  13  20 155 111 149  13  20 212][ 47 245 104 111 253  31 214 188  87 232 189  13 242 105 223  16 220 206
 119 111 223  34 219 189 110  93 165 252  95 191 218 215][ 39 190 192  23 229 189 168 203  91 243 121 223  40 232 222 172 159  78
 178  21 151 122 222 243  14  30 223 239 207 110 219 148][220  67  87 229  38   2 111  56  53 198 211 230  87 103 153  83 118 228
  61 238 105 148  37  12 244 170 227 132  38 242 100 113][ 62 183 163  40 147 199  82 123  23 233 216 127  82 252 107 176 221 187
 149  49 191 219 216 159 251  70 141 255 251  76  22 223][ 35 175  40 171 188 175 195 255  70 173 220 239 163 232 178   0  89 170
   7  61 158 186 109  63 236  21 165 240 213 206 208 201][252  36 229 100  13 127  68  10  97 238 164  25  67  61  23 159 216 196
 236  40  40 231 241  10 147 251  65  55 227 125  86 118][ 64  51 153 100 240  44 122  19  43 137 107  77 158 163  64  80 150 159
 109  28  19  26 210  64 255 252  36 104 136 194 130  19][ 61 111  88 231 172  27 126 252  64 236 252 238 115 232 219  32 126 236
   6 110 204  50 236  40 254 205  37 189 125 251  90 193][255 112 229 161  40  23 158 136  59 250 145 253 207 222  95 250 223 205
 253 247 143  71 239 208 154 218 239 190 156 247   3  85][181 207  10 158  94 129 166 236 158  16 224  70 244 194  40  64 121 225
  10 231  99  35  78 127 180  32 143  60  25  59 185 136][ 74 173 163 178 151 224 189 199 190  23  74  19 172 191 114  76 227 123
 187 145  18 217 178 227 237  86 158  75 134  68 181 106][ 73  60 146 248 141 244  48  19 187 139  76  80 188 179  97 254 193  63
 185  16  55  72 146 194 139 255 222  74 138  64 169 139][222  76 142 190 140  38  78 168 148 130 203   2 113 106  57  75  85 231
  57 227 104 197 219 174 241 227 207  20 180 115  48   0][  2 167   2 139 250 192 184 103  46  13  88 163 172 142 238  68 247  27
 135 145  18  26 130 213  44  52 186 235 148   6 165 223][ 55  76 103 159 140  34 239 184 196 242 154 198 112 108 189 111 121 228
  63 239 237 231 109 236  52  42 239 148  13 255 112 124][ 40  45 122 127 116 159 250 112 125 168 118 128  59 207 181  48 254 185
  23 200 232 184  32 255 103 253  34 129 101 130  98 137][  4 164 153 119 240 110 103 183 126  47 111  24 215  51 136  56 145  94
  68  24  48 248 121  47 109 191  52  64 192 192 199 169][ 50 147 104 171 214 135 222 109  13  12 219 199  66  10  62  64 254 131
  31 231 220 187  81 221 186  56 138 215  61  14 248  87][215  13 174 189 140   2 204 107 148 194 210 151 241 236  59  75 121 231
  63 165 252 205  87 143 240  99 239 144  36 124  49  88][ 41 127 138  12  93 159 182 214 214 236 204  45  34 176  39 132 200 110
 194  69 205 187 176  63  48  37  37  59  91 124 122 223][ 61  49 247 229 229  62 118  85  49 234 191  79  95 127  73 158 191 229
 245  60 157 242 145 128 251 223 101 214 235 254 202 211][156 204  12 190 141 135 142 236 148  18 192  18 115 104  57  65 217 226
  59 227 104 229  91 191 225 227 207  16  48 123 176  10][ 10 157  40 185 245 167 185 119  30  97  94  19 188 159  50  96 229  43
  51 141 146 152  49 247 111 119 154 224  22  12 145 250][201 152  28 179  44 141 209  51 158  59  18 120 190  25  64  75 135  51
 125  27 243 108  67 245 205 219 122 240  88   9   9  11][193 138  28 177  44   9  77  51  30  55 150  28 151   1 210  75 131   5
 110   8 112 124  67  53 204 243 114 113  92 136 137   9][165  77 103 223  76   3 207 252 212  82 240  66 113 104 189 103  89 192
  18 239 225 231 111 191  52  42 231 156 117 251 240 236][216  68 119 231  38  10 111  53  37 130 214 194 127  39 145 119 118 244
  61 234 233 149 165 238 242 238 230 128  39 242 240  41][  3 156  81 153 122 160 184  79  63  81 120 242  60 150 160 244 231 155
 147 128  19  26  34 215  20  54 154 202  29   0 161 189][  2 159 114 217 246 211 186 231  94  77  94 163  44 156 182  36 191  59
 151 129 150 184  38 255  46  95  26 195  87 140 165 223][ 74  50  83 224 105 220 120  22 169  89 178 237 142 159 196 254 166 153
 253 144 131  15 194 192 151 249  50 251  10 132  11  31][ 10 157  43 185 247 205 185 103  30  77  92 151 188 142  50  64 231  59
 179  21 146 152  18 247 109  53 154 232 156  12 149 219][130 128  22 153 118 137 184 111  30  49  82  18 172 138  56  64 111  11
  51 145  18 156  67 215  28  22 154 228  21   8 161 137][ 82  73 135 140  27 194 173 103 173 196 202 131 236 166  33 198 226 231
 235 197  73 137 183 237 177  52 142   3   4  22 165 126][ 26  89 126 236 102   6 190 116 236  12 210 166 125 223  49  65 254 253
 191 227 192 179   0 237 242 235 234 128  61 176  33 155][ 66 185 154 216 249 157  48 215 175   9 124   8 172 155 102 116 164  59
 178  80  22  43 178 243  63 156  22 107 218   0 175 143][115 131  74   5 242  26 110 105 105  37 251 239  67  40 158 144  58 134
 206 100 220 185   5  77  58  44   1 213 109 134 250  20][ 92 145 191  96 146 110  85  23  96 253 174  16 159  55  72 122  39 214
 125  56  25 216 177   0 251 235 116  84 162 192 228 115][232 184 176 242 157 237  80 198 235  57 164  24 142 153  68  26 137 147
 217  17  26 111 218 241 155 217  20 127 210  25 198 138][122  59 102   4  75 210 189 103 169 228 124 143  40  12  54 150 174 167
 211 133 196  59  52 200  22 124  30 163 103   4 111 222][200 141 148 182 175 185 148 175 219  55 160  29 174  56  78 203 131  67
 232  17  54 109 219 183 174 211  86 123 218  76 137  14][ 55 243  78 164 202  19 190 253 130 244 153 239  68 200 219 131  62 239
 211 231 204  83 222 200  60   1 239 191  45  62 187 221][252  48 184 100 173 109  84  81 235 186 181  24 159 153  73  26 128 180
 236  10   8 103 210 128 211 217  97  58 194  97  66   3][ 20  64 218 165  86   2 111 120  52 160 251   2  83  67  57  80 122 205
  31 235  72 179 129  72 244 237 163 132  37 170 114 160][ 82  99  82 168  59 208  58  72 169   4 186 171  12 206  39 212 230 181
 207 225  68   3 128 221 144 112  10 187  52   6  47  71][ 57 111 123 100 244 223 103 245 113 172 126  42  59  17 177  48 120 254
   6 104 200 186  32  30 115 205  37 132 103 186 246 169][201 196 125 229  36  11 109  57 116  34 127  88 215  35 144 113  55 132
 126 170 233 180 109  94 196 239  99 132 100 170  64  33][160 204 123  73 116 207 243 112 117   4 100   8  50  23  32  49  56  56
   2 106  96 182  48  31 103 139   0   0  83 138 102 234][ 97 234 204 183  20 138 235 182  48 161  82 242 177   1 144   0  75 236
 117 221  40 252 197  46 236 175 188 192 173 145  82   8][216 153  63 254 139 212  21 101 237  80 164   0 126 215  36 247 128  51
 248  64 113  75  50 253 243 243  82  91  18   0 175  59][ 88 221 150 190 157 204 246 166 188   9 202   2 174 250  32  66 224 103
 123  65  64 201 147 235 243 247  94  26   0  81 161  10][183 205 101 223 220  19 207 255  85 242 144 210 112 108 189 231  89 226
  22 239 233 231 111 191  56  10 231 148 125 255 240 236][ 38 249 163 138 213 209 191 205  14  69  88 131 172 220 119  36 249  59
 147 209  23  58  58 241  61  84 159 235 213  30 181 254][ 95 153 244 193 250  50  58 158   3 241  30 162  73  55 228 102 103 215
 181 252 144  25  45 228  79 255 159 198 183 229  33 253][ 40 240  62 248 125 197 184  79 238  25 248   0 188 216  60  64 200 187
 127 145 194  47 210 213 213 249 186 106  80   8 225 139][131 218  54 189 109 157 252 119 143  91 210 215 172 138  54  65 238  35
  63 133 198  45  22 213 246 121 218 138  28  28 249 223][ 18 143 122 185 182 195 191 103  95   5  90 163 173 188  48  96  55  59
 151 129 210 184   4 255 232  86 186 195  53 140 181 107][ 73   4 253 229 100  42 105  19 125  99 127  80 223  39 144 122  54  28
  62  42 177 176 101 194 198 255  99 132 102 249 193  33][ 17  21  43 237  16 102 105 127  52  73  78  84 180 183  56 112 184  10
  23 140 145 155  49 111 193 172 186 128   8  64 163 248][147 243  66 165 102  27 238 252  48 224  82 239 209 140 218 161  62 204
 182 239 205 208 132   8  52   1 239 164 109 190 219 220][ 43 255  42  28 121 149 151 247 214 204  76  45  36 188 167   0 204 106
 210  69 198 187  50  63 114 117  20 187  90  92 186 223][ 30 162 168 186 187 241 155 202 143 183 157 187 173 204  90   8 159  27
 207 149  30  15 202 243 219  85 155 255 151  79  31 215][ 74  52 146 252 153 244  16  71 191  11  76  16 174 190  98 238 193  59
 184  16  55  73 178 195 139 247  94 123 154  64 173  31][154  88 126 236 102   6 254 118 132  12 214 166  61 159  49  65 110 253
 191 227 192 159   4 237 242 235 234 128  45 177  33 155][ 10 221  50 185 246 209 188 231  94  77  92 179 189 156 178  96 247  59
 151   5 214 152  36 255 238  87  58 203  22 140 181 223][252  49 186 116 169 108  84  83 249 187 165  24 159 191  65  27 129 149
 236  16  56 103 210 128 211 217  81  61 194 241 198   3][ 10 249 146 218 115 213 176 199 191  73 104  33 172 214 102 240 167  59
 179 144  23  27 146 243  63  53  30 107 154   4 175 159][  2 160  80 155 102 137 184  71  30  49  81 146 172 142 112  72 111  11
  51 145  18 220   3 213  12  18 154 224 148   8 161 137][252  96 248 102  45 125  91   8  75 226 165   8 159  29  89  59 138 213
  89 122   8 102 249   8 211 217  69  61 230 251  70 114][ 18 223 122 201 182 151 190 231  30  13  94 167  44 238 182   0 254  59
 151 145 214 185  36 255  42  28 190 195  85  12 165 223][  3 157  11 217 242 150 185 119  62  73  92 210 188 166 160  96 230  59
  19 140 147 152 112 255 101  37 186 192  16   0 161 249][197  53 231  65 228 118 239 152 112 250  27  86  80 124 221  47  57  68
 116 255 177 240 189 194  45  62 231 196 207 243 242 245][162 237  17 201 124 151 137 239  30  60 212  70 172 211 180 196 220  43
  19 249 115 187  99 223 188  28 143 254  30   8 177 173][209 145  93 103  10  74 165  61  96 242 163  58  87  55   8  35  50 149
 120 170 105 225 185  13 241 160 103  20 109  50 163  50][238 234 168 178 205 177 184 206 154 191 145 191 140 204  95  11 233  79
 243 149 182  71 142 243  94  83 223 255 199  77 159 198][ 61 111 106 167 244  75  79 244  84 228 124 175 115 229 243   0 126 236
   7 110 200 178 108  46 238 141 165 164 125 187  84 248][ 33 161  81  97 240 143 110 117  41 169 105  76 151   3 192 144 150  30
  70 124  83 186 208  76 174 156  37 100 200 130 202 144][245  48 124 109  12  15  85  56  66 170 164   8  83 125  27  59 152 212
 116 106 236 102 241  24 195 235  97  53 120 249  90   2][ 56 223  67 237  84 203 103 240  85 168 250 110 115  97 161 212 120 236
   6 234  73 186 105  63 182 238 165  52 127 186  80 185][  2 177  50 218 239 233 180 103 143  61 121  59 140 223 110   0 163  27
 203  17  82  57  10 213  63  16  30 239 150  78 133 195][114 219  74   4 210 139 238 117 169 228 250 239  67 200  54  16 126 229
 199 231 220 187  20  77  56  36 165 213 109 174 250  22][ 94 127 243  86 243 158  63 246 191 164 110 204 111 247  69 244 182 255
 252  66 209 217 184 110 187 253   5   2  98 243 167 125][101 255 112  99 252 203 246 188 107 232  59 233 223 248 215  48 151 108
 118 115 213 240 205  62 126 220  37 247 238 255 210 199][193  20 253 119 166  42 125  23 121 219 119 244 219  63 158 123  39  95
  53 141 177 212 165  34  70 235 244 128 173 241 194 113][ 56 175 122  68 246 219  71 117 117 140 126  42 115  33 180  52 126 190
   6 106 200 186  36  30 122 205  36   1 103 186 246 169][121  66 215 229 102  10 111  56  49 226 119 198  83  39 145 119 118 196
  60 238 201 148 229   8 244 170 224 132  39 179 100  97][ 96 153 155 190 125 204 115 167 187  77 248  76 190 250  36 208 193 171
  46   1  87  11 210 247 189 181  62 107 152   0 175 155][116  76 243 199 100  14 111 180  41  10 254  66 115  99 157 118 118 228
 125 234 201 147 237 234 247 238 230 128  39 243 112  40][124 252 176 242 189 237  80 198 251  59 164  24 158 157  76  27 137 219
 221  16  26 111 218 176 219 217  20 127 194  89 198  26][ 48 137 122 127  84 143 235 112 125   8 114  64 115 203  53  16 248 169
  23 200 138 186  16 125 119 255 162 128  97 130  98 138][186  44 150 180 193 188 116  71  57 135  99  25  46 170   3 157 161 171
 134   5  60 252 146 194 151 246  80   3 226 100 174 134][ 73  97 174  92 104 208  57 120 230 200  70 161 249 215 178 102 118 108
 123  76 197 209 167  77  70 105 235 137   6 166  49 253][123 113 114  64 107  85 217  80 169 108 181  47  10  29 151 182 174 145
 215 231 205  35 240 200  83  89  40 187  79 134 110 119][ 91  50  82 224  99 156 120  86 169  73 180 252 143 159 198 252 166 153
 223 144 135  11 192 192 150 217  26 251 110 132  11  29][127 112 177 161  56  47  90 152  31 251 177 237 223  94  91  26 223 221
 125 247 143  70 233 178 221 215 175 254 152 191   2  81][130 150  51 154  19 241 176  99 159  71  75 147 172 238  46 229 247  59
 130  17  54 141  48 247 137  54  26  67 144  76 173 222][125 113 222 229 245  30 126 213  33 233 191  79  91 123  74 146 190 229
 245 124 221 242 217 136 251 221  37 199 235 190 202 147][156  12  91 106  50 227  19 104  53   2 253 176 127  87 169 113 119 187
   6 162  40 182  40  95 210 231  34 137  50 227  39  33][ 33 159  46 171 180 143 199 247 196 108 222  77 243 200  50   0 220  34
  15 125 222 185  92  61 234  93 165  80  92 142 216 216][ 17 157  27 253 149 230 102 183  31  33  74  18  52 179  32  68 241  46
  51   8  49 152  17 191 175 254 150  66  56   8 248  42][144  64 202 229  20  10 107  88  52 160 247   2 215   3 145  81 122 204
  31 234 104 182  65  14 244 233 162 132  37 187 112 160][ 77  62 158 147 252 180 167 154 222 191  95  48 212 240 235 235 209 110
 170  18  50  80 235 114 108   7 127 237 144 121 189 225][ 16 241  57  67 185 205  87 253 239 237 172   8 158 215  76  52 149  26
  93  88  91  41 187 117 235 221   5 126  66   2 199 115][ 51 180 179 176  51 231  24 123  23 233 208 111  30 220 196 180 157 157
 149 177 187 218 217 158 187  94 189 246 141  12  18 255][ 13 126 158  31 232 185 183 206 222 191  95 180 244 228 235 235 199 122
 234  18 162 101 170  35  76   7 119 169 210 121 141 233][ 69  43 145  69 180 106 103  27  98 169  74 104 215  51 209 118  18  78
 124  24 145 216 237   0 172 172  37 132 128 242 215  97][ 47 237  97  75 253 155 207 252  95 236 189 173 202 237 223  20 155 206
  87 127 202  50 253 191 110  92   5 254  95 255 210 246][169 220 117  79 100  79 207 188  85 122 119 104 115  85 157 117  30 212
  22 106 225 180 109  63  37 170 101 148 119 187 196  41][ 16 184 151  93 139 231 165 239 190 243 232  16 176 182   4 174 201 127
 106 144  51 201 243  21 137 166  95 114 209  64 167 184][ 74 252  36  49 249 253  53 175  59 127  44  29 174  60  90 145 133  91
 213  17 246  92 251 183 239 211  92 119 194  84 143 219][ 53  48  43 229  85 118 107  88 105 232 231   0 211  22  31 112 248 140
  85 239 137 182  49  12 209 253 138   4   0  35 114 244][210  99  82 136  59 211  56  65 173   4 154 171  13 142 166 212 238 177
 207 225  68   3 132 220 144 112 138 187  37   6  47  71][ 74 173 163 154 183 224 183 231 175  21 136 163 172 255  96 196 227 123
 219 145  18 139 138 247 169  86 158 203 134  68 181 234][119  73 229 199 172  34 143 188 196 226 155 198 241 108 157 102  88 230
 127 239 201 225 239 232 164  46 239 148   7 255 240 100][160  68 119  77  69 207 231 112  93   6 101   0 242  85  36  37  88  56
  82 106  97 180  49  31 103 154  64   0  83 139  68 232][ 42 160 184 248 109 229  16 207 159  57 176  24 158 158 108  25 205 155
 251  17  26 111 218 145 159 217  91 127 144   8 133 139][ 88 217 190 224 179 196  81 183 161 253 174  41  31 183  66 122 167 215
 253 144  90  73 178 160 251 225 116  87 162 128 132 123][ 82 201  11 140  27 208   6 101 173  64 218 162 238 246 162 228 106 183
 255 193  77 139 166 237 177  52 142 155  52   6 189 110][177 207  11 140  78 131 167 238 158   2 224  70 180 194  33  64 120 232
  10 239  97  47   6 127 180  38 175  60  25  56  49 136][ 38 176 242 216 251 245 176  66  31  29 121  51  12 222 110 156 255 155
 147 144  22  26  18 209  31  28  26 239 211   5 111 135][  6 179  22 146 195 181 184  67 175  29  89 183 140 206 110 136 175  59
 227 145 150  91 138 209  29  16 159 239 129  68 175 215][248  75 108 103 106  90  95  53 225 228 246 173 123  45 151  51  46 246
 253 239 200 242 229  44 242 233 229 145 103 182 222 121][220  53  18 230  51  78 126 120 185 160 239   8 223 215   9  80 182 253
 253 234  72 149 152 206 243 253  11   4  34 183  35  19][ 15 182 190 145 242 186 185 223  62 243  94 181 156 247 202 107 167  31
 187 149 182 220 171 210  78  55 127 198 134 197 165 243][226  76 134  94 201  36 204 167 176 146 160  24 225 226  21 155 201 230
 104 142 104  71 194  42  49 182 223  25 193 112 250  12][ 50 131 104 235 150 135 223 121   5  12 219 199  67  14  62  64 254 131
  23 231 220 186  73 221 186 252 138 214  53 138 240  71][130 148  22 154 113 240  48 103 189  87  67  51 172 254  38 205 227  59
 139  16  55 157  18 255  15  54 218  67 146  68 173  95][ 69 173  88 218 252 168 110 189 202 128  25  64 213 226 252  96  23  99
  94 126 246   9 142 255 236 156  47 124 156 243 161   5][ 28 204 138 161 164   9 172 239  14 162  26   2 157 232 112  64 123  41
  63  35  80  61   2 146 188 199 239 172  53 120 145 128][ 61  47 109  71 118  43 235 176  97 228 126 206  83  41 149  52  62 228
  85 126 169 176 109  44 110 205 165 132 239 251  82 249][  0 188 153 103 240 239 103 191 124  47 110   8 247  49 136  48 145  94
  68  40  49 184 121  47 109 190  53  68 192 194 199 169][197 188 253 246 160  38  93 151 120 219  55 176 247 127 153 123 151  87
  61  29 179 236 171  98 203 191 127 196 196 241 195 123][ 14 181  50 242 255 201 176  99 175  21 105 187 140 254 108   0 163  59
 203  17  82  57  26 211  29 213  26 111 212  78 133 211][120  49 186 116 225  76  84  87 169 185 164   8 159 191  65  26 160 189
 228  16  24 107 146   0 219 217  84 123 194 112 198   3][ 30 166 164 170 159 177 154 202 143 181 157 191 172 205  90   4 143 139
 207 149  30   3  74 243 218  85 155 255 151  79  31 214][129 148  43 205 148 102 105 127 116  75 254  84 180  55 184 116 221  14
  30 172 187 156  49  71 225 190 178 196 136 192 224 249][163 217  20 217 127 135 189 103  30  97 212   6 172  28  54  69 236  43
  19 137  99 186  97 221 188 152 154  98  21   8 145 237][ 97 187  26 186 120 204  51 244  58  77 244  44 182 214  42 112 214  59
  14  81 147  26 250 119 221 181  58 248  16   2  39 251][ 90 248 190 254  75 208  20  79 171  23 172  40  62 223 100  58 162 113
 233   1  66 107 178 225 211 241  86  59  82 112 167  11][ 27 221  22 249 179 214  60 119  60  65  78   2 189 183 160 100 102  59
  19 140 115 152  49 255 231 239 158 192  62   0 161 154][ 33 173  83  97 240 139 110 119  44 104 121  76 147   3 128 144  18  42
  70 124  83 184  65  93  44 156  36  64  72 130 203 145][153 217 126 174  39 155 214 229 205  96 214  47 127 248 178  33 186 100
 254 103 253 185  29 189 242 235 101  19 127  62 217  31][161 221  99 199  86 195 239 244  84 224 124 198 115 101 177  36  90 236
  19 238 233 186 124  47 109  14 165   0 111 186  84 248][ 10 249  18 154 115 213 184  71 191   5 104  35 172 222 102 112 231  59
 147 145  70 154 146 247  63  21  30 107  16   4 175 223][ 32 157 123  76 116 203 231 119  69  68 124 130  51 237 180  52 126 186
   2 104 209 186  52  61 111 172  36   0 119 138 230 184][ 51  49 185 121  50 135  24  91  23 233 208 107  30 157 196  60 156 189
  23  21 159 218  81 149 155  90  49 242  91 140  18 253][ 80   7  89 108 178  34  77  59  53  14 253 240  67  99 168  80  86 187
   4 168  56 130  65  95 242 231  35 204  48 224 166  33][ 32   4 222  95  73 120  48  67 185  23 111  17  36 191   2  27 169  50
 227   0  20 248 146  65  71  51  80  11 193 193 110 202][199 253 251  84 209 156 126 247 249 128 234  76  62 238  85 112 166 255
 122 206 245 155 146 111  63 188   5   8  73 240 163  60][ 65 171 241  69 180  74 103  53 106 173  75 104 211  39 208 118  16 126
 108 120 211 216 229  12 173 188  37  64 128 162 198  97][161 213  53  75  85 223 226  48  92 104 115  72 242  88  60 165 216   0
  82 107 239 180 125  31  37 154   0  80  89 138  88 164][ 18 143 123 188 182 195  63 119  93   5  94 162  45 239 176 192 118 187
 159 129 242 152   4 255 232  37 186 193  52 136 181  41][ 40  27  51 254 116 197 235 112 125  12 122  68 187 219  48  16 248 168
   7  72 203 186  18 253  85 252 162 128  91 138 102 187][158 226 160 178 141 241 152 200 155 183 149 187 172 204  91  10 217  91
 253 149  14  71 202 242 219  87 223 255 135  93 159 214][ 49  31  91 237  52 207 234 112  68 232 254 102 115  97 177 224 120 172
   6 234 201 185 101  28 242 237 163 144 125 170 112 185][ 73   4 253 229 244  42 105  19 125  43 126  80 159  35 144 124  54 140
 126  40 145 144 229  66 198 255 114 132 230 224 193  33][125  66 211  69 102  10 111  48  97 160 122 198  83  39 149 246 118 204
  52 238 201 144 229  72  54 236 226 128  39 178  98  32][117  76 243 228 116  14 111 176  97 136 250  66 115  99 157 114 122 228
  28 234 201 179 228 200 181 236 167 128  37 242 114  40][ 59 249  42  60  19 213 150 230 212  72 204  39  50 156  38  96 236 122
 147  69 206 171  16  45 115 109  20 139 123  28 120 223][199  61 167   1 228  54 238 155 120 250  18  84 217 120 221 175 159  76
 124 255 181 212 189 194  44  26 239 228 143 245 122  85][ 38 176 242 216 107 245 184 194 207  29 121  35  12 222 102 156 239  57
 147 145 150  55  10 210  31  28  26 239 211  15 111 199][ 75  97 102 108 104 210  57  92 230 192 198 161 185 223 178 230  70  44
 251 108 196 129 167 141  86 121 162 137   6 134  53 253][ 60 184 176 242 237 205  80 214 235  57 164   8 190 157  72  26 129 155
 213  80  26 107  90 177 219 221  21 127 210  11  70  11][  2 224  82 155 102 137 184 196  30  49  81  18 172 138 120  72 111  11
  51 145  18 220  11 241  12  16 154 224 148   9 161 128][155  90  78 189 102 134 252 119  21  72 210  99 189  31  51  64 238 191
 191 133 204 158  65 253 246 235 250 128  61 152  57 139][181 247 107  66 116 143 203 244  81 236 247 238  83  69 220  32 126 236
  20 254 233 182 108  46 250 137 165 244 101 186 118 225][  6  46 178 154 249 224 184 202 175  23 216 145 172 206 111  10 207 187
 203 149  22  75 202 242  29  20 154 235 144  69  39 198][241  52 124 109  12  47  69  57  64 170 103   8 211  49  25  59  16  20
 124  40 168 244 241  24 199 235  97  52 120 234  66  34][ 27 223  98 234  23 135 190 230   4  73 216 231  41 206  54  64 254 187
 151 197 206 185  28 255 122  77 174 194  29  30 185 219][189  33  69 229 230  11 238  57 113 224  50 206  91  73 217 177  62 164
  86 238 249 244  69 140 238 203 101 228 111 170  90 145][ 81  94 159  37 160  46  70 183 112 170 122 101 215  51   1  83 183 231
 124  47 233 208   1  46 224 175 101 128  40 242   2  11][243  97 115  96  96 185 120  71  41   0 185 153  11  14  22  28 238 129
  87 148  14  63  68 192 150 216 146 107 101 133 227 206][ 82 139  74 142 188 208  94 101 173  64 222 226 174 214 174 244 122 179
 159 225  94  11 228 253 178  53 170 219  52   6 188  79][165  84 253  77 100  47 239 156  81 106 124 104 115 117 157  63  30 212
  54 106 225 180 101  42 103 186  97 132 119 249  66 169][ 82 157 146 216 155 244  16 199 191   7 202  17 174 190 102  98 227  59
 232  16  54 137 178 227 187 246  30  91 152  68 173  31][ 90 248 178 246  11 208  24 194 171 148 164 171  46 223 103  27 166 243
 253 209  14  75 138 241 219 211  95 187   2   4  39  91][ 29  79  90 101  54 154 111 112  84 224  79 226 115 195 179  96 114 108
  38 238 205 144  45  44 230 237  35   0  62 251 105 160][152   4  95 229  36  10 105  16  52  34 246   2 215   3 145  81 122 140
  31 168 105 180  97  14 196 233 162 128  37 168  96 160][ 82  99  98 136  10 144 184  71 172   4 222 167 140 142 182  68 110 165
 239 197 198 139 132 192 150  48 138 139   7   4  45  77][ 88 241  57  96  61 205  87 253 111 108 174   8 158 215  76  48 148  26
  92 120  75  41 113  53 251 217  37 124  64  18 199 123][222  52  82 230  51 110 122 104  61 170 255  24  79 255   9  81 179 221
 253 162 104 213 153 206 243 249   3   7  34  99  39   3][ 14 188 246 243 242 178  56 159 191 115  94 179 205 127 140 106 167  95
 191 149 178 216  47 247  78 119 223 198 166 196 165 221][201 211  42 201 127 149 177  87 196  77 222 102 152 150 162 228 108 156
 159 201 214 155  97 148  87  97 170 203  23  14 189 253][123 113 112 232 109  85 219  80  41  76 189 175  14  31 151 180 206 145
 215 231 205  35 240 200 243 217 138 187  71 135 111  87][200 156 174 181  53 236 248  39 253  15  82  17 191  56  18 107 225  39
 253   1 182 220 193 199 141 255 250 195 132  68  21  75][117 104 185 161  60  47  75 152  38 249 152  73 215  31  89  56 213 221
 125 255 139  86 249  48 205 221 173 252 128 251   2 113][ 50 147 107 171 214   7 203 121   5  44 251 231  83  77  62  64 254 137
  23 231 216 186  73 221 248 140 170 196  53 138 244 113][141 212 109  91 220 125 223 186  82 242  29  26 241 125 223  35  19  82
  19 106 227 100 127  63 111  11 229 252  55 249  84 240][  8 121  97 171 213 249 226  84 238  85 125 135 169 141 122 142 106  10
 130  92  23  56 118 241  71 217  50 105 255 143 207 210][  6 141   0 138 148 129 142 229   6   1  88   2  96  72  40  64  88  42
  19 114  82  40   8 189  40   4 142 196  21  10 176 136][255  98 236  60 237  29 220 200 251 246 165 157  75 200  95  27 137 197
 236 231 238 103 206 176  90  89  77 191  79  53  90 198][245  84 239 100  14  78  71 184 112 234 254 110  83 124 153 123 124 196
 124 239 237 247 237  10 240 235 229 148 109 251 112 113][119  73 225 207 140  18 207 189  71 224 154  74 243 104 157 230  88 230
 124 235 201  35 239 170 176 252 239 148 103 255 208 108][144 204 154 188  22  11 236 119 158 162  90  18  23 170 112  64 107 173
  23 129  96 189   0 202 244 133 191  44  52 248 177 136][ 66  58 162 156 107 145 184  66 171 157 144 175  44 142 102 138 166 185
 239 145  22  79 130 209  24  16 219 187 132   4  47 223][ 53 254 123 103 116 142 207 248  80 196 125 142 115  69 151  49 126 236
  20 110 201 178 125  44 247 141 165   0 101 187  86 241][122 139  67 138  60 145 202 248  13   4 217 231 175 204 188 196  94 185
 143 245 222  43  76 253 186 117 170 249  22 142  61  84][ 90 241 190 254  43 192 149  77 171  21 168  41  46 223 104  18 226 179
 237   1  66  43 146 193 211 241  94  59  80  82 167 155][ 33  91 123 233 116 205 227 114 108  76 120 100 183 223 160  80 220  40
  23  72 195 186  98  63 199 253 162 136  89 139  96 249][ 34 115 122 232 126 193 177  94 143  76 124 175 188 159 162  80 254 185
 151  17   3  26  98 215 215 213 186 235  20   8  45 251][  3 181 165  87 129 127 173  63 126 251  11  24 216  52 220  63 149  31
 120   9 145 208 253  92  13  30  93  38 192  66 135 252][197  60 165  87 228 118 233  16 120 250  19 116 216  60 213 175 133 108
 124  31 245 252 253 234  12  58 255 128 206 231 115 189][  5 244 173  65 164 111 237 190  94 251  30  74 208  52 221  47  53  86
 124 189 163 120 125 221  77  30 247 244 133 248 213 125][ 76 170 158  48 169 233  16 135 170 159 164  57 142 145  66  11 129  50
 232  16  18 109 130  32 201 211  86 123 194  64 143   3][201 223  34 203 254 181 190 214  68  78 223 246 152  29 178 100 236  18
 159 203 246  31  97 182 118 105 170 202  22 159 181 253][ 42 123 114 152  71 221 176 198 139  28 252  15 172 220 119 136 234 187
 147 209 198  43 146 241  23  80  26  43  95  29 127 223][ 39 123   2 131 211 135 174 248  17 232 217 238 104 208 189 132 124 232
  22 255 195 146  28 238  60  28 175 162  79  63 186 149][ 18 205 119 255  50 194 127 231 189  65  90 162  60 151 164  96 102  59
  23 192  99 152  38 255 224 174 186 194  52 144 165  43][ 56 249  56 224 125 221  82  80 203  56  60   8  62 221  65  48 136 184
 213  80  10  43 114 177 219 221   1 123 114  11  70 147][209   1  83 237 116  10 105  51 104 136 242  66 183  51 144 115 118 172
  28 168 169 186 164  76 148 168 162 128 101 160  99  41][ 24 207  82 254  22 146  62 247 188   4 222 162  61 175 160  64 118 179
 143 193 114 137  32 255 242 231 186 129  55 152 165  41][ 51  33 118 233  56 167  88  79  15 177  81   8  22 152  20  56 142  29
 119  29 158 218  67 212 130 152  24 226   4 137   2 141][194  97 102 108  44 146 120  95 229   0 202 129 169 139 180 100  66  60
 123 104 196 133 151 204  70 249 130  11  46 134 114 140][113  66 211  69 102  10 107  48  97 168 122 198  83   3 149 246 126 204
  52 238 201 176 229   8  54 172 160 128 103 162  98 161][  2 192  18 153  70 137 184 197  30  17  82  18 140 202 120  73 111  11
  51 209  18  20  66 209  20  16 154 224 148   8 161 128][  2 141  58 153 211 242 181 167  30   7  78 147 236 246  46  64 241  59
 163 145  22 152  50 247 109  38 158  75 145  68 173 230][120 249 146  96 161 205  80 214 171 185 172   8 158 159  64  26 160 189
 221  80  26 107 146 192 219 221  20 127 194  16 199  27][131  24  47 189  36 188 120  39 157  74  82  66 189 158  48  96 204 187
  63 129 141 156 114 207 133 247 218 130  20   8  49 250][190  38 172 186  29 249 218 202 151 183 157 155 207 205  91  10 157 131
 205 181  46  71  75 146 219  87 153 255 183  79  30  70][201  23 126  69  54  59 233  19 108 224 126 230 155   9 149 109  54 132
  93 189 177 184  37  76  70 233  34 192 239 128  81 113][  3 168  50  92  89 140 232  98 255 128 224   8  40 250  21  52 168 169
  66 141  34 171 146  95  29  62  18  10 195   0  99 142][  2 152  28 217  52 143 185 103  28  41 210  18 166  28  36 100 204  59
  63   1  98 188 113 255 229 158 154  66  16   8 145 174][ 49  31 127 237  52 143 107 112 116  72 254 100 243  87 177 113  92 188
  14 108 233 177  97  29 227 233 162 144 113 170 112 249][ 48 207  90 105 176   2  79 191  36  13 254 228 131  35 128  80  94 199
  12 236 216 154  65  46 234 237 182 212 176 208 166  41][ 59 217  58  60  19 213 150 231 197  72 220  35  34 156  38  64 204 187
 147  65 206 171   2 189 115 101  24 139  81  28 188 223][  1 239  19  97 240 202 110 245 104  72 122  96 151  18 128 176  50  42
  70 120  81 152  36  93 172 152  38  64  72 130 195 161][129 148  53  89 180  46  77  31 124  91 126  80 214  55 152 125 213  14
  30  60 179 148 113   7 165 190 114 196 152 192 241 225][  2 188  50 154  83 213 184 103  62   5 104  19  44 222  38  64 231  59
 147 145  86  26  18 215  53  20  26 107  16   4 167 207][ 33 153 115  79 116 199 227 117  68  65 126   2 113 220 180  36  90  58
  18  72 147 186  52 127 111 188  32  64  93 138 116 188][ 33 207 111  77 116  67 239 246 100 202 126 230 113  13 149  32 126 232
  22 238 193 184 101 126 102  14 166 128 109 251 242 253][ 62 144 114 232 127 209 176  72 203  85 181  43  12 221 100  32 250 153
 151 209  18  35  50 213  91  81  11 127  87  15  37 215][  2 152 146 155 236 165 184  71 158  25  80  50 172 218  96  73 207  59
  51 145  18 220 194 241  13  50  90 202 144   8 161 139][ 30 152  50 250  95 205 176 192 143  17 161  11 142 223 108   0 170 185
 219  81  18  43  26 213 219 213  11 123 211  15  37 146][117  84 237 109  44  14  71  56  80 234 254 106  83  61 145 123  92 212
 124 110 233 247 229   8 241 171 229 148 109 251  82 113][254 248 168 176 141  81 157 200 147 247 148 187  15 221  91  11 201 221
 245 211 122  71 250 161 219 209 223 255 167  61 150 242][ 58 153  90 234  86 211  83 112   5   5 248 171  43 219  34  80 126 185
 151 224  30 154 112 189 250 229 160 203  55 142 102 203][ 98  42  98 154 107 185 176  64 171  29 177 191  12 140 102 154 238 177
 199  17  22 111 130 241  22  16  26 251 215  13  63 215][173 127  33  99 221 253 182 212 229  89 253 119 152 157 207 164 236  26
 215  86 151  62 120 162 119  89  34 234 251 223 254 247][178 100  67 160 198 104 234  71  41   0 184  91   7  10  20  24 234 137
  79 179  92  55  84 194 177 144 154 115  97  81 231 134][  3 148 149 241 229 230 173 159  30 123  26  84 148  55 104 111 205  31
  51 156 179 216 113 211 141 158 254 102 152  64 177 249][ 88 253  57  96  49 207  87 247 111 104 238   8 191  23  64  48 132 187
  94 104  75  58 113  31 251 217  37 124  64  18 199 123][ 10 159  16 189 255 133 184 119  30  13  88 247 172  43  36 192 198  59
 131   5 214 184  67 223 100  54  58 202  24  12 137 153][ 65 189 157 245 176 142 101  55 184 233 122  88 190  51   0  49 133  63
 124  12 241 216 209  15 237 255  54   0  72 192 195  41][ 93  71  87  69  50  26 110 113 101 160 255 230  91   3 181 244  54 196
  28 238 233 145  37  78 178 239  35 132  47 179  97  37][  6 184 254 243 186 145  56 159 191 113  86 179 173 255 196 104 103  31
 251 149 146 216 191 247 142 223 159 198 166 132 161 221][194  95  98 128 106 144 188  70 173   4 218 231 172 142 182  67 238 169
 207 199 196  27   4 224  52  48 138 139  12  22 173 221][  0 140  27 255  52 237 177 103 188  11  90  16 180 191  32  64 226  59
  59   1  34 188   2 127 197 182  58   0  16   8   5 171][  9 201  83 101 176 139 102 245 100  40 114  96 243   0 144 176  50  40
  70 106  85 184   5  63 164 140  36   0 104 146 202 140][241  81 127 109  36  14 103  48 244 200 247  96 243  21 176 113  92 180
 126 110 233 181  97  14 241 171  96 144 104 170 112  49][ 17  93 127 233  52 143 107  82 236  72 254 100 183  23 160 112  94  56
  30 104 169 184  97  29 231 237  34 128 112 137 101 249][ 50  89 110  28  27 197 151 228 132   4 192 131  34 220  55  68 104 241
 147 195  76 171  54 191  49  36 138  27 117  31 116  94][ 78 184 150  17 155 249  16 135 175  53 170   1 238 242  66 223 161  51
 232  16  22  73 147 113 137  22  87  87 202  69 173  30][231 205 115 235 252 161 190 231  69   3 201 146 133  13 184 101 207  18
  27  46 246 159  77 182 118 252 158  74 150 223 177 140][ 82 177 176 238 203 192  23  77 171   5 173  41  46 223 104  86 162 179
 255 192  90  11 154 209 243 244  10  59  82  66 167 187][ 73 157  61  73 181 126 117 183 108  89 110  64 178  55 128 242 193  22
  58  24 147 184 113  37 111 191 116  68 218 208 192  59][120 233 104 106  93 213  82 204 195  13 172   9  42 217  86 180 216 184
 204  80  94  43 242 181 123 221 128 123 115  14 254  74][199 249  29  63  40 156 126 144 232  88 146 100 191  86 131 243 198  97
 124  78 207 196 222 105 166 249 111 144   8 179  11  29][ 33 215  99  77  84  79 239 252  68  66 122 198 113  36 189  36 126  78
  18 238 193 184 117 127  36  46 166   0 125 154 240 252][190  46 168 176  61 123  88 202 151 247 148 155 143 205  67  27 137 209
 221 151  46  71 202 178 219 215 153 191 183 109  22  82][126 241 240 234  75  65  22 204 131  16 173  40  30 223 108  16 216 153
 213 194  74   3 218 209 243 213  13  63  83  54 166 146][  2 156  26 155  83 225 184 103  30   5  73  19 172 222  36  64 255  59
 147 129  50 154  18 223   5  21 154 107  17   0 173 154][ 32 217 123  79 116 207 227 252  68  72 124 102 115 221 180  32  88  58
  22 104 211 184  48  63 109 172  32 192 125 138 228 185][  4  20 191 211 160 237  49  23 188 219 111  16 156 247  96 105 135  59
  27  24  49 220  50  66 205 159 118  66 144  72 133 243][150  60 186 186 139 224 184  67 191  71  73 179  44 255  98   8 167  59
 147 147  54  79  10 227 211  69  26 171 181  70 167 211][ 69 176 181  87 165 126 225  49 250 235  31  80 220 124 220  46 149  54
 124  59 145 240 249 194  13  30 119  66 192  99 215 117][ 56 249  58  98 117 221  82  80 235  40  60   8  63 153  97  16 136 185
 215  80  74  59  48 181 251 221   0 123  82 138  66 138][121  70  83  69 118  10 107  50  97 200 122 230  19   3 148 244 126 140
  20 172 201 180 229  14  38 172 162 128 111 162  98 185][  3 186 195 147 118 179 168   3  30  65  83 247 172 136 182 204 127  43
 179 149 151 220  71 231  12  22 154 194 143 132 185 213][ 56 235 106 234  86 147  91 216   7   4 116 171  51 205 179  16 126 184
 135 242  78 178  12 189 250 205 161 193 127 139 124 153][ 61 121 122 234  93 213 211 216  69  72 180  10  59 217 125  48 252 152
 151 122 203  35  56 189 115 217   0  58 115  27 112 235][210 109  91 107 174 162 110  70 237   2 203 144  17 139  53  64 226  31
 123 195 108 151 149  98 178 184 130   8  44 211 240   8][  3 157  17 157 243 141 184  39  28  73  88 231 188  50 160 196 198  43
  23   5  83 152  83 223 164  52  58 194  28  12 129 157][ 90 184 115 249  50 137  56 159  62  33 218 194 189 207  64  64  55 187
 127 145 146 152 151 215 221 237 187 232 180 128  33  25][125 219  88 101  40 140  95 176 161  14 182 237 179  67 131  18 142 225
  76  78 204  32 193  41 246 233 101 152 104 179  74  25][121  84 255 101  36  46  71  16  96 170 254 104 211  49 145 114  92 244
 124 106 137 242 225   8 213 175  97 148 105 251  82  41][130 160  80 153 102 129 184  75  14  17  80  18 140 138 112  73 111   9
  19 145  82  56   3 209  20  16 218 172  21  72  49 137][145  91  95 237  52 134 107  48 116  72 246 102 147  23 177  97 124 164
  30 238 233 185  33  76 225 233 162 128 120 137  96  49][154 207 102 254 118 146 126 245 149   4 222 135 105 239 184  68 118 243
 143 207 226 139  40 255 242 231 190 201  55 158 181  88][188 111 229  37 124  75 199  72  80 230 246 175  67  45 151 149  88 204
  70 111 233 246 229  10 116  75 225  53 103 255  86 240][ 94 248 184 228 139  69  23 238 131 162 140  11  31 255  65  26 157 213
 221 227  72  67 218 161 251 215 221  63  34 119   7  82][ 34  91 123 233 118 193 185  87  13  77 124 167  61 159 162  64 238  59
 151 129 195 186  96 223 119 221 186 170  29 152 165 251][  2 184 150 155 237 165 184  71 158  25  81  50 172 222 104  73 199  59
  51  17  18 216 130 241  13  16  90 234 144   8 161 139][  2  20  59 190 116 228 185  71 188  75  91  18 188 158  48  96 230  59
  63 129  51 157  50 207 197 182 186 200 148   0 181 251][136 220  27 245  98 196  61  55 188  11  82 113 189 159  32  67 230  59
  31 129 114 156 146  67 197 161  58 192   0   0 165 187][  2 129 170 152 217 241 176 207 158  21  76 147 172 254 110 192 217  59
 163 145  22  24  10 247  77  22 158  79 144  76 189 142][ 72 130 144 152 123 201  32  43 254  25  98 120 172 178  96 212 195  61
 170   0  18  58 195 215  28 182  18  75 146   0  45  13][ 48 219 122 234  86 195  83 252   5   4 252 167 115 223 162  80 126 185
 135 250  74 186  44  61 123 205 160 193 117 139 102 203][  8 253  63 252  19 204  53 103 188   3  74   0 188 183  32 113 162  59
 251   0  99 153  50 111 241 247  94   3   0  64 167 123][161  12 245  71 100 110 239  30 121 170 119  88 243  49 149  63  15  84
 118  42 225 252 125  42  71 186 117 132 195 249  66 169][154 207 126 222  50 194  63 244 189   4  86 162 109 247 162 117 102 251
 191 202 226 153  47 253 240 231 254 129  55 146 165  41][165 204 105  75 116 155 239 248  84  66 125  70 113  73 188  37  91 232
  22 110 241 190 108 191 102  14 164 192 127 171 208 224][ 26 156  23 185  91 229 184 111 158  17  72  19 172 222  32  64 233  59
 131 129  50 153  18 215 193 199  26  75 144   4 165 138][126 188  16 234 155 245  82 234  35   7 169   8  46 255 104 144 179 155
 213 178  26  43 152 247 219 213   3 127 178  67  39  34][160 211 123 235 116 197 185 214  28  77 124 247 189 159 160  64 238  59
 151 192 227 186  32 255 231 221 186 128  21 152  37 251][178 109 109 101  14  91 199 120  17 226 151 142  83  45 145  43  88 228
 215 227 233 246 117  10 242  66 193 176 101 255  86 248][  3 133  16 153 242 185 184  39  31   1  90 247 172  34 160 196 199  11
  18 133  23 152  81 215  12  62  26 194 158  76 137 156][125  49 154 101  52  46  99  16  96 168 255 108 211  49 145 114  60 244
 124 106 137 240 209   8 214 237  32 144 234 251  90  41][ 82 235  18 144  43 193 184  68 175  21 128 163 172 214  98  18 166  57
 207 209   2  11 130 209 153  16  26 235   0   6  39 203][166 109  18 171 220  41 230 199 253  35 233  26 133 162 117   1 233  75
  74  50 112 171 152 114  53 148 148 120 241  89 211 130][ 90  79  94 188  50 128  61 102 188 134 222 163  45 167  35  81 102 243
 173 193  96 137   2 239 242 231 254 139  36 212  45  75][ 39 234 226   0 239  27 190 204  75 252  60 175  72 200 247 190  63 201
 214 247 196 114 174 248  62  24 197 239 239 255  90 213][190  74 110  62  78 210 154  96 132 132 215 163  97 204 179 193 106 224
 131 231  76 167  46  45 114  97 234 137 119 191 124 210][249  22  67  77 118  58 106 114 117 106 250 230  19   2 149 244 126 140
  22 172 233 182 101 142  22 236 162 128 111 160 112 181][120 249 248 230 155  71  87 245  19 160 140  41 127 191  65  16 158 255
 245 194  72  11 216 186 251 197  13  63  34  54 134  90][176 255 107  74  86 195 255 252  21   4 124 166  49 205 190  32 126 184
  23 250 202 186  44 191 114 141 160 224 117 155 116 251][  3 178 195 155 118 178 168  19  94  65  83 247 232 204 188 236 127  43
  51 157 183 220 109 215  12  30 154 194 143 141  57 213][189 221 121 106 244 141 223 248  81   8 125   8 123 217 189  48 157 200
  23 122 251  54  40  63 123 221  37 236 115 171  98 161][210 151  62 188 170 192  61 103 172   5 142 179 204 231  42  67 230  51
 253 177 112 137 130 198 248 163 250 203  36   4 165  91][205  48 179 115  52 253 106 152 251 201  19  92 223 252 217 174 149 108
 124 127 181 244 254 130 141 222 107 196 142 167  83 117][  2 185 146 155 237 165 184  79 158  25  81  50 172 218 104  73 207  59
  51 145  18  88 130 241  13  16  90 234 144   8 161 131][218 223 126 186 178 193  23 231 191  20 150 171  47 127  34  81 231 243
 173 195 122  11  11 253 250 195 126 211  53  84 165  91][  6 122  66 154 107 145 184  64 143  21  81 231 140 202 255 139 238 169
 211 215 134  71 142 241  20  16 154 235  29  15  59 215][ 38 140  83 251 244 137 238 224  93   3 128 146 229 105  61  97 251  67
  27  46 112  59  76 175 188 158 222  81 148 250 241 132][213  88 127 237  36  14 103  48 116  74 246  96 215  23 161 112 230 181
  62 106 233 180  49  78 213 175  98 128 108 185  97  49][ 74 184 156 165 169 252  56  23 169  93  14 165 175 183  66 218 135  55
 253  21  23   9 242 193 207 245 122 219 130  68 143  91][210 207  46 187 154 145 190 231 172  84 154 247 237  78 182 195 111 195
 255 215 246   9  15 255 184  67 174 219  61  23 185  93][ 80 245  59  98  80 205 119 127 112 105 111  24 118 215   8  48 180 154
  93 106 115 187  56  63 243 141  36 104 104 130 230 243][144  89 127 249  50 139 121 118  60   8 246 240 183  23 160 113 230  51
  31  64 225 189  81 127 226 171  50 128 124 136  37  57][  8 225   9 233  48 197 105  31  62  33 202 192 189 135  80  80 246  59
  31 153  11 152  81 213 237 221 186 224  28 130 161 184][ 37  30 253  87 100 110 227 176 121 170 127  16 243 113 149  63  15 118
 102  74 161 244 105 106  79 191 117 128 195 251  70 161][ 69 123  26  60  40 140  94 176 169 200  60 109 183 211 227 114 134 225
  92  78 205   1 146 104 226 185 103 168  72 179  75  25][129 221 115  75 118 135 163 244  92  72 112 102 112 217 180 100 126  56
  22 107 227 184  36 127  36  44  34 192  93 138 241 185][163 255   7  13 125 151 174 255 205 232  88 100 184 112 181 167 206  98
  86 111 229 171 108 255  44  24 143 182  30 190  91 221][148  77  90 171 140 160 110 197 108   2 202 208 247  98  29  82  99 239
 106 203 122 148 205  98 180 172 142   0 141 211 240   0][ 45 107 252 117 237  31 212 150  83 250  52  76 187  57  87 187 201 238
 118  78 204 254 209 168 103 219  85  48 202 253 218 143][  2 128  18 153  70 169 184  71  30  17  80  18 140 138 112  73 111   9
  51 145  18 156  67 209  20  16 218 204 148   8  33 136][ 82  99  18 152 107 193  56  68 175  20 144 163  44 214  98  80 166 185
 207 209   2  11 130 209 145  16  10 235  21   6  39 203][ 66  16 187 228 102 102  57  83  28  79  95  50 157 191  32 104 246  61
  63 129 145 153 176 194 211 165 186 128 180  96 165 115][201 209  31 249  48 207 105  53  60   1 198  80 189  23  24 241 198  55
  95 216 107 156 113  31 229 251 186  64  24 128 129  56][205 112 179 102 105  86 122  80 249 200  17 108 220 222 225 187 182 125
 124 123 165 199 186  72 145 217  99 174 136 179  35 245][ 41  22  67  69 118  58 232  83 117 106 122 246  25   2 148 252 126 140
  22 172 169 182 101 206  22 238 178 128 111 200  96 181][ 56  89 114 232  87 205  86 101 233   0 236   8  62 223  33  16 178 185
 151  98  74  35  16 159 243 221   0  59 115  26 199 138][190   2 102  44  39  18 200  96 213 142 215 167  75 200 191 201 122 172
 167 231 204 183   6 136 146 107 234 129 119 175 124 197][  0 128 217 253  20  11 232 107 222 128 128   2 183  98  52 193 250 161
  10 169  32 104  64  93 156 142 219  44 148  40 113 136][ 35 123  67   5 118 154 238 119 113 232 124 236  57   4 151 180  62 108
  20 205 197 186 228 238  36 124 164 128 111 180  90 253][ 24  92  31 249  32 142 125  51 172  10 126  96 255 151  33 240 230  49
 191  10 201 156  17  63 199 239 122 128  24 160  33  57][ 72  22 187 237  52 230 121  19  60  10 126 100 223 183 161 112 118 189
  63 136 129 144  48  74 197 175 162 128 168 224  37  51][136 152  63 251  48 205 121 116 156  72 242 195 191  31  32  97 230  19
  31 204 227 141  19 255 195 203  58 128  24 136  37 249][  2 185 178 152 239 197 176 207 142  93  80  35 140 158 102   9 239  59
 179 145  18 122 210 209  29  16 223 239 149  12 165 219][214  89  63 222  11 196  23  80 133 204 197  11 124 215  39 103 236 241
 249 194  72 135 178 232 209 160 203  26  35  51  37 115][165 237 121  81 244 139 239 253 115 232 116  88  51  65 253  53  27 202
   6 120 227 252  60  63 110 159  37 100  87 184 194 169][223 207  76 191 142 145 174 190 142  82 218 231 233 238 255 195 111 227
 191 199 239   4 207 247 164  97 239 137  61  54  57  92][ 95  95 202 188  18 146  62 114 181 196 218 231  45 234 179 192 102 239
 189 199 204 139   4 238 178 103 174 137  47 245  41  29][177 127 237 103  14  75 199  48  17 226 243 238 115  45 145  35  88 244
 125 227 233 246 245  46 247  10 225 176 101 251  86 250][ 60 188 152 122 115 247  82 218 115  11 124  88  31 251  65 152 185 153
 132  16  42  62  24  63 219 207  49 111 243  67 110 131][210 203 238 190  10   0  61 246 164  23 214 183 109 175  98  66 102 223
 191 199  68 223 135 225 240  33 254 137  36 149 173  91][167 204 101 219 212 147 239 244  85  98  82 214 240 104 188 165 121 202
  18 239 241 188 109 255  44  46 246 192  95 157 240 252][152  89 107 252  23 198  86 114 165 196 198 135  49 223  35  64 104 240
 149 194 104 131  52 237 243 225 138   9  55  55 124 122][105  17 218 101 116  46 115  16 113 200 126 108 247  49 129 112 118 252
 116 104 137 176 241  10 214 237  32 128 234 235  74  33][  2 160 148 153 100 169 184  71  30  17  80 146 172 142 112  73 239  27
  19 145  18 252  66 209   4  16 218 232 148  12 177 137][112 253  59 100  84  79 119 254 112  72 110   8 118  87   0  48 180 222
  84 106 225 178 177  63 247 141  37  32 104 146 198 251][ 44  60 252 119 100 239 115 178 249 170  62   8 179  53 129  58  15 118
 102  74  32 248 121  42  71 159 116  16 194 241  70 185][ 37 139 140 186 252  47  75 184  22  61 241  93 211  41  58  89 201 202
  23  95 188  98  88  52 201 139 255 124 152 123 216 210][ 37 140 235  91  84 239 235 146  94  73 127  82 240 124 188 100  89  42
  18 156 179 188 125 255  13  62 178 192 213 137  80 228][ 29 177 155 171 148 237  99  25  62  41 203   2 151 215  72 224 241  30
  63  25  27 152 251 145 205 197 187 100 152  10 145  50][165 122 236 119 108  13 255 150  83 238 182  93 179  41  83  10 201 102
 119  94 238 252 211 162 111 221  52  48  76 249  88 203][129 201 123 113  52 140 105  55 124   9 118  80 183  19 144 112   6  42
  70  72 243 184  32 111 231 185  48  64  64 128 195 169]