[120  96  90 228  74  78 120  80 177 132 230 137  95 215  35  89  54 245
 111 230  72 195 146  72 211 235  97   9  98 179  46  66][ 93 244 157  33 163  78  55 158  54 251 174  76 223  55  73 254  55  84
 108  62  89 212 185   2 237 199 103  84 170 240 131 113][ 85 244 157  35 184 111  79 184  50 250 169  76 215 115  73  50 151 205
 124 127 107  68 217  63 233 135  47 180 136 115   3  49][126 121  96 102  93  95 214 248  65 236 254  13  74  29  23  52 216 204
 199 102 204 179 241 172 243 253 133  55  67 191 118 254][197 127 253  65 170  63  47 154 122 242  38  72 222 116 221 191  55  84
 124 122 161 112 253 106 189  11 101  52 228 241   3  37][ 10 238  32 152 125 221 184 238  31 125  92  27  44 140 118 132 173  11
 131   5 102  63  34 255  63  86  28 235  82  12 159 223][  1 205  66 143  92 131 166 230 196  64 218  66  32 168  55  96 104 106
  10 195 199 187  13 255  60  36 142   0  93  30 120 140][164 124  61 127  36 239 229 248 126 190 113  24 247 121   1  41 153 120
  71  42 105 246  90  63 197 143 119  48  81 121  71 163][118 121  40 204 221  79 214 248   3 232 248   9  66 221  85  48 220 221
 215 227 200  35 251 156 187 220 133 191  83  63 118 215][ 38 183  82 106 125 173  82  88 233  29 185  45  46 217  44  20 172 147
 198  98  26  35  26 229  19 216   0 123  67  75  78 135][ 45 245  25 108 117  95  71 185  99 104 237  76 211  81 136 176 216 204
   4 106  73 178 249  31 167 253  37 124  90 186 194 162][165  89 253 127 236 207 245 124 238 218 244   8 115 253  53  59 200 241
 119 107 192 227 123  61  71 171 101  16  81 121 198 227][129  29 122  87 246 188 183 119 252 143 127  48 112 241 166  97  34  58
  18   8 241 253  48 110 111  47 116  64  73 192 231 171][252 126 255 113 160 105  85 151 240 182  38  24  19  39  65  27  33 222
 109  40 120 117 178   0 243 235 117  53 224 240 198  98][112 196 104 175  12  73  71  45   4  71  73 139 243  69  26  80  88 136
  41  39  74  38  95  55 229 165 176   9 112 154 244  90][213 126 222 181 234  10 126 159  59 154 114 244 159 170 193  91 167 255
 110 114 228 252 131 106 190 243 119 132 232 241 171 137][ 88 252  26 184  57 253  17 199 190  93 172  49 175 151  34 244 135  59
 239   0   7  11 178 183 243 245  26 123  18  84 175 123][252  52 189 228 169 109  93  24 163 254 165  25 223 183  67  27 135 245
 253  50  41  71 250   2 219 211 101 254 130 243   7 115][229  55  28 101  32 110 103  56 104 234 191  76 211  49  27  51 144  68
 108 106 169 240 249  12 229 187  97  21  72 227  74  33][253 100 222  36 195  62  86 200  49 162 231  27  95 115  43 159  49 204
  80 126  44 215 152  10 243 235  69   7 227 247 234 130][  1 168 218  27 224 233  96 215 127 113 102 145 190 195  66  92  51  42
   6  28  23 248  15 113  78  30  52  97 218 128 203 154][137  92  29 119 128 238 101  55 124 186  98  80 247  51   1 107 129  62
 104   8  97 252  81  14 197 162 118   0  72  80 129 184][176  79  94 172  18 194  95 230 180 128 250 163 119  39  33  81 120 247
  13 226 104 143   1  63 241 231 174 145  49 177  36  42][ 81 125 213  37  34  74  45 255  59 226 106 236 191  54 129 182  38 125
 124  96  65 217 181 104 181 246 111 182  32 112   7 125][189  69 107 100  21  31 206 112  69 224 167  14  67  72  23 181 120 228
 206 111 205 183 125 142 179 233   1  20 107 191  90  36][ 72 157  58 101  49 206 113  55 105 137 126   8 191  51   0 112 160  62
 124   8  81 152 177  12 207 253  48   1  66 194 230  43][166  61  68  87 184  42 101 184  60 242 226 245 211 115 133  91  99 238
 125 126 113 212  73 110 174 170 245  20 168 241  82 185][248 161 156 112 137 237  85   7 178 179 164  24 151 183  66  27 129 182
 105  16  90  75 210   0 219 203  84 121 192  64 206  42][ 29  77  99 237  50  66 111  58 116 194  94 230 209 103 177 100 118 236
  29 238 233 148  37  46 224 174 175 128  46 243  53 113][249 249  53  58 153 205  87 253 255 120 160   9 255  94   2  49 132 243
  92  70 239  79 122  63 249 219  69 122  82  22 131 123][ 88  55  42 161  52  38 107  17 100 228 207  70 151  19  91  64 120 141
  93 171 200 144 213  12 244 229 170 132  44 130  58  34][102 120  50 114 104 140  82  16 161  73 225 125  70 215 204  27 196 180
  85  86 142  71 202  33 210 248  16 250  10 135  66  23][ 90 153 180 245 169 124  60 175 251 211 134  16 255 191  80 106 163  87
 253  24  48  73 243 195 207 255  95  87 130 100 133  91][ 93 120 159 101 160 110 103 155 246 250 135  80 223 115  65 254  53  68
 124 126  57 213 187  42 201 239 103   4 162 241 131  97][103 229 185  71 237 125 222 141  75 255 169   8 226 124  93 186 153  70
 124  94 223  98 251  49 175 223  85  63 192 123 214 238][210  75 174 188  10 226  63 110 142 212 202 147 237 206  34  66 102 243
 185 195 104 205  14 255 241 227 203 137  53  49 165  90][116 113 121 101  80  79  83 120  97 228 239   8  83  87  73  48  24 220
  85 106  73 178 249  12 247 141  33  52  97 179  70 242][ 48 220  27 250  80 196  83 246  52  10 232  77  55 219  32  81 204 187
   7 194  74  14  26  63 243 173  32  40  88  19  99 187][138 181 148 250 217 245 180 207 158  23 104  16 172 255 104 205 201  59
 235  16  50  78  82 247  45 210  30 107 146  72 173 186][  0 157 159 245 176 205  53  39 188   7  74  48 181 183  32  81 165  51
 105   0 112 216  19  47 237 167 126   0 128  64 133  43][211 221  28  30 159 148 150 229 232   6 140   6  96 248  55 227 236 227
  88 239 244  43 190 127 179  43 206  59  89 114 171  14][162 218  17 188  45 217 144  72 143  28 176 121 174 220  36 237 200 153
 238  65  78  47  98 145 145 208  75 191  80  12  53 199][ 34 139 165 154 253 193 148 207 158  31 217  51 164 252 118 136 201  43
 131  21  54 106  74 241  41  22 222 251 212  93 221 203][232 172 189 113 189 253  80 246 251 251 180  25 143 189  64 155 129 103
 108  28  58 109 210  50 139 223  85 127 194 233 203 235][245  78  92 118 108  41  86 136 209 186 176 120  83 120  71  59 139 229
 108  98 236 103 203  42 146 203 101 191 249 249  74   3][116  97 153 106 157  69  71 200 102   1 173   8  82 243 105  48 216 218
  64 122  10  35 250  49 249 213   5  61 208 123 230  34][ 28  21  61 239 156 111  71  59  84 170 171  24 215 113  41  65 217 114
  93  42 105 161 121  30 225 207  37  52 240 123 213  34][ 80 189  93 240 234 205 113  55 171 185 186 104 191  63  64  19 167 183
 109  16  24 123 145  28 255 227 117 112 232 128 135  59][ 16 157 158 186 154 196 149 231 156  25 200  19 180 254  32  73 193  51
 187 129  58 139  18 245 249 167 254  75 144  88 173 154][ 25  89 103 165 102 126 109 244 101 226 106 134  95  62 145 115 118 237
  22 239 205 144  53 204 150 235 234   4  45 246  98 252][220  72 156 247   9 108  85 154 163 147 166  16 215 115  73  91 193 212
 125 218   8  71 219  32 211 251 199  20 160 241 102  34][ 53 239 126 109 190 131  95 252  68 168 250 170 115 104 147  33  94 230
  86 239 236 187  77  61 248 137  37 148 101 187 216   1][130 156 187 219 246 229 191 231  30  15  88  51 180 254  36  64 255 123
  19 129  54 190  58 127 109  38 190  72 144  72 165 203][129 172 219  85 194 226  97 206 118 167 102  16 113 243 193 120 115 126
  34 152  50 220 239 115  77  46 247   4 161 208 103 168][149  92 159 221   6  46 111 182 116 202  74  66  85  51 177  97 119 108
  58 238 225 220  53 110 101 174 231   4  40 241  97  49][138 176 186 250 155 245 176 199 191  31  69  17 172 223 110 104 165  59
 155 145  54  13  58 243 219 215  26 107 146  68 173 219][ 45 116 165  79 141 127  71 184 119 250 239  24 242 116 219 191 217  70
 252  58 173 230 251  46 175 219 229  18 194 127 214 119][210 228  23 176 137 228  69 230 183 159 162  24 142 211 104 255 137 247
 236 192 122  79 130 197 177 242 223 127   2  84 166  46][100 116 188  99 140 111  87 152 106 254 167  13 211 124  75  59 145 212
 108 115 173 116 249  24 239 219 101  52 200 123  86  82][  5 172 221  89 146 235 171 143 126 227 106  16 209 113 128 104  51  46
 122  28  51 248 109 127 108 174  55  64 193 192 193 160][ 86 182 173 121 153 173  56 143  30  55 137  85 132  63  76 104 229  27
 123  20 190  88 251  23 143 134 223 126 144  64 133 242][135 231 220 191 221 135 238 169 255 251  49  86 233 232  94 167 185  99
 110 187 247 229  31 223  44 222 207 108 205  50 251 132][ 11 183 109 251 244 159 237 255  95 121  95 246 189 171 254  96 127  10
  55 157 211 184 127 215 238 223 191 228 190 152 209 249][ 38  36 221 211 236 169 232  67 239 179 179 218 159 234  84  27 235 131
 127 157  50 122  78 208 156 154 223 244 197 201 211 128][229 239 148 118 232  15  70 172 250 186 160  88 242 113  13 147 153 230
 104 106 105 103 202  62 184 154 101  60  72 123 194   8][228  36 191  86 168 106   1 136 242 191 167  56 210 242  73 123 129 116
 108  50  56  71 234   2 201 178 117  63 128 113 102  34][ 33 187 121  65 244 159 106 117 109  40 124  68 179  15 148 176 156  58
  70 124 223 184 113  29  47 221  36 192  64 130 194 169][122 168 213  86  75 209 216 107 187 214 160 154  44 254  70 183 171 243
 251 129  15 111 238 241 155  90 223  59 103   4  47  94][137  59  24 161 248 141 185  87  50 189 148  60 181 151 194   0 140  59
 215  29 178  90 224  31 204 197  57 248 200   0 139 203][ 67 211 110  94 106  84  60 125 169  92 119 239 104 254 190 247 166 213
 253 207 197  75 166 225  50 121 112 139  15 182 174  95][ 89 156 144 181  40  44  81  23 111 235  90  96 254 179 192 124 151  55
 124  25 137 188 195  66 204 246 119 194 202 224   1  11][ 35 233 102 158  93 151 170 236  94 225 208   3 104 168  54  32 249 235
  19 207 164 251  30 253  62  30 159 105  93  31 249 142][ 34 175 233  35 244 203 239 167 110 101 122 175 243 236 150   0 122 174
  71 213 150 184 109  63 108  12 165 192 229 142 214 216][109 240  57  98  93  93  67 248  99 224 173   8  90 213  88 180 152 136
  80 122 203  35 248  24  91 221   1 124  66  11  94 226][168 127 177 124 237  77 148 255 218 218  48 109 178 253 197 175 207 122
 227  35 225 102 210 136 101  82  69  58  90 124 215 251][246 105 159 176 137  69  84 199 171 242 168   9  14 223  97  59 161 225
 121  82  78  67 154  80 187 208  69  63  16 112 230  70][ 43 244  54  73  43  63 190 254  86 106 254 248 216 188 158 164 221  95
 250  47 229 231 253 223  87  95  31 254  91 220  43 157][212 228  29 226 168 109  85 188 134  63 141  25 215 119  73  27 149 211
 109  50  58  69 235  19 233 193 109 125 176 123 133  99][100  77 109  39 244  74 239 176  96 224 123 229 243 109 145  48  26 230
  87 111 225 176 109  46 100 175  37 128 109 251  86 112][214 115 166 191 168   7  28 125  61 190 211 253 226 110 149 219 244 247
 253 231 252 207 203 206 178 122 207 154 138  52 176  87][234 250  98  92 109 145 184 234 219 126 116 255  40 252 246 165 255 217
 183 225 246 126 174 247  30  88 235 239  87  44 126 215][245  79 109 101 172  14  78 184  64 170 186  76 211  41  17  83  89 196
 109 238 233 240 221  14 239 235 229  20 105 251  80  32][ 61   6 133  55 212  47 102  91 118 171 251  88 211  97 136 188 121 206
 102 188  56 242 201  10 172 238 245  68 235 250 242 128][ 13  55 251 245 230 108 249  91  59 223 127 246 157 255 217 106 127 223
  55 152 147 250 239 194 223 237 247 228 167 233 103 241][124  60 182 250 157 253  82 200 139 181 165   9  79 255  97 155 201 241
 237  80  42  99 186 176 219 223  69 127 210 127  71 194][ 24 214 244 137 247 251 181 255  95  63  61 191 207  44 174 132  55  19
 198  32 182  57  45 215 126 215  53 247 246 222 141 223][124 120 214 126  41 249  82 152 161 142 160  41 239 243  65 154 146 241
 237 114  44 103 194  42 203 209  37  59 226 247  78  11][ 63 114 232  35 238  63 158 220  26 238 157 239 211  72 223  42  31  77
 117 127 132 102 205  42 108  15 109 188 237 255  91 213][132 172 156  59 186 231  29 191 190  87  15 177 244 119  10  91   7  83
 121 156  50 204  43 117 233 131 125  68 144 208 135 122][ 45 113  25 101 244  15  71 156 107 224 108  76 211  17 217  52 144  76
  64 110 201  48 249  28 111 221   5  36  74 186  66  56][249  77 106 108  18 218 127 100 177 192 238 130 123 239  55 113 126 245
 189 238 104 155 180 238 243 239 134   0  39 182 102 104][160 180  26  16  80 237 241  67 186  89 104  93  50 156  76  16 136 187
  67  16  51 190  82  83  85  20  16 120  73   8 207 154][168  96  88 233 120 169 120  72 171 128 237   8 159 211  65  48 134 185
 119 120  10   6 194 221 215 217   3 109   2 131   2 160][217 181 181 112 189 140  69 191 250 189 138  24 158 186  88 114 133  87
 124  89 251 107 251 117 249 249  31 126 128   0 135 107][124 184  57 240 169 205  81 219 235 121 180  24  31 159  72  59 135 151
 253  24 155 111 250 144 219 217 117 252 234 128 198  51][ 75 146 167 150  45 252  56 176 234  89 139 124 252 254 216 234 164 103
 252 197 151  73 186 225 141  48 218 218   8   7  17  85][244 255  92  71 184  15  87 248  55 174 191  44  83  99 141  51  63 212
 108 106 104 227 249  63 255 207 101 180  97 243 198  51][240  93 255 245 230  74 119 167 184 226 106  35 119  63  33  83 226 119
 125  98  97 217 145  46 245 171 231 128  40 112 244 123][ 55 212  37 154  13  69 139 232 214 127 129  18 240 253 124  68 217  88
  59 175  42 103 123 183 217  30 223 126 217  43  53 242][201 156 142  85 180 254 102 167 116 194 102  84 243 182 164 113 229 126
  42 136 253 220  49  47 237 175 246   0   8  96 104 184][127 116 232  67 110  63 206 152  90 226  29 238  89  72 223 170  31  77
 116 255 133 118 253 138  46  77  45 188 237 255  91 149][154 212 106 204  54 146 251 118  61 132 214 163 121 143 182  97 118 185
 159 236 224 157  36 206 242 169 174 192  39 136 117 121][ 13 109 218 129 122 251 175 206 190 192 188 200 253 246 195 180  54 105
  94 124   7 193 174  94 252  29  47 188 132 243  11 237][102 248 187  80 235 189  20 222 171 187 160 124  46 222  69 191 135 219
 236  16 158  79 186 240  27 216  85  63 194  81 142  31][ 16 168 158 191 174 194 176  70 174 183 194  35 229 254  98  75 235 127
 235 145  18 217 131 177 221 231 223  83 132   8 181 202][145 207  78 191 150 130 174 229 214   5 218 183  97 234  50 192 122 235
  38 199 254 187  12 255 184  39 174   1 189  63 249 136][224 164 140  58 201 169   4 207 182  19 169  24 230 242  72  27 201 130
 106  16  58  79 203  51 137 150 214 123 208  64 134 138][ 65 125  63 117 145 206 119 182 249 192 106   8 190 181   1  50 160 118
 120  72  97 248 176 110 165 191  20   2  72  80  71 122][ 23  46 247  87  50 162 171  66  60 131 122 242 116 230 181 104  55 123
  50 159 161 213  36 106  16  46 122 128 197 241  39 233][248  49 255 116 129 108  85  23 179 247 166  29  31 183  66  27 161 182
 237   0 120 107 178   0 219 227 116  53 226 224 230 122][249 217  53  62  41 205  87 253 247 122 160   8 255 215   0 181 132 243
 125  74 107  79 122  63 241 219  69  58 114  22 135 107][215 151 107  72 114  18 123 185 121  69 243 255  89  78 158 113  54 133
  29 173 183 133  37 207 122  41 170 196  45 132 230 117][214  76  47 190 138 166  94 228 148 166 202 147 237 239  49  75 102 247
 189 199 108 199  31 255 241 227 239 145  52 115 165  66][226  90 156 155  44 141 145   5 159  63 145 252 166 128  38  77 204  49
 238   1 170  47 114 145 133 178  90 186 152  24  21 127][125 176 249 240 169 221  81 208 235 249 180 120 159 159 200 186 135 149
 253  24 155 107 234 144 219 217  53 254 226 128  71  51][220  21  29 231 141  79  87 184 164 190 175  24 215 115   9  91 209 214
 108 106 121 225 121  44 249 227 101  20  50 123 132  34][ 11 247 105 251 246 157 237 255  95 121  95 246 157 255 252  96 127  11
  23 157 179 120 111 215 110 221 191 228 190 200 209 241][216 185  27 244  34 204  57 119 186 233 162  56 191 183  64  18 166 255
 237 128 113 216 146 103 221 231 127 104  40   0 135  59][144 215 126 119 246 139 246 119 116 138 122 119 119 249 168  17  51 122
  38  34 228 188   1  46 102 239 116   3 109 248 233 139][  1 171 218  27 160 201 121 215 127  81 110  65 189 195 230 116  51  42
   2  24  22 184  14 113 206 158  22  97 210 128 235 136][104 189  59 101 117 207 115  55 105  41 126   8 191  61   0  48 180 190
  68   8 217 184 176  13 231 253  32   0  98 138  70  43][252 104 149 246 169 108  85 158 163 182 166  24 223 243  73 127 193 214
 125  90  42  71 251 160 219 250 213  62 162 241 102  42][ 60 118 114 106 181  29 210 216 233  13 185 109  79 201  45 144 191 209
 196 114 142  39  24 191 187 221  33 127 211 191 102 151][252 108 189 112 169 108  89 154 171 186 164  24 159 183  65  63 129 245
 125  26  41  71 250 226 219 217  69 126 130 241   6  34][ 93 252 159  97 176  94 119 151 114 233 174   8 223  55  67 242  55 212
 124  24  89 216 185   2 255 207  37 100 226 242 139  99][ 43  53 148  93 235  29 148  59  11 178  61 232 190 125  68 175 143  91
 242  35 209 106 218 137  15 219  85  58  94 236  11 189][109 180 189  46 173  63  87 184  87 250 157  76 215 117 219 190 221  68
 124  46 175  99 255  17 207 255 101 188 218 255  90 101][ 96 151  57  94 172  44 135  57  72  95 153  84 242 116 156 103 213  86
 124  43 249 107 251  39 129  62 122 158  80  98 215 117][101 116 156  99 136  47 150  25 234 186 169  92 215 240  73  58 149  85
 104  50  21  97 219   0 205 215 111  52 200 123 139 146][216  20 151 247 128 238 101  55 180 155 170  16 247 119   8 123  33 118
 108   8  57 205  17  47 225 226 118  16 160  80 133  42][133 126 145 183 178 174  46 182  62 234 123  84 223 114 129  88 183 111
 110  30 225 212  25 110 172 166  63   4 136 115   3  17][164  89 191 125 236  79 245 252 254 154 114   8 215 253   1  59 136 119
 115  67  65 114 123  48 197 171 103   8  81 121 199 163][144 143 124 117 160  26 125 183 116  58 118  16 243  35 130 115   7 118
 108  42 248 252  97  63 234 235 117  69  96 240 200  41][ 45 191 121  73 244  31  71 184 118 232 124  76 211  81 135  48  88  72
   6 110 219 176 121  63 111 141  37 116  90 171  90 241][ 57 207  71  31  28 219 166 228 196  64 219 194  99 200 177 229 104 106
  10  75 207 169 109 189 176  32 166  17 125 159 120 140][216 190 158 112 189 237  80 215 187 187 180  24 191 185  64  59 161 247
 108  16  54 109 210  50 219 223  85 123 192  64 207  11][212  79  78 174   2   2  79 240 164 134 203 135 119 103  33  83 120 229
 109 238  72 147  25  44 240 225 235 145  37 243  60   0][ 74 121 253  85  50 218  45  55  56 228 102 168 191  55 129 115  38 247
 125 200  65 216 229 104 244 163 126 144  44 176   7 121][ 90 253  54 250 185 253  20 199 191  93 140  49 174 191  98 116 135 187
 253  16  30  73 178 247 251 247  30 123  18  68 167 127][ 10 172  48 153 255 213 184 231  31 125  92  27 172 156  86 132 169  59
 147  17 118  58 114 247  63  87  30 239  82  12 191 223][ 60  96 218 228  67  11 122  80  41 128 227   9  95 147   1  24  50 157
 205  98   8 147 145  72 211 229  35   1  98 163  47 130][244  45  73  38 154  98  71 169  48 224 168 249  83 102  73  19  88 215
  77 231 120  67 205  46 248 224 165  60  97 114 166  82][188 100 134 116 129 110  86 200 241 158 226  25  66 251  47  27 185 228
  96 114  60 247 154  42 251 235  69  23 227 117 102 130][255 100 228  64 141 123  84 206  83 182 172   8  74  40  87 191 153 196
 232  50 108 103 239 146 187  91  69  63 243 253  94  70][ 42 156  32 157 125 213 184 231  31  79  92 131  44 172  54 196 237  59
 147   1  70 186  50 255  55  87  26 171  22  12 189 223][  1 219 107 171  20 157  98 151  70   1  90 199 179 204  48 224  90  58
 174  81 135 184 119  53 239  37  34  65 116 154 220 248][ 44 125 107 108 125 223 214 244  81 232 253  13  82 157  55  48 220 252
 215 103 204 179 248 158 119 221 133  58  83 187  86 219][ 93 124 191 101 168 126  87 155 115 235 174   8 223 183 195 122 177 228
 124  58 153 197 251  10 251 239 101  21 162 241 238  99][116 165 184 102 188 110  86 188 107 249 169   8 211 121  92  50 177 198
 124 115 157 115 249  34 251 255  37 117 193 115 222   2][237 119 189 101  32 110 119  56 104 238  47  12 215  53   3  51 148  84
 108 106 169 240 249  12 231 187  97  20  72 243  70 115][ 79 224 164  72 169  63 204 125 223 227 137  93 203 232  94 172 221  77
 123  45 237  99 223 214 155 126  95 124 218 126 139 134][ 37 225  65  67 212  15  79 184  99 224 109  76 211  64  93  52  24 204
  66 126 217 176 253  28  47  28   5  52  75 187  82 244][ 41 167 112  73 244 171 233  83 125  97 124 200 179  40 148  52  94  42
   6  60 151 184 101  31 110 156 160 192 207 136  66 141][128 142 220 117 144 234 107  23 118 183 110  48 241  99 130  17  51  54
  96 152  50 216 101  30 238 239 181  65 225 192 198 168][ 61 119 104 110  60  15  71 252  69 236 253  13 115  77  27  48  92 232
  84 111 237 162 121  61 227 221 165  52 123 187  82 216][ 40 235 227  43 212 203 239 141 126 101 122 131 179 204  80   0 122 170
   3 221 210 184  77  63 108  13 135  64 229 142 214 248][178 237  46 154 157 215 214 239 222  63 216  19  96 200  62   1 233 235
 179 215 254 235  11 247  57  78 159 251  85  95 253 206][ 82 180 188 247 185 252  88 167 191  17 142  17 174 191  68 122 163  55
 253  17  26  73 147 211 203 255  94  91 130   4 135  15][228 238 141 158 188 173  68 191 214  59 164  88 243 241  89  91  73 198
 111  24  42 111 219  63 223 147 245 120 216 216 194  40][ 33 214 117  75 228  13 237 189  95  19 121  84 209  67 156  53  95  26
   2  40 211  52  91  85  45 158 116 100  91 138 194 160][237 237  20  55 184  11  70 174 250 178 162  24 247  96   9 147 129 102
 104 110 120 109 203  63 168 179  69  88  72 113 203   8][ 13  53 251 243 246 166 249  91  63 251 127 246 157 255 213 106 127 255
  55 156 147 250 239 194 222 239 247 228 167 201 231 241][ 45  39  65  71 212  63 238 184  99 224 123 204 211  96 221 180  28 204
  70 126 137 176 253  14  46 156  37  52 235 251  82 164][120 165 188 112 137 237  85  39 227  55 172  24 150 183  74  26 129 146
 105  16  26 107 210   1 219 209  84 121 192  64 198  42][229  32 221 145 236 169 232  67 239 179 179 218 157 170  85  27 107 139
 110 153  50 122 207 208 156 154 255 124 205  73 243 128][  0 157  59 191 246 227 175 231  30   7  88  99 245 247  32  64 255 123
   3 145  50 152   8  63 237 166 174 192 144  74 165 235][ 77 156 148 119 169  46 109 190 190 243 167  84 223 115   9 127 135  70
 120  42  33 197 219  34 205 255  87  20 202 241  73  40][114 234 150 248 137 213  68 230 235 157 168   8  46 242 100 255 201 243
 236 128  78  75 162 225 187 242  85  59   2  84 166  46][ 60 121 123  71  80  79  71 112 113 224 231   8  83  87   1  52  24 252
  84 106 105 178 249  12 119 136  37  52  99 179  70 226][210 222  14 190 184 192   7 238 148  30 210  51 229 246  40  67 201 115
 175 195 106 143  11  63 185 231 254 219  16 120  37 107][ 64 157 193 171 152 201   3 175  14  37 200 129 247 119   8  80  81  19
 105   1  91  24  91  55 237 166 190  84 144  66 133 122][ 73 140 146 229  48 188 121  19 111 105 110  64 190 179  64 244 167  63
 124  24 147  24 145  67 222 253  50  66 138 192   9  41][196 136 189 126 200 165  61 191 182  51  98  25 244 247  73  91   5 115
 115  12  50  92  27  53  79 163 117  76 176 240 134  42][ 44  22  67 237 212  38  79 123  16 142 223 214  83  39 153  84  93 140
  23 174 169 150 117  14 229 166 163 132 166 227 118 241][234 180 148 218 221 253 144 207 159  63 173  24 142 254  76 159 201  19
 251  17  50 111 218 211 157 146  95 127 210  72 143 146][ 29 127 123  69 154 219 175 252 252 232 222 228 221 226 147 112  54 109
  94 248 197 193 172  94 254 109  47 189  47 246  15 237][213 116 157  35 184  47  79 152  50 250 169 108 215 115 201  51  21 212
 124 126  41  68 217  26 233 135  37 180 168 243   3  33][230 122 121 106 104 173  91  80  41  20 113 221  83  79  77  24 158  25
  85  94 195  22 222  32   5 152  32 248  72 131  66 145][167 166 172  31 172  63 205 143  91 119 197  29 202 104  95  15 157 202
 243 191 190 230 127 242 238  31 221 117 212 253 219 196][154 151 116 157 115 185 184 254  31 125 116 191  44  46 174 133 183 219
 135 100 182  56  37 255  62 115  82 231 255 140 141 223][181  75  10  37  36  15  78 177  84 168 242  78 115  73 145  49  92 228
  36 239 236 182  85  28 240 171 229   4 105 186  88   0][162 223 166 186 188 161 149 239 158  29 152  55 228 248 110   0 217  43
 131  17 118 107  74 183 168  18 191 255 148  76 181 203][ 45 225  41  97  93  79  79 168  66 228 172  12 211  81  93  48  24 204
  80 126 203  50 253  28 111 157   5 116  72 187  82 224][ 87  22 206 133 162  42  44  26 172 250 155 247 213  38 155  75  55  69
 108 175 165 213 141  72 132  38 127 132 172 241  41  21][ 89  79 103  69 178 118 111 182 117 232 222 194  91  39 145 244 118 228
  93 238 233 153  37 238 245 238 167 128  39 243 112 120][124 126 212  62  43 233  82 136 171 138 160  41 239 251  65 154 134 241
 236  82  46  70 202  42 155 213   5  59 234 247  14  11][ 84  38 152  36 170 104  80 154  34 191 175 169  87 179 201  26 179 215
 236  16  12  83 139   0 218 231 117  61 160 243  14   3][118 226 166 191 170  15  29 236  63 190 194 173  78 255  94 219 247 253
 253 231 200 215 203 224 154 126 223 214  12 118 186  25][ 71 248  27 138 233 156 122 152 171  89 129  77 156 214 111 252 183 201
 253 119 135   7 154 243 144  52  11 254 136  23 171  87][180  96  88 232  76 139 106  72 173  34 161  24 151 131   1  17 120 168
  74 106 104   7 208  30 247 233 131  57  97 145  66 130][209  12  31 117 146 190 116  39 189 138 230  16 183 179  32 119  97 118
  44   8 121 221   1 111 163 235  86   2  96  96 233  42][208 244 156 190 168 109  21  15 130 191 133  25 214 247  74  91 193 151
 237  16  42  71 203  16 217 211 125  63 144 120 135  11][ 97 252 156 210 173 157  86 191 251 187 182  76 190 177  92 183 129 214
 108  90 235 109 251 183 187 223  85 126  10 144 219  61][ 61 118 232  39 190  31 206 216  66 226 157 206 219 104 219 170  63 205
  84 255 205 244 221 138 230 205 173 180 239 255  91 144][244  64 223 149  76  10 236  96 125  50 243  26 206 170  77  91 107 197
 110 138 104 119 217 194 148 178 219  20  37 120 115 128][244 127 253 103 184  15  87 184  54 190 187 108 211 115 137  19  31 212
 110 106 104 118 217  62 125 138 101 180  97 251  70  49][101 112 185 103 236 111  71 152  67 234 185  76 210 117 217  58 153  68
 116 126 137 114 249   8 111 159 229 188 200 251  82 113][149 207  78 191 158 146 238 224 244 136 214 247 105 234 179  65 122 231
  46 231 236 221  13 255 184 227 239 129  61 189 185 140][119  75 229 101  16  14 110 164 101 160 234 193 227  99 149 114 112 228
 125 238 200 208 197  44 174 238 197  16  33 179  82   4][ 45 189 121  73 244  15 231 184  86 236 124  76 243 101 147  48  24  74
  22 110 195 184 125  63 111 141  37 116 123 187  82 248][ 40 173 122 103 116 141 115  51 105   9 127   8 187  27 128 176 154 186
  68   8  27 186 224  15 231 253  32  80  98 138  74 171][ 26 158  98 157 115 191 186 254  31 109  94 167  44 174 190 196 191 203
 183 197 150  25  53 253  30 119  90 195  31 141  45 223][125 160 253 109  46  27  83 152  79 244 173   8 223 121 219  62  19  68
 121 111 140  96 253 152 207 223  65  60 246 191  82 100][248  48 172  36  25 127  81  56 114 254 167  29  67  53  66  27 137 196
 236  32  45 111 251  12 219 227  85  53 224  40  78 114][169  68  87  23 215 239 103 119  29 226  99 223 106 101  33 157  59 110
 130  46  97 252  21 238  36  30  85   0 107 252 208 252][217 105 252 117   2 154 109  39  96 160 230 136 187  55  17 243  38 183
 120 200  73 216 245 104 247 233  86  16  99 144  11  40][107 175 130  30 209 148 170 239  91  65 108  66 104 232 126 164 253 123
 162 145 215  58 158 247  62  52 151 107 219  70 170 140][ 15  53 251 243 246 164 249  91  63 219 125 246 157 255 221 106 127 255
  55 156 147 250 231 194  94 255 255 228 167 201 231 241][ 84  71 127 103 178  74 111 184  56 160 127 224  93 119 137 115  54 213
 125 234 225 209 173 110 229 239 103 132  37 179 167  33][189 203 103  95  13 154 230 240 196  68 247 198 227 200 189 229 120 224
 238 239 237 161 111 189 162 235 227  16 127 191 120 116][116 189 184 101 180  15  71 252  99 169 168   8  87  57  88  48 185 222
  85 123 218 250 217  46 249 205  37 116 233 251 210   2][124 178 249 240  40 221  88 210 235 185 180 104 158 159 196  63 167 149
 253  88 139 111 226 208 219 217 113 255 194 129  79  35][ 85 124 189  51  44  47  67 152 230 250 171  64 215  81  89  59 129  68
 124 123 141 229 219  40 201 139 101  52 200 115  67   2][101 113  57 101  32  78 119  56 104 232 111  12 214  55   1  50 148  84
 104 110 193 240 241  12 231 191  65  20  72 179  66 115][237 236 157  54 168  24  69 172 226 182 164  24 231 224 195 155 129 102
 104 106 108 103 235  45 168 243 117  61  64 241  11  72][169 135 119  73 244 143 237  55 125  73 118  84 154   3 150  53 142  42
   6  28 245 184 113  95 110 152  48  64  74 128 195 173][253 117 149 103 168 111  71 184  38 250 167  92 215 115   9  59  21 212
 124 106 105  68 217  30 233 219 101  52 234 243   2  49][ 16 141  43 175 150 227 175 247  20   5  90 195 245 231  32  64 126 123
  19 169  50 152   8  63 233 167 175 192 180  74 181 250][217 109 162  44  15  66 135 104 208 194 200   3 113 248  51  99 120 229
  88 227 108 103 212  14 241  38 207  25 109 118  59 138][143 159 114 223 255 212 190 115 157 204  93 183 172 254 182 228 238  59
 151 149 245 154  34 238  62 127 142 203  31 172 189 215][107 233 132 183  13 208  72   5 163 241 138  41 169 186  82 246 200 231
 253 149  76  73 199 160 174 117 222 179 142   6 154  14][216 168 150 186   9 205  72 202 191  53 128  25 174 194 104 219 193 163
 233  21  26  75 154  49 153 243 223 127 144   4  15  10][150 166  30 177 146 191  40   3  63  59  67 212 196 226 160 221 181  47
 170  28  54 220   9  86 140 134  27 199 176 128   9   5][213 127 110 103 190 142 255 188 252 236 254 231 209 237 151  97  54 245
 127 239 228 241 173  94 254 171 167 132 101 178 101 121][157 222  14 191  28 151 238 248 212  90 214 247 113 234 187  65 125 228
 174 239 237 231  15 253 240 227 239 128  61 188 120 153][ 89  61 250 116 176  94  87  23 114 234 110   8 119 183  67 122 179 246
 124  24 217 217 179  42 251 239 117   1 160 240 238  43][ 56 169 227  41 213 203 227 205 118  97 250  15  51 205  80 148 120 170
 147 213  91 186 213 191  61  69 135  97 255  14 254 186][144 140 156 253  56 130  80  47 245  27 226  48 167  51 160 123 193 178
 108   0  58 205  67  31 202 182 114  83 144 128 105  11][122 187 228 174 105  23  95 232  47 183 254 141  78 238  94 214 255 237
 255 199 204 211 251 224 155 117 207 155   3 246  46  93][124 126 212  62  43 233  82 136 171 138 160 109 111 219  65 155 134 241
 236  82  46  70 202  40 158 211  69  59 234 119  10  27][ 45 197 105 109 124  15  79 184  85 232 125  76 115  77 153  48  92 200
  87 110 233 178 121  63 103 205  37 180 127 187  80 240][ 56 204  28 253   9 159  85 254 165  54 172   9 123   3   0 219 101 176
 235  42  72 165  83  61 195 235  80  17  50 178  78 234][209 220  30  54 160  14  92 183 184 186 162  93 247  34   0  91 161 231
 108 102 124 205  89  47 240 235 117  16  72 112 195  11][195 156 105  45 110  36 189 190  56  94  80 215 153  46 150 115  15  95
  85 175 225 110 245  95  69  43 250 236 117 240  55 249][148 112 151 166  19  79  98  64  41 160 227  13 207   3   9 146 178 205
  76 242   9 149 153  76 145 240   3  18  40 179  35   2][208 188 156 114 169 173  85 151 255 155 160  93 190  59  64  27 133 243
 108  16  58 111 211 115 205 211  86 122 200  80 131  27][235 119 178 214 245 148  78  29  83 136 157 108 170 225 221 228  85 250
 156  25 235  66 238 234  46  92 165 186 142 222 218  45][193  12 111  79 180 182 110  55 117 194 206 208 115  34 181 240 113 230
 124 172 233 157  53 110  54 175 166   0 172 240 248  44][ 61 101 232  37 134  26 207 253  97 230 159 207  91 105 155 162  62 204
  93 239 204 240 221 170 246  77 229 180 111 255 218 196][248 184 191 116 137 204  85  87 179 247 164  25  47 191  66  30 161 179
 237  16 122 111 178 163 219 215  84  59 226 212 198 122][252 149 157 230 141  78  87 185 225 178 167  24 223 119   8 243 209 212
 236 106 121 103 249  46 251 235 101  21 162 235 196  34][ 85  12 156 119 137 126  77 142 246 179 175  24 215  99  75 122 129 198
 108  12  41 101 251  34 203 255  85  20 234 113 203  34][ 72 185  27 244 114 204 121 119  59  73 102  40 189 151  64 112  38 191
 126 136  19 216 178 101 221 165  58 104  32 128 167  59][217 249  60 114 169 221  86 253 251 122 164  76 255 243   8 177 133 215
 252  74 251 111 250  55 187 219 117  58 106  18 138  59][ 37 239  65 203 244 147 206 234  94   0 248  74  97 200 189 164  91 234
   6 234 235  34 108 255  60 140 167  60  93 187 112 164][252 108 181 116 169 125  93  91 235 190 164  24  31 183  69  63 129 246
 125  24  40 111 242 130 219 219  85  58 226 240  70  34][119 121  82 170 233  28  94 220  59 192 168  77  15 218 119 124 231 201
  93 119 207   3 154 240 178 248  15  62  26 247 170  93][ 16 221  31 175 178 195  79 189  36 132 202 226 247 103  32  64 118 118
  13 234 121 153  41  63 225 165 175 128  48 186 165 121][112 233 146 126 137 221  84 231 227   5 168   8  47 242 100 178 200 179
 232   0  78  43 210  49 187 213  20  59  64  16 230  14][193  87 127 101 186  27 111  61 124 236 254 228 253 207 147 113  54 165
 127 238 229 129  37  78 246 173  47 128  36 178  39 249][229 238 104  78 124  55  75 184  83  38 237 204 115  65 157 112  93 204
   4 238 234  54 237  63  98 172 161  60 117 251  82  32][110 180 180 242 173 125  80 138  91  63 181  24 142 127  78  31 201 147
 255  16  62 102 219 144 139 219  81 127 210  77  78   2][ 10 180  48 153 215 245 176 231  31 125  92  19 172 158 110 132 157  59
 147 145  22  56 114 247  47  86  30 107  82  12 143 223][  1 169 203  91 176 139 224 215 110   1 110 192 179 195  84 116 115  58
   6  24  19 184  95 117 236 222  54  64 210 130 239 184][245 180 172 116 137 127  85 187 210 254 164  29 210 253  75  59 157 212
 253  34 172 103 250  26 219 195 101  63 192 120  94 115][ 93 113 164 170 141  63 222  25 223 237 141  29 207 232  90 154 217 229
 253  47 159  99 219 145 187 223 207 126 218 126 218  86][ 17 189  75 171 148 141 103 247  71   1 126 199 179 197 176 100 120 186
  14  93 222 184  85 181 236  12 166 104 118 138 216 154][  9 148  85  63 210   6 126 191 116  19  99 213 121 105   8  17  63 211
  34 162 241 248  91  79 102 174  84  64 121 224 234 128][ 37  49 191 170 200 111 185  88 170  93 165  24 214 215  74  59 149  25
  83  62  19 103  58  16 193 137  75 124 208  83 131 242][194  82 158 154  40 141 181  81 159  95 149  93 166 196 110  79 196  49
 111  71 226   5  90 241 149 144  90 186  24  12 137  87][214  78 142 190  12  38  79 170 148 142 138 135 229 235  51  75 249 229
 125 231 104 199 203 190 241 227 239 145  53 123  49  74][ 43 125 115  92 245 143 255 247  93 232 124  74  58 189  53  52 220 250
  23  77 232 186 112 190 119 222  21  42  95 157 210 255][220  94 142 190  13 102  86 184 132 222 142 119 243  99  43 203 113 228
 173 227 108 197 219 168 242 227 239 149  56 115  57  19][ 60  91 114 106 177  31  94 216 233  12 177 237  79 205  61 144 190 209
 197 119 238  35   8  62 242 221  37 156 251 255  98  83][ 82 253  59 250 187 204  92 231 191  29 168  25 174 255 102 112 167 187
 253   0  94  11 178 247 251 246  30 123  18  84 167  79][ 20  89 191 253 172 207 247 184 182 170  98   0 247 247   1  42 136 127
 109  74  73 248  91  40 229 163 103  16 112  49 135 186][ 92  15 158 182 138  32  85 191 160 150 174 185 119  99  11  91  39 247
 109 162 120  73 139  46 249 163 117  25 160 242 165  10][ 93  85  87 231 178 106  47 188  60 224  91 224 221 119 169 112  54 119
 124 106 209 144  45 110 236 175  39 132 168 243 161  49][ 11 181 109 251 246 159 237 255  95 121  95 246 157 255 252  96 127 139
  23 157 243 248 111 215 110 223 191 228 191 136 241 249][205 150 177 175 108  60  75 184  91 123  89 252 223 100 152 246 151  94
 124  47 187  86 239  51 140 247 121 252 158 167  18  49][ 39 111 232   7 124  27 206 188  83 234 189 237  67 104 223 148  94 204
 196 255 204 114 205  58  46  28 165 188 111 255  90 221][252  96 181 118 173  76  85 189 227 182 166  24 251 243  73 255 193 214
 236  42 104  71 251 128 219 251  85  63 162 240  70 106][ 53 108 162  46 141  19 198 200 199 134 169  11  66 200 127 142 217 232
 202 115  76 103  78 168 179  92 133  63 243 127 122 134][ 26  75  94 239  38  18 254 228  37   0 246 163 105 107 181 192 126 165
 191 239  76 151   5 237 242 235 234 129  55 179 105   9][163 237 115  93 245 173 237 119  95  43 120  90  58 185  52 180 217 186
  19   8 243 186  82 255  39 222  20  42  95 216 210 172][ 53 111 232  39 124  27 206 188  82 164 249 239 227 104 159  16  94 204
  69 239 204  50 205  62 100  13 173 180 101 187 218 204][ 92  95 119 103 178   2  47 188  52 160 127 226  93 119 137 113  54 213
  61 238 241 145  45 110 252 238 111 132  39 179 165 113][225 112 189 100  40  79  17  24 226 252 167  45 214 213 203  59 148 116
 108 102 137 101 251  24 195 251  97  62  72 163   6 115][221  99 198 101 165  30 239  16 116 166 119  68 203  32 145 207  50 100
 108 254 200 244 197 136 164 235 231   0 103 247  80  32][ 18 189  58 184 187 209  28 239 159  29 140 187 174 191  98  80 239 187
 223 145  94  11  34 247 251 213 158 251  16  76 165  95][189 223 103 110  13 218 198 248 196  68 255 198 243 108 191 225 120 224
 238 239 237 161 127 189 179 235 231  25 127 191 120  84][220 116 247  38 162 106  87 128 225 238 179 191  79 127 203  91  51 197
 236 242 124  85 173  10 250 227 101 215 165 243 230  83][105  12 110 111 212  54 111  55 117 130 238   0 115 104  22 116  89 230
 120 175 189 186  53  46 126 255 150   0 239 242 250  12][140  28  63 127  98 236  53 114 252 202 103 112 252 215  33 121 167 123
 130   2  33 244  26 111 197 179 114   2  72 113   7 179][249 165  59 101  25  92  69 103  97  37 238  24  59  19  18  51  40 134
 104 136 120 250 241  15 243 233 144  17  99   0 230 106][217  94  13 191  13  55 150 190 214 250 154  71 246 124  35 195 205 228
 236  99 237 229  91 191 241 231 239  20  56 127  56  91][ 45 207  97  77 124  31 207 184  87 232 126  74  83 113 145 164  92 204
  22 110 233 176 109  61 111 205 165 148 119 186  80 160][ 82 189  59 250 249 237  20 231 191  29 168  25  46 255 100  80 161 187
 253  16 122  11 146 247 251 245  30 123 144  64 167  42][ 85  92 159  54 168 110  23 174 184 202 170 104 247 114   9 122 179 119
 124  34 109  65 155  42 241 167 127  24   8 114   3  11][  9 185 219 213 114 204 121 119  58 201 110   8  61 151   2 112  38 190
  18 136  19 154 176 103  95 173  50  72  32 128  39 251][240  32 245 116 169 109  85  75 251 183 160  24  59 191  69  63 137 151
 124  24  59 111 242 130 155 219  85  62 194 224 198  46][ 72 189 250 117 112 206 117 119 114 137 110   8  51 183  64 112  51 254
 116  24 208 218 177  42 127 237  52   8 170 192 230  59][247 210  22 186  45  13  85 216 143  30 145  95 206 220 111  79 189 209
 111 103 235 103 154 209 145 208  91  62  90  63   1 119][ 64 178 255 240 106 201 121  82 171 181  50 248 159 159 192  59 166 149
 238  16 130 123 163 208 222 217 115 238 228 128   7  41][144 205  47 175 150   2  79 252   4   4 218 195 247 103  32  65 124 246
  29 239 120 153   9  63 241 165 174 144  52 186 180 120][252 132 213 118   9  92  84 185 227 186 167  24  91 119  72 251 129 212
 236  42 121 103 251 128 219 251  69  63 226 232  70  34][  2 156  48 155 125 245 184 199 159  93  92  19 172 158  38  68 205  59
 147   1  54  26 114 247  15  84 154 235 146  12 173 223][  2 188  48 153 209 245 176 231  31 117  76  19 172 158 110 132 157  27
 147 145  22  56  18 247  15  86  26 111 210  12 143 222][ 85 112  30 162   9  78  66  88 169 232 163  77  87 151   9  27 248 213
 108 242  13 199 153  76 145 240   3  86  40  51  42  19][ 24 249 157 253 168 207  85 188 166 184 174   8 247 247   1  58   0 118
 108  72  73 201  91  57 225 227 117  17  96  50 135  43][165  76   5 119 132 111 238 148 112 242 160  92 243 115  25 187 153 238
  80 238 105 244  89  42 165 138 213  48 201 241  66 184][ 40 104 122 107 116 202 115  84 117   9 117  32  51  17 136  48  26 184
   4  90 138 184  96  63 102 253  48  64 242 139  74 161][ 41 237 105  65 244 143 231 254 118 232 126  72  83  49 145  48  57  76
  86 126 193 184 121  63 111 141  37 116  99 186  82 169][247  94 174  82 137 244  23 216 138 222 166  13  96 206 103 123 213 100
 233 118 173  71 186  42 123 185 143 191 136 115 126  87][221  81 135 181 141 118  68  57 180 246 131 215 195 114  19 203  65 196
 232 227 109 197 255 136 147 227 207  20 174 117 180  86][ 60 253 123  97 244  15  71 254 115 168 122  76  83  49  81  48  57 222
  85 120 201 186 217  46 237 205  37 100 235 242  82 170][ 61 111 122 110 176  31  94 248  53 166 185 205 127  79  59 144 191 225
 133 110 204 163  24  62 250 205  37  20 127 255 106  81][ 78 187 132  75 137  54 130 138 239  25 185  68 202 232 221 206 205 194
 238 220 155  35 203 241  10 254  23  94 219  87 235  53][247 101  76  65 139  59  78 200  39 182 175 158  67   2  79 219  51 196
 248 254 125  87 253  18  59 201 141 119 189 119 218   4][236  40 144  24 201 173  97  79 254 181  32  25 162 195  65  30 137  42
  66  24  18 110 218  16  93 148  21 125 210  64 194 130][  1 171  90 107 176 139 102 223 110   1 106 192 179 193 240 112 114  58
   6  88 210 184  15  53 236 221  38  96 248 130 193 168][ 49 239  73 237 156 151 206 238  86  32 248  70 179 104 181 160  89 234
   6 239 239 170 109 191 168 207 167  52  93 123  88 172][ 11 177 109 249 246 155 233 255  95 113  94 246 185 171 252  96 127 139
  55 141 211 184 111 215 238 207 191 228 191 136 241 249][ 35 169  67 203 213 137  98 231  71   1 120 138  34 193 240 132 120 170
   2  28  27 186  68 245  62  20 132 106 247 142 242 172][181 232 101  89 207  83 164 236  86 242 160  26  65  80  93 187  73 192
 226 226 110 103 127  53  63  10 197 127 113  56 118 166][254 100 197 197 178  59 110 168  57 166 139 191 207  35 201 159  55 196
 205 110 113 212 205  10 190 207  69 180 174 255 130 116][ 56 253  66 233 213 219 226 253  55  37 252 174  43 153 178 164 120 186
 150 249 219 186  85 159  62 197 133  67 127  14 250 190][193 188 157 179 168 237  85 151 190  91 160  92 182 183  64  27 133 115
 108  16  59 109 210 113 205 243  86 122 200  80 131  27][116  44 173 118 140 108  87 138 226 247 174  25 211 125  75 122 129 198
 108   0  60 105 251  34 219 239  85  53 192 113 214 106][249 253  60 126  45 157  87 254 255 122 164  12 255 251   3  49 144 243
 124 106 111 103 250  63 243 251 101  56  72 112 202  27][253  57 188 166 157 191  87  24 203 252 173  13 223 249  91 146 152 228
 253 127 156  99 251 184 251 217   5 124 210 111  90  66][248 168 150 186   9 221  81 203 167  61 164  25 175 211 106 159 137 179
 232  16  14  79 218 177 219 209  81 127 146   4  78  74][108  48 180 227 173 125  80 152  75 191 181  25 207  29  75  58 137 213
 253  26  30  98 251 144 207 223  81 127 210  79  70  67][160 143  71  94  92 139 227 111  84   5 234 136  99  97 180 197  88  34
  74 108 114 171  71  63  54 174  16  88  81 138 244  40][  7  60 173 191 168 228 159 146 154  90  85  53 181 191  19  43 205 123
  93 199 179  72 250  97 197 187 250 184 212 241  23 251][ 84 177 189 115 168 111  87 156 114 187 183 120 215 113 200  59 145  84
 108 122  57 101 233  16 201 199 117 116 224 115 135  35][250 188 190 246 137 236  81  71 187  31 164  25  46 191  70  31 129 179
 253  16  58  79 178 227 219 211  84 123 194  68 198 122][ 60 121 115  71  50 203  71 240  97 172 254  40 115  87 133  52  58 244
  68 106  72 177  96  44 115 204  37  16  99 179  70 163][145 103 110 111  52  14 110  61 124 168 115 231 247  11 145  97 118 237
 127 239 225 244  77  78 228 171 167 128 109 178 225  25][119  45 234   4 214  54 207 239  97 230 206  11  99 233  23   6  57 238
  89 239  88 243 189 238 115  47 197  21 103 246 250 236][220 111 222 229 162  18 126 176  48 174  22 162  93  99 139 219  54 245
 189 242 108 213 141  12 250 227 239 133  38 243  45   1][ 37   6 141  93 164  62 237  27  86 187 255  84 209  96 157 111  93  70
 126 188 185 240 121   0  14 190 247 212 192 233 208 164][104 169 152 122 153 205  80 143 227  21 172   9 183 179  66  16 137 154
  72  16  30  42 210  49 235 213  20 121 240   8 206  10][126 191 228 254  89  63 218 216  47 180 237 141 107 238  79  19 236 223
 239 198 142  99 251 241 219 249 203  63  83 111 102 214][228 180 185  96 184 111  81   9 122 191  45  24 214  53  72  58 145  22
  72  56  50 101 249   2 201 143  53 125 192  72 198  34][ 86 170 187 178 106 225 185 199 186 165 121 171 180 218  96   8 187  59
  99 145   2  91 138 115 220 132  31 111 196  66 167 203][100 176 189 116  40  77  85  56 242 254 165  57 214 253  66  59 149  84
 125  33 172 103 251   8 203 139 117 189 192 168   6 115][115 137 227  31 157 247  71  47 119 197 238   0  99 233  22  84  89 238
 104 157  24 186 127 191 191 126 148  89 243  70 246 110][247 124 190  28 143 118  23  74 146 206 142  15 114 252 103 123 225 229
 249 114 109  71 186  42 243  99  69  59 169 127 124  95][ 88  89 159 100  56 223  86 180 166 184 166  40 255  83   1 115   2 245
 236  74  72 201 211  44 243 227 101  17  34 178  14  43][ 53 111 104  39 180  15 239 188 124 228 122 205 211 104 159  16  62  76
  84 111 204 176  77  46 228 173  37 148 109 187 218 217][ 93 207 115  71  50   2 111 188  53 160 126 226  89 103 137 116  54 253
  61 238 193 144  45 110 118 174  39 132  39 179 165  49][212  66 222 165  38  10  79  56  36 230 134 167 215  99  11  91 118 228
 125 238 104 197 197   8 240 235 229 148  36 243  32  99][ 32 189  59 120 249 237 117 103 255  19 104  24  62 255 100  16 171 187
 211  16  50  58 146 215 127 158  20 107 208  64 231 170][ 33 207 105  77 116  27 239 190  86 168 126  74 211  32 149 164  25 204
  86 108 201 184 101  63 110  14 165 180  95 170  88 172][ 57 223  13 173 156 159 206 254  86 224 248  70 243  40  51  32 216 234
  14  77 239 168 117  63 233 207 191  16 121  88 216 152][125  71 110 174   4  70  79 184  64 194 207 135  83  99 187 115 122 228
  60 238 237 131 253  44 242 235 231  21  44 251 120  80][ 33 189 123  91 213 237 229 103  95  11 120  24 186 249  52 176 153  42
  18   8  83 186 114 247  47 223  20 106  89  72 211 170][124 240 221 116  41  94  80  56 227 186 167   8  91 243  72 251 129 212
 236  34   8 103 219   0 219 251  97 127 226 161  78   3][240  32 149 116 141 109  80  75 251 179 161  24  30 185  76 187 137 151
 108  16  59 111 210   0 155 218  81  63 192  72 198  34][  7 178 149  17 186 233 153 158  58 249  16 253 156 190 207 186 135  95
 252  21 151  76 239  80 140 148  63 254 140  85 139 213][130 156  56 155 125 229 185 199  31  93  80  19 172 158  38  64 205  59
 147  17  54  28  82 247  15  22  26 235 144  12 165 223][ 61 109 117 174 181 223  94 240 161 238 184  13 127 127  57 146 250 227
 213 111  77 163  56 174 243 207  37  48 122 247  98  90][245 112  31  34   9  78  67 216  41 232 163  76  86  86   9 123 244 213
 108 242 141 195 249  72 145 176  67  30  40  51  42  82][ 40 123 123  99  84 203  99 212 113  69 119   8  51  21 158  48  58 186
   6  90 138 186 116  63 103 140  48  64 103 155 198 240][ 15 180 253  17 226 122 169 154 122 243  23 246 221  54 219 110  55  79
  60 189 183 212 253 194  76 111 127 196 174 245 129 245][109 229 216  42 168  57  94 143  70 167 189 173 199 232 219  24 223 203
 236  23 206  34 207  48 234 213  37 253 220 255 138   5][124 225 232 174 191 249  27 138   6  69 157 171 207 236  90   0 155 195
 237  85  30  35 239 177 250 197  41 125 244  79 140  82][253 228 204  97 139 123  87 138  50 246 167 187  67  42 223  91  43 197
 236 246 124  87 253  18 250 203 205  53 229 117 222  70][ 66  58 253 241 106 137 249  82 175 189 118 252 189 159 196  91 166 181
 127 144 130  92 230 208 214 217 122 234  68 128   7 249][ 41 175 123  69 116 143 227 246 118 168 126  72 179  17 148 164  56  46
  86 108 193 184 101  31 111 141  37   0  75 138  82 169][  8 189 123 101 114 206 113 119 116 137 110  32  59 147   0 112  50  58
  22 136   3 184  48 111 111 173  48  64 106 128 230 187][ 50 189 122 248 251 225  93 231 159  23 120 187  44 191  98  16 239 187
 151 145  94  27  34 247 251 215 158 235 177  76 164 219][ 43 172 162 152 221 181 178 207  95   5 124  11  40 200 102 132 217  43
 130  16  22  58  82 247  15  28 154 107 211  76 250 206][114 173 163  94 157 246 199 111  51 197 204  11  98 236  22  52  89 238
 121 141  25 235 255 239  59  62 133  27 227 110 246 126][173  92 149 119 133 111  70 148 112 250  35  88 242 113   9 187 153  98
 116 106 105 244  91  42 165 154 245  16 200 123 218  40][247  65  23 170  41  29  78 200 169 118 161  92  79 206 125 159 180 193
 254 111 109 103 186 208 147 216  77  62 114  63   2 116][ 80 127 155 100 186 106  23 191 224 170 154 104 247 183 193  50  54 119
 108  96  89 201 161  42 240 165  47 184 160 242 135  41][173 107 245  71 118  91 239 184 120 224  51 234 219 104 221 167  54  76
  84 122 225 240 173  44  46 200  37 180 111 187  83 165][  9 129 109 249 246 139 233 127  95 113  94 214 185  11 184  96 127 138
  55 141 211 184 101 215 206 207 186 196  63 136 241 249][197 209  87  69 160  14 102 180 104 168  50 108 215  51 137 243 182  84
 108 106 225 240 153  44 164 184 101   4  72 178 195  41][121 164  45 108  93 103  65 123 117  73 229  24  83  17  26  49 216 132
  76 168  56 186 113  23 211 239 176  85  66   8 118  98][  2 188  56 155 221 253 176 199  31  93  84  19 172 158 110  12 205  27
 147  17  54  62 114 247  15  20  26 107 210  12 141 223][213 112  63 108  42  79  19 152 232 228 167 168 215 213 203  51  22  84
 125 106 193  69 251   8 193 185  33  60  96 179   7 115][150  87 219 228 178  98  63 231  52  15 250 243  93 167 161  80  55 223
  13 162  56 159   5 110 240 166  46 130 165 241 167 123][208 188 159 251 170 232  53 167 190  83 162  24 183 247  64 123 163 115
 104  16  51  77 178  49 201 163 126 123 128  80 135 122][249 237  56 126 169 205  87 255 115 126 164  24 255 251   2  49 145 238
 124  74 106 107 250  63 243 255 101  57  64 112 194 106][ 50 255 106  73  22 155 243 229  61 100 126 167 107 140 182 164 122 188
 134 112 254 184  53 191 254 229   6  67 111 142 254 220][ 84  97 136  38 152   0  78 140  34 146 138 137 119 227  75  90  49 207
 105 246  76  67 207  40 248 165 237  61 168 242 170  10][244 165 216 250 169  96  82 200 163  19 173  57  90 255 104  90 217 210
 253 114  26  99 138 179 219 254  65 127 242 227 110   2][197 172 220 247 168  59 110 170  58 178  63 184 207  98 207 155 135 198
 236  46  53 212 205  46 174 219 101 181 204 253 203   5][108 177 145  99 217 125  81 141  35  49 173  24 222 113  72 180 145  30
 192  56  27  98 251  17  15 221  21 127 194   6 198 162][ 81   0 206 189  12   6 104  47 118 147 194  83 241 170  48  75 108 165
 122 141 140 223  71 192 148 170 219   0 188 168 112   8][ 98 228 172 238  89  37  90 238 139 179 169   9 195 239  92  18 217 223
 251 162  10  67 218 153 251 253 133  61 209 251 110 138][236 112 184  99 173 127  87 152  67 190 181  24 223  29  75 186 153 212
 253 122 136 118 249 130 207 221   5  53 194 251  86 115][ 56  91 115  69 114 203 103 244 101 140 254 104 115  23 133 180  58 248
  68 106  72 186  97  47 119 236  36   0  99 179  70 169][ 16 238 211 184  82 225 162 198  58 131 104  91  45 223  96 144  43 251
   3 145   2 126 146 115 157 132  31 106 241  65  39 170][248 184  52 122  41 221  81 222 163  93 180  61 174 215  74 191 137 178
 237  16  14  79 250 177 219 209  85 251  82   4  78 127][226 188 190 122 233 236  81   7 187  31 164  25  46 191  76  31 129 179
 253  16  58  79 242 227 219 242  80 123 194  64 135  43][ 36 255 113  75 197 239 231 247 117  78 127  66  83 125 156  52 125 218
   2  74 211 184 125 114 103 140  36  64 243 218 198 244][104 180 156 112  41 109 145  79 235 183 165  24 142 176  64  59 137  23
 232  16  26 111 242  64 217 211  84 127 192  64 199  42][130 176 184 153 221 237 176 207  31  93  80  27 172 158 110   9 205  27
 147  17  54 126  90 211  79  22  30 239 144  12 135 223][245 112  27  42  72  15  67 216 104 232 161  76  86 214  73  58 252 196
 124 126 201  71 251  72 209 184  65  60  72  51  98  48][120 121 223 116  40  76  80 188 163 176 162  40 127 215  65  83 134 245
 236  64  77  79 211  41 219 227 101  25  40 178   6  27][149 125  76  37  54  10 238 184 108 224 126 230 215  88 155  49  54 196
  92 111 229 176  13  44 228 169  37 148 109 179  75  17][ 65   0 142 189  12  15 224  11 110  49 194  82 147 138  48  75 232 132
 106 141  24 249  83 193 149 168 218  64  24   8 121   8][ 85  79 115  69 114   2 111 180 101 160 250 230 121   7 149 244 118 252
  60 238 201 144 165 108  54 236 167 132  39 178  98  57][ 34 188 219  90 249 237 177 103 187  23 108  24  60 255 100 152 171  59
 131  16  19  58 178 247  31 223  18 107 209  64 231 170][ 49 157  59 249 148 237 245 103  94  65 124   2 183 248  52  32 249  43
  18   9  83 184 114  55 237 255  22  64 217  72 217 170][ 34 188 251 218 219 229 121 231 159  29 125  59  44 255 100  16 239 187
 151 144  18  27  42 247  95 214  22 235 147  12 166 235][ 49 221  61 189 148 223  71 183  84 224 238  14 247  61  51  96 216 226
  78 109 239 184 113  63 235 207  36  17 120  88 216 122][117  95 106 237 116   6  79 180  49 196 238   6 115  99 179 112  88 228
  61 238 201 146 245  44 247 175 231   0  45 179 112 112][124 164 233  35 194 107  87 155  18 231 109 155  83  45  91  16  59 206
  99 183  24  54 253  50 255 133 133  53 245 251 214 114][ 24 189  83 109 114 202 115 119  53   9 122  96  59  19 128  52  54  58
   4   8   3 152   1 111 111 237  48 192 107 128 102 187][221  82 220 231 168  46  95  16  32 170 183  61 215  51 195  91 102 213
 125 110   8 197 193   8 210 235 103 144 168 243   3  33][149 118 117  71  38  91 239 184 124 226  51 238 211  68 221  47  54  84
 124 106 225 244 109  14 172 202 101 180 101 187  71 241][221 174 216  55 162  59 126 163 120 166  63 152 207  98 219 155 183 103
 236  46 180 116 173  46 254 207 101  53 228 243 203  65][  9 189 123  69 116 143 226 119 116 169 126  68  50  17 148 180  60  46
  70  12 193 184  49  31 110 141  48   0 107 138 194 169][244 124 174  52 139 114 149 202 146 246 134  27  83 253  99  43 201 245
 249 243 108 103 250  42 251 195 207  63 225 121  55  82][116 161 209  70 216  68  71 173 163 165 169   8  82 231  76  22  17 222
  96 250  90  67 218  66  57 172   5 124 225  98 230  34][197 112 213 117  34  78  37  24 120 250  50 104 246  87 193  59 182  84
 108 106 193 212 233  72 132 186 101 134  72 241   3  49][249  28 141 191 172 122  84  63 228 250 154 120 247  61   1 251 193 246
 252  35  61  77 243  42 163 227 117 152 164 120 152  43][125  93  87 238  61 219  94 248 161 202 184 109 111 251  57 146 186 225
 221 102 109 163  56 174 179 223  37 155 106 255 102 123][ 96 160 156 114  41 237  17   7 171  63 161  24 142 179  68  27 131  19
 236  16  50 111 210  65 153 211  82 123 192   0 199  42][  2 152  52 155 125 229 184 207 159  93  80  19 172 158  46  72 205  27
 147  17  54  60  82 247  15  22  26 235 144  12 165 223][120  48 223 116  41 110  80  16 227 188 162   8  31 155  65 123 128 180
 236   0   8 103 210   0 211 251  97  63  98 161  70   3][199  32 237 215 164 118 237  17 122 251  23 146 217  38 223 106  55  93
  61 159 145 212 253 192 205 107 255 132 140 243 145 116][ 88 123 155 100 186  14  79 180  32 172 174 236 183  39 193 114  38 247
 108 250 201 217 241  40 249 165  37 144  40 178 167  57][247  65 206 186 237  93  94 232 139 250 177  73  71 222 127  59 216 193
 124 102 109 103 218 144 179 217  69 191  88 123  74  22][100 181 189  97 248 111  17  27  98 189  47  56 214  55  72  58 147  22
 108  48  51 112 241  18 205 135 117 116 192  64 199 115][124 164 211  90 219 241  98 203 115 129 237   8  74 211 204 188 121 158
 234 152  27 106 251  87  31 190  17 111 227  67 230  36][244 228 252 122 205 125 210 200 219  31 165  24  98 249  77  27 153 210
  64 122  42 103 234  51  91 251  65 127 241 123  78  34][ 92 240 184 160 139 101  19 216   6 181 143  11  95 255  72  10 247 213
 249 179  26   3 155 145 219 199 207 127 160 107 165 114][  9 144 109 249 118 171 233 127 127 113  86 246 189  15 180  96 127 142
  55 141 179 188 101 215 206 239 186 196  63 136 241 185][221  78 222 151 144  54 110 166 121 150 230  16 239  35  19 255  51 230
 232 174 108 221 141 110 186 235 222   1 166 245 107  12][ 58 253 106  40  23 223 251 228  53  68 238 135 107 204  54  68 124 185
 151 231 236 187  53 191 243 207 134  67 111 158 124 222][ 88 153 154 238 155  84  22 205 171   1 175  12 254 243 105  82 225  87
 233  80  27  11 154 225 251 245  14 127 136 114 173  26][123 185 171  94 221 213 210 207  19  73 236   9 114 252 126 176 216 250
 243 209  31 107 250 187 123 125 156 123 211  14 250 222][ 73  19  31 201  76  95 105  89 102 236 215  70 147 135 224 224 124 156
 238 248 153 179 241 144 213 161 163  92  18 138  53 241][236 116 184  97 173 127  87 152 115 250 180   8 223  29  89  59 157 220
  85 122 168 118 249 130 239 217  37  53 194 251  70  51][ 61 113  65  75  60  95 195 216  70 232 189  76 211  81 221 180  24 200
  92 110 203  50 249  57  38 200  33 180 123 187  82 177][221  85 191 118 169 110  21 191 232 250 167  16 223 246  13 123 129 215
 124 106 249 101 251  40 241 251  71  22 136 113 227  51][220 223  72 183 146   2  47 176  52 142 222 247 245 103 139  81 119 247
  29 238 248 212  77 110 252 163 239 132  45 243 165 113][252 124 187 224 203 103  87 218  19 174 140  26  86 247  97  56 149 252
  49  26  24  87 184  50 251 141   5 126 162 243  38 115][ 16 159  83 109 114 202 109 119  45   8 122  96  61  23 160 112  54 187
   6 168  81 152   0  95 229 228  34 128  98 130 167 185][246  60 227  86 195 103 119 242  51 231 108  26  82 181  65  60 121 254
  51 154 185 254 248 106  93   6 213 110 227 121 246 250][145  95 127 101  50  30 111  53 116 232 242 196 241   7 149 241  54 245
  28 238 233 176  53  76 165 233 167 128 109 178  99 185][165 172  58  26 221 189 226 234 255  23 108  24  98 232 127 180 153 106
  66  95 182 107  62  63  27  31   1 107 211  77  90 198][100 165 187 106 240 236 123 152 123   5 109   8  87 243 104 112 145  90
   0 122  18  18 186  50 127 188   5 108 192 227 198 162][236 169 244  88 201 120  85 143 235  63 172  24 138 160  70 255 129 198
 232  24  94 106 234  17  31 248  85 127 194 116 206  38][213  18 156 228 168  44  91  16 168 234 183 124 215  55 203  91 134 213
 125 110 168 197 193  40 210 235  99 144 168 243   3  51][ 44 112 188 101 229  95  87 152 123 250  54   8 219  61  89  59 153 220
  85 122 200 244 249 136 239 219 101  52 194 251  70 187][204 204 157 254 173 108  93 158 191  22  36  16 247 243  73  90 129  82
 105  90  34 101 186  51 203 219  85  44 144 241  37  42][213  83 127 101  38  10 110 184 108 234 114 238 215   8 145  51  54 228
 124 111 229 244  37  14 244 171 101 132 109 187  91  17][ 34 184 180 218 109 157 184 203 143  93 176  57 172 220 126 138 207  59
 255  21 134 107 202 241  15  88  27 251 150  12   5 223][ 16 189  59 123 176 249 177 103 254  93 124  16 183 255  32  32 171  59
  70  16  19 184  50  55 235 199  50  99 208  72 231 234][  2 176  49 155 237 229 184 207 159  25  80  19 172 158 108  73 207  27
 179  17  18 124  90 241  13  18  90 239 144  12 165 223][252 124 184 254 139 101  23 126 146 230 140  25 118 253  67  59 221 247
 249  19 232  71 250  42 249 167  93  58 160 121  38 122][ 80   0  14 169  13  13  96  64 230  49 195  10 150 130  64 202 232 132
 106   9  10 191 211 145 149 161 218  81  48   8  88  10][244  93  95 238  62  75  86 248 161 192 184 105 119 251  33  51 186 245
  92  98 109  99  10 174 179 251 101  27 101 251 110   7][ 97  93  47 237  84 207  71 183  69 224 238  76 243  53  49 112  88 230
  62 110 201 186 113  45 245 175 164  16  56 186 240 122][139 180 146 187  49 172  56  19 190  27  82  80 188 147  32 232 167  59
  31  28  51 220  18 247 141 255  58 192 138 128 139 137][ 42 172 251 218 249 209 185 207 159  29 125  59  40 223 100 144 207  59
 135 144  18  46 106 243  95 221 158 235 209   8 231 235][233 234 248  24 233 157  84 207 235  87 164  29  46 200  70 159 129 202
 234  20 214 111 250 113  30  89  85 127 218  84 206 206][221 118 245 101  36  47 235  24 124 226  51 236 223 101 221 171  54  84
 124 110 161 244 253  10 197 203  97 180 237 251  69  49][  9 144 109 249 118 169 233  87 127  81  86 246 189 143 180 104 127  11
  23 157 179 188 103 215 198 255 186 192 191 136  49 185][ 94  64 246 229 173  58 126  24  41 226 150 130 203  47 213 239 254 213
 253 239 136 209 229 200 150 251 207 150 167 247 104  85][221  51  59 200  60  95  65  88 100 108 183  78 147 151 227  96 108 148
  78 124 137 163 241   4 211 169 162 124  24 139 116 113][162 168 168 155 205 245 176  79 223  87 116  27 172 220 118 141 201  59
 131  17  54 126 250 243  15  20 218 107 213  12 223 222][111 176 240 211 237  29 248 156 107 121 181  57 142  94 222  62 143  83
 255  21 150 106 235 241 143 216  87 255 198 132 203 223][197  32 173 243 164 110 233  25 122 251  23  16 209 127 217 106 149  95
 125 187 187 212 187  66 207 159 255 196 128 226 213  96][185 249  42 248  93 149  95 255  23  76 244  15  59 221  54  16 220 187
 147 245 254 171 114 191 123 221 132  75  91 140 246 254][201  26 191 121  33 252 120  19 255  95 103  20 175 143 134 124 167  43
 238  24 151 156 115 192 199 251  82  67 130 132  77 127][ 24  90 107 205  86  74 191 240  20  76  86 162 113 151 179  96 126 252
  23 239 225 181  37 239 119 175 170 128  53 185 125 251][ 56 205  13 236  13  71  79 188   5 104 236   9 243 101  50 209 216 240
 159 110 121  42  81 157 227 251 193  61  18 186  92 122][111 242 112 104  41  93  89 152  43 125 180 173 159  95 206 190 135 145
 221 116 143  98 251 145 207 217  37 255  90 140  78 119][101 112 121  71 100  30  99 152 105 172 118  12 242  17 221  55 180  68
 108 106 193 244 249  40  71 185  37  16 106 179  66  57][223  94  78 165 160   6 111 184 181 234  31 197 221 103 147  83 119 229
 125 238 237 196 157 110 226 239 239 132  46 247  40  81][125  37 152 161 140 111  71 152 114 182 133   8 215 177  91  58  25 220
 108 123  24 118 217   2 205 205 165 116 160 251  18  34][246 169 173  48 205 221 212 207 203 119 168  25 130 252  94  59 137 154
 233  17  94 107 242  17 155  80  85 127 209  76 222 198][  9 128 127 249 118 169 233  83 127  81  86 214 189 143 180 104 127  11
  55 157 147 188 101 215 198 255 186 192 191 136  97 249][ 44 113 188 101 229  95  87  24  99 168  62   8 219  57  89  58 152  92
  84 122 201 240 249   8 239 221 101  52 202 251  82 163][248 185 188 112 139 205  85 183 162 119 164  25  31  55  66  19 133 151
 253  16 122  79 242  19 251 195 116 127 224  64 142 123][244  64  26 168  12  77  65  72 229  44 163  26  22 147 106  90 232 132
  78 114   8  39 209   0 209 161 162 125  16  11 116   2][ 95  49 240 229  35  30 120  17  41 232 151 173 223  31 211 246 166 213
 253 253 200 208 245 200 223 249 175 182 166 166  15  83][252 164 183  80 217 120  81  15 251 247 166  25  10 180  71 190 129 150
 232  16  62 111 178   2 155 215  85  63 194 100  78  78][ 11 156  22 248 177 180  56  87 191  27  78  16 188 183  32 236 165  59
 154  16  55 141  18 215 139 255  26  66 154  64 169  15][ 42 184 112 251 109 221 216 200 207 125 176  43 174 220  94 143 207 187
 223  17 134 110 202 241 159  89  27 251  86  12  93 223][ 97 197  44 237  60  79  79  63   6  40 172   8 243  53  18 113 216 144
 127 104 105  42 113  29 231 251 225  52  88 168  80 122][162 184 176 154 205 253 176 207 155  85 112  27 172 220 118  11 201  27
 179  17  22 110 250 241  31  16  90 107 213  12 151 222][221 124 245 101  36  46 107  16 112 226 118  76 219  39 145 187  52 212
 124 110 169 244 241  10 133 203  97   4 235 243  67  48][ 34 238  57 250 124 241 187 206 158  29 252  59 172 223 110   0 207  57
 135 145   2  47 106 247 223 213 187 235 213  11  37 235][229 236 209  83 229 124 100 135 123  83  98  88  50  48 221 255  73 202
  34  24  99 126 239  99  15 154 212  44 203 216 202 172][ 96 121 187 246 236  76  71 182 224 142 166  12 247 241  65  19   0 246
 108  74 105 106 250  40 245 163 117  56  64 243  70 107][221  20 158 228  32  46  89  18 168 202 182 108 215  55 195  91 134 213
 125  44  40  69 129   8 211 235  99 148 168 241   1  51][234 180 228  88 201 125 209 239 235 119 172 157  10 236  78  31 137 130
 207  20  62 111 250 211  91  89  85 127 211  76 222  94][  2 176  20 155 237 173 184 207 158  57  80  51 172 158 108  73 199  27
 179  17  18  88  90 209  13  16  90 238 144  12 133 155][130 176  48 153 237 237 176 207 159 125  80  31 172 222 108   9 205  27
 179  17  22 110 218 241  13  16  90 239 144  12 149 223][218  90 122 172   3 214  57 119 165 196 198 167  45 135  35 210  38 189
 221 133  76 157 176 200 211 225 202 131  38 164  47  91][ 16 174  59 251  58 233  19 239  46  13 248  33 183 255  32   0 251  59
  79  16  26 168 107  55 233 197  50  99 240   2 165 171][248  73  23 239 116 206 103  53 240 200 226   0 115 115  33 113 112 244
  60 106 105 185 209  47 245 171 228  16  32 186 112  42][213 112 251  68  66  78 115 248 105 224 230   8  86  23  13  50 178 212
 104 110  65 245 177  72 119 169   1   4 105 179  71 251][249  97  58 232  60  95  75  88  68 224 181   8  19  21  51 112 124 148
  94 110 169 167 113  30 209 201 161  60 112 171  98 112][ 45 141 187 123 180 191 226 247  94  73 250  72 243 252  60  40 221  90
  18  24 187 250 121  45  77 223  84  80 208 200 210 168][ 94   1 230 229 173  30 124  17  41 230 151 131 207  47  87  94 230 213
 253 239 136 209 241 200 223 251 207 151 167 247 104  85][244  93  95 238  12  78  95 104 232 162 169   8  87 234  33  51 254 245
 108  99 105 227 185  12 241 162  71  24  73 115 103  48][189 123 121 101 100  31  70 240 101 232  54 236  19  28 149 177  62 236
  86 110 205 180 101  28 118 201  37 180 111 187  90 253][116 124 185 118 172  47  71 144 242 186 163  73 215 241  65  26 145 252
 108  82  40 102 217  42 217 199 101  52 200 123  66  35][131 144 191 251  33 252  57   3 255  95 103  17 188 158 110 120 133  59
  63  16  54 204  50 243 207 251  18  75 144   1 165 119][ 85 114 201  37   2  10  42  17  36 160 235 229 213   3 193 208  54   4
 109 174  73 144 209   8 132 167 175 132  40 162  35  48]