[120 177 184 112 137 237  85 207 163  63 172  25  55 191  66  26 129 150
 237  16  26 107 242  17 219 223 116 125 226  72 198 106][120 181 184 112 137 237  85 207 179 191 172  25  55 183  66  26 129 222
 237  16  26 107 210  17 219 223 117 125 224  72 198  42][124 180 184 114 169 109  85 143 178 191 172  25 151 247  74  26 129 215
 237  16  58 107 218  18 219 199 117 125 224  96 198  42][ 73  24  31 101  48 142 121  55 108 136 110  68 255  51 128 112 132  55
 124   8 193 184  49  76 197 255 114   0  72 128   3  41][ 73 121 157 101  36  14 101  55 104 232  46  76 214  49   1  50 128  84
 124 104 193 248 241   8 231 255 101  20  72  48  67  57][ 73 121  57 101  53  78 113  17 105 232 102  76 190  17   0 112 132  52
 124  72 193 184 241  12 231 253   0   0  74   0  67  59][ 84 113  61 230  42  78  87 184 160 252 175  40 215  87   9 115  38 213
 125  98  72  65 251  44 241 161 103  28  32 179   7 115][229 244 189  97 141 111  71 152  90 250 165  28 210  49  89  59 153  68
 120 122 187 116 249  18 239 219  69 116 216 121 210  50][125  83 107 236  62  11  79 120 101 224 255 238  91 201 189 112 126 237
  94 238 201 179 173 220 242 237 163 148 109 187  98 161][ 42 189  48 218 253 245 185 207  95  77 124  47  44 252 126 164 223 155
 151 145 150  58 122 247 127  93 158 235 215  14 253 223][ 43 181 112 218 253 245 249 223  31  93 253  63 168 220 254 164 223 155
 151 149 151  42 122 215  95  93 158 239 223 206 255 255]