[ 23 109   6 175  29  22 174 228 188 226 202 199 233 234  51 225 248 229
 123 231 237 211 149 238 176 118 207 128  13 119  57  92][138 137 238  91 177 216 121   7  63  85  70 149 169 142 182 109 227  43
 177 148 150 216  54 245 206 121 154 195 182 132 173  94][ 18 157  19 186  91 228 176 103 169  13 233  33  44 190  36  80 230  59
 131   1  18  11 146 245 145 244  26 107  16   2  39 139][234 178  52  83 233 253  56 143 187  63  36  24 136 190  78 191 133  19
 243  16  54  94 250 241  15  91 216 255 218  68 206 159][ 90 221 126 158 123 208 159 231 190  84 204 163 172 223  34  81 231  59
 251 129  98  11 186 255 243 103  26 187  22   4 173 123][201 158  18 245 117 190 168  55  52  43  94 112 189  51 128 228   7  63
 182 137 177 220 193 143 140 255 186 192 138 132 137 169][172 228  57 122 224  79 119 253 123  62 117  56 223 215 136  49 145  88
  70 106  99 100  42  63 231 223 117 108  80 178 198 163][ 67 159  77 191 242 166  46 191  52  91  75 247 245 103 136  83 119 207
  61 165 185 154 223 111 252  38 234 196 188 226 161  89][ 95  94 224  13 182  50 234 184 119 238 210 231  73 104 159 204 119 205
 173 239 188 180 205 222  60 102 175 196 175 247 112  85][217 156 151 122  55 255 112 199 255  11 178  56 126 248  36 240 163  51
 236  17  55 173  50 127 155 247  48  91 216  64 107  15][116 228 228 231 221 127 230 232  95 168 251  10  74 120  29  49 249 207
 127  99  40 243 249 254 191 254 199  53 241 127  86 134][194  52 159 176 170  44  57  31 186 187 176 249 157 190  64  91 167 151
 125 144  51  77 194  66 156 178 123 254 136  64 131  59][ 79 174 134  26  59 248  42  34 175 215 207 189 237 226 218 214  99 237
 238 133 150  75 239 247 158 119 155 235 142   7  57  68][ 10 161  56 232 191 217 148 239  14  61  24  43 174 190 110 128 155  27
 135  17  86  40  74 181 255 213  31 255 212  14 141 143][ 95 103 231  69 178  94 255 250  57 228 158 171  93  45 215  54  54 213
 253 253 192 241 165 202 251  94 109 166 231 244   7 125][121 174 154  60  25 189  80  87 251 101 172  29 174 136  82 180 129 170
 204  13 142  47 214  19 146 253  16  59 202  68  75  14][ 84 106 154 116  74   8  85  70 160 182 166 153  23 135  65  26  35 245
 109 194  72  71 130  32 209 163 116  25  32 241 166  34][ 33 237  75  75 212 205 103 247 101   8 108   2  51   1  16  48 104 170
   2 216  91 186 112  63 103 140 164  96 115 218 226 168][254 125 238  92 139 118  87 251 119 206 238   5 107 252 127 127 245 254
 237 162 252 231 191 202 251 127 197 143 227 116 244  87][ 51 112 105  76  76  95 202  88 105 232 185  78  18  24 149 176 216 140
  94 173 205 167 245  92  18  60 129  62 105  10 122 212][ 31  54 162 161 182  35 170  80  46 237  91 231 205  72 251   0  63  13
  23 181 150 177  13 206 232  68 175 196 173 230  49 209][ 22  28 183 222 155 240 185  67 189 135 207  50 172 254  36 109 231  59
 187 145  51 207  50 239 153 118 222  75 146 100 165 255][124 153 252 227 233 108  95 156  35  57 246   8  95  63  72  90 205 215
 181  82  24 250 217 160 223 251 116 214 227 251 226   3][ 51 223 103  15 118 151 142 252  95 104 255 230  96  76 182 164  94 238
  54 239 237 186 125 255  58  62 128 146  95 142 248 221][ 96 143 122  94  82 203 115 183 250   5 108  56  50 225  38  16   3 178
 194  24  50  58  42  63 127 175  16  73 113 128 198 170][125 125 120 102 173  31  87 188 105 232 191   8  91 121 223  50 190 212
 252 106 204  35 249 168 251 221 101  54  99 251  66  35][109 182 252 117 189  63 117 191 251 255 191  61 218 125 158  63 135 134
 253  60 184 249 249 198 239 255 117 212 202 228 198 115][ 11 221  50 158 245 135 236 119  93  73  94  71 174 137 182  68 126 171
  23  13 246 186   4 255 116 124  22 130  95 220 249 221][ 66 154 151 216 241 172  56 135 191  89  82 113 140 158  52 248 231  11
 191  21 183 141   2 215  15  62 154 206 152   4 169  31][169 134  20 181 119 155 169  55  84 175 246  50 173  41 146 133 111 166
 238 141  48 252  65 159  78 239  58 193 231 140  89 136][ 41 104 245  69  69  95 229  18 105 234 102   8 154  17  21 190 136 108
 102  74 201 252 241  40  71 218  65  16  75  57  66 174][ 70 191 175  18 251 244  63 223 187 255 156 253 172 254 198  18 167 127
 253 149 215  75 186 243 251  86  63 255 136  68 167  95][  0 156  23 184 112 172 177 215 252  89 122  84 188 179  32  64 167  19
  35  25  51 188  19  87  77  54  58 202 208   0  33 161][ 29 133 232 225 135  50 255 183 113 227 255 146  89  47 157 111 127 214
  17 174 248 240  53 202 127 207 214   4 231 245 240  96][  9 138 150  61  33 188 112 134 255  29 110   0 175 225 162 221 163 106
 232  12  38 248  34 181 130 255  82   1 210 212  75  76][ 67 138 198 153 117 184 168  38  61   9 114 240 172  40 148 236 199  55
 174  17  55 188  65 231   4  62 154 194 140  12 217   5][190 223 238 125 139  95  86 191 151 126 254 183 106 253  47 119 253 218
 189 226 236 101 127 187 251 127 197 183 115 124 212  95][223 114 166 156  43  82  60 200 191 214 214 163 205 206 183 255 126 245
 255 231 228  71 167 200 178  99 207 143 167 245  39 117][ 41 109  51  83 181 157 197  55 237 160 170  72 179 153  21 180 200  34
  74  72 201 185 112  42 231 221  20  48  74 152  82 168][167  88  47 136  44 119 147  88 204 238 148 238  18 156 183  47 204 128
  94 111 141 167 116 104  80  24 106 186  93  63 124 117][224 246  24 186  56 141  80 239 186  27  33 121 183 211   8  16 145  27
  76  16 122  47 218  23 249 215  52 127 216   8 139  11][248 111 126 108 114 146  91 112 161 140 236  40 123 211 163  17 118 244
 197 234 104 131 160  15 242 237 160 137  35 179 110  67][105 123 120 100 104  13  87  57  67 238  60  12 179  13 211  50  20 228
 100 110 201  42 255  25 231 221 101  56 106 186  70 121][ 79  56 164  81 173  61 240  18 235 251 182 125 138 152 215  62 129  68
 124  29 135 109 247 128  14  88 117 255 202 197  91  31][132 132 134 157 156  34 168 234 150 147 211  18  64 234  57  73  89 108
  59 177  48 247  75 222  28  38 223  68 148 105  48 128][ 33 181  32  75 244 189 230 255  95 105 121  76 146  24 124 164 217  10
  18  29 151  58  88  55  47  28   4 124 217  10 218 140][123  52  82 104 105 253  80  75 233 200 164  40  14 158  71 190 174 181
 204 160  13 103 210 216 147 249   1  59  75   5 110 135][114 190 154  58  91 253  18 123 191 253 189 125  46 252  70  16 167 187
 239  16  54 107 186 127 155 213  17 251 210  78  15 223][131 220 183 223  49 252 185 134 255  27  98  80 172 190  36 237 229  59
 186   0 163 173  50 243 135 254  90  10  82  80 165 175][242 179  51 224 233  15 156 237 139 104 184 105  14 157  76  16 140 151
 223 113 216  43 192 208 179  80  13 255  64  30 134  95][103 114 221  64 120  13  75 152 169 152 184 236  83  71 205  58 151 212
  78 124 137  39 226  64 126 156  37 252 200 179  66 181][ 49  83  74  79 114   6 107 112  36  12 255 228 115  67 163  80 126 172
  21 238 201 146  65  13 116 169 162 128  61 179  98 241][ 41  61  83  77 117 159 103 112 109 104 125  76 115  80 148 180  24 168
  22 110 197 176 124  29  39  92   1   0  91 170  90 165][144 144  61 251  47 203 177 105 220 123 115  48 222 213  44 107 162  17
 238  32 115 245  59 149 197 243 114  86  80   8 133  51][172 120 159 248 225 204  97  16 165  24 102   0 159 215  97  57 192 184
  98  90  75 196  18   0 199 217  80   8 194 145  70 162][  4  36  45 161 188 175 233 154 142 249 155  19 149  11  89   9 109   1
  31 189 146 240  73 212 205 147 187 244 148 203  17 224][ 75 114 121 193  99 125 121  16 237 108 183 236 159  31 150 254 174 145
 223 193 141  39 117 192 215 249  34 146  79 135 103 117][ 81 121 178 126  43 216 176 200 235  88 240  40 190 216 101 190 170 121
 238  66  71  99 154 225 147 248  80  59  73  27  75 159][ 82 138 134 156  11 128 184 103 175 149 194 183 172 166  38 206 167 119
 235 133  22 201 134 225 152  54  94 203 132   4 165  79][ 75 142 134 181 113 190 232  51  48 175  86 240 173  51 144 246  79  54
 255 141 177 220 225 143 206 255 186 128 166 132  59 169][137  35 102  53  36 216 225  21 110  85 119 148 171 136 146 237  34 172
 234  28 215 252 247  17  70 251  82  65 110 132 205 204][168 122  76   9  75 217 169  86  38 117 246 143 177 134 211  45 104 172
 234 204  15 214 247  80  85   1 250 161  99  28  14 248][126  95  98  86 211 188 255 244 169  12 127 143 104 231 159 148  62 246
 229 238 192 179 188 236 119 124  68 131 103 247 230 245][ 76 181 184 177 187 237  49  67 174  61   9  57 158 189  66   8 161  27
 239  17  22  56 171  85 221 151  63 103 208  72 133  67][ 40 255   0 139 255 153 166 239  94  13 120 239 162 200 166 132 216  42
 130  81 214  58  78 191  44  84   4 123  82  14 156 141][216 129   5 169   8  15  73  57  22  56 131  89 215  87   8  81 208 148
 109 106  58  68  91  29 193 128 225 116  48 136  20  34][252 120 246 246 173  14  94 220 249 186 181  56 223 127 205  59 190 245
 253 106 232 103 203 232 243 219 101 190  70 241 194   3][231 101 110  68 108  28 236  48 233 250 190 141  89 236 215  51 174 228
 117 239 236  99 164 200 118 121 231 152  69 243 114 212][105 189 176  93 217 221 212 111 127  83 228  24 174 184  70 181 201 187
 226   0 127 122 242 215 191 255  84 123  90   8 202 142][126  98 233 100 104  27 203 216   3 236 180 239  75  77 223 182  30 212
 245 239 204 115 237   8 242 201 229 181 103 191  94 117][  5  85 125  71 116  14 111 184 117 232 119  64 211 115 157 117  30  92
  78 106 225 240 121  60 111 190 101 132  66 179  66 161][204 125  63 119  33  78 119 176 249 238  39   8 214 119   1  51 144 116
 124 106 225 244 184  46 231 251 101   4  66 243  71 115][226 249  49 232 121   5 158 205 139  41 184 107  12 158 100   2 206  17
  95  65 194  35 194 241 179 208  15 186  16  26 131 155][ 36 229 134 143 221  71 174 233  22 162 217  10 224 234 121  64 249 207
 106 227 112 243 219 255  61   6 207  60 145 123 176 130][183 177 119  76 124  23 218 121  73 200 249 110 114 220 157  55 222 185
  86 111 205 179 111 221  50  88  37 158  93 174 114 213][ 56 150 238 113 147 255 113  19 119  95 126 181  11  61 130 252 125 190
 246  28 159 188 119 150 207 255  16 199 235 140  92 215][120 184  58 248  67 217  16  71 171   5 228  41  46 157  98  16 162 187
 193   0  10  47 146 247 211 213  16 123  98   0  47 138][120 188 185 113 153 237  81 191 115 181 172  24 183 177  64  48 153 158
  96  24  58 122 250  55 223 223  21 125 242   8  70  42][253 125 107 101  52  79  75 176  33 232 254 234  83 117 145  49  62 244
 125 238 201 178 249  44 255 233 165 148 103 187  86 113][130  62 140 155 138 241  57   7 172  23  75 183 140 134 194 203 103  27
 235 145  22 156  71 242 132  32 154 195 164  69 173 223][ 58 149 121 106 155 212  19 235  21  73 237  50 120 255  44 116 120 155
 149 162 123  11  59 247 115 239 138 207 115   6 164 114][223 241 254 224 135  86 127 144 163 248 183  11  91 191  95  50  54 213
 253 247 156  87 189 192 251 233 239 197 167 183 227  83][ 28  29 254 239 164 110 253  17 164 234 255  32 215 127 129 107 110 118
 127  42 144 240 105   8 199 239  97 144 231 251 228 243][217 221 171 174 162  22  79 181  48 202 214 214 245 103 154  98 118 231
  61 238 233 214 181  43 240 239 238 128  44 242 161 121][ 25 178 122 101 114  90 113 115 109 109 127 108 158  17 130 144  34  12
 198   0 128 184  33  76 214 237  48 131 106   0  71 163][187  16  47 235 109 119 249  81  71 127  87  55  88 157 190 108 237  28
 183 133 157 182 115 146  71 127 240 195 183 142 116 247][  1 157 159 243 176 175  45 183  62  19  74  80 181  51  32 105 183  59
  58  24  51 216  17  55 237 175 118  64 152 208 129 169][125  55 236 101 176  46  95  49  96 236 191 237  83  45 218  51  22 196
 125  62 249 241 237  12 250 237  37 212 237 226 210 113][188 151 124 235 246 251 251 254  84  41 125  34  83 125 184  33 127  26
  23  58 184 184 109 191 110 207 161 244 247 139 212 177][ 89   4 238 101   7  50 121  49 101 130 207 130  89  47 156 103 114 132
  57 172 136 208 181 204  87 235 194   5  39 228 120  96][  2 150 152 187 189 253 176  75  30  29  89  51 172 222 110 136 207  27
 139  17  54  60  74 215 143 215  26 239 208   8 141 159][  4  72   3 190  93 135 171  72 158 128  65   2 228 200  49  64 216  40
  42  67   0 183  90 222  21 182 131   8  16  43  49 130][ 32 173  55  91 253 201 167 239 255  12 254  32 178 209 164 100 104  58
 106  88 114 171  99 255 125  62   6  91  83   8 244 170][ 92  57 151  96 171 205  83  80 163 184 170   8 190 215  65  30 160 117
 236  80   1 201 178 120 217 208   5 122 226  35   7  35][ 41 244  17  99  49 191  66 159  87 233  62 108 255  53 152 164  29  30
 214  28 155 184  89  31 172 222  53 240 234 142 202 185][122 223 234 190 139  88  86 167 171  13 142 173  47 239  98 210 166 247
 237  65  76  75 138 161 242 245  92 187  54 118 174  91][210 102   3 140  74  34  46 206  52   2 210 247   0 134  33  89 127 221
 127 231  40 215 131  98 148  34 250 140  13 113  33 176][200  24 158 180  41 172  93  55 172 159 134  17 190 183  66  91 133  55
 109   0  96  77 146  73 193 243 126  25   0  80 133 107][173 106 196  87  13  31 238 220 123 250 182  76 203  72 223 191 216 204
 110 127 237 246 205 224  54  91  71  52  79 191  90 132][ 90 134 142 189 186 160  57  39 191  31 206 181 237 239  10  80 167  55
 253 149  54 221 131  87 250 231 254 195 164  68 175  91][ 74 171 242 254 234 153 188  71 171  29 188 169 173 175 198  22 166 187
 239 144  18  75 130 241 190 241  30 235 130 132 167 203][128 217  29 191  44 133 135 188 158  26 209  80 246 243  40  65 197 115
  63  75 107  69  91  53 225 163 110  24  16  56 177 171][ 35 244 208 168 253  61 184 223  27 123 185 125 142 254 110 138 255 155
 255  53 167 103 219 211  31  94  31 254 216  92 139 223][ 78 232 151  23 233 205 185 196 170 189  69  40 236 215 200 142 131 127
 234  90  19 209 170 113  13  18 127 235 130  19 135 225][199  44 230 145 236  58 248  67 255 251 146 147 140 172 215 107 239 143
 127 149 180 118 231 194 156  26 219 228 133 100 115 213][253  73 235 231 228  26 110 181 113 194 243 194 123 107 149 240 126 236
  52 238 205 182 237 238 182 239 231 132  47 179 232  44][  1 223  25 235 116 135 167 253  30   9  88  98 181 209  56  96 222  59
  23  97 243 186  64  63 100 132 174 192  29  26 177 169][165 118 168 179  36  61 240 216  94 255 177  53 135 184 223  10 221  77
  95  23 172 244 237 130 198  95 123 180 205 125  91 199][120  51 241  37  50  91  48 127 105 236 126 109 142  61 195 148 182  12
 204  36 197 248 225  12 254 221  37 151 110 174  79 125][ 92  17 254 229 164  78 125  61  37 233 247  49 223 127 137  90 118 245
 253  40 152 177  81  10 239 239 101 213 230 250 196 115][ 11 174 254 215  49 190 120  39  61  15  95  48 170  42 150 244 199 174
 253 140 188 216 229 207 142 255 154 195 134 196 158  79][ 35 167  32 153 253 189 234 127  95  77  93  87 174 104  62 196 221 138
  23  29 182 186  87 215  46  30 146 200 223 204 248 197][ 87 109   7 175  29 214 110 228 189 202 202  67 236 254  51 224 248 237
 127 231 109 211 213 238 181 118 207 147   8  55  57 206][ 18 135 174 200 147 242 189 103 172   5 222 163  72 175  46  68 127 183
 187 177  16 139  34 197 123  39 222 207 135  68 165 250][ 35 159 243  73 245 191 224 103  93  65 248  92 138  56 180 164 217  10
 130  24 187 186 117 247  46  30 148  66 219  76 242 172][136 240 110 113   5 218  97  21 119  85 119 149 171 140 158 237  42 172
 166  13 206 252 247 145 134 123  82  65 111 140 220 220][ 71 149  77 191 248  38 109 191  54  89  94 228 245 103 152 113  87 207
  63 173 249 216 255 125 236  42 238 196 188 224 176 249][220  88 155 112 241 238 113  71  63  27 102  24  30 147  97  88 161  25
   6  16  35 151  18  66 211 215  22  79 146  80 167  34][205  16 251 248 108 119 185  88 214 107 215  23 153 157 247 104 206  20
 123  31 165  39 247 146  71 121 184 252 150 137 112 243][ 27 159  67   5  50  18 110  55 117 192  90 230 121  34 144 228  54 109
  52 237 245 152  37 207  44 110 174 128  47 164 177 125][248  15 126 108  59  18  92 120 161 132 230 173 107  75  35 147 110 181
 205 226 108 199   4 140 242 235 224 153 103 164 110  67][150  40  46 186 137 229  57  64 180 214 197 147  13 199  99  25 108 185
 203 214  58 199  58 112 219 129 203  73 129  33  39 242][ 82 182  43  22  91 237 185 115 174 253 221 253 124 254  78  18 167 187
 255 133 183  75 186  87 223  20  43 251   8   6 135 247][ 67 158  19 217 117 188 168  23  60  25  90  84 188 178 164 236 167  43
  50  28 179 188   2 215  12  62  26 194 154   4 169 173][209 157 127  30 194  70 183 248 120  74  95 102 112 116 186  99 119 199
  52 239 245 171 191 111 113  43 110 136  61 115 161 251][ 34 180 144 153 219 249 176 207  31  53 120 187 140 156 102 132 139  27
 131  17  22  58  18 211  13  20  24 111 209  76 143 223][163 205 103  15  52 143 174 236  95  96 219 195 112 216 188  36 222 171
  18 239 231 184  77 255  38  30 137  66  93 158 240 140][ 72 176 166  59 137 216  49 149 239  85  15 149 239 196 106 214 129  42
 234  16  22 105 190 177 207 247  22  75 210 134 143  94][  2 156  63  95  27 228 177 231 188  19 110  16 188 191  36 109 227 115
 171   0  50 137  50 255  67 182  90  11 208  64 165  58][121 186  58  56 105 157  80  83 251  95 164  29  46 136  82  28 161 170
 236  21 158 111 178  19 211 117  16 123 234 132 206  95][  4 177  61 179 173 173 185 152 142 249  27  10 220 127 105  75 167  19
 123  89 146 112  91 244 205 145  75 116 144  11  17 114][155 142 116 183  53 251 120  39 125 111 119 183 174  42 150  68 235 166
 174  12 188 252 101 207 206 255  82 195 102 140  76  78][138 153 107 123 177 216 249 167 191  85  70 149 168 142  54  88 131  59
 185 149 246 140  55 247 203 127 154  67  22   4 245 126][109 114  81  64 120  13 232  88 232 184  48 236 155 195 213 187  46 132
  70 124 129 118 212  72  28 153  37 236 203 179  66 177][214 125 122  98 182  70  95 240 225 234 191  11  91  95  95  51  55 213
  93 255 232 103 184 234 251 201 173 244 101 243  98 115][105 245 249  97 180  30  95 158  99 169 190 104 211  53 216 114  86 212
 125 120 216  57 241   2 127 173  37 212 230 154 192  57][247 105 187 116 164  12 253 242 248 234 176  89 155 188  87  43 172  77
 117  71 232 103 178 226 209 251 255 184  69 113 243 227][ 36 189   1 154 221 229 167 239  86  93 252  22  96 232 126 133  89 202
 130 145  63 107 126 255  61  22 159 111 217  78 252 254][184 127  86  44  83  26   6 113 105 136 248 239  46  66 133 151  62 237
 196 103 237 242   4 108 176 224  36 130 107  54  43 157][250 148 238  77  31  95  84 127  23 254 254 183  42 188  38 115 253 156
 253 160 236 255 243 223 219 127 213 183 115 108 116  95][ 24 157  19 237 179 194  31  55  53   1  74 160 189  55  32 196 102 187
 151 128  89 152  32 255 225 230  26 194  50 128 165  59][  2 156  19 153 211 228 176  71  62  89  72  86 188 190  36 204 231  59
  51 145 179 152  18 215  13  54  26 202 152   4 161 191][ 41 239  99  75 116 159 226 116 105  72 124  76  51 200 182 180  88  42
   6 108 199 184 116  63  38  93  32  96  75 142  90 204][ 41 177 188 121 205 221 240 111 127 121 116  24 174 152  70 189 201 155
 226  17  23 122 243 213  31 243  80 107 218  12 203 143][146 177  27 154  74 192 180  97 188  21 193 179  52 214  40  65 230  59
 203 195 114  15  18 119 177  32  26  10  17   0 167 154][155 153   5 161 134  15 172 117 108 120  18 198 221  24 144 165  38 131
  95 239 245 156  21 221 172  10 234 196  45 132 185  29][170 122 236 121   1 249  97  22  55 117  86 149 161 143 147 237  72 188
 187 212 143 220 119 144 199 241 210 129  39 140  92 254][204 117 191 118   1 206 119 112 249 206  39   8 126 247   9  51 176 116
 120 106  97 245 184  10 243 251  69   0  66 115  71 115][  8 120 243  85 101 216 241  22 233 136 126 104 186 147 133 180 162 126
 102  72  65 184 160 104   7 252  48 130  67  16  71 171][125 183 122 100  96  14  91  49  97 236  63 109  91  61 218  50 150 196
 125 110 221 240 249  12 254 233 101 196 106 162  82 115][ 75 151 250  95 242 240 188  55 125  75 127 247 104 188 158 252  55  47
 182 133 151 184 167 231  38 127  54 195 239 214 235  93][198  36 134 157 204  34 168  75 150 179 211  18 192 234 113  75 121 110
  59 177  50 215 203 210  28  34 223 196 148 105 176 128][ 62 157 121 232 187 242 147 234  87  25 253  34  88 255  36 100 201 219
 149 194  27  42 122 247 123 255 139 207 119   3 164  98][239  58 244  83 235 253 249  16 235 255 183  61 136  30 214 190 143 165
 255 144 150 102 244 192  79  89  80 247 199 133 206 103][222  98 166 189  43  82 188  76 191 146 146 179 205 206 245 255 103 245
 255 181 172 199 135 200 146 114 223 159 134 244  47 213][114 163 114  74 251 193  56  77 171  21 253 171   8 239  78  18 126 155
 231 144  26  11 194 209 190 212 142 251 231 134 167 139][208 121  82 110  43 216 146  72 239   8 241 104 190 216 101 178 238 249
 238  67  79  35 138 241 146 240  34  59  89  19  43 143][157 221  23 227 182  38 111 180  53  26  95  96 223 115 169 243 119  87
  28 250 113 145   9 238 233 239  47 196 170 243 161  33][112 184 186 112  83 237  81 119  59 165  44  24  54 179  66  16 161 190
  64  16  58 122 208  63 255 207  21 115 226   0  70  42][ 66 151  87  92 186 168 176  63 172  25 250 244 237 230 164  87  39  55
 238 160 177  73 131  93 188 178 122 202 216 192  39  61][  5  81 125  69  52  78 111 184 108 232 254  64 211  83 157 116  94  84
 108 106 201 176 121  60 239 191  39   4  66 179  66  33][114 161 114 104 184  15 152 105   9  40 184  41  14 189 124  16 158 151
  85  53 216  43 192 196 155 220   8 254  69  12  67  15][127  98 233 108  40  83  79 120  65 236 180 239 123 205 151 182  30 244
 245 239 205 167 237 136 242 237 165 189 111 183  86 244][ 57 133  19 125 149 236  98  99 121   1 110  24 190 113  28 180 152   2
  64   8 123 184 112  39 251 253  16  82  66  72 195 162][ 37  46 232  19 244 175 234 146  94 175 121  93 147  40 222   8 153  10
  70  29 158 184  77  50  76  31  53 244 221 203 218 129][ 92   1 106 204   5  86 235  64 228 132 207   2  81 153  59  98 120 164
  59 234   8 163 180  76  83  45 130   1  39 163 124  34][131 219  18 153 114 130 168  87 188   1  82 247 172 130 162 192  38  43
 138 149 215 156   4  95  36  36  58 192  28 132 169 153][ 71  62 234  24 123 249  57   2 191  85 207 189 140 198 247  92 103 169
 239 149 183  71 230 215 158 119 139 235 150   5  63 215][188 149 124 107 166  11  94 249  69  34 191 163  83 125 184   1 127 146
 159 106 248 184  73 191 226 207  97 212 119 187 212  17][ 32 159  55 218 253 217 167 239 223  13 248  42 170 252 164 100 200 186
 110  80  82  43  99 255  61  62  22 122  83   8 229 175][189 106  36  53  45  31 206 220 229 190 178  77 203 200  95 139 200 228
 236 111 204 231 207 168 242 217 101 181 111 191  90  76][ 49  14   8 253  92 167  70 111  84 142 200  10  99 224  50  64  89 174
   2 172 236 190  85 159  53 174 130  24  17 104 112 136][ 32   9 249  71  68 108  99 208  96  32 126  66 115  51   1  48 120 248
  51  74   1 178  81 105  71 173  32   0  99 251  98 168][125 125 107 229 116  14 111  48  33 232 254  74 115 117 145 117 124 244
  93 106 233 178 241  46 247 233 165 128 103 251  82 121][ 22 122 222  37 178   2  51 216  55 181  86 167  69 215 235  28  55 221
 165 210   2 209 141 112 250  36  45 199 175 183  39 211][  6 150 152 185 188 173 176 203  30  61  81  53 150 158 106  72 207  27
  15  17  54  60  90 119 205 215  58 111 144   9 141 147][196 221  29 171 188  13 135 189 142  56 144  72 247  85  72  67 197  83
 127  99 243 104  91  53 233 147 111 124  16  10 129  41][ 28 217 159 255 147 197  19 188 150  25 194   0 255 247  40  96 213 123
  57 208  83 200  27  61 233 231 111  80  56  35  37  59][136 188 151 177 176 236  57  23 190  91  82 112 188 183  64 104 135  59
 127  17  51 220 211 115 205 182  62 194 136  64 133 187][ 97  37  17  71 149 157 198  55  77 160 169   8 178  25  28 180 136 162
  74   8 121 186  80  46 167 220  20  48  74  72 210 170][ 12 228  57 111 184  79  71 253 123  42 189   8 223 119 137  52 147  88
  76 106  97 165 233  63 227 223  37  52  82 243 198 161][125 125 122 102 244  30  95 182  97 232 126   8  91  61 151  48 188 244
  84 106 200 186 240 172 127 253  37   0  99 243 194 107][  8 159 220 187 186 160  48  23 191  23 111 181 172 239  34  74 199  51
 171  16  54 136  67 247 206 247  90  75 158  68 173  91][163  48 125  77 108   7 169 123 200 232 248 106  16 156 148  33 222 189
 119  41 193 182 100  92  84  24 171 148  85 168  83 241][ 49  20 123 108 116 111 194  89  73 234 249  72  19  24  29  48 216 132
  86  47 237 183 117  14  51 204 160  20 125  42 114 196][ 36  72   3 190  77 197 162  72 158   0 193   2 180 216  49 192 200 106
  10  67  66  43  90 253  21  48 130  58  24  43 113 138][218 159 134 191 187 146  60 167 191  83 194 245 237  46   2 211 167 103
 253 133 118 201 135 239 186 115 222 211  46  84 171  95][244 103 244 238 253 107 214 232 127 174 185  42  74 120  13  16 217 220
 238  99  40  99 203 222 187 254  69  63 213 123 118 131][ 51 141 102 139 220 147 234 237  87  65 216 135  96 236 182  96 120 170
  31 213 159 187 109 255  62  46 143 208 189 142 248 220][ 86  17 242 136 127 211 176  73 143 197 219 171  76 218 110  64 250 169
 143 181  22 163 132 196 152  52  11 223 157  46 189 215][173 163 192  81 101 157 232 216 119 189 117 252 139 193 218 173  30 200
 198  94 158 246 239 176 142 217  65 229 111 141  74 133][120  49 114 104  43 219 208  64 233 105 180  40  14 158   7 188 234 181
 204  96  29  35 176 192 147 249  18  59 203   6 110 151][ 90  51 113   7  50 158  49  53 109 109 119 237 175  29 134 180  38  63
 204   4 149 184 117 205 134 241  48 194 111 132   7 125][121 161 136 173  13  14  72  57  39  45 203  77 231   3   8 208 216 132
 109 204  90  27 211  17 149 253 170  16  24   2 250  10][235  48 112 193 111 125 249  82 233 104 190 254 158  30 150 190 238 149
 223 133 133  39 245 192 215 121  34 178  79 133  79 245][ 74 159 183 220 233 132 253 191 191  31 116 149 172 167  36  86 199 123
 251 140 242  79 178 243 111  55 222 136  18 212 167 251][ 62  41   2 170  25 196  82  65 173 133 233 137  14 207  34  80 252 185
 143  51  26 131 152 204 185 245 138  91 146  47  38  82][172 102 168 179  44 107 249  90  30 255 151 185 215 237  91  10 219 204
  95  31 170 245 201 130 198  87 113 181 196 253  84 227][ 69 249 157 119 144  14 103 189 122 186  98  72 247 115  64 115 145 126
 108  74  97 248 219  42 237 174 117   4 200 112 195  40][ 93 149 109 111  26  66 143 184 112 202 215 162 209 119 154  99  94 212
 125 235 253 195 253  47 225 231 239 133  61 243  38 112][ 66 203  30 186 170 128  62 229 190  21  73 197 172 195  34  81 230  43
 169 194  82  25 138 113 244 177 142 205  24   2 173   1][234 176  99  80 105 221 113  90 187  93  52 189  10 141 214 156 133 136
 231  20 146 111 178 209  95  88  80 255 194 132  70 255][189  85 101 175  36  31  78  57  85 234 249 239  91 108 144 161  94 225
  21 239 237 164 109 142 178 235 225 144 127 190 208 113][142 178 184 185 173  61 152 143  26 119  29 159 140 237  94 138 143  91
 251  21 150 100 219 211 206  87  95 255 220  77 153 147][254 112 188 122 171 125 148 216 138 246 181 153 223 221  75  27 143  81
 253 115 104 103 250 176 211 211  93  63 208 125   7 211][ 54 157  51 234 185 226 147 226 151   8 252  34  88 255  36 116 223 251
 149 226  88  11  40 255 123 246 171 223  83  35  36  35][ 77 178 168  26 201 253  51 217 239  93  29  61 238 215 106 252 133  58
 255  22 151  65 250 177 223  85   7 239 218   7 143 119][118  53 120 106 219 227  82  72   3   5 189 171  75 223  76  20 250 153
 199 240  30  35 236 212 123 196 129 255 245 131 230 134][255 122 251 100  34  90  95  80 121 234 118 239  31  29 215  59  54 245
 245 231 233 245 165 202 242 235 109 130 111 181  71 123][ 16 235 122 108 123 209 178 103 237  65 252  32  47 222  38  48 174 187
 198 209  78 171 134 237 251 213   6  11  65  18 175 143][  7 151 226   9 242 112 187  91 127  69  95 183  76 236 254 236  55  11
 179 157 151  26 175 195  30  62 158 206 191 198 165 245][  3 134 118  31  53 249 120  34 253  79 119  53 236 238 190  68 231 163
 239   5 182 188  36 231   7 126  82 195 198 133 205  79][  2 145 109 251 133 236 121 143  63  81  75  17 178 159  94 105 197 155
 185 145 155 216 115 245 207 249 218  67 149  64 244 114][174 105  98   8 237  89 214 200 203  84 180 173  11 204 255 143 218 200
 194 115  78  35 190 144 242  81  69  63  87 255 255 214][253 107  38 164  45  29  84 244 197 254 178  77 239 200  83 155 200 228
 236 103 204  99 195 168 242 217 101 177  74 253  90  79][185 219 105  78  86 151  79 248  65 232 245 238 123  93 151 181  62 232
  20 238 201 182 108 189 114 233 161 184 127 191 114 249][139  17   6 129 181  55 232 125 101 232 223  70 216  24 186 165 124 134
  30 253 189 185  21 204  56  26 138 196  47 142 248  28][ 43 161 176  25 221 191 160  15  95 113 120  16 138 168 126 172 201  11
 130  21 151 250  86 144  15  95  16 111 223  76 216 140][109  96  74   4 125  27 203  72 104 164 188 138  11   8 215 150 122 132
 198 111  76  35 100 136  20  73   1  61 103 190  74 128][221 223  22 237 186  22  78 188 165 138 158 102  95 115 169 247 119 215
  60 250 249 193   9 238 186 251 111 196 186 242 169  33][147 107  98  20 115  19 190 117 249 236 214 239  40 200 151 189 182 237
 222 239 228 215 164 236  50 122 109 187 111 180  43  77][195 159  29  93 168 164 173  55  60  75 122 244 244  39 128  83  71  63
 110 140 241 216 243  87  76 162 250 192  24 192 163 249][  4  59 186  84 114 174  51  82 173 140 126 228  46 135 163  16 166  57
 198  80 144 185   2 108  86 181  34 130 202 163  39 179][107 185 242  96 244 189 250  23 251 233 190  40 159 253 214  52 182 191
 255  28 144  57 162 198 255 253  39 218 198 206 195 245][ 47 237  38  58 221 145 206 236 223 113 201  11 169 200  62 164 217 235
 219 215  94  43  94 191  59  92 143 125  95  31 216 142][ 33 237 250 103 244 143 127 246  97 232 126  10 115  41 151  48 124 238
  22  74 200 186 248  44 127 189  36   0 103 250 194 232][ 90  73 254 254  27 208  30 236 165   4 206 131 109 239  35  82 102 243
 249 195  76  11 158 253 243 227  74  27  55  55  47  10][ 26 131  46 200 153 210 185 111 142   5 206 147 136 175  46  64 204 179
 187 145  26 139  98 213 251 117 158 195 151  12 181  90][ 83 124 185 118 165 108 159 199 122 226 184  25 190 189  85  42 191 255
  93 131 201 103 240 226 241 223  30  58 197 114 163 234][ 66 183 107  41 250 235 185 119 174 109  95 189 149 190 166  16 231  31
 223 181 147 153 182  87 221  37 186 239 132   4 167 243][ 47 177  96  11 221 157 226  73  82 109 245  31  67 204  94 148  88 138
 210  95 159  50 252  55  31  77 145 127 219  15 218 214][216 241 229 125  42  90  93  61  55 118 135 181 251  71 136 215  38  86
 253 172 123 205 239  29 226 235 117 149  38 148 132 121][ 11 157  18 217 211 180  48  55 125   1  78  86 188 179 164 228 103  59
 146 136  51 152  16 215  47  62  18  66 154   4 169 189][250  18 110  60 107  50  92 115 161 150 178 189  75  43   6 219 238 165
 237 166 108 231  71 136  82 235 240 147 111 228 106  67][ 28 106  18 170  42 137 146  72 239   8 177 104 175 218 105 188 238 185
 206  83  79  39 202  81 144 244  42  58  88  51  43   5][150  48  47 250 137 101   9  72 132 222 133 151 209 215 105  11 200 241
  91 246  41  71 122  96 209 195 203 217 145  35  36 242][193 157 109 157 224 102 109  63  54 121  94 244 245  55 146 115  87  78
  63 172 241 216 103  31  76  43 251 196  60 192 148 249][  3 146  18 153 113 180 184  71 190  25  88  84 172 154 164 236 231  43
 146  21 151 152   2 213  12  54  26 202 152   4 169 141][146  12 134 149 140 170 168  67 190 179 210  18 137 162  80  75 105  46
 110 145  56 221 195 220 140 242 223 212 132 104 176   0][155 122  70  21  67  26 172 117 121 194 246 238 106   2 135 189  62 228
 198 238 229 246  20 204  54 114  70 131 111 180  43 157][ 74 166 126 223  49 248 120   2 253  95 127  49 172 238 190  92 199  43
 255 148 182 220 162 231  79 127 154 195 134 133 205  71][220 117 191 118   3 204 119 120 249 194 231   8 126 247  41 115 178 245
 121 106  97 231 186  40 243 235  69  11  98 115 103 115][ 89  87 111  78  50  82  63  52  32  76  95 230 121  55 178 113  54 244
  61 238 197 153  37  77 114 233  34 128  47 182  37 121][149  14  14 171 176 166 107  18  52  15 219 245 245 103 179  80 119 163
  13 190 184 148   5  63 224 231 170 192 160 195  33  65][103 106 227  69 116 106 107  16 121 236 126 232  81   5 149  52  54 228
  21 254 129 176 229  76  14  62 161 192 231 163  86 117][154 208  98  81   7 218 225  21 127  69 119 151 139 140  30 221 114  12
 166  21 198 252 181 197 199 123  18  65 103 140 221  86][180 133 124 229 182  11  95 189  21  38 190 159  83 105 184  17 127 215
  61 110 248 177  73  63 250 207 101 212 125 250 192   1][101  65 113  69  52  78 111  56 109 224 126  64 211  49 149 116  90 204
 126 106 201 176 125  14 229 252  37   4 111 186  66  40][244 125 106 230 180 102  95 184 113 234 190  40  83 127 213  51  61 245
  93 235 232 231 185  46 251 207 231 148  37 243 102  99][175  13 100  30  93 187 195 232 213  20 252  11  98 104 183 133  72 226
   2 127 174  42  79 253  54  26 128  27 127 207  88  14][192 240 157 255  56 196  25 156 158  25 193  16 244 215  41 123 196  89
  57  88  35  68 251  49 193 185 186  30  16  19   5  59][ 68 108  25 224 252 173 107 146 142 185 154  74 151 147  81  10 165  67
 127  89 131  33  27 112 253 156  47 124 128  91   1  33][ 45 167 160  35 180 175 227 152 126 173 121  77 215 105 219   0 153 106
  70  63 150 176  72  54 236 223  37 228 218 207 211 129][ 41 140  18 121 213 191  96 230 125  19 110  24 146  57  48 180 201  10
   0  24  58 188  17   7 239 255  16  68 202   8 202 166][ 10  90 230 115   5 250 121  18  63 117  86 181 171  13  23 237  74 188
 255  21 142 252 119 225  71 123 210 131 167 141  92  94][  2 188  50 145 219 249 176 199 158  53  24 187 172 156 102 132 171  27
 131  17  22  59   2 247  13  20  26 239 213  76 141 207][ 27  32 107  65  82 222 121  48  45  97 247 195 187  12 150 180  46 189
 221 205 157 184 245 197 135 121  18 192 103 135  39 117][ 92  81 250 229 182  14  95  61  53 136 255 162  95 127 136  80 118 213
 125 120 216 181 129  10 251 239  37 212 239 162 224  49][117 230 123  64  52  14  75 188 113 169 254 234  83  85 220 116 119 220
  20 120 217 182 229  14 251 253  37 212 231 170 242  33][ 40 177  60 185 237 221 176  79 255 121 116  25 190 153  70  56 201  27
 230  17  22 122 210 213  79 217  16 107 218  12 207 219][173 234 124 243 108 141 105 152  70  56 183  64 243  89 217  35  72   0
 127  90 202 100 203  21  79 201 229 180 113 154  80 161][ 34 171   1 175  60 201 174 101  14 232 152 207 167 140  80 132 136  42
 223  69  95  43 196 189 188  20 174 249  93  14 219 156][ 90 219  98 172 122 130  79 246 165  12 222 167  45 167 162  84 102 243
 143 238  72 139  32 237 240 164 174 137  54 182 164 123][  8 149  28 185 185 237  17  63  14  29  78  21 191  55  42  64 197  27
  15   1  18   8  83  21 237 231  58  92  24   8 133  91][203 157 158 187 187 148  28 167 159  87  72 149 237 238  42  67 199  35
 169  21 118 200  82 247 174 243  94  75 152  68 169  95][205 216  21 255  45  77  69 188 134  50 128  72 247  81   8 231 197  80
 120 107 105 100 219  61 229 242  69  60  24  56   1  56][225 229  35  82  85 215 231 228 209 120 240  90  80 216 252 165 216 232
  18 239 253 119 188  95  49  24 133 108  89  24 242 172][ 90  33 107  68  85  86 233 115  33 229 255   2  25  46  20 182 108 157
 127 173 217 218 245 204  27 121 154 129 103 128 119 108][ 74 159  55 252 179 238  53 183 189  93  78  97 188 183  32  69 167 119
 253   0 115 201  50 237 235 243 126 194   2  68 165 123][104 125 184  94 249  77  87 255 115 205 236   9 118 245   7  20 144 114
 101  72  74  43 178  43  99 255  20  59 210 122 198 123][195 144 175 149 170 230 169  39 190  95 194  50 164 190 118 111 231  55
 121 149 183 205 183 199 141  54 222 194 132  64 181 125][236 221 245  95 189 111  71 184 255  58 191 120 254 117 137  55 145  86
 108 106  97 101 121 127 183 186 101  20 210 243 199  33][202 106 230 157 109  18 188  79 173 158 214 243 136 142 215 223 239 245
 255 135 236 199 199 192 150 115 255 139   6 244  57  13][152 220  30 255  20 135 109 246  20  18  84  22 181  83  50  97  76  56
  19 234 224 188  83 191 229 227 250   0  62 152  57 168][ 79 172 136 185 173 173 152 143 154 255  28  29 158 173  82  10 133  79
 249  21  22 108 218 179 207  87  93 253 152  76 155 210][ 51 122  98   4  66  22 188 114 105 202 218 231  32 136 151 176 126 173
  22 239 197 147 149 204  54  46 190 130 109  52 122 157][ 47 111 168  40 253 253 155 202  90 253 252 137 136 140  87  16 141 104
 211  87 150 122 238  48 126  29   9 253 215  93 222 211][ 24 141  19  88 211 232  48 230 253   9 232  40 174 179  36 180 163  59
 202   0  18  43   0 119 185 244  16  75  82  64 167  15][211  87  92 197 250  22  76 191 181 186 158 230 253 115 161 247 119 245
 124 168 233 197  65 206 190 186 231 148  44 240 168  13][240 141  88 228 182  10  95 191  16  34 190 143  87  43  18  81 127 215
  61 110 248 190  73  31 242 239 101 148 125 250 192  25][247 122 251 103  34  66  95  16  57 202 183 239 127  31 149  58  54 245
  85 231 233 214 164 234 210 239 104 128 109 243 103 113][ 42 249  40 186 157 213 214 238 151 117 140  13 170 232 126 128 201 234
 203 211  94  43  90 181 251  85 157 127 218  31 222 218][ 16  27  90  65 114 198  48 113 172 204 126 229  92 215 162  16  54  57
 135  80 209 185  16  76  95 161  34 194 105 130  43 211][196 217  29 225 172 205 103 153 174  56   3  16 151 211 104  99 129  93
 121  90  83  69 187  49 237 137  39 116  16  27 133  34][ 74 222 229  95  43  14  92 158 175  51 130 253 107  39 141 223   7 214
 253  78 232 196 207 125 167 122  84 146  38 212 132 125][ 87  31  77 143  50  34  43  56  44 192 223 230 245 102 131 112 118 229
  60 238 153 144  69 108 244  38 170 192  44 227  41  49][ 78 133 172 187 153 164  89 143 190  29 141 145 237 111  74  74 199   3
 251 148  54  72 219 247 207 247  94  93 146  68 141  90][240   4 237 101  12  70  77  56 113 246 151 151  83  45  25 123  92 213
 125 175 233 231 245   8 211 235 237 149 101 224 118 122][244 112  45 250   8 101  77 216 132 222 129  16 245 215 105 107 216 209
 125 242  41  71 123   8 209 195 235 188 144 115  52 115][  6 149  61 249 133 237 121 159  47 113  11  17 148 191  92 104 197 155
  59 145  27  24 219 213 207 152 154 102 152  65 212  50][137 159 173 255 164 206 125  55  54  79  94 116 245  55 146 113  87  46
  61 140 241 220 241  15 239 175 250 192  12 192 181 249][ 57  13 101 101  52  11  75  56  85  96 251 194 115  45 153 177  26 196
  20 239 173 176 109  63 226 207 225 148 101 171  82 104][194 157  63 247 232 236 181 167 184   2  42  17 180 191  32  91 195 119
 123   0 113 109 146 231 197 178  90  27   8  72 135 186][ 35 191  11 168  52 201 130 119  12  73 216 239 182 204 178   0 220 171
  23 101 223  58  68  63 184  20 170 248  92  10 219 221][ 94 123  30 254  11 212  30 224 165 132 205 135 109 235  35  82 124 245
 233 226  76 131 154 239 243 229 142  27  35  55  47   2][115 111  42 164  45 157  86 246 237 238 154  77 174 169  83 146 204 228
 237  71 204  43 194 169 178 216 101 187  78 252  90  79][182 106 202 190  13 176 202  72  23   6 213 135  97 201  59 204  88 232
 147 207  46 135 206 171 146 119 138 137  63 191 120 220][ 54 115 107 108  21  87  67 120  65 204 244 111  99 220 191 148 252 236
 132 226 205 163  96 141 178 216 161 154 123 175 118 215][ 83  61  59 214  50 198  63 115 185 204 223 100 188 254 182 116 182 255
  61 141 241 219 176 238 249 127 174 138  12 166  39 125][233 125 113  69 116  95 227  56 125 232 127  72 211  17 149 180  88 236
  86 106 233 176 117  14  39 252  33   4 111 170  82 172][ 41 237  99  79 244 143 239 119  75  73 126  74  50 249 148  52 120 234
  22   8 211 186 228 255 111  60  36 192  71 202 210 233][ 85 106  26 170  56 153  90  72 230   0 233 104 175 194 107  16 254 185
  76 227  78  35 204  27 144 197  43  57  88  51  43   0][188 181 104  44 219  93 215 251 209 206 188 143 107 124  39 146 189 211
 213  35 237  35  60 142 251 199  37 191 247 124  78 223][ 54 121 123 202 218 227 146 200 131 128 185 239  80 223  45  16 254 153
  71 242  26  35  88 124  56 132  35 126 245   3  38 179][ 74 156 174 213 179 246 185  55 190  95  78  48 189 183 146 226  39  55
 249 153 178 217 183 229 207 103 254 193 134  68 173 123][236 221 245  86 249  95  71 188 255 250 182 104 218 119 141 183 151 214
 238 106 225 101 251 254  47 218  69  22 218 243 198  53][ 26 143  67 206 115 210  47 247   5   4  90 226  40 167 164 212 102 186
 151 200  90 154  36 253  50 228 138 130  55 134 180 125][154 208 230  25  23 218 232   2 127  87 118 183 139 140  62 253 115 137
 167 149 198 244  53 209   6 123  18  69 103 132 125  86][220 116 255 126  11  76  87 248 249 194 229   8 126 247   9  51 178 241
 120 106  97 103 186  43 243 235  69  10  96 115 103  51][216  12 215 252 133 118 124   7  53 195 194  19  93  63  33 219 225 247
 187 160  61 220  17 138 147 239 210   1 170 241 248  18][223 216  39 190 169  84  78 188 241  90 147 112 223 126 152 255 225 213
 252 239 237  69 191 163 179 251 254 151  10  53 185  55][233 169 242 240 245 157 248  81 251 137 114  72 191 187 244 176 174 191
  87  92 190 251 144 207 255 249   6 106 198 132 227 143][ 51 141 111 169 188 139 235 238 207  64 218 131 241 204  54  96 120 174
  95 247 222 187 109 255 188  60 171 208  53  11 112 220][252 116 188 230 137 109  93 188 155 250 181  25 223 127  73  27 143 213
 253  99 232 103 219 128 219 217 109 189 226 127   7 115][160 241 249 232 238 105 149 206  90  55 176  58 182  61  73  43 155 218
  66  81 122 110 250 177 253 144  84 127 213  88 214 171][198 202  54 152 117 248 184 198 255  95 118 177 140 206  62  72 231   3
 175  21 182  45  34 247  15 126  26 207 210   5 101  87][ 14 138  62 152 245 244 185 198 191  95 116  49 140 206  54  89 167  11
 191  21 182  77  34 215  95 127  26 207 146   4 173 215][127  56  96  64 107 221  90  80 171  64 189 136  42 156 215 180  46 144
 213 222 207  35 246 209  19  89   0 187 103 135  78  85][ 26 155  47 191  49 204 189 183  60  93  94 229 189  15  18  65 166  31
 221  69 210 152  33 245 229 115  58 193   2   4 181 123][ 47 120  34 136 127 213 147 248 135 236 148 175  72 220 235  36 252 240
 223 231 197  35  58 156 115  93 171 191  83  63  63 247][ 91 235  14  53  18 138  46  37 172 224 194 197 173 130 146 194  38 101
 249 205  68 217 133 109 224 225 175 128  44 182 171  24][202 153  55 220 243 212  61 247 189  76  86 228  44 183 160 213 166 123
 191 192 113 219 178 253  63 115 126 203  34 132 165 123][172 120 252  80 109 253 177  88 203 186  53  24  24 221  69  46 137 120
 227  26 130 102 250 144  79  91  81  59 195 121  86 179][ 41 237  97  69 244 139 231 255  67 168 124  74  51 169 213 164  88 234
  22 120 217 186 108 190  46  28 165 164 119 250 210 168][183  25 115  71 118  78 239 112 121 200 255  98 122  55 149 117 126 252
  23 234 225 179  37 236 119 168  99 130 111 187  98 189][128 140 150 149 180 170  60  39 190 187  82  16 172 170  48  73 195  47
 110  17  48 252  67 230 140 182  94  64 132  72 129   9][  7 133 234   9 214 242 187 203  95 101  94 131  73 172 254 100 127 143
  19 189 150 186 165 210 126  44 143 199 183 198 253 212][185 219 107  78 118 151 207 248  69  64 244 238 113  77 183  53  62 232
  22 238 233 190 108  63 114 105 161 128 127 159 114 253][193  41  47 213  56 134 169 114 254 200 198  68 148 130 176  96 102  44
 123 204 145 217 183  92  84  41 171 200  12 161  35 241][ 32 158 186 222 118 225 183 115 148  15 125  35  48 255  34   0 253 250
 135 130  82 187   8 255 118   7 178 139 145 107 252 171][ 88 153  28 188  57 204  20  47 172  13 206  33 191 183  34  64 196  51
 189   1  94   9  83 181 243 247  58  91  50   0 173  75][248 163  66  44  57 139  67 120  33  36 229 137   3 131  10 149  88 140
 204 110  88 147 192  29 242 241 128 117  98 143  94   2][ 24 143  91 172  50 203  55 103 172  36 106 169 191 167  32  80  54 191
 204  96  72 153   0  31 240 229  34  17  96 130   7  11][ 37 102 233  35 180  59 238 216 127 239 127 237 199 233 217 140  59  74
  68 127 155 240  13 162 172 223  37 228 230 255  90 225][130 148  63 178 147 232 179  71 189  71  43 177 238 255  44  88 163 179
 219  17  50 141  18 231 243 182  26  67 128  64 165  90][185 117 106 104  84  86  75  92 101  72 254   6  19  31 183 112 124 140
  23 254 205 183 117  14 243 237 160 140 111 147 122 240][160 233   0 154  84 129 138 228  22   0  88   2  32 200  48   0  88 106
   2 195  98  42   8 191  56   4 142 104  21  27  48 136][ 62 249  50 186  29 221 210 232 207 116 137  11 238 220 107 128 216 107
 203  83  78  43  90 189 187  85  13 127  94  15  94 222][ 86 126 235 228 114  38 250  24 169 202 185 205  93 127  85  59 182 213
  93 247 161  67 152  72  81  44 171 140 237 243  35 113][136 153  17 251 217 197 237 175  30  81  96  16 188 215  40 241 193  27
  51 145  83  12  91 117  77 186 158 108  24   0 129 178][176 205   4 186  28 129 142 230 150   0 208   2  33 200  48  65  73 106
   6 195 106  47  10 191 160 193 174 120  21  24 176 136][185  61 115  71  53 222  99 112 125 200 127  64 123  85 148 245  48 188
  78 106 225 184  49  15  55 252  32   0  75 162  66 176][ 51  58  98  12  70   6 184 115 104 200 218 199  48 136 182  64 252 173
  23 133 197 154 148 201  20  44 170 128  77  36 115 221][ 94  92 165 204   9 116   5 138 235 254 138   0 200 254  85 254 241 213
 249 163 137  69 187 192 145 126 207  30 130 117  55 118][111 253 245  84 233 223 254 191 251 242 190 108 250 254 197 191 143 246
 254 106 245 107 255 253  47 250  69  62 203 245 202  61][ 88 213 254 255 180  78  93 183  37  75  94  37 255 127  10 115 151 119
 125  32 248 216 113  45 227 239 116 128  40 242 196 123][ 76 173 172 185 185 237  89 143  55  61 140  25 159  39  74  90 193 147
 253 156  26  72 235  53 207 215 191 253 144  64 133  98][ 33 251 104  75 118 159 239 252  71  64 124 238  51  77 182  36  62 234
  23 110 195 186 124 253 110  12  36 224 127 154 218 253][ 92  20 172 241 184  98  81 139  54  63 142  49 151  55  64  90 193 150
 109 144  58  71 243  18 219 231 251 221 176  97 180 114][ 74 153 182 253  51 216  56  55 189 205  70 177 173 191  18 199 166 119
 253 129 212 216 147 237 207 255  94 131 166 132 173  95][ 67 121 187  20 108 140 181 118 237 204 218 109 182 184  39  32 164 111
 126  69 196  41 176 105 177  60  42 154  72 120   3  79][164 252  57 249 236  73 149 222  30  62  52 168 183  21  65   8 207  90
   6  80  66  44 107  51 237 129  53 120 208  88   5 187][126  89  58 254  27 212  22 248 165 132 229  15 111 255  43  80 252 241
 233 226  72   3 154 253 243 229 131  27  51  55  46  90][107 179 240  76 235  24 124 175 107  59 166 189  73 186 222 246  39 215
 253 136 214  79 207 211  54 127  85 191  47 244 202  31][249 205  93 231 180  14  95 183  48 234 190  76 255  55   0  83 182 247
  93  46 233 235 201  15 240 239 103 144 108 248 129  25][212 200  61 251  10 207  87 152 182  62 135  24 215 215 105 123 161  85
 109 106 106  69 187  49 209 227  97  52  48  49   5  34][  9 232  23 232 117 143 248 103 233   0 105  64 175 155  52 144 174  57
  91  21  82 187   2 221 189 218  26  66  72   0 227 136][124 113 249 108  10  78  87 248 112 194 229   8  95 247   9  50 186 220
 124 106  73  99 187  40 243 239 101  28  97 115 102  51][184 235  90 168  90 193  94 229 165   4 228 139  61 143  34  17 238 187
 131 193  78  43  18 253 241 161  14 105 113   2 174 138][ 73 222 214 197 104  22 109 183  56 170 122 228 189  50 132 243  71 247
  62 168 229 222 229 238 108 251 254 132  10 240 160  13][ 42 117 225  26 201 217 141  79 155 231  60 141  40 252  94 156 153 171
 211   5 195 111 254 211  61  92  29 187 215  94 214 254][ 41 173 115  91 244 191 231 247 127  73 124  72  56 249 180 180  91 106
  22  24 211 186 108 255  47  60  52  64 215 206 210 173][ 27 145 107 168  83 198  57 119  52  76 126 165  29 150  34 112 254 189
 151 164 213 154  52  76 243 229 186 194  41   4 167 251][113 205 107 173  52 130 111 244   4  64 218 195 247 111  48  64 122 165
  31 239 201 154  69  61 244 172 170 128  53 186 113 120][184  52 236 228  77 115  85 115   1 230 189 159  59  61  86  35 235 247
 151  33  60 111 177 202 123  73 197  59  71 236 124 218][208 149 124 247 180  46 127  55 117 107 127 118 247 127 152  97 183 215
  61  41 248 252 105  31 234 239 112 192 108 234 192  59][ 61   5 109 101  52 107 107  56 101 224 123 194 115  41 145 161 122 196
  52 238 169 176 109  29 230 235 161   4 103 171  80  40][188  73  90 174  64 139  71 248  48   4 109  11 119 195  43  16 120 232
   6 234  72  50  72  63 240 197  33  41 113 187 102 130][ 75 173 168 177 189 253 216 135 158 253  28  25 140 186  82  10 129 107
 253  21  22  73 210 176 207 215  31 255 128  92 157  75][ 58 105 106  72 109 215 218 192 225 108 188  11  11 156 183  48 174 161
 213 231 204  35  36 220 115  89 129 191 103 151 126 206][ 55 249 105 238 126 221  95 248   5 204 125 174 123 220 183  52  30 249
  23 239 203  34 124 189 179 221 133 186 119 191  86 253][166 120 180  80 173  93 149  89 203 250 181  56 186 220 213  47 141 112
 254  90 195 103 226 192   7  88  85 186 211 125  87 183][ 53 125  89 232 218 131 138 216 136 160 184 238  84  91  33  16  94 249
  70 242  91  35  88 124  60 128 175 252 221  59  34 161][ 33 173 225  77 244 155 230 255  95 225 120  74  32 232 180 164  89 234
  18   8 215 186 109 191  46  28 133  32 223 206 218 172][220 124 189 244 169  79  95 176 161 250 182  13 223  63  65  27 141 245
 125 106 233  67 218 160 243 219 109 190  42 241   6  51][205  60 165 117 109 108 121  18 241 218  50  93  59  63  21  59 165 229
 125  14 165  76 243 104  71 251 240 146 138 117  82 123][ 55 237  98  74 213  55 206 232  81   9 249  10  64 232  61 180  88 202
  18 255 222 179  12  62  59  44 133 108 217 127 242 164][ 82  90 150 156  42 192  28  38 141  12 194 231 236 230 160  66 230  53
 175 193  64   9   3 249 176  50 250 155  20  20  37  91][ 19 249  42 154  19 212  57 103 173  69 204 133 172 222  34  84 182 187
 219 197 215 139  54 253 177  52  26 202  28   4 167 223][ 36  94 232 124 237 245 210  91  87 143 124  47  96 232 119  24 217 170
 163  17 142  34  82 187  71  31 181  59 217 121  94 155][ 97 185  48   9 252 141 230 115 107 105 120  76 158 152  86 180 140  10
 102  76 211  56 210 117  46  28   1 110  74  10 195 133][ 44 165 120  83 221 237 193 136  87 181 173  10 243 121  95  40  89 154
  82  24  58  98 123  63  79 205 145 125 243  75  84 234][ 66 155  39 191  53 204 125 181 189  93  83  69 252  95  24 193 166  51
 255  71 211 217  27 253 165 118  90 130  22   6 181 123][ 42 158 243 222 118 225 179 246  31  15 120 226 172 229 164 164 223 123
 131   0  18 170  98 247  12  22  58 202 215 205 101 237][185  95 107  78 118 151 207 112  85  66 252 230 115  77 183  37 126 168
  22 238 233 182 124 191 114 105 160 144 127 155 114 253][ 53 227  75  70 212  71 198 252  64 136 249  74  80 208 248 160 120 200
  18 255  95 179  72  61  56  13 165 237 105  27 250 128][ 82 222 255 220 114 194  61 246 185  78 118 231  60 183 164  81 103 255
 183 192 225 223 162 109  51  39 254 131  37 144  37 251][201 121  47  88  60 218 169  87 252 200 198 116 180 147 176  97 102  44
 123 204 241 221 167 108 244  41 186 192  12 128 163 233][217  78 111 223  54 162 235 176  52  74  86 242 113 111 177  97 118 100
  63 238 161 148  37 239  70  47 250 128  39 177 117 121][ 99 249 245  92 249 221 252 183 251 248 182  12 170 188  87 182 175 243
 254  76 247 110 247 253  63 218  85  58  75 172 203 124][ 27 153  99 232  19 214  57 119  53  69 198 128  61 151  34 116 126 185
 151 133 201 154  48 205 243 253 154 194  35 132 166 251][165 107  93 169 250 131 174 113 132 160 240 236 149  19 129  17  78 176
  94 250 105  58  69  28 244 129 175 244 125 185  35 161][ 66 184 246  94  49 216  56  35 191  13  66 161 172 255  38 212 166  63
 253 129   6 217 130 237 139 126  90 195   6   4  47  95][106 170 112  72 235  25  25 239 123  39 164 173   8 174 214 148  39 143
 238 132 148  11 164 211  94 127  17 255 195 132 238  71][ 23  18 239 159  54  50 235  49  84 203  87 246 209 108 178 236 126 100
  54 175 189 180  53 206   4  46 234 128 173 239 121 117][144 183 188 175 154  68  29 255 130  29 140 163 181 231 106  67  78  91
  73 129 122  11 194  43 233 161 174 185  16  82 165 251][ 41 189 115  75 244 189 231 246 127   9 124  98 104 249 188 164 255 106
  18  88 211 186  40 255  46  60   6  66 215 218 227 173][104 109 122  76 116 220  87 119  97  12 252   8  50 153 148  48   8 186
  68  72  72 170 176  45 119 253  32   9  99 130 198 170][  1 128  59 217 244 129 169 151  30  25  80  82 180 143 176 104 195  11
  19 153 211 156  34  87  68  30 190 192 148 136 177 169][ 65 195 155 247  96  30 111  55  56 171 118  68 245  50 144 246 246 111
  54 140 193 216 225 239 164 255 254 128   8 146 201 173][  3 240 144 155 239 148 180 205  31  93  81  55 172 216 126 200 251  11
 179  21   6  58 218 241  54  52 158 235 156  30 185 223][ 65 149  31 233 168  14 109  55 164  29 226  20 215  39   8  83 196  22
 104  60  81 136 113   4 205 171 114  68   8 128 165 112][ 19 222  62  81  23 158 249 119 237  76 118   6 169  15 182  37 166  49
  21  13 228 184  48 205 227 251  18 195 103 132 101 239][136 216  21 251  25 196   5 142 158  19  64  16 252 215  40 253 193 115
  57  74  99  76 122 181 225 243 218  63  18  16 165 170][ 60  57  22 178 157 239  81  85 135 172 139  13 134 157  99   8 200  48
 141  16  28  43  80 188 233 213  21 119 154  10   4  90][ 29 111 100  97 180  11 111 184 100 236  58 237 211  40 147  48  62 196
  92 127 140 248 109  44 236 205  37 132 231 255  82  97][ 38 255 224  27 253 145 150 206  91  21 120 109 168 232  85 132 201 107
 131  83 150  42 202 243  46  22 157 123 215  95 222 143][ 93 133  29 165 180  46  79  59  61 234 191  88 255 123 136 113 183 199
 124  42 249 201 105  15 248 239 103 212  96 226 193  33][ 24  73  14 190  12 129 206 246 148   2 216   2 241 235  49  64  72 227
  31 195  72 171  75 189 240 231 174 152  53 251  48 136][ 33  89 121  95 116 141 227 112  69  72 124  68  50  17 145  52  12  58
  22  74 193 184 112 125 103 188  32 128  91 138  66 185][ 89 213 157 246 172  14  93 191 169 250 190  72 255 127   8 115 134 215
 125  42 233  97 249 172 243 251 118 144  34 242 131  43][ 27 145  34 170  83 149 120 117 175  73 217 135  44 207  46 208 182 187
 151 133 215 139  50 213 179 244 138 202  18   6 163 223][ 42 181  51 200 249 225  83 127   3  77 252  40  62 215 160 148 217 187
 151 144  27  11  96 223 187 212  48 235 210   0 166 251][223  57 189 180 205 116 148 203 251 242 128  24  28 254  69 187 181 223
 248 177 191  67 178 192 159 113 207  63 128 113  47 118][ 47 177 232  28 203 221 208 235 155 101 180 157  42 252  94 144 185 187
 215   5 159 107 190 209  27  95  89 255 213  44 223 214][ 43  45 226 154 213 181 170 199  91 201  92  71  40 236 119 172 253  43
 146 157 151 186 150 242  15  28 158 107 223  79 250 156][ 45 151 113 107 253 191  75 216  79  93 125  68 219 249 254 180 221 138
 150  60 155  58 123 245  79 221  37 108 219 143 202 241][  3 225  19 217  50 130 160 103 172   1 106  96 188 146  32 100 162  59
  74 136  67 185   2  93 132 180  26  66   0   0 163 169][ 70 112 184  81 173  93 149  29 207 187 181  56 142 156 197  46 143 113
 254  17 199 101 226 192 207  88  87 187 194 120 197 183][ 45 236 185  67 205 255 195 194  86 243 169  24 146  28  85  42 201  92
  82  27 107 118 249  50  79 159   5  52 192 123  82 226][124 113 249 109  24  78  87 152  98 192 172   8 215 119   1  48  26 220
 124 106  73  35 251  40 227 239  37  60  96 243 102  51][ 17  69 109 101  22 107 107  56 101 160 126   2  83   9 153  96 122 196
  60 234 136 176 101  12 230 237 161   4 103 235  80  32][252 217  58 254  25 197  91 248 163  12 237   8 123 215  43  80 220 249
 205 194  74   3 250  63 243 253   1  57  82 179  38  98][215  57 193 228 242  38 235  24  41 168  49 202  93  63  81  62  62 213
  85 255 129 210 145 202  21 140 175 140 237 243  35 161][ 70 142 151 243 213 224 108 167 187 151  74  18 108 247  33 223 225 255
 179 145  50 216 139 231 173 182 222  67 128  81 181  46][144  89 251 117  50 202 177  87 124 200 114 226  53 159 161  96  38  61
  39  81 129 188  33 106 225 165  46 130 109  16  37 187][ 56 251  91 126  80 203 103 252  17  12 116  45  51 199 163  16 120 248
 134 234 104 186 104  61 119 133  37 169 115 187 102 251][238  28 191 126 203 244  17   3 249 215  39  25 126 255  71 123 129  55
 249  19  48  71 186 194 211 243  88  27 130 101   7 114][ 17  77  75 173 116 138 111 119  52  64 218 194 247   7 177  97 122 172
  31 237 201 154  69  61 244 172 170 128  60 186 112 168][120  89 191 230 169  76  95 180 161 216 190  44 255 127   1  83 132 247
 253  98 201  75 251 172 251 251 101 146  42 243 198 123][153  84 119  69  53 222  97 112 237 200 242  64 250  85 148 181 184 180
  76 106 233 181  49 140 183 250   0  18  67 170  66  36][ 42 175  98  64 245 185 234  71 107  37 120 201 139 136 214 180  26 170
 134  21 158  58 228 158  62  93 128 235 199 142 222 140][ 18  31 235 173  18 226 191 118 176 198 222 231  49 167 163  80 126 247
 149 165 168 155  36 110 240 231 170 129 165 243  39 251][ 82  50  54  28 115 210  56  67 189  13  66 161  44 222  38 220 166  61
 191 129   6 217 130 205 147  50  90 131   2   4  47  95][ 88 216 157 254  40  68  85 150 162  31 166  33 190 247  75 123 193 247
 125   0  74  69 234  33 195 231 118 155 160 112 165 107][ 93 111 101 103 180 142 111 176 101 236 190  76 251  33 145 183  20 230
  92 127 232 248 109  44 234 217  37 144 102 183  82 105][ 27 129 115 233  17 214  89 117 101  73 254   0  61 223  48 244 126 185
  23 236 217 154  48 205 195 249 130 194  34 134  34 238][ 13 122 149 165  40  47 108 152  42 250 177 237 159   3 193 154 151  77
 125  62 137 208 201   0 196 217 101 180 138 243   2 145][124 113 249 109  56  79  87 188  98 168 164   8 215 119   1  48 152 220
  92 106  73  34 249  30 227 237  37  60  96 179  70  51][ 18 175 188  50 219 233 181 239 170  21 136 187  44 255  74   3 171 219
 195 209  18 107 138 113 125   1 158 123 229  80 135 202][  9  73  83 237  52 138 111 181 116   8  86  66 183 131 177 224 118 108
  30 232 193 184  37  45 228 233 162 128  54 184 177 169][107 177 244  86 125 221 240  43 235 121 182   8 170 156  86 183 232 163
 254   9 215 107 243 213 159 219  82 123  67   4  79  79][216 210  61 253 168  74  85  55 233  30 182  56 223  55 130 123 131  21
 109  34 112 205 161   0 225 243 116 215  34 176 135  99][ 58 185 107  32  87 221 145  75  59 109 252 173  30 220  86  48 190 185
 215  81 159  59 178 145 219  85   9 255  79  14 223 215][188  73   6 190  60 131  78 240 149 138 210   2 243 234  49  67 200 224
  63 227 104 167  75 191 178 243 239  16  52 185  48   9][ 73 131 120 239 228 140 111 183 126  73 127  68 243  98 154 112 214  78
  38 204 215 184 237  37 238 191 246 196   8 130 193 161][ 89 209 189 238 169  14  95 189 169 249 191 104 255 119   8 114 134 215
 125 106 217 107 251 237 247 251 100 156  34 242 131 107][ 93 149 235 197 182 118 235  49 116 205  95 246  89  46 190 100 126 164
  60 189 189 176  53 206 126 111 162 196 175 230 248 117][210 147 127 165  34  14  61  49 172 222 146 247 223  47 130  67  38 165
 125 231 228 221  37  79 208 227 107 132  45 164  37  81][188  76  99 109  22  67  71 120  84 134 254   2  83  17 177 100 120 236
  14 234  72 183 101  14 115 237 161  20 103 187 116  32][  3 155 136 153 185 164  65  31  15  93  76  69 160 162 110  68 201  10
  59 156 159  10 211 209 143  52 154 235 154  70 184  95][249  20  55  76  61 222 192 104 237  72 243  64 250  84 132 245 184 180
 204  42 233 165  49 205 147 251   2  18  66  34 102  37][122  57 234  72  91 209  81  67 107 197 172 173  10 156  86 188 174 185
 245 145 158 107 182 208  27  93  17 251 231   4 110 255][214 255  63 182 186 196  31 180 184 206  28 165 253 127  11  19 166 115
  93 227 225  77 170 111 225 243 111 153   4 243 135 123][ 88 149 121 108 184  78  95 191  37  73 190 100 127 119 136 112 150 215
 125 104 219   9 241  31 251 253  36 212  58 130 230 123][ 25 203  27 205  50 130  43 118 236   9 118 226 189 147 160 224 102  51
 110 200   2 153   5 127 228 164  58 128  48 128  33  41][116  12 191 222   9 226  19 232 151  22 237  48 100 247  41  95 209 240
 233 162  56  71 107  63 211 183 211  91 146  99  36  98][  6 222 151 223 209 194  54 166 187 151  74 182 236 230  96 207 225 127
 163 210 114 218 170 239  45  54 223  67 130  81 165 254][ 73 131 108  93 244  14 109  55 124  41 127  84 211  97 154 113  86 238
  46  44 216 248 103   5 238 191 118  64  72 136 192   1][ 30 185 187 240 239 244 187 251 139 205 152  43 188 254  71  42 191 123
 215  17 151 107 186 227 219  95  31 251 133 108  39 247][ 42  56 234  88  79 213 241  67  83 229 116  59  40 157 118 156  72 184
 147 144 134  62 242 211  87  28 144  43 231 140 126 207][ 41 140 115  93  85 255 225 119 117  65 126  80  58  56 148 181  25 170
  18   8 179 184 116 159   7 126  16  66 119 140 214 236][ 79 112 240 224 109  29 220  29  75 243  21  10 143 156  93  42 134  25
 255  83 194 100 246 192 143 221  23  58 214 158 145  39][ 73  39  64  69  44  63  76  57 105 106 189 108 219  64 222 183 158   4
  92  44 205  32 229  25 134 217  97 188  78 230  74   5][194  48 185 242 207 210 177  71 122 183  65  58 140 190  69 187 179 189
 242 145  84 126 162 192  29 195 223 111 165   0 167 238][140 156 190 211 166 244 189 183  92  91  95  50 220 119 186 107 103  82
 179 139 177 220  59 231 111  47 254 193 134 209 181 115][  6 185 178 170 239 145 182 201 143  53  81 175  12 216 110   0 234  11
 179  87  86  59 158 241  30  80 139 111  21  15 189 199][159 139 111 181   2   6 109 112 180 206 214 135  93  46  50  67 102 229
 125 239 248 221  53  76 240  99 238 128  45 164  39 112][  5  53 187  86 197 254 229  69 250 227 111   8 210 252 125  58 145 126
 112  25  17 243 186   8 105 190  69  43 192 114 199 230][ 91  28 246 183  35 120 188 146 189 223  86 181 237  62 147 107 167 119
 253 135 165 212 167 226 198 115 122 131 174 245  45  95][ 89 107 103 103  52 218  79 180 101 224 254 224 235  65 153 180 122 228
 204 238 201 184 109 173 170 253 164 144 102 151 218 104][120 104  63  76  57 219  82  96 237   8 182  40 190 220 165 245 162 176
 204  98   9 163  34  93 147 251  65  27  82 161  79  37][ 25  88 127 237  52 158 111 246 237   8  94  96 191 147 177 116 102 124
  60 106 193 153  33 237 227 255  38 128  34 179  33  41][ 26 167  44 161 219  65 189 239 162  53 136 171  45 239  74  19  41 211
 203 177  90  75 202  21 253 193 159 127 229  68 167 202][171 235  97  70 100  25 239 252  89 226 116 206 123  72 151 165  94 236
  22 239 237 118 236 254  54  92 229 168 111 190  82 253][246  92 150 188  13  38  84  96 157 130 210  18  70 250  49  75 233 228
 127 227 104 199  18 202 145 242 207  18  36 121  48   2][ 94  58 154 184 171 112  20  67 187 223 152 245 140 238  67 218 167 119
 237  17  22  75 130 192 154 247 127 207 136 100 175  87][121 160  56 102 109 221 240 104 107 121 241   8 191 156  94  48 184 157
 245   1 158  58 251 213 223 221  26 127  65  14  87 207][ 11 171 132 149 245 190 172 183 238 233  94  68 172 160 146 228  35 110
 178  29 151 216 135 253  44 127 255 192 142  84 153 205][  2 207  34 155 148 195 174 231  22  69 218 163  40 174  50  64 124  59
 147 213 114 153  76 255  44  38 158 193  21  14 180 216][  3 237 114  75  86 147 170 236  94  65 124  66  40 200 190 164 122 107
  18 217 199 186  44 255  62  12   7 200  93  30 249 141][150 221 254 254 183 114  94 255 159 158  28 179 109 127  63  75 247 211
 181 163 120  77  56 255 251 231 255 135 181 123 164  83][ 59  57  59  40  87 197 217  87 107 205 124  47  62 157  86  48 190 187
 151 145 159  58 176 213  91  93   8 235 127   6 118 255][ 77  58 148  97 168  47  72  17  39 249  55 108 159   3 209 190 134  36
 124  28 137 208 201   0 142 217  37 180 138 230  74  17][ 13 203  99 107 180 142 111 181 110  77 127  68 223 227 152 112 214  78
  36  94 218 184 237  53 236 253  38  68  66 146 195 233][236 121 249 101  24  79  87 188 115 168 164   8 215  23  65  48  20 220
  92 106 105 118 249  30 239 233  37  52 106 178  70  59][ 62 122 112  10 234  49  59 216  11  62  61 239  77 198 239 156 127 217
 183 246 134  22 174 240  30  76  35 238 183 183  39 245][222  76 198 244 109  38 108 146 177 170 214  18  73 235 113  91 245 229
  61 170  40 215 129 194 211 254 223 134 167 241 112   2][ 26  82  54 154  83 214 184  65 175  13 195 167  44 158  38 220 230 185
 187 149   6 155   3 213  17  48 154 195  19   6  45 223][ 18 162 250  67 114 169 186  64  58  13  91 235  45 206 220   0  55  27
 135 145  18 144 140  71  92 132 186 227 165 131   7 161][ 94 123 254 164 170 112  31 252 160 206 158 175 125 255 195   2 166 245
 253 231 200   3 175  40 242 199 239 191  45 119  47  91][169  10 104 201 116 151 235  88  87  72 116 114 185  19 182 228  90 136
  22 184 171 182 101 255  70 253 162 200 127 133 120 165][249 213 121  76 244 206  95  63  57 104 254 108  58  55 132 117 150 150
  93 104 251  43 113 221 123 249  36 222 122 128 198 121][ 89 149 110 197 183 118 249  51  69  77 255 178  89  61 190 224 126 132
 189 188 156 184  53 197 123 239 162 197 167 142 252 117][227 248 105  88 125 221 218  72 203 120 180  44  42 220 247  52 140 177
 215  65 199  39 190 223  19  24   1 251  93  14  94 215][105  38  96   5  36  59 105  57 105 110 191 253 203 104 222 183  30 132
  92  44 141  48 229 200 134  89  97 180  78 238  90  85][ 93  97 240 224  71  29 126  88  75 224 173  10  31 137  89  58 190 205
  83 251 206 114 184 192 215 201   5  60  99 255  82   2][ 22 123  91 136  98 128 186  80 172 140 240 231  45 134 161  80 126 249
 134 210 192 135   4 104  48 160  42 136  45 179  35 153][174 233  42 232 221 193 186 204 139  13 180  11  12 221 119   0 248 185
 147 209  18  43  58 246 123  21 143 255 211  31 246 218][  6 255 151 159 223 194 190 232 190 150  74 231 236 230 109 198 243 123
 235 210  98 201 186 255  45  54 207  75 146 119  37 254]