[252  13 246  70 143  82  87  32 225 166 175  10  75 121 151 183  48 244
 236 234 108 231 189 138 251 235  69  19  99 247 126 102][  2   8 144 153  53 135  56  71  30   9  88   2 172 154  32  72 197  43
  19 144   2 156  65 215  13  22 154 194 144   8 177 139][202 113 119  90 105  92 101  17 237  88 183 124  58 215 204 247  38 144
 254 106 227  97 179 193  23 120  64 154  74 150 230 117][  6 252 224 147 247 165 186 202  30 251  17 179 140 254 127   8 191 123
 147 151 162  84 138 242  13  22 159 174 149 119  23 211][144  40 215 181   6  11 228   3  60 178 226  82 167   2  65  75 106 173
 106 129  96 244 197  74 132 130 218   0  37  40  81 136][237 144 157 175 172  44  65  25 114 123 163  28 215 115  72 123 145 134
 108  44  59 100 219  19 205 251  97 124 152 194 192  34][181 205 123  96 214 139 127 247 125  32 122 218  95  11 188  48  62 141
  21 110 249 188  12 223 250 205  37 196 111 138 194 161][  1 191  83 200 210 142  39 119 109   8 122  98  52 211 160 116  54 186
  18 200 211 154   0  93  52  36  34 192  41 130 162 169][ 55  41 230 189  12  19 206 121 197 224 211 135  67 200  54   3  88 236
 127 231 204 247  79 136 146 106 193 144  47 175 120 212][109  32 140 182 141  36  89  26 178 215 135  29 215  43  83  91 201 197
 121 157  44  71 211  32 203 243 221  57 136 113  26  82][ 41 207 121 105 116 143 235 188  86 104 116  68 179   7 144  48  94  40
  22 124 227 184 121  63 111 205  33 100  93 154  64 185][ 56 232  62 184  13 205  84 230 171  95 164  25 174 157   2  17 169 163
 205  65  78 111  18 181 211 211  80 123  82  29 198  75][ 18 142 219 125  50 234  57  67  62   5 122 162  61 183 160 112  55  63
 174 144  18 152  37  95 220 166  58 195 165 192  39 169][208 240  59 112 144 205 113 117 190  25 166  24 150 151  64  48 161 153
  93  16  91 175 176  86 249 141  21 110  64   0 167  50][ 72  34  28 121  41 232  49   7 234  25 226  56 190 145   0 123 130  27
 108  16  18 233 195  17 197 241 112  83 192   0 207 139][248 105 222 100  73  24  84  96 225 166 164   8  43 233  69 179 168 244
 236  98  76 227 130  40 243 249  69  57  99 186  78 138][124 113 121 229  48  79  95 184  33 172 254   8 215 119   9  16  54 212
 109 106  72 178 249  12 247 237  37  52  96 178  70  99][ 60  88 121 101 100 110 103  48 100 234 254  74  83  21 145 112 120 252
 118 106 201 180 117   8  87 239  97   0 103 251  68 113][221 254 206  55 162 170  76 181  50 218  98 245 127  98 137 219  55 103
 108 198 249 220 143  37 168 235 117 192 232 241 170  17][122 174 255 112 234 249  17 199 171 189 188 169  47 191 199  27 175 255
 237  16  22  75 166 240 218 215 117 251 231 213 135 203][198 186 250  18 234 232 181 207 234 223 184 189  20 236  87  26 175 203
 107 149 150 111 142  98  95  21  63 111 193  80 167 223][141  55 123  35 242 251  55  83 127 237 127 253 223 254 142 180 183  63
 198  55 181 176 172  94  46 213  37 230 206 231 175 245][  9 189  17  65 245 159 102 191 107 232  56  76 186  48 148 180 144 110
  84 108 215  56 217 125  45  28  37 116  74   2 219 157][224 172 159 117 136 237  69  39 184  51 162  24 182 179   0  27 129  54
 104   8  56 237 210   5 201 163 116  48 192  64 198  42][ 93  80 255 101  38  94 125  48 101 234 143  68 255  55  19 123  38 213
 125 174 201 208 181   8 195 235 102 128 166 242  97 113][239 255  97  96 249 121 218 220 123 249 188 232 139 140 215 180 159 219
 215 245 191 106 236 246 190  93  45 255 199 215 198 253][252  38 140  49 232  57  77   3 168 191 167 153 131 131  67 155 129 134
 237  28  44  87 193   0 223 243 116  49 224 193 206  66][116  97  25 101  21  79  67  32  96 160  35   8 215  83   8  48 144 156
  72 106  72 176 209  12 193 253   1  52  64  34  66  32][130 144 143 153  77 225 176  71 158  85  64 147 164 158  98  73 201  59
 179 145  18  92  82 209   5  16 218 107 144   8 181 218][ 58 189  87 180 240 175  95 247  59 168 168  41 254 103   1  17 158 255
 204 224  56 219  88 125 249 215  47 182 160 224   6 187][124  37 153  96 152  77  71 168  50 186 168   8 215 243  73  16 145 214
  76 122  59  99 218  26 249 207  37 124 224 114  66  34][210   6 214  28 170  42  28 107 184 158 194 249 236 226 165 223  55 245
 239 162 116 199 134  88 176  50 123 155  20 244   7 141][242  33  66 232  13 203 192 105 143  32 225  11   2 138  36  80 248 173
  79 225  92  43 210 220 145 240 138 127 113  10 122 130][252 221  69 109 154  98  79 184  36 224 138 226 211 119 137 246  90 212
 125 234  57 130 125  30 233 231 161 212  63 243  36  48][215  96 230 145 108  58 248  74 121 250 151 151 200 188 223 255 239 205
 255 191 165  87 237 194 150 122 219 166 143 245 123 213][132  12 134 159 140 163  46 235 148  18  91  18  96 234  41  73  89 106
  34 130  48 240  11 239  32  38 223  64 148 123 176   0][ 94  98 236 117 138  14 109 152 171 178 135 141  95  99  93  91  55 197
 125 254 192  84 159  64 222 235 101 180 172 247  83  64][232 165  21 103  17  76  69  63  35 161 170   8 247  51  64  18   0 214
 104   8  88 104 217  47 237 162  21  48  98 130 198  42][ 73  57 215  85 137 218  37  19 231 242  38  72 218 209 196 182  33 116
 104   8  81 241 243  64   5 250  69  18  74 224 195  36][ 45 164 241  64 221 253 227 203  91  37 109   8  10 249  94 188 153 138
  66  24  18  58 250 211  31  28  21 127 211 207 214 230][252  49 109 227 188  79  91  57  37 236 191 175 211  93 153  49  30 212
 125 250 217 242 121  12 255 201 229 212 103 171  86 115][ 88 153 150 190 137 220  52  39 172   9  74   1 174 183   0 210 160  55
 233   1  84 137 147 101 129 247  90  19   0  68 173  27][233 122 109  79  40  15  79  56  65 174 181 236 243  69 149  53  28 244
  92 106 232  38 109  60 102  27  97 184  83 171  86 121][ 81  48 159  97   3 110  49  67 236 179  34  16 158 147  64  59 161  21
 106  24  17 253 147  64 221 155  82  70 200   0  35  34][  9 151  58 119  52 188 113  55 109  77 127  68 190  51 146 112 132  46
  76  12 213 184  49 109 231 253  50   0  74 194 203 233][ 88  99 242 228 122  81  57  89  33 228 183 170 253 135 203 118 126 157
 223 248 204  19 229 200 246 193 175 185  39 182  39 121][201 251 147 212  97 156 116  54 233  72 118 100 188 146 164 246 166 103
  60  72 193 189 176 233 166 248  54 130  10 148 105  45][ 82 163 168  58 153 217 153 143 190  53 141 169 167 236  90   0 145  11
 233 149  30  73 239  19 200 117  30 127 208   6 143  78][ 84 100 158  52 170 107  20 207 254 179 162  56 198 240  73  27 131 119
 110  51  40 231 203   0 152 146 117  63 192 112 143   3][184  69  81 232  86 131  67 120  85  32 124 202  19   1 161  52  88 168
   6 248  41 182 116  31 117 140 161 100 119 139 114 168][211 157  30 222 211 244  48 103 237  65 110  18  44 182  38 244 166  51
 154 128 119 137  50 255  59  63  18  75  26   4 169  63][254  56 148 254  41 229  80  75 143 160 161   9 175 255   1  24 200 179
 253 130  26  75 218 187 147 243 203  59 210 111   6  18][  1 140  83  93 117 191 224  55 124  73 122  84 178  24 180 164 200  42
  18  12 183 188 117 207  38  62  18  64  75 136 217 172][  0 177 121 107 240 233 115 215 126  13 125  56 151  31  72  48 179  26
  23  16  18  56  48  23 111 141  52  69 240 130 199 251][156 204  78 255  12 131 110 252  52   2 222 130 249 231 184  65 127 255
  63 203 104 150 107 183 246 239 238 192  54 243 160  24][205 207 158 252 232  81 175 255 218  86  60 140 237 227 171 183  19  67
 202 106 101   3  46 255 244 247 111  61  82 244 171 233][213 190 159 125 170 168 116 187 182  26 106 245 247 227 201  91  39  62
 108   0 111 212 131  19 202 227 117  68 232 224   3  25][ 84 121  27 238  24 205  51  80 172 200 225  72 247 215  33 112 180  57
  91  98  65 131  18  92 209 128  43  56   8  35  39  50][ 35 241 121  72 244 205 251 253 107  73 124 108  50  29 156  52 158 154
  87  88 211  58 112 245 127 156  36 254  91 138 194 249][126 188 239 112 203 253  80  67 171 255 180 189  10 189  86  31 175 179
 253  17 158  79 178 224 219  91  85 251 227  69 230 119][ 56 185  59 120  91 205  81  71 163  21 164   8  63 159  32  48 162 187
 197  16  26  43  50  53 211 205  16 123 114   0 198 250][120 175  94 110  25 152  86 167 161   4 174  41 107 227   2 210 128 246
 236  96 108  11 130  47 251 231  68  27  98  34 238  10][ 64   0 191 116  40 236  81  19 160  31 166  24 183 151   0 122 128 182
 108   8  24 105 163   1 195 235 112  17 224 128  70 106][250  28 239 101  23  38 208  51 113 170 242 115  58  60  20 112 237 181
 125 161 169 255 209  78 219  46 250 130 109  32 114  43][124  67  88  37  18  10  67  56  32 164 239 137  83  35  11  80  50 196
 108 238  72 146 201  14 244 231  33  21 104 163  10   0][ 86 130 222  53  10   2  60 168  56 190 243 233  77 102 130  91  55 213
 237 163 176 217 143  72 216 227 127 133 229 224  39   1][244 106 150  48   9 139 150 200 251 186 160 109  70 200  69 155 137 253
 236  83  46 103 202  58 152 150  69  63 201  61  74   6][ 48  45 146  53 145 175  66 198 113 164 234   9  34 168   5 157 232 238
  68  80  40 251 209  46 177 246  17  51 225 121 102 142][121 254 211 118 113 220  81  55  51 111 101 236  63 151 194 148 183 189
 245  12  75  94 160  15 210 255  48 170 106 134  70 121][119  58 173 115 163 124  16 154  51 255  83 253  66 253 207  62 149  95
 245  20 191 208 251  32 203  94  85 231 234 117   6 247][ 21  11 207 239 134   2 110 113 100 128 203 198  81  99 177  97 120 238
  58 236 153 218   7 236 248 170 206  64 173 163 240 160][242 127 122  50 186 217 158 198 187 204 180 173  47 222 199  16 166 251
 221 213 238  79 162 255 251 213  60 187  69  21  47  95][248 103  50 236  29 217  82 104 165  12 248  11  47 217  37 144 248 185
 205 225  72  39  64 159 243 213 129  59 115  46 126   2][ 59  81 110 172  29 135  90 120  37  76 215  71 123 203  51  64 124 161
  31 239 205 131  85 221 242 105 170 128  63 174 120  82][ 45  93 121  71 240  78 111 184 124 232 127  64 211 119 145  48  60 220
  84 106 233 176 121  46 109 191  37   4  66 243  66 161][  2 148  50 152 211 228 176  71  30  17  74  19  44 190  32  64 227  27
 179 145  50 136  18 215   9  54  26  75 144  68 165 138][ 40 236  57 119 116 205 103 246 235  14 124   8 183 213   1  48 145 250
  68  74  75  52 250  63 231 223  49  56  64 211  70 171][173 166 196  67 244  63 234 156 127 251 123  84 219 104 220 173  31  78
  22 126 183 240  93 222  46  94  37 100 207 255 218 149][ 73  36 151  97  45  47  97  27 127 187  42  92 150 177  80  58 145   4
 104  60 145 244 241  16 205 158  81 116 200 104  82  32][167 241 102 153 223 157 188 101  13 121 208 191   8  28  54  33 236 153
 211 181 246  59  84 213  61  24 142 238  93  12 250 215][ 73  51 121 101  98  78 173  56  32 238 126 236 157  23 209  51  46  28
  85 110 193 146 177   8 101 201 107 164 108 226   7 249][104  56 188 241 172 252 120  18 235 255 182  25 159 191  67  59 135 245
 253  24 158 109 243 160 207 251 117 247 192 193  78  91][ 61  77  89 111 116  11 111 184 116  40 127  64 115  99 145  48 126 200
   6 234 233 176  73  63 102 237  33 128 125 187  74 169][118 112 114 108 111  87 218  88 137 232 180  47  74 221 183  50 190 245
 215  99 204  39 186 200  19  88   9 191  87  63 118 215][ 95  61 131 164 115 190 106  82  45 200  74 237 159 130 161 244 118 237
 222 229 141 154 148 200 180 244  43 130  46  39  43  21][ 40 105 120 251 101 205 120   4 109  17 100   8 191 155  80  89 202 185
 119  88  74 184 210 176 199 249  80 105 114 128  78 170][174 126 117 250 123 181 159 216 155  90 181 125 126 221 189 191 159 211
 215  99 235 103 106 255 115  91 109 190  95 127  15 115][ 61 109 120 101 118  95 127 248 114 228 126   8  91 125 155  48  50 220
  85 110 200 176 253  62 119 239  37 164 103 179  70 227][131  16 101 217  66 174 233  19 124  83 114 146 185  30 150 121 110 157
  59 141 167 220 117 211   5  42 218 192  37 132 115 252][ 22 141 183 255 170 169 182 238 239   3  74   0 239 250  44  66 163 115
 107  82  82  41  27 115 185 246  15  70 208 115 165  38][156 134 102  31  50  34 171 232 116  15 219 247  73 232 190  69 119  79
  79 231 182 213  13 111 112  46  43 197 101 229  37  65][198 164 166 151 218  34 184 203 190 243 211 147 204 238 120  75 119 223
 255 181 178 215 143 215 156  34 223 236 132 100 161 208][151 205  14 168 146 147  62 231 180  74 218 151 205 206  50 193 254 171
 223 231 108 139  12 255 240 193 175 201  44  54 169  82][118 181 235  90 217 245  82 200 179 205 173 157  74 254 110  52 249 250
 193 210 190  67 186 127 123  84   5 127 195   7 102 214][ 93 187  26  32 242 143 107 241  40 236 110 236 183 135 194  48  54  44
  68  92 211 152 176  60 252 133  37 224  40 131 131 249][  2 174 168 187 246 169 186 199  30  13  88 175 164 200  54   0 159  43
 131 149 150  56  78 255 108   5 189 235 213  78 157 207][102 122 174  26 234 232 188 207 170 223 152 189 148 236  95  26 175 127
 123 149 150 103 138  96  93  39 126 175 197 112 183 211][ 79 189 189  82 217 116 159 223 187 255 172  28 156 190  95 190 141 223
 251 157 179  75 250 226 255  95 223 126 202  85 167 118][ 12  52 177 115 233 109 179 218  59 251  61 120 222 247  73 190 151  93
 215  16 147 116 249 114 207 223  53 246 202 115   7 243][ 50 146 111 117  18 143  80 127  55 233 242 247  50  29   4   1 252 189
 247 149 184 252  81 159 155 214  48 210 233  12  84 123][198 126 182 178 123 189 186 198 191 222 144 237 172 238 103  26 167 121
 255 215 164  79 138 250 158  86  95 251 152 117  15 223][120 172 159 254 153 228  92 199 163  83 172  24 183 247  96 122 193 179
 249 144  59  75 178  51 219 247 220  89 160  64 174  58][ 15 174 236  83 223 191 189 223 250 255  92 150 184 237 214 174  47 111
 243 157 182 248 254 224 110  15 255 229 207 213 219 217][ 45 165 144  69 149  63  70 189 127 162 110  76 210 112  24 180 153  78
 104  46 253 240  89  30 173 222   5 116 218 250 218  36][229 173 153  87 244  47 103 191 122 170  40  88 246 113  73  50 145 110
  64  58 113 116 216  42 237 158   5  60 200 114 195 160][218 251  19 174  59 193  22 232 175  12 168 237  46 222  96 212 198 241
 236 194  79  11 218 253 184 244  14  59  90   6 175  31][253 113 252 102 173  94  87 152  97 232 183   8  91  93  79 183 148 212
 220 122 201  99 249 168 251 217 101  52  98 243  66 115][108  97  81 111 112  14 110  57  37  40 107   8 223   3   8  16 210 157
  76 106  72 176 201  13 231 253  33   4 106 178  66 160][  3 152 183 154 109 213 185 199 159  89  80  80 172 222 116 237 197  59
  58  25 147  74  58 241  13  58  90 106  18   4 161 189][ 53   1 205 239 220   6  78  77 198 129 203   2 243  97  57  98  88 230
  42 220  27 170  95  57 253 172 134  88 181  43 240  40][138 156 103 177 117 235 177  39 188  67  82 149 189  61  16 208 171  51
 251   1  51 188  81 223  69 119  26  65 206  12  29 122][220  93 254  86 155 114  87 176 113 198 167   8 107 113   7 247 112 246
 236 234  44 231 189  46 251 239  69  19 227 247 110 102][252  37 145 102 184  73  70 184 115 186 163 104 215 115 201  19  17 214
 108 122 121  99 203  10 169 231  37 124 224 242  66  33][239  42 230  20 205  52 236  66 233 214 183 143  72 234 215 191 239 229
 241 223 164  87 166 192  22 123 207 137 199 245 122 212][104 164  17  99 145  76  66 188 113  33 235  24 223 115   8 181 145 214
  72  42  58 112 217  55 237 251   0  84  66   2 194  34][251  81 114 108  47  23 222 120  73 200 244 171 106 221 183  52 222 245
 213 103 204 167  32 204 179 249   1 158  87 191 118  87][ 18 135 123 109  50 138  57 119  60   5 126 226 109  39 128 112  54 191
 174 128 176 152  37  95 252 167  58 193  37 128 165 105][ 25 251 115  97  50 143 111 245  45 100 110 204  63   3 128  52  54  40
  84 110 193 152  52  61 224 200  33 160 106 146 195 249][120 186 186 116  49 236  81  23 163 157  46  40 191 179  64  26 160 190
 108  16  26 107 162   1 219 245  48  89 194   0 198  43][ 45  93 125  71 116  78 103 184 125 232 119  64 243 119 153  53  28  92
  84 106 233 240 121 110 111 191 101   4  74 179  66 161][173 105 236  65 141  95 196 206 195 176 164   8 147  25  85  63 137 196
 106 120 232 111 115 152 127 219  69  53 195  57  82 174][ 45 165  80  73 221  31  66 136  83 160 169   8 194  64  69 180 153  76
 194 122  14  50 219  31  47  92   5  63 219  47  90 132][ 84  94 158 180 170 170   4 182 180 154 130 245 247 227 129  91  39 247
 108   2 104 197 139  42 248 163 127 144 168 113  35   1][ 89 174 146  52   9 189  80 134 235 245 174  12 174 168 214 182 129 102
 236  13 142 105 246  51 154 255  85  59 202  68  75  76][198  36 166 149 220  34 168  74 222 179 211 146 200 238 120  75 121 237
 123 179 176 215 207 210 156  34 223 196 133 109  49 128][132 132 134 159 156  35  46 234 150 147 211  18  96 234  41  75  89 110
  42 178  48 247  75 238  12  38 223  68 148 105  48   0][ 24 181 123 107 242 201 115 247  54   5 124 160  23 151 232  16  55  27
   7  80  18 184  40  55 255 205  52 101 240 130 167 251][114 189  83 174  59 193  30 105 175  76 185 173 174 214  34 212 214 185
 204 230  79  11 218 221 176 244  11 187  88   6  47  95][201 151 253 236 109  91 125 255 219 230 252 140 239 231 179  55 155 103
 238  44 228  75 183 223 250 255  71  61  82 252  47 221][106 156 102 245  85 250 185  55  56   3 118 112 185  63  20 244 111 183
 251 129 177 188 209 207  77 247 154 195 207   4 255 186][ 56  88 121 101 100  78 103  48 101 238 254  74 115  21 145 112 124 252
 118 106 201 182 113  42 119 237  32   0  99 187  70 249][ 82  89  71 190   3 210  62 228 168 192 202 227 108 246 161 247  38 247
 253 195  69 139 166 237 176  34  78 130  44  54  39  95][ 89 191 222  52 179 122  93  63  51 239 174 188  15  39 131 190  39 135
 236  12 237 205 167  11 154 255 117 151 162 228  15  93][215 167  75 226 214 130  75 119  53 128 217 194 121  79 184 112 127 171
  31 255 249 139  12 255 248 140 143 192  45 130 162  40][124  33  80 103  81  91  67  56  37 164 239   8 219   3  10 148  88 204
 196 106  72 178  89  12 247 237   1  21  99 163  74 160][159  72 235 103  48  22 239  48 116 194  87 194 209 108 151 100 118 228
  61 239 237 148  37  46 102 111 175 128 175 183 112 116][242 107 215  30  11   8   4 100 169 154 224 237  46 226   5 219 162 229
 236  98 109  75 130 105 176 176 100 186   8  52  34  13][155 142 127 231 210  43 127 247  61  34 123 242 127  59 180 113  63 191
  23 175 233 189  13 223 242 239  35 196 127 226 225  41][ 14  79  74 150 194 164 175 240 188 134  79 199 125 231 163 216 126 235
 147 206  96 147  24 234 244 167 143 136  39 247 171 240][ 15 184 174  10 122 157 187 200 238 125 157 141 252 204 222 166  46 107
 251  93 135 107 254 241  92  28  15 249 205   6  27 253][194 126 134 154 120 173 186 198 191 218 154 237 172 238  83 155 167 107
 255 215 166  79 138 251 156  22 223 250 140  85  43  91][ 15 184 236  83 189 157 184 222 238 253  93 135 248 237 214 162  47 107
 251 157 150 120 255 225 110  31 255 225 207 214 251 223][203 121 237  69 226  90 109 183 104 236  22 236 189  38 211  51  38 119
 125 206 193 216 229 104 108   9 109 176  44 240 131 121][134 248 226 151 118 161 190 204  30 227  80 179 236 254 125   8 191 121
 147 215 130 212 138 242  12  30 159 174 133 119  51 219][ 73 180 151  84  73 188  32 222 250  27  98  92 190 179  72 254 161  95
 104   8  35  73 146  99 149 254  86  10 202  80 139  43][105 174 132  29 253 187  64 142  83 191 188  13 162 160 215 158 137 238
 238  28 158 122 231 178 142  87  85 117 194 237  90 204][123 182 242  70 115 190 123  83  59  77 125 237  47 247 142 180 182 191
 213   4 143 210 168  77 147 253  32 170 106 198   7 253][216 184  58 248  27 201  16  71 171  21 164  57  46 159  98  16 162 187
 205   0  10  15 130 213 211 209  16 123  98   0 175  11][ 56 105 122 107  77 221 113  68 229  20 108   8  63 155  65  27 232 152
 199  90  74 184 210 177 215 217  64  41 114 155  78 138][ 67 178 204  53  32  10 104  56  56 191  18 245 221  34 144  91  23  69
 125 173 181 220 197  72 140  58 251 132 140 160   3  17][238  98 165 206  73   4  79 152  19 190 165 216 194 103  73 223  93 212
 101 238 232  70 251 130   7 186 213 188   2 243  86 112][ 56 245 122 101  84  94 127 252 114 164 110   0  83  93 155  48  56 220
  17 234 200 178 253  14 127 173 165   5 103 178 118 234][203 217  18 220 113 148  60 247 233  73 102  84 172 146 164 245 166 115
 190  76 199 173 178 229  50 248  22  10  10 148 169  13][231  97 236  22 237  89 212 137 203 246 181 153  66 220 223  63 137 196
 242  87 236 103 254 176  30  89  85  63 199 127 218 214][199 121  61 246 236  45 190 212 169 186 184 104 188 159 221  43 142 115
  95  67 193 103 138 224 245 152 126 186  68 251  67 187][ 16 113  27 232   8 198  51  80 164  32 195   0 215 215  41  80 112  61
 105 234  73 129 145  12 209 161  42  16  32   3  39  50][ 72 244  59  96  81 237 113 214 167  49 108   8 182 151  64  48 161 153
  66   8   3  27 176  85 221 149  18 108  64   0  39 186][233  90 101  69  40  15  79  56 101 164 182 236 243  69 157  53  22 244
  92 110 233 180 109  61  70 154  97 176 118 187  82 105][240 107 215  52  11  10  68  64 233 170 162 104  46 200  69 155 160 237
 236  66  76 231 130  72 144 240  69  59 105  48  75  14][105 255 121 101 232  13  71 188 107 236  60  76 243  33 219  50  22 198
 100 110 201 104 253  61 238 137 101 188 104 179  66 121][112 113  89 101  48  79  71  61  33 168 234  72 151  19   1  16  24 220
  77 104  73 178 209  12 245 204  37  52 104 186  66  32][125 125 252 102 173  94  95 184 105 234 191   8  91 125 223  50 156 212
  92 106 201  99 249 168 243 249 101  54  98 243  66  99][  2 144 171 187  68 225 177  71  30  85  65 147 180 158  96  72 217  59
  51  17  19 152  82 113  77   6 186  96 144   8 181 250][204 182 119 172 253 211 124 251 255 246  12 148 237 231 242 119  51 103
 206  44 245  75 182 223 239 223 231 237 150 228 165 220][ 74 185 188 223 143 208 189 189 238  93 142  34 252 254 222 106 103  87
 251 209 214  73 187 241 127  63 223 207 150  54 189 123][  0 184  22 122  25 236  48   7 190  21  96  21 172 183   0  89 133  51
 232  16  51  73 146 117 141 182  82  75 216   0 175 154][218 248  54 186  11 237 150 198 191  87 160  25 174 191  34  16 161 179
 203  67  46  47 154 247 219 211  82  59  82  85   7  74][152  51 185 101  33 127 121  19  53 237 118  60 159  31 194  58 134  60
 221  24 217 248 240 128 195 217 112 179  98 196   7 123][219  57   3 149 115 222 104  83 253 200  82 228 172 150 181 244 230 173
 150 221 181 152 180 206 182 120 138 130  46 164  43 253][ 32 108  59 110 112 233 119 254 235   6 108   8 247 245   9  48 144 122
  68 106  66 160 232  63 231 221  33  48  64 211  70 171][ 37 128 136 235 141 109 198 232  70  35 169  26 210 121  88   8 217 130
 106 139  26  35  91 179 205 158 213 124 209 123 208 130][175 248 244  90 249 221  22 220 251  91 180 169  42 222 207 190 143 123
 213  86 230 111 250 179  43 217  20 251 210 151  14 255][124 125 111 225  52 111  75 184  37 236 254 236 211  85  17  48  94 244
  93 122 137 178 121  46 255 237  37 148 103 187  86 113][215  36 230 177 236  59 248  74 255 251 146 151 141 172 215 107 239 205
 127 149 180 245 231 194 158  90 223 182 133 117 115 213][ 19 175  40 171 182 171 187 223  14  13  93 167 165 200 178   0 191  43
  23 149 150 184  76  63 236   5 171 233 253  78 153 203][101 173 149  87 193 110 100 171 122 179  42   8 226  96  89  27 145  78
  96  24  18 120 219  33  13 190  85 117 192 112 194 136][ 77 110 134  17 201 187 160 202 170 186 190 236 206 224 195 159   9 100
 234  53   5 101 202  24 156  82  77 127 202 125  11 133][ 18 185  31 180 242 139 124 119 185 160 234 233 124 119   0  16 182 183
  78 224 113 219  16  94 190 214 103 242   8 160 131 185][196  12 149 189  46  46  41 138 190 179 194  82 213 243  73 107 103  87
 127 137  33 213 203  67 221 162 255 132 136  96  33  32][192 180 159 240 168  44 121  31 186 187 178 120 157 191  64  27 167 151
 125  16  51  77 211  66 221 186 123 254 136 192 131  59][ 62 191  96  97 247 187 122 214 123 236  56 232  14  14 213 181 191 255
 215 241 174 122 236 236  62  88 141 183 231 246  79 221][219 207   6 172 175 146 174 231 188  14 218 231 237 202 179 225 246 231
 255 231 236 133   5 255 176  99 239 135  44 116 185  77][ 33  77 121 109 116  11 111 184 117 226 126  76 115  97 145  48 122 204
  22 106 233 176 109  63 102 143 161 132 127 187  98 168][ 62 181  96  10 219 209 158 233  27 116 189 143 104  92  94  20 159 155
 211 179 247  99 126 223  59  84  13 255 127  14 222 214][254  60 176 254 169 205  80  81 155 170 229  24 175 223   0  27 200 179
 253  16  56 111 218 186 211 211 196 123 210 104 198  18][193 239 109 123 248 136 110 191 123  51  44 200 243  99 220  48  19  66
 124 206 227  76 239 119 174 222 116 124 124 208 210  40][167  94 252 254 238  55 158 184 139 250 181 237 254 125 159  63 159 209
 221 103 237 103 107 184  98  90 109 190 222 255   3 119][ 69  32 145  68  13  31  64   8 107 160 162   8 215  80  85 190 144 164
 104  60   9  97 243   8 157 218  65  60 200  32  67  36][ 89  80 249 101   4  94 123  16  97 200 175  68  91  63  89 114  54 212
 125 238 137 176 177   2 215 237  96   4  43 178  96 115][165 100 196  71  85  63 238 216 123 250 115  84 211 104 223 173 153  76
 114 126 173 244 221  42  46  94  69 100 203 255  90 132][ 68  62 150  53 170  43 172 151  62 187 210 244 199  34 193  91 167  87
 110  16 176 216 193   8 140 166 127 132 200 224 131 137][233 180 157 123 137 101  65 159 115  91 165  24 246 115  72  58 201 146
 120  24  59  78 251  51 207 255  84 120 216  66 194  42][ 35 144  38 153 125 133 184  97  13 124 208  47 136  28  54   1 236 177
 215 245 212 123  66 220  28  24 202 234  93  12 121 215][212 225 125 101  58  75  87  57 112 172 179  56 215  87   0  51 178  85
 108  98 120 229 233  13 241 227  97  20  96  33 199  35][ 82  60  50 190 153 237  20  79 175  15 168  24 174 254  36  26 160 179
 235   1  18  43 146 243 179 244  26  59 208  80 135  10][ 35 175  82  90 243 177 162  67 127   1 120 228  40 234 172 212 251  43
 130 144  23 186   4 255  44  28  26  74 223  70 235 141][ 95 134 100  47 178  34 238 186 116  78 219 231  73 106 154  68 119 205
  44 239 220 176  77  79 116  46 171 132 239 231 161  85][ 76 162 152  49 225 185 112  23  59 183  46  29 143 163  74 154 163 138
 237  28  30  92 194   2 206 215  20 121 226 196 206 194][180  45  22  23 209 139 166 224 188 130 226   8 102  96   1  25 232 226
  66  82  56 255  64 110 189  34  22  18 193  57  35 138][122  88 230  84  11  84  92  39 161 198 134 143 104 254  23 254 236 245
 249 135 204 199 182 201  51 122 220  27  39 116  46  94][ 74 148  26 223 117 248 184  39 185  29  95  49 172 191  62 229 163  59
 183   1  55 152 178 229 143 119  90 195 138  68 175 191][139 159  78 237  50 142 125  55  60   4 126 231 189  35 130  80  38  39
  31 140 240 152   5  79 230 239 186 192  44 132 161  89][237 114 253 103 168  94  95 184  59 254  39 253 223 119 203 187  23  84
 253 126 241  68 239   0  78 251 101 180 238 247 206 113][233  41 188 100 205  95 212  39 195 180 164   8 179  57  81  51 200 166
 104  25  72 106 243   8 255 217  85  57  67 104 210  42][238 180 172  18 217 125 151 152  91 255 181  61  78 252  79 191 157 214
 229  51 190  99 251  50  75  91  69 255 202 127 222  87][254  93 255  86 155 118  87 188 241 206 174  45 107 124  15 127 240 246
 236 226 237 231 253 174 243 255  69  19  99 119 110 119][152 221 121 107 114 203 119 245  53   5 108 160  55  23  40  48  54 154
   7 106 114 184  56  63 239 141  36  69 115 146 230 251][108 165  20  67 153  63  70 137 115 177 175  24 202  17   8 188 145 214
 232  58  58 242 217  52 143 251   5 119 194 195 202  34][228 183  21 102 168  14  71 184 115 186 163 108 215 115 200  51 145  84
 108 106 105  70 233  14 168 178 101  52  72 178  66  33][244 228 128 248  29  39  66 202  87  35 225  26  66 249 120  80 217 200
   2 170  58  39 219 187 185 244 129 124 145 121 240   2][123 170 170  48 105 157  80  87 251 127 164  29  46 136  82  22 161 166
 236  21 190 111 166  19 218 119  20 123 106 132 206  95][ 49  88 251 101 116 110  99  16 101 234 126  66  51  53 149 116 126 252
  22 106 137 176 113  42  87 237  32 128  99 251  70 185][ 37  85 125  69  52  78 103 184 109 232 126  64 211 113 157  52  20  84
 126 106 193 176 121  12 111 191 101   4  66 187  66 161][130 165 148 185 170 169 188 143 190  51 210 145 205 166  72  91 103  31
 255 148  50 221 195 209 156 243 255 246 148  68 161  25][210 107 231  12   2  82  47 100 160 204 210 226 105 230 167 119 118 245
 252 227 205 195 166  72 176  34 239 136  37 182  39 125][ 82 185  56 138  59 209 187 232 174 100 140 162 252 222 246 118 230 247
 249 211 194  11 191 245 249  53 143 255  20   6  47 126][250  81 114 236 110   3 222 120 201 232 244 171 111 221  53  48 222 245
 213 103 200 167   4 204 178 249   9 186 119 191 114  93][ 13  38 215  81 161  58  41  18 117 251 118 244 201  35 193 191  55 108
 228 188 161 208 167 192  12 250 119 196 238 245  35 181][ 95 187  42 138  63 221 187 200 238 204 157 143 236 204 215  36 190  41
 223 221 134  35 190 245 253  21 139 251  22  15  31 255][ 55 164  67 234 214 166  78 107  53 130 233 210 115 107  60 113 121 139
  19 191 120 158  93 255 185 142 139  64  53 195 242 160][ 74 255 242  20  99 220  60 231 185 206 126 109  44 190 167 182 166 127
 229  68 196 217 162 232  51 117  92 131  74  52 143 223][ 56 225 122  98  77 201 119 228 225   4 237   8  59 153 107  18 232 152
 207  98  74  51 154  49 243 193   0  41 114 155 110 138][  2 148  14 255 117 248 184  39 189  81  95 181 172 191  50 101 167  51
 179   1  55 152  50 231 135 246  90 195 142   4 157 222][249  95  84  69 155  23  92  55  87 170 190  78  10  50 135 245  77 164
 252 172 236 239 101 222 186 223 133  54 123 244 200  13][ 45 184  59  91 116 255 227 144 127  73 119  80 243  81 156 188 153  42
  86  24 179 180 121  63  15 255  48  64 202 139 194 160][ 30  73 138 222 193 148 175 228 180   6 108   2 105 231  51 192 120 235
 131 206  96 155  58 235 115 167 206   9  51 243 174 232][199 127 191 254 232  45 190 254 168 154 184 104 252 255 109  43 135 115
 127 103 225  71 138 105 241 152 111 186  76 115   3 171][ 19 133  95 239 210  35 238 119  61  34 251 194 113 107  60 113 127 247
  23 174 241 179  13  95 180 174 203   0 117 242 163 168][254  56 246  64   3 255  18 210 171 236 182 173  14 188  71 191 167 245
 221  81 172 103 176 232  27  89  69 183 231 117  78  95][137 179  79  19 112 158  41  55  60  93 118 245 189 135 130 120  38  47
 126 156 147 220 167  69  76  59 186 192  10 132 163 249][153 233 127  64  18 143 111 116 229  64 230 196  59  19 144 117  38 160
  92 238 233 153  52 125 242 232  36 128 107 146  35 104][ 60 121 114  79  93  95  83 248  97 236 253   8  75  21 135 180  88 204
 198 106  77 179 249 188 119 253   1  55  99 191 110 246][236 233 164 248 205  13  68 206  87 178 160   8 131 217  81 153 217 200
  98 121  26 102 219 145 251 219 197 125 210  57  86  34][ 88 187 154 180  59 140  80  23 171  29 174  57 174 183  66  82 164 191
 237  16  18  75 130  65 219 245  16 123 128   0 175  11][ 41 240  19  74  81 205  97 117 111  73 109  72 158 147  68 180 144  56
  82  24  83 186 114  85  23 156  16 106  74   2 194 181][106 176 228  22 205 249  85  13 195 247 173 157 234 236  78 158 137 166
 234  16  30 107 254 145 159  87  85  59 227  78 222 222][203 126 140 191  40 165 186 198 190 219 144 221 172 238  75  27 199 107
 255 215 167  79 202 251 156 119 254 186 156  85  43  89][ 77 162 150  26 233  60 100  77 235  31 167  24 206 226 202 158 177   4
 236  44  22  99 170  81 154 255  81 127 194 198 203   5][ 88   2  23 229  42  74  81  50  37  61 134 177 223  23   0  91  34 149
 237 128   8 201 225   5 209 227 112 209  34 128  36  99][ 36 237 127 110  56 111 103 252 237  12 173   8 247 117   9  49 144  82
  76 106  35  33  57  61 227 156  33  28  64 243  70 168][125 125 248 100 173  30  95 182 105 170 190   8  27  59  21  50 140 245
  92 106 200  51 241 168 243 253   5  50  99 243 194  43][ 57  43  91 109 116  15  66 120  96 168 124  76 115  17 145  48  88 188
   6 104 201 186  81  29 118 173  33  32 105 170  66 160][253  88 124  69  98  47 235  24 105 166 119 140  87  17 151  63  54 100
 117 110 160 180 245   8  86 235  97 176 111 187  66 241][119 117 237  68 155  91  87 168 225 230 174  13  74 124  31  54  57 196
 252 110 236  99 253  14 251 127  69  55 227 247 222 118][ 55 201  99  79  52 155 235 248 103  64 247 130 123 200 191 228 122 232
  22 238 203 176 109 253  46 248 129  68 119 175  80 236][  1 149  62 106  53 172 115 250 237  93 111   5 126 249  58 112 180   2
  89  44 150 169  58 117 219 253   0  74 192 131  99  82][200 188 149 245 176 174  45  55  62  59  90 112 191  55 192 244 135  63
 124  24  51 220 193  87 237 246  62 192 138  64 129  57][ 79 110 198  23  43  56 184  82 235 254 150 236 232 232 215 175  39 100
 236 157 134 213 175 232  30 115 125 187 239 247  11 141][165 106 164  55  28  31 230 156 127 250 179  93 194  72  95 171 217 196
 110 127 237 245 221  42 172  90 229  52 201  63  90 132][ 12   4 223 213 198  38 173  19 160 179  95 214  89  39   1  75 103 119
  59 174  17 209  17 200  71  43 251 132 175 225 225 176][  2 171 138 153 114 128 184  71 174   5  74 231 172 130 226 192 102  43
 171 149  22 153 134  81 148  36 186 201 140   4 169 153][ 73  31 253 101  58  95  19  56 111 236  62 237 251  61 131 166   6 118
 252 108 133 248 101 189 230 255  97 146 110 174  69 125][173  64 126 115 229  60 101 208 229  94 103  20  91   1  59 187  72  64
 130 110 232 180 114   0  71 235 112   0 226 249 234 226][195  44 230 177 236  56 248  67 255 251 146 147 140 172 215 107 239 175
 127 149 180 255 231 194 156  26 219 230 133 108 115 213][120 125 122 106  59 217  87 121 163   4 172  41  63 223  99  16 190 185
 205 194  74  11 184  63 243 197  33  57 114 130  46  75][ 43  55 114 102 115 190 122  89  41  77 125 237 111 239 158 180 190 159
 215  36 135 179 172 207  54 253   0 130 111 199 107 245][127 106 150  22  43 153  22 192 171 166 132 173  46 192  67 158 138 229
 236  87  78  71 142 232 154  87  29  59 198  63  15  78][ 91  95  38 173  38  18  44 103  45 170 218 231 173 170 183 196 246 165
  61 165 204 153 133 202 176 246 254 130  44 244  57  29][155 124  67  17 115 222 108 119 125 202  86 230  44 158 182 245 246 173
 150 141 245 156  52 206  54 122 154 194  46 132  43 221][ 49 205 121  79 116  11 111 252 117  96 127  70 115  97 149  52 122 236
   6 238 233 178 109  63 102 142 161   4 127 186  66 168][232 228  72 108  93  79  67 120 115 174 181   8 115  65  90  16  88 204
  78 110 104  39 201  31  83 156  33  61 123 170 114  10][ 17 151  42 171 180 175 154 121  68  77 221 199 247  72  58   0  30  43
  23 125 158 168  92  29 232  77 171 209 125 142 153 193][ 34  82  87  73 100  59 160  90  93  42 113 110   0  17 165 188  92 152
   6  40 129 182  97 222   6  30  48 134  95 205  82 165][ 73 135 126  89 245 156 120  55 237  29 125  20 139  74  62 245 226   2
 142  28 182  40  38 213 174 249  18  75 242 132 233  68][ 62 179  52 234 223  87 154 248 159 120 157 111 108  94 110 164 189 145
 215 243 151  99  10 221  27  95 139 255 119  15  31 215][ 74 184 190 176 123 252  48  71 173  93   4  25  44 159 102  27 167  51
 251  17  54  77  50 193 219  81  90  75 130   4 175  95][ 91 167 239 119 180  26 121  55 113 193  86 240 251  63 146 112 118 110
  61 189 185 216 165 143 238 255 246 192 174 164 240 121][126 114 242 236 111  92 251 216 171  92 180 175  75 223  95  62 254 209
 255 227 142  99 242 192 211 249 233 191 103 173 126 243][ 68 156 156 184 136 228  21 143 186  31 130  17 214 182  67  91 197 119
 108  17  62  79 219  51 201 183 127  95 144  64 175  75][ 83  51  34 168  63 157 155  72 143 204 153 175 238 204  63  36 254 169
 223 229 143  35 252 221 176  84  11 186 117  47  63 245][ 64 153 159  62 155 232  49  99 174  85 110  33 172 246  34  18 163  51
 232   0  22 137  50 117 217 183  82  75 192   0 167 110][229 176 189 107 169 109  67 153 115 123 165  24 210  51  72  58 153   2
 120  58  59 102 249  19 207 219  81 124 216  67 194  34][ 88  58 156  37  42  40  49  26 172 174 186 237 183  35  65  90 166  85
 109  32   0  65 195   0 196 231 114 145  96 241   7  27][ 46 253 240 114 253 221 222 200 155 241 189   9 238 252  92  50 153 251
 211  83  82  98 250 243  63 221  13 127 211  95 215 214][ 33 227  81  72  94 153 226 237  91  32 112 234  34 200 252 180  88 136
 130 113 199  58 238  95  62  12   5 111  85 142 218 172][ 45 181 115 107 209 231 107 215 117   1 109   0  25 215  32 180 125 186
  18 152  27 154  48 166 111 220   4  74 235 194 230 176][242  29 255  76 155 118  85  59 241 206 190  45  34 253   7 114 253 247
 253 160 237 235 179  78 123 126 197 155  97 116 102 127][ 50  65 114 236 108  19 222 120  77 160 244 139  75  77 181  49 222 181
  87 239 200 163  37 220 178 249 129 158 119 191 114   5][173 100 107  69 116  46 239  16 112 238 119  68  83  17 157  63 124 204
  20 238 233 246 245  78 103 169 161 132  79 243 114 225][165   4 238  93 228 124 229  49 228  94 119  16 211 101  59 123  72  96
  98  46 232 165 112   0  71 171 100   5 193 249  84 242][ 94 188  54 186 137 229  86 233 171  87 173  25 126 255 106  27 161 243
 249  19  26  75 154 241 219 211  94 123 146  86 167  90][210 107 231  76  66  82  47 124  49 206 214 226  97 134 149 119 126 253
 253 235 232 215 165 234  49  34 238 136  39 247  39 125][203 221  71 189  32 150  60  55 189  74  90 229 189  62 176 241 166 103
  61 205 229 152  52 239 166 123 122 128  12 148 171  93][ 37 249  91 123 244 255  98 144 127  73 118  72 247  81 157  56 145 110
 118  88 163 248 121  55  79 255  48  64 200 153  66 160][237 106 164  53  45  31 198 188 255 250 178  77 194 200 215 139 200 228
 108 111 236 229 203 168 160  91 101  52  72 189  90  13][ 94  18 179 101 195  46  56  19  57  43 115  88  30  63   9 126 183 157
 245 176 149 148 177  66 151 254 120 134 227  96  39 183][250 240 230 124  11  84  92  61 161  70 229  21  42 223  30 247 196 245
 253 135 237  71 242 193 179 123 216 155  43  36 238  94][ 84 148  63 106  21 236 115 218 238  89 107  17  86 249  57  80 177   0
  89  60 178  33  59 119 217 253   0  76 208   3 103 114][ 79 124 140 186 121 189 186 218 190 223 217   5 253 238  91  90 207 107
 255 151   7  71 218 241 221 215 255 168 152  87  11 219][218 160 156 185 168 171 124 159 190  51 210 144 189 166  64  91 231 151
 127 144  50 220 195 243 156 243 254 196 132 192 129  25][118 117 239 100 223  79 215 251 233 238 186  79  82 125  85  50 185 213
 125  97 237  99 241  14 123  14   5 183 109 124 214 115][120 237 123 106  26 201  86  97 161   4 172   9  55 159  99  16 162 187
 205  66  78  11 184  61 243 197  33  59 112 146  46  74][100 165 188  64 221 109  69 203  67 191 172   8  82 241  77  54 217 210
  74  56  90  99 235  19 123 156   5 127 209 106  86  34][104 165  60  69  93 111 209  39  67 161 172  24 178  57  80  51 200 166
 106   8  24 106 209  28  79 153  80  57  66 200 214  42][187  25 115 174 123 215  91 104  61  68 233 139 111 223  34 176 254 185
 149 226 109 147  56 159 179 213  11  59 115 167  38 246][ 90 169  58 202  27 213  27 232 171 100 141   8 174 222  38 116 246 249
 217 227  74  11 186 253 243 117 139  59  22   7  47 110][ 73 157  23  85 177 172  52 183 173  25 126  96 188 183 128 247 135  55
 124   8  83 216 243 109 175 190  54 194  10 192 129  61][219  83 111 100  34  82 125  52 113 206  86 231 123  63 150 115  54 245
 189 238 233 213 165  76 114 235  96 128  47 180  36 121][108 160 218  42 233 121  81  73 235  85 173  29 207 192 110 158 155 136
 236  62  30  99 190  17 155 221   1 127 194 174 206  86][234 176 226  80 105 221  81  91 187 125 164 189  42 141 214 156 141 138
 199  20 154 111 178 209  87  88  16 251  66 132 198 255][239 242 253 103 170  94  95 152  59 254  55 253 223 127 223 191 151  85
 253 126 165  68 237   2 206 251 101 182 238 247  70 113][236 117  21  86 233 109 103 188 249 186  53  88 250 113 141 191  16 214
 110 106  97 101 251  63  37 154  69  60  74 251  70 176][ 11 211 126  99  50 158 121  55  45  73  95 229 253  95 142 116 182  63
 253  12 135 152  37 221 230 255  50 194  46 134  35 255][224 187  26 112 112 140 113  87 170 141 100  57  54 131  66  16 134  59
 197  16  18 122 130  65  79 145  48 107  64 128 135 139][ 60  97 122 106  73 201 119 228 229   4 237   9  63 219 107  18 248 248
 199  98  74  51 154  49 243 193  32  43 115  27 110 130][126 176 168  18 201 253  83  81 171 253 189  61  74 252  78 190 153 254
 237  18 158  99 250  49 223  85   1 251 227  79 222  87][ 26 133  22 186 251 216 112 103 173  29 107  49  46 250  42 208 163  35
 230   1  22   9   2 213 154 247  90  75  50   6 175  79][  2 148  63 223 116 236 185  35 188  93  91  49 180 254  46  97 167  59
  59   1  54 153  50 119  79  54  90 195 128   1 165 211][ 15  59 198  69  99  24  40  16 109 209 118 228 136 130 215 190  38  44
 238 220 133 208 183 192  14 120  66 131 238 181  43 157][135 210 198  29 122 146 170 186 191  67  82 247 200 226 190 204 119 101
 170 239 181 213   7 255  12  54 219 194 191 165 185  85][ 33 233 115  65 244 143 239 247 124   8 120  64 179  24 148  32  56 170
  22  88 195 184 116 127  45 156  38  64  73 154 195 168][246 124 246  80  67 255 152  70 169 238 182  15  46 156  71 191 166 245
 221  17 172 231 176 200  27  88  93 179 207 116  15  95][ 48  26 251 101 116 110  99  18 117   8 126  98  51  55 129 112 126 252
  22 234 137 176  97  42  71 173  32 128  97 251  70 169][181 201 114  74  85 159 235 232 239   4 247   2 107 201  61  52 120 168
  18 106  74 183  62 255  19 216 129   9 115 171 116 164][ 86 203 205  55 136  66   6 175 170 183 138 161 227 102   9 210 195 118
 233 226  88 201 207  41 168 167 207  21 164 114 148  74][101 105 249  69  52  79 103 184 116 232 254  72 243 113 149  52  26 196
 124 106 201 176 249  12 103 190  37  20  67 187  66  97][120 125 122 102 244 206  87 246 105 168 126   8 123  57  21  48 184 254
  85 106 200 186 176  44 119 253  36   0  99 250 194  42][108 114 188  65 169 127  83 152 115 238 164  60 202  53 199 190 145 196
 236  50 189  98 249  18  79 223  37  55 202 117  78 119][ 37 240 121  69 124  15 231 216  99 248 113  72  83  81 217  48  93 204
  86 122 193 118 249  28 127 140  37  36 121 187  66 161][ 90 250 177 124  43 220  29 167 187  15 188  40 175 183   0 246 167 243
 237 128  74  79 162 227 179 247  30 155  82  20 167  59][  2 148  50 218 241 244 184  99 189  93  95  49 172 254  46 109 167  59
 183   1  22 137  50 245  11  54  90 203 130   4 165 215][198  44 132 181 156  34 168  11 158 179 210  18 193 234 113  75 105 238
 127 145  58 221 195 208 140 242 223 212 148 104  49 128][123 137 228 229 173  27 206 172 171 176 178 170 111  43 213 183  47 199
 253 239 232 121 205 252 190 218 205 180 103 244  74  12][ 41  39  80  73 244 189 234 118 109 104 124  76 170   8 150 180 158 138
  70 124 151  58 100 215  46  92  32 232  91 143  90 141][ 88 169 136  38  24 200  86 169 162 165 171 137 247 230  66  82 208 247
 236 194  94  11 203  33 249 229 167 121  32  34   6  74][121  32 177 101  13  95  65   8  99 177 164   8 211  17  88  62  24 140
 116  56   9 118 241  24 199 219  81 116  99 168  86  98][ 99  31 124  85 217 159  92  55 193 167 190  28  42  58 134 247 206 166
 236 132 236 248 101 206  54 126 212 147  79 196 202  79][206 125 151 254 235   4 191 220 138 154  24 108 252 243 105 171 167 115
 119 195 193  71 154  96 245 129 111 170  24 115  35 185][ 45 113 123  78 121 223  87 252  67 228 253  12  90 221 175 180 216 252
 198 106 205 179 248 188 119 221   5  63  91 191  78 255][ 40 137 142 154 221 213 215 239 150  21 204  11 100 241 114  64 201 234
 163  65 122  43  26 191 123  23 143 123  16  24 252 138][ 82 154 142 180  40 168  89  19 161  21 135 165 135  35   2  90  70 165
 237 132  24   9 195  65 194 247 248 209 164 128  14  83][211  27 131 149 182 142  46  50 125 232 218 230 180  34 149 100 102 231
 125 207 193 153 133 232 164  56 174 144  12 241  49  29][  2  60 182 145 236 188 184   7 255 219  90  51 172 184 116 107 239  63
 127  21 178 249 162 192 140  26 222 226 132  76 177 205][ 33  19  89  75 244  47 162  85 108 105 123 230 144  49 140 164 126  10
   6  60 145 176  65  78  38  12  48 192 221 203 194 181][ 29 151  46 170 180 143 219 121  68  72 223 199 215  72  58  65  92 162
  30 111 220 169  93  29 232 201  41 212 125 142 216  19][127 104  42 138  29 221 219  72 239  68 141  11 174 220 119 164 254 169
 219 231 206  35  62 253 243  85 139  59  87  47  63  70][ 62  20 227  73 149 122  97 218 119  85 238 151  11  13  63 124  89 136
 135 188  58 178 117 146  75 253 144  71 243 205 116 246][233 121 117  69 116  79 103  48 124 232 118  72 211  53 149  53  24 124
 108 106 233 240 249  12 103 184 101  20  66 186  70 161][195  93 191 222  32 196  63 117 253 202  86  96 252 246 165 119 166 115
  61 203 225 141 178 239 177  58 110 138   8 115  37 125][218 101 103 204 235  82  15 111 177 202 218 162 105 238 181 247 126 255
 254 227 109 131 166 207  48  98 238 139  39 246 166 237][ 42 184 232 114 217 217 180 207 251 119  44 185  42 188  94 186 137  91
 211  17 150 110 250 179 111  93  21 127 195  92 222 222][253 235  97 101 124  31  71 185  67 232 176  76 115  64 213 181  24 200
  84 126 207  50 253  28 168 200 165  60 107 170  82 236][  5 233 219 123 228 221 103 156 127  80 126  72 179 209 221  48  56 106
  54  90 195 240 186  49 111 153  36  64 232 219 194 168][ 79 114 253 101 170  30  93 152  59 254  54 173 219 127 223 191 151 213
 253  63 229  84 237  64  78 251 101 182 230 244  71 117][ 13 149 115  75 213 247 230 255 116  65 239  80 217 119 172 164 217  26
  18 184 243 184 121 255  47 221   6  68 219 202 224 188][199 209 105  91  16 214 107 152 118  68  71 132 209  70 155 124  54 128
  61 222 227   0 125 125  69  11 170 196  52 145  65 116][127 184 170  50 121 253  19 208 171 253 189  45 126 220  79  58 173 249
 253  83 159  99 250 113 223  93   1 251 195  39  14  87][232  61 101  36 223  75 181 119 168 224 186 169  63  61  85  51 170 247
 243  33 113 123 209  14 125  33  77  56  69 108  87 250][239 253 213  83 249 238  71 190 251 250 174 120 222 119 205 183  23 246
 220 106 123  96 249 127 175 254  69 118 202 247 194  61][ 83 219 134 152  26 146 170 138 190  72 210 231 204 202 183 204 118 229
 238 213 199 201 135 241 144  54 187 207  29  53  41  85][ 91 147 118 101  50 138 120  55 109   1 242 225 255  59 148 244 166 183
 253 173 145 152 135 205 166 248  10 130 102 132 203  13][109  50 184  69 169  95  85  24 107 238  52 109 218  53 199 190 151  84
 236  30 141  96 249  16  79 255 101  55 202 246  78 119][ 41 253 251  71 244 143 231 119  97 201 126  72 115 241 148  48  88 238
  86   8 217 186 240  47 127 189  36   0  67 218 210 169][147 206  78  21  18 186 120  54  53  71  70 245  45 131 162 221  39  47
 167 140 228 220   5 111  70 103 114 129  46 132  41  93][184 236 123 250  89 215  91 232  55  68 228  11  63 223  35 177 248 185
 147 226 111  15  56  63 243 205 129  41  51   3 102 234][ 73 125 148 236 235  36 188 255 138 154 220 106 188 243  65 167 204  95
 247 233 193  75 210 136 245 225 111 174 138 112  43 185][157 121 147 228 207   5 181 255 130 184 156  78 156 183  65 175 172  93
 247 241  65 114 210 128 253 193 111 174  43 120 171 179][106  61 239  36  89 234 181  39 232 228 170 169  58  61  20  18 170 183
 249 129 249 235 241  78 125  38 158  17  69  96 102 122][237 253 213  94 249  95 102 188 255 250 179 120 234 114 141 183 159 214
 238 106 249 103 123 255  47 218  69  30  74 255 194  53][ 41 176  51  90  85 253 194  64 239   9 241  24 170 152 116 180 137 170
 194  16 159  62 114 183  15 221  16 123 211  14  94 174][ 88 161  66  38  19 202  67  40 163 132 239 169 111 199  72 212  50 188
 204 226  74  19 140  13 241 225   1 121  34 166  38   2][240 105  63 172  74 201  87 100 168 132 160  41  55 223  33  19 170 177
 205  99 104   3 162  29 243 193 105  57  48  50  39 106][105 234 182 181  45 159  68 182 239 238 178  77 174 136 211 154 136 228
 108  79 204 101 195 168 130 251 101 178  74 188  90  77][ 74 168 149 185 168 137 125 151 191  59 210 144 191 167  80  91 231 175
 127 145  90  92 195 241 204 243 254 228 166 192 129   9][214 175   2 158 153 176 158 235 191 134 171 221 236 234 228 214 253 247
 238 134 110  67 138 239 186 116 143 187   0 118 175   4][188 236 106  90  93 213 194 232 213   6 245  10 106 216  61 165 248 168
 130 106 110  39  58 255  19 217 129  41 115  11 116 174][122 233 194  38  27 200  87 169 163 164 135 169 111 231  74 214  50 244
 233 192  72  73 207 233 248 240 141  27  38  38 142  14][160 201   0 154  92 133 130 236  22   9  80   2 160 200  56   0 216 106
   2 195  98  42  74 191  45  20 142 104  85  27 112 136][ 60 123  90  40 107 201  86 194 165  28 236  41  15 223 107 144 250 249
 197  98  78 179 130  49 243 193  33  63  99  53  46 195][194 140 158 177 172 170 173   7 190 179 210  18 151 170  16  75 195  39
 127 145  56 220 195 194 140 242 254 192 132  72 145   8][100 178 177  96 189  75 211 136  75 189 177  40 194 120 205  58 153 208
  76  50  26  99 235  17 153 214  37 127 208  42  70  35][219 177 146 188 115 148  48   7 187  89  66  85 172 158  66 250 167  47
 253  21  23  77 146 193 155 245  26 203  10   4 171  95][ 43 249 112  66 253 221 255 253  75 105 124   8  58 221 222 180 152 250
 215  95 195  58 250 245 127  93   5 255  87 158 214 255][ 45  39  96  67 245  59 226  73 115 101 125 141  75  72 158 148  26 136
 134  44 158 178 109 152  22  93   1  37 231 207  90 196][ 43 249 113  78 253 221 223 252  79 108 124  12  58 252 190 180 158 234
 214  78 199  58 126 253  63  92   5 186  95 159 218 253][238 108 228  86 205 121 247 200 203 182 189  27  74 252  95  47 201 246
 243  83 228 103 254 224  87  91 213  63 199 255 214 230][178  40 252  56 171 248  80  71 251 151 180  51  14 186 103  27 163 147
 229  17  62 111   2 208 155 211  86 127 241  84 239  79][114 235  98  12 123 208  90  96 169 196 244 171  46 206 166  20  58 169
 197 197  76  11 164 237 178 116   8 187 103 166  46  95][108 232 184 250 169 237  83 156 171  23 173  24 254 247  72  58 129  83
 249  90  26 107 250  49 203 223  20 125 210  83 198  34][160 233  60 248 220 197 213 239 158  29 180  25 182 221 102   1 201  58
 107  81 122 111 106  53 105 145 181 123  80   8 212 235][ 78 146 122 154 123 241  49 216 175  29 253  49  76 255 110  88 179 131
 235  16  22   3  10 215  94  55  18 207 211   7  47  67][ 29 159  98 171 181 143  75 184  69  76  95 231 251  97 186 196  92 162
  23 111 216 184  77 189 232  77 161 196  62 143  80 113][ 20  34 171 175  18 194  43  64  52 133 211 163 245 215  41  64 126 249
   7 243  10 147  40 109 209 165 171 129 165  35  37 242][ 15 120 146 184 121 173 120  90 191 204  84   5 189 255 115  88 199  41
 255 157 134  75 146 217 223 215 171 168 154 229  35 211][ 40 242 156 120 141 197  84 223 198  29 180   9 162 217 105 138 201 146
 238  16  10  99  67  17  75 211 117 127 211  24 252   3][ 37 113 115  69 116  15 231 216 124 168 123 104  82  81 213  48  62  92
  86 106 193 182 217  74 116 140  37 164  77 187  66 161][205 180 213 115 228 110 109 187 127 251 119 120 223 119 200  61  55 222
 124  58 241 244 249  70 205 222 117 196 202 225 195  33][ 96 124  45 108  13 111  71 254  82 230 172   8  18  53   1  48 137 244
 120 106 233 111 243  63 241 223  65  60  80 121  86 122][ 57 253 120  66  48 159 195 254  66 172 188  12  51 208 150  48  24 106
  68 106 206  43 124  63 106 141  37  56  89 138  70 200][ 23 113  67   3 144  22 110 249 100 224 203 198  81  66  25 240 124 204
  26 255 205 147  93  14  56  12 143  76  45 183 250 212][193  81 119  69  52  78 225  49 237 232 118  64 215  85 149  55  48 124
 110 106 225 244 241  76 103 250  97   0  66 170  71 241][ 33 249  91  73  84 205 103 228 239  65 108   8 178 241 108 112  42 106
  66  88  67  56 158 113 111 140   5  44 217 154 194 172][109  51 249 101 233  95 119  24 107 236  54 237 223  29 215  54 150  84
 252  76 133 112 237  16 207 249  37 182 202 182  78 119][ 95 122 227 103  50 122 123 144  97 194 118 230 123  77 223 190  54 221
 213 255 141 212 173 232 114 237  37 128 239 247 102 117][126 120 250 120 123 221 179  80 171 204 181  45  30 221  71  56 174 185
 215  83 134  99 186  88  95  93   1 251 195  39  79 215][ 95  16 243  68  35 122  91  24  41 227 175 168  91  55 207 254  54 212
 253  46 141   1 181  64 147 127  96 150 166 247  70 117][216  80  23 240  32  78 100 118 189  90 114  80 158  23  40 255 166  21
  92 104  97 213  17  70 145 250 114  68  42 145 163  57][138 189  35 181 101 200 173 103 185 234  86 169 175 173  80 135 138  63
 245   1  81 248 146 192 165 241  94 161  70   4 151 250][111 189 244  86 237 189 214 254 251 251 188  93 106 120 215 191 175 199
 238  95 255 107 255 253  62  91  85 127 203 253 202  93][ 48 197 119  75 178 203  71 237 125   1 123  34  82 118 172  53 122  26
  22 120 123 184 105 127  45 222   6  70 113  10 228 239][182 123  82 170  35 139  22  64  61 172 241 231  15 138  39  92 238 185
 207 194  76 151   9 216 146 208  43 135 115  55  47 135][  0 156 158 179 180 172 189 183 190  27  82  48 188 186  32  72 229 119
  63  17  50 220   2 247 205 183 126 194 128  64 161 139][ 82  39   2 184 155 185 158 239 191 134 168 233 238 234 108 211 255 247
 238 167 124  67 142 222 176  54  79  59 192 116 171   6][ 41 189 243  79 244 175 231 247 123  73 124  72 122 241 180  52  89 234
  22  24 147 186 232 255  47  62  52  96 195 202 210 173][169 115 104  73 236 157 213  87  77 109 124  60 146  25 214  52 204 136
  86  92 222  58 101 144 102  24  32 254  95 159 218 247][ 98 207 226  79 106  18 239 247  49  14 218 226  96 174 188 116  94 255
 191 163 236 155 229 239  52  54 254 130  39 246 182 173][ 40 236 127 126  92 199  83 244 196  76 236   8  50 215  34  48 200 248
  83 106  74 171 106  61 115 139 224  57  81 155 102 234][212 106  30 190  74   1  29 224 172  22 225 153  55 199  99  91 230 253
 111 227 104  71 138  48 241 161 106  43  32  49  39  10][ 96  51 184  97  60  75 209  27  74 189 180  40 134  17 192  16 136  20
  76  48  24 106 225  28 205 149  49 255  80   8  86  43][ 31 122 250  71 114  27 255 212 105 234  22 238  89  29 215  46  54  92
 213 126 133 244 173 232 102  77  37 128 239 183  75 245][199  93 191 220  36 198  61 113 252 202  70   0 252 247  49 103 246 113
  61 201 225 199 178  72 241 186  78  10   0 112  35  41][ 66 169 147 177 244 141 125 151 191   9  90  64 188 183  96  84 231 111
  63  25  83 152 130 243 141 246  30 194 128 192 131  41][162 205   4 154  92 129 142 237 150  16 208  18 160 200  56  65  89  10
  19 195 114  46  74 255  44   0 158 232  85  24 240 136][ 56 249  26  74  83 197  83 244  51  13 108  40  54 215  34  20  52 186
 132  88  75 155 184  63 251 141  32 107 122 146  46 187][ 65 123 130 164 108 141 118  22 239 232 154 109 166 136 211 128 132 100
 126  77 197  41 128 232 180  92  37 186  72 126  91  93][ 60  52 234  69  95 123 242  88  87 228 253 143  67 108  95  48 120 204
 195 231 141 179 125 138  87  77 129  55 255 255 126 214][ 91 137 112 105  19 154 104  34 109   5 230 130  11  11  20 212  34 133
 253 237  30 184 133 221 146 249 130  71 103 132 107  12][199 122 135 159  56 134 170 144 190 200 210 229 224 138 183 224 230 109
 126 215 199 157 157 126  52  54 170 128  12  23  57 157][ 43 253  99  66 245 221 255 247 107  97 124   8  40 188 214 180 159 234
 147  93 215  58 252 255  63  92 133 106  71 158 218 252][131 207 197 155 146 227 174 207  30 107  80 247 100 102 165 197 119 107
  19 181  99 157  13 255  44   6 191 134 189  92 177 221][146 204   6 158  12 129 174 238 148  18 210   2 105 202  32  65 104 107
  19 194  98 175  10 255 176 227 218 136  21  25 176 136][ 33  45  80  11 252  63 194  27  86 233 125  76 147  40 150 164  92  14
  86  60 159 186  85  30  46 220  33 112 220 202 218 133][230 124 244  86 205 125 150 206 219 254 188  26 104 252  95  47 137 247
 243   3 228 103 250 226  23  26  85  63 211 125 214 255][217 132  12 181   8  46  92  55 180 122 134  21 247  43  18  75 165 135
 125 173 108 205  81  13 192 235 250 145  40  64 153  26][ 69 176 245 117 224  78 109 185 127 251 115  88 215 119 216 127  55  92
 126  56 177 240 249  76 207 190 117  68 224 224 195  33][ 43 253  98  75 245 157 238 247  95  97 124 204  40 188 246 180  31 234
 150  92 215 186  60 255  46  93   4 234 223 222 218 221][ 11  56 178 188 121 173 120  82 191 200  92   5 172 159  99  88 230  57
  55  29 134  26 146 217 215 221  27 170 146  36  35 203][104 125  57 117  73  79  85  55 123 230  44   8 182  53   1  48 128  54
 113   0 105 254 241  30 101 159  84  50  66  88 198 122][ 83 248 178 188  53 252  48 194 255  88  74   0 174 250  99  96 163  59
 191  17 134 217 178 249 153 246  27  43 144   4  33 143][ 37  41 157  99 172  45  71 157 110 154  45  64 150 113  89 122 129  10
 106  10  91  32  91  48 197 159  85  52 216 251 210  32][ 95   7 134 170 157 179 142  73 239 193 155 199 204 234  63 196 216  35
 255 181 159 129  79 214 184  84 143 215 142 119 185  68][180  94  30 190  44 227 146 224 150  30 209  33 231 217  35  75 201 114
 111  67 108 231  74  61 192 227 235  59  16  43  52 139][ 90  94 122 252 114 226  59 114  49 206 222 167  45 167 163  81 119 253
 165 224  32 219 164 238 242 231 234 131  39 241  39 251][ 41 189 115  74 244 173 247 246 123   9 124 104 126 241 160  52  55 122
   6  72 147 186 168 255 127 188  36 104 195 195 227 169][ 76  92 147 210  99 100  49 210  61  27  99 112 156 151 105 253 167 223
  63 138   1 215  57  98 149 182  82   6 130  81  39  57][ 48 197 115  78 210 203 135 237 124   0 123  98  82 116 172 180 122 222
  38  98 121 184  45  95  57 174   7  70 117  26 229 105][ 24 200   4 191  44 128 142 174 148   2 208   2 225 202  41  65  88  99
  63 194 106 135  75 189 160 243 250 152  20  25  48   8][ 37  39 232  35 244  63 194  19  78 109 123  77 131  40 151  48  88 142
  70  61 156 184  85  30 172  93  32 116 220 207  90 196][123 169 244  18 253 221 220 231 235 253 182  13 106  56  86 183 175 199
 254  85 255 107 255 241  62  91  85 115 203  20 203  95][130 143 204  30 202  64 191 239  22  23 248 179 112 230 172  64 127 219
  35 194 114  14  79 115 124  38 254 141 117 208 165 152][ 55 124 234 108  95  39 146 216  19 234 248  75  82 220 117  48 220 253
  83 227 140 179 216  26 115  77 129 190 113 123 114 211][ 32 205   4 185 172 131 140 239 158  18 208   2 161  72  56  65  73  10
  19  99  98  44  75 189 172 211 254 124  85  24 208 136][ 82 143 245 156 250 208 158 111 219   7 216 178  41 238 180 229 251 251
 191 129 126  75 230 255  50 118 222 219  53 100 183 141][ 75 113 240 101 115  31 127  28 107 236  62 173 219  63 214 182 182 213
 253  77 133 240 229  72 239 249  37 182 102 246  71 119][ 99 169 131  74 157 157 198 231  79   1 168   8 162 136  84 148 136 170
 202  93  94  43 208 247 187  28  20 123 195  14 218 140][159 115 227  71  99  18 255 216  97 194 118 230 121  93 159 182  62 221
 213 238 197 213 173 232 118 105 165 132 111 182 106 253][119 113 235  68 114 126  91  24 105 224 127  72  91 254 221  48  54 205
  53 254 141 146 189  64  83 109 161 132 231 243  70 117][  8 158 158  30 115 249  49 103 255  69 111  57 174 244 166 148 162  50
 234  16  22 169  34 221  30  55  18  75 194  12 141  79][224 135  93  77 176   9 100 191 116  25 238  88 179  49 140 113  73  22
 106   8 123 184  65  23 103 171 112  85  80 136 196  40][ 87  90   6 138  48 130  46  64 173 202 211 229 204 194 167 208 246 165
 207 215 196 151  13  78 176  52  43 130  12  55  43  21][ 65  80 119  69  36 206  97  49 237 136 246   0 222  85   4  55 176  52
 126 106  65 181 177  76 213 186  64   0  66 170  71 160][ 79  78   6 159 124 150 170  16 236 232 223 228 249 194 147 230  68 108
 250 223 133 213 205 236  36 111 170 128  14 183  57  28][177 253 123  90 114 223  23 252 114  76 124  36  51 215 174  48 150  58
   4  74 235 154  56  63 227 205  36 234  88 146 230 251][144  91 251  85 114 194 179  86 124 204 118 226  61 151 161 104  38 125
 166 208 129 189  37 110 116 167  54 131 101 177  37 251][ 10 171 147 214  53 220 124 103 189  75  86  19  46 141  32 132 160  59
 207   0  83 217   2 235 179 117  30 131  66 132 175 121][ 82  20 191 245   3 230  61 103 165 135 206   3  57  63  33 106 104 183
 251 129  72 159 177 200  87 231 222   3  33  64 165 250][126 163   6 190 137 153 158 237 191 133 129 205 238 234 106 215 253 239
 238 231  92  75 202 252 184 118 207  59 130 118 171   6][ 33 101 105  65 254 123 239 119  73 102 124 154   3  12 214 180  26 138
  86  44 252  58 100 154  39  93   4  54 245 216 214 228][166 124 180 214 237 125 180 206 218 187 176  59 172 252 109  43 141 123
 251  19 162 103 250 226  29  91  95 191 209 125 135 159][126 249 190 186 139 201  21 236 175 183 164  41 110 254 107  26 131 243
 237  67  94  67 250  49 249 211  95  63 144 119 135  83][120  65 106 104  21 218 104   7 229   5 230  11  43 139  54 208 232 172
 201 145  14 186  80 220 151 249 146  65 115 132 126  14][222  73 134 190 142  34  94 208 181 130 211 130 253 238  49  75 118 229
  61 227  40 195  11 232 240 227 235 136 164 243  33   0][ 28  96 218 181  66  42  56  64  54 130 195 167 159 195 105  88 119 189
  15 131   8 150 129   2 212 229  59   4 172 113  39 130][164  94  28 126  44 173 146 248 206  30 184 109 230 200  45   1 221 113
 238  99 166  39  74  63 210 211  97 191  88 123  78 155][101 161 155  97 132  47 103 249 104 169 171  72 211  33  73  50 145  68
 108 106  25 177 249   0 237 159 101  52 200 251 210 160][ 50  98  67  77  66  83 168  73  36 132 240 226   9 134 164 180 126 188
 135 168 193 151  36  76  22 168 170 133 101 160 102 229][ 64 185 154 182 244 140  59 183 190   9  94   0 188 243  32  64 229 123
  63  24  18 152 130 247 237  54  62 194 128  64 161  41][ 78  29 190 214 139 228 181 135 170 151 142  16 188 183  97 107 161 119
 249  17  16 201 178  96 235  51  94  11 128 113 165  42][ 35 189  98  83 213 157 254 247  95  65 124  15  40 188 182  36 189 170
 147 157 215 186 116 255  47  28 148  98 223 142 218 220][160 239 124 115 164 143 253 229 220  54 116  27 151   9  86   3 170  10
  83  77 240 248 116  48 103 201 116  49  85 152 215 234][ 92 148 156 187 169 237  22 175 158  27 139  48 222 247 104  72 213  87
 236  16  26  77  91  55 233 247 127  94 144  83 161   3][ 22  94 111 101  50 226 123 242 181 204 126 231  89 143 179  80 118 253
 133 244 168 153  36 110 250 231 170 192  37 163  37 121][176 255 122 106  58 199  23 252 116  76 252  45 115  95 171  48 158 241
  85  98 232 163  56  63 243 143  33 145 121 147 102 123][ 18 143 225 188 250 194 158 231  86   5 216 243 161 174 180  64 203 255
 183 129  94 202 198 255 184  38 190 219  53   4 183 143][ 22 107  67 163 114 131 170  64  44   1  83 231 205 206 188   0 126 189
  23 215 144 146  12 196 156   4 171 194 141 135  39 177][ 53 101 170 108  92   7 151  72 212 162 233  11 114 253  53  32 220 253
  83 103 200 163  24   8 113  13  13  60  81 123 114 130][ 99 141  99  14 209 144 110  39  57  66 234 199  40  46 182 244 110 227
 178 140 205 154 117 239  54  62 154 130  15 148 250 220][  9 201  31 189  52 139 239  53 252  72 122  68 247 195 176  96 126  47
  46  77 193 184   1  63 228 239  34 128  88 154   1 169][ 37  47 170  35 244  63 227  18 124 105 123  76 147  40 151  48 153  14
  70  29 148 184  53  46 236  93  32  96 200 207  91 197][123 169 252  54 255 217 208 229 235 253 182  41 111 252  94 179 171 167
 253  21 222 107 239 245 155 251  87 251  69   6 207  79][ 52 223 115  74 210 219 167 253 116   4 123 106  82 244 172 180  62 250
   2  98 209 178  44  95  57 166  37  78 113  58 167 165][  5  92 211  82  99 116  46 218  59  11 111  64 124 247 237 252 183 219
  54  26   3 150 186  98 151 254  82   6 138 115  43 189][ 35 253 115  91 246 157 234 246 127  73 124  98 104 248 188 164  63 122
 150  88 147 184  44 255  46  30  22 202 223 155 227 173][ 54 167 106 203 210   3  79 249  21 132 237 135  67 199 174  84 127 152
   7 254  88 147   9  94 248 142 167 197 181 170 228 242][154 252 115 158  83 208  52  71 189  71  70 183  44 215  36 197  54 187
 147 133  98 223  50 239  55 118  30 139  39  20 165 255][ 86 249 190 186 139 201  23 236 175 244 128 173 238 255 107  26 167 247
 239  67  74  67 154 113 217 211  79  63 152 118   7  91][146 201   4 191  44 135 142 228 158  10 208   2 231 232  49  65 200  98
  63  67 104 161  75 189 161 242 202  16  20  57  17   9][104   0  55  77  45 238  97 112 237   8 255   8 250 211 132 116 184 180
 110  42  65 167 179  79  21 188   0  16  66  34 103  33][129  14  76  81  48 170 233  18  60  67 118 213 177   3 150  81 110  42
  31 156 179 220  69 111  68 170 178 192 141 129  67 249][ 65  94 155 124  32 172 101  23 232 138 122  96 247 243 129  88 144 114
 100   8  65 160 130  11 192 190  52   8 200 242  99  41][118 163 142 190   9 149 158 232 175 196 140 141 238 238 102 214 252 225
 239 199  76  75 154 253 187 115 207  59  16  38  47  86][150 189 190 243 175 105 180 207 158 255 145  59 204 252 109  11 175 127
 255  17  50  97 139 226 137 211 127 255 196 120 149 211][  4  35 135 161 146  42 104  27  52 161  67 209 151   3  73  88 119 141
  15 188  59 208  69  70 140 198 190 196 172 192 161   0][ 91 205 102  14 215 214 239 228 225  68 206 130 105  44 183 244 104 231
 144 207 221 139  36 237  59 111 142 193  39 151 250 236][214 140 150 184 155 165 144 203 158  27 128  81 204 250 105 203 161  19
 235  17  54 111  26 243 153  86  95 111 216  69 169   7][ 79 106  14 158  57 148 138  80 172 132 207 197 237 194 179 196  70 228
 251 207 206 135 207 255 246  53 171 153  14 151  59  68][101 111 219 103 244 171 103  18  96 168 122 108 243 225 193  48  24 238
 100  88 137 178 196  42 236 172  37   0 232 251  82  33][121  79 207 237  52  10  79  56 117 224 254 206 243  99 145 116  82 228
 108 110 233 144 229  46 230 239 161 144  46 187  80  48][ 21  30  13 173  52  47 107 146  52 106  90 100 214  19 145 112 245  76
  94 110 137 148 113  31 197 174 161 148 136 227  80 113][ 49 173 105 109 180 143 111  59 116 232 127  68 243 113 148  49  88 174
  20  46 233 184 125  31 229 236 165   0 105 234 210 232]