[191  87 232 227 229 125 214 246  89 110 189  63  11  60 159 173 253 202
 151 103 253  54 120 170 247 223 244 183 255 255 222 215][ 57 105 123 229  86 158 111 117 101 224 110  10  63  23  16 240 126 173
  20 236 205 154  52  15 247 237 166   0  39 130 226 232][255 125 226 164  95  23 222 248 217 226 152 207 121 124 183 163 126 229
 223 239 237  99 188 238 186  79 175 190 111 255 122  95][  2 155  18 136 251 192  56 103 175  13 200 161 172 214  32  80 230 187
 131 128  82  11   2 245 185  52 154 203  16   6 167 219][ 19 219  94 141 118 130 238 119 108  12  90 230  37  10 182  64 110 165
  14 197 193 185   5 237 180 164 170 128  61 152 249 137][ 51 131  10 142  20 135  77 105  13  12 209  71 102  10  62  64 248 137
  15 165  88 187  65 221 176  36 170 212  61  10 240  65][130 136  20 157 108 133 188 111 158  27 112  18 172 170  48  75 206  43
  51 129  98  30  66 213  20  50 218 170  20   8  33 137][ 33  32  99  81 100 139 225  87 127  81 114  82 184   1 148 172 106  40
  22  24 147 252 103 209   4  24 178 192  71 136  67 172][228 157 149 186 200 224   5 143 147  87 200  29 100 247 104  91 193 222
  42  17  59  74 219  55 189  38 221 126 144  88 180  90][ 95  13  35 130 148 178 110 241 228 192 219 194  89 236 177 228 113 229
  60 255 157 131  44 238 184 108 175 200 165 247 176 100][ 45 125   8  79 221  95  71 248  71 236 236  12 210  64  31 180 216 204
 198 110 205 182 121  62 119 253 133  52  91 191  90 244][  2 160 244 209 238 137 248  67 239 177 176  26 140 138  84  11 235 137
 127  17 146 105 194 208 156 154  91 252 197   8 211 129][ 34  14 254  93 224 122 188   7 221 195 118 177   8 172 182 123 207 127
 179   0 180 252  36 226   6  62  94 131 215 252 233 149][ 19 104 231  69  36  14 104  80 117 224  66  68  83 136 149 124 240  44
  57  76 137 240 149  12   6 122 195   0 109 160 112 140][130 158   3 158  19 166 170  99  60  74  74 215 172 230  48 196 245  59
  19 133 179 156  16 255  32  54 154 130  28   4  49 157][ 16 165  87 248  16 131  73 235  63 164  96   8 231 227  40  81  19 187
   1 184 122 203  10  93 233 182   7 124  48  32   7  42][151  72   7 155 167 148 234 200 159  88 211  70 204 202 185 233 248  73
  63 247 199 133  10 241 148 242 202 204 156  63  57 148][ 34  32  42 168 120 161  57  75 135 165 200 169  23 157  98  24 206 153
 115  21   2  11 194  20 213 213  25 127 132  12  54 194][218 176 180 186  75 228 176 202 187  95 193  49 140 254  76 203 167  27
 249 145  54  79 154 211 153 243  90 255 152  68  47 211][ 45 189 251 103 244 159 103 183 113 233 127  68  83 121 150  52  57 110
  20 124 209 184  61  46 111 205  37  68 235 234 210 241][ 78 181 131 161 177  98  41  31  31 171 219 242 221 183 104 206  85  95
 189 176  57 216 209 194 205 246 159 198 134 228 181  48][ 78  38 167 177 181 102 189  31  28 231  90 147 221 173  80  74 215  95
  59  49 176 217 145 194 205  54 223 196 132  76 181  82][122 148  87 204 255 114 118 127 117 138 254 114  74 183 172 245 253 212
 190  40  57 191   1 206  58 254 214 207 170 232 248  63][246  78  71  76  10   2  78 228 177 130 230 250  75 103 181 215 126 244
 205 238 104 199   5 238 178 242 199 145  39 245 110  36][ 92 239 245 117 170 122 126 190 241 250  30 224 255 119 193 255  39 119
 253 202 241 216 175 234 238 239 117 133 166 245 143  41][ 88 253 155 188 184 202  23 183 186 235 162 108 190 247 193  88 167 127
 108  80 123  73 202 125 248 183  63 250 136 112 135 123][166 124 144 155 207 229 150 206  22 146  72   3  44 252  97   8 201 123
 179  83  98 110  90 243  57   6  95  43 145 121  53 154][ 27 225   2 170  93 133 202 237 134  76 216 135  45 206 122   0 252 169
 151 245  78  11  26 253 185 197 175 252  29  14 177 218][126 190 252 120 187 121  21 235 187 191  52 185 111 253  79 145 183 211
 237   0  50 105 203  31 250 215 117 255 242 108  15  75][253  71  71  79 100   2 111  56 117 162 243 198  83 103 153 245 118 196
  60 238 233 150  45  14 182 234 225 132  47 187 112  49][  2 160  18 145  86 137 168  79  30  49  82  18 140 138 120  64 123  11
  51 145  18 252  67 213  28  22 154 228  20   8 161 136][103 245 168 110 253  31 214 184  83 248 189  13  98 252  95  48 221 216
 245 119 207  99 251 189 123  95   5 255  91 191  90 215][ 26 155 186 184 179 196  53 199 191  77  88  49 172 191  34  64 167  59
 159  17  18 137  18 247 251 247  30 203 146  68 165  91][ 25 249 250 109  87 159 251 246 119 200 126   0  59 153  20  32 236 248
  23 200 203 186 112 253 111 237  54   0  99 144  98 235][ 74 157 154 188 233 237  84  39 191  63 106  24 174 187  96  88 193  55
 237  16  50  90 210 247 255 247  86 123 146  64 143  11][249  69 111 236  20  18  78 124  53  64 222 194  83  39 176 245 124 228
  29 238 233 155  37 142 178 239 166 128  55 186 112  44][ 25  48 222 173  62 203 112  88 102 232 246  34 147 153 130 105 120 172
 110   1  13 254 197  28 214 227 115 133 109  40  88 131][  2 167 182 187 155 225 144  71 191  23 137 177 172 254  46 202 163  59
 235 145  54 105   2 215 137  86  90  91 208  68 167 223][ 10  57  30 185 111 236  48  67 174  25  66  48 140 146  96  75 226  61
 251  16  18 217 146 192 149 241  26 195 128   0 165 131][ 55  10 234 203 212 183 234 209  87   3 247   6  64 200 191 100 121 170
  18 152 186 183  61 222  54  14 151   4 255 219 248 164][211  79  66  63  18   2  78 190  48  66 202 197 113  98 147 208 112 238
  61 239 237 156 133  47 176  38 170 128  45 244  58  28][128 160  57 251 125 253 240  15  95  57 117  16 182  17 192 236 131  26
  34  24  51  60  99 151 143 222  18 106 210   8 197 169][ 49 196 215  92  84 203  68 173 127 130  98   8 119 241  41  49  26 252
  96  40 105 235   3  31 161 174  69  16 113 168  66  40][250  65 102 236  14  10  78  56 229 130 183  10  75  75  61  83 122 229
 125 234 232 231  13 140 178 251 231 148  39 187 112   0][ 67 150   3 149  48 188  40  51  61  75  74 244 188  38 132 228 135  47
 126  13 183 220 245 223 140  54  58 194 142   4  11 125][ 58  50 212  61  50 155  16  51  63  47 114 253 175  35 134 156 135 191
 236   4  60 216  65  15 142 247  48 211 234 140  14 159][ 57 207  98  77  84 147 206 119  69   4 250 198  35   9 182  68  88 170
   7 109 216 186  68 189  50 237 160 128 127 142 248 152][112 237 104 236 252  11  79 255 193 228 188 143 115 109 150  18  90 228
  87 111 248  43 192 175 122 221 229 188 101 184 242 248][ 44 205 103 238 252  75  79 252  87 162 254  10 115 105 181 101  89 238
  23 234 232 187 125 191 127 255 165  52 119 251 208 170][ 64 172 150 115 249 237  50 166 250 153 104   8 166 243  64  16 161 122
 104   0  50 107 154 127 173 150  21 107 192  64  71 139][ 44 237 126 228 244 207 239 254  85 168 190   8 123 233  49  33 217 238
  87 106 232 251  97 189 123 223 165  53 231 249 208 170][104 249 186 253 209 204 116 119 243   9 236   0  58 191 100  80 200 191
 179 144  90 186 210 253 127 255  22 107  82   0 230 138][ 80 140 150  52 137  40  20   7 186 183 162  25 206 226  64  91 163 119
 232   0  52  77 131  65 153 178  92  83 128  96 143   2][ 66 255 246 213 211 244 188 135 187 191  28  86 168 190 214 238 167 123
 187 144 214  88 190 243  47  30 223 239 134  84 141 255][200 177  26 161 233 237 121  87 173  57  60  16 156 159  96  90 166  17
  95  24  18  43 144 192 213 145  26 106 128   0 163 139][  2  32 210 145 230 160 168  67  62 145  81  18 140 170  84  72 107  47
  51 145  18 254 195 192  12  28 218 224 133  72 163 129][ 34 177 180 154 249 233 144 207 139 125 153  57 204 222 110   8 137  27
 251  17  18 107  90 213 157  18  95 127 208  14 135 211][135  94  87 223  38  34 175  58  93  10  82 230 224  96 181 109 110 112
  46 110 161 180 101 239   4  58 226 130  31 249 113 189][  2   0 134 153   4 130 168   2  20   1 210  18 128  10  48  73 104  36
  59 129   0 220  65 197 132  34 218 192  21   8  48   0][ 38 177  48 203 236  13 184  77  79  57  57  56 140  28  92  10 143  27
 223  49 146  42 203 209  14  24  31 254 212  14 147 147][ 39 191 225 137 214  51 171 223  86 227  90 246 208  36 150 100  95  78
  18 157 183 152 109 255  44  14 191 196 189 236 177 245][ 28  28 149 189  13 111 185  74  30 170  83  19 245 109  49  11 237 115
  51   3  32 244  83 171 197 134 219   0 145 105  21 178][ 40 217  56 121  29 205 151 238  95  53  36  24 182 149  32   4 201  26
 130  64  66  42 114  55 231 213  20 123  82  24 197 170][147 203 127 252  22 128 237 119 196  64 214 230  61 171 176  97 110 163
  31 205 225 139  38 237 240 169 186 136  61 128 177 105][210  81  82 172  83  67  82  64 173   0 248  42  14 158  37  80 250 177
 223 226  72 135   0 204 177 240  10 155  49  34  39   3][ 70 184 180 250 171 237  16 194 175  17 160  57 174 223 100  26 131  51
 251  17  18 107 154 241 155 208  30 123 210   9 135  27][ 59 125 130  13  85 159 166 214 228 232 238  78  34 184 183 164 120 236
 242 110 205 187 180 174  54 109 133   2 107 127 120 156][ 17 203  59 239  22 131 203 252  68   4  92 198 119 129 177 100 126 232
   6 207 203 185  45 189 240 229 170 128  61 155  49  57][  2 143  18 201 213 146 186 103  92   1 104  34  40 138  36 192 248  59
 130 128  86 154   4 255  46  52 154  67  25   8 169 142][ 33 209  16  69  85  30 230  57 104 104  99  76 210  16  28 180 144  12
  80 110 197 176  81   5  36 184   0   4  72 170 203 133][ 76  50 150  64 233  63  48  88 234 185 167 104 202 243 201 190 177  28
 234  16  18  99 195   0  94 195  97 127 194  97  75 131][219 156 158 244 171 124  20 183 187 155 166  24 254 251   0 251 163 247
 253   0  57  79 146 227 219 255  94  90 138  96 139  27][100  62 216 100 232  44 117  18  43 143 126 104  15 167  65  26 183 255
 109  16   0  50 194  64 215 247 117  45 194 242  70  35][116 188 249 114 232 109  85 151 163 191 173  24  23 247  72  58   1 214
 108  24  26 107 250  34 219 165 117 120 226 208 134  99][ 82 160 142 184  43 168  24   3 191  87 131 157 174 194  74  90 167 167
 253 149  30  77 147  83 216 115  90 219 136   4 171  82][ 35 149  32 139 213 215 190 239  78  69  92 131 168 220  62 228 220  11
 147 213 214 186 116 221  47  28 142 227  23  14 253 222][ 34 205  98 216 124 145 190 247 157   8  80 130 172 222  52  97 238 187
  23 193 194 187  34 253  54  24 142 170  23 156 241 221][155 205 107 220 214 146 237 119 245  64 222 134  57 175 182 228 110 191
 183 205 209 155  36 239 114 111 190 128  55 148 241 253][ 86 149 124 202 154  32 155 187   6  17 153 230 220 127 200  98 119 211
 249 243 147  11  95 117 248  38 175 222 189  67 161  51][230 189 151  90 203 197 164 239 187  19 160  88 104 242 108 223 233 123
 234 144  51  75 154 241  61  26  87 111 219  64 231 174][120 185 243 106 187 217  87 197 235  13 172  41  47 255  70 148 182 255
 204  80  26  43 170 117 251 253   5 123 226  18 230 123][ 98  32 214 221 108  40 232  66 171 179 176   2 172 170  85  91 235 133
 127 129   0 111 194 192 150 186 218 168 133 104  99 136][244  36 248   3 238 123 182 200 120 179 185  58 198 120 205  59 251 215
 110  51  52 118 205  34  28  18 103 247 197 123 223 135][ 46  61 112  98 189 253 222 192 201 224 189  41  14 221  85  58 142 241
 213 115 168  99 248 170 187 220   5  59 198 255  86  87][ 77  60 157  69 161 110 119 186 122 250  46  72 222 115  73 123 145  86
 120 122  33 240 249  40 239 251  69   6 202 113  67  51][ 73 114  39  69 100  22 232  84 236 200  70  68 153 130 177 230 100  12
 122 204 133 149 181 192  86 105 162 128  10 134  97 252][122 115 114 224 111  93 216  80 169 108 181  47  14 156  86 182 174 145
 223 227 205  35 176 192  83  89   8 187  71 158 111 223][110 179 210 192 195  92 118 159  43 161 110  14  14 167 205 254 115 222
 160  24  19  90 145 192  31 244  21  79 170 246 234  52][ 40  50  42 169  95 173 177  86   4  45 253  47  22 157  66   8 236 153
 215 149  26 187 193 144  87  69 178 243 241  15 118 219][181 203  74 152 220 137 230 236 158  16 160  78 228 194  40  64 121 227
  10 231 107  43  78 127 188   0 143 124  29  56 249 136][ 62 241 113  66 253 217  86 252 203 232  61 104 106 221 253 180 150 248
 213 122 203  35 168 189  59 220   5 255 127 191  70  47][130 140  38 153  85 228 176  99  60  71  74  19 168 188  48  65 233  59
 147 129  50 188  18 255  13  54 154  67 208  12 180 218][ 11 157 107 201 246 247 187 119  29  73  94 167 189  63 182 100 127  59
 151 157 151 152  37 223 110 125 186 192 183 204 181 253][161 188 152 122 213 253 240 207 123 123  96  24  62 248 100 185 137  42
  18  24 183 126 122  51  31 223  80 107 216  72 203 142][174 208 226 152 253 245 250 200  31  95 213  19  72 220  63 236 255 153
 151 243 182  54 123 247  31  95 155 207 151  13 125 215][140 148  30 251 184 172 123 154 191  27 127  16 252 247  40  80 183  51
 127  24  50 133  59 247 207 255  58 194 144  65 161  35][ 11 159  98 201 247 211 187 119  93  77  92 167  40 190 182 228 254  59
 151 133 215 184  36 223 110  93 170 195  31 142 253 223][ 27 223  98 156 114 208 191 119 133  76  94 231  45 142 182 196 110 187
 151 197 197 155  38 255  50 119 186 139  63 140 189  93][ 51 225  99  64 213 217 206 237  75 224 244 139  43 220 214 176 120 168
  87 255 223  59 244 253  62  92 133 249 111 158 250 206][ 88 219 180 239  11  30 126 188 118  30 222  64 255 123 153 242  55 215
 253 235 140 192 111 189 231 239 239 149  62 247  47  11][ 61 157 115 206 180 166 111 254  85  72 255  70 115 245 176  96 126 238
  22 110 185 187  61 191 123 174 163 192  63 235 240 185][ 33 117  17  71  85  15 230  57 120 224 107  76 214  80  24  52 144  76
  90 110 197 176 217  14  37 156   5  20  72  42 202 180][178 221  99  95 119 219 254 244 253  76 126 167 107 220 183 101 126 248
 151 227 237 177  52 255  54 124 134 131 127 191 116 223][255 114 235 102 104  94  95 156 113 238 182 236 123  93 223 187  62 220
 245 238 237 247 253  42  82 251 101 188 111 247 102 249][125  69 233 101 116  42 103  24 117 224 254  74 211  97 145 112 122 204
  38 234 137 178 229   8 244 173 161   4 111 251 114 160][199 108 197 177 140  61  72 142  31 243   0 159 135  12  83 171   7 197
 121 159 175  84 253 242 142  94 221  52 189 253  24  92][153  54 105  97 118  62 121  18 105 108 118 254 155  13 150  52  54 149
 213 172 161 180 101 194 198 233  34 128 111 132  67 241][128  32  81 192 101  13 237  87  45  43 252  90 175   9 116 150 174 139
  95   8  83  58 112 194 151 216  18  42  82 136 195 169][ 23 108 131 182 148 178 238 224  53 194 219 198  89 238 177 172 127 237
  55 255 189 211 172 234 184 102 239 128 173 119  51 212][ 66 182 184  65 240 125 189 159  43 125  62 185 140  63  78  26 167  31
 233  16 150  88 161  82  79  31  21 247 192 192 143 219][  2 128  18 153  70 137 184  71  30  49  83  18 172 138 112  72 111  11
  51 145  18 220  67 213  12  18 154 196 148   8 161 136][  2 255 242 221 215 208 190 230 159 237  94 167  44 190 118 196 167 123
 179 208 215 153 166 255  63  30 159 235 175 212 173 223][ 19 205 106 252  86 146 255 119 244  64 222 130  49 175 182  96 110 187
  23 141 193 155  36 239 114 237 190 128  53 128 241 249][ 34 205  98 220 126 129 254 231 157   8  88   2 172 202  52  64 238 171
  23 193 194 186   2 253  54  28 158 136  85 156 241 137][ 66 160 138 170 123 168  56  71 171   5 203 137 172 131  74  80 183 143
 249 148  22  11 146  81 216 181  26 123 128   6 171  10][ 45 186  32  77 125  31 211 248  87 236 244  44 226 124 159 180 220 172
 198 108 237 178 125 157  95  95   5  62  90 172  82 245][ 33 201 111 196 124 223 235 246  71 232 254  74  51 153 181  96  72 232
  55  72 201 187 103 189 127 157 165 240 117 152 112 168][  2 221 242 215 247 148 190 231 191 223 122 167  40 254 230 196 247 123
 179 148 215 248 178 227  47  62 158 195 143  84 237 223][130 141  82 137 215 135 174 103  92   1  72  19  32 170  38  68 232  43
   2 129 118 152  20 255  36  52 138  66  17   8 169 140][ 11 157 106 201 246 147 187 119  29  73  94 167 189  63 182 100 118  59
 151 157 147 152  37 255 110 125 186 194  55 140 181 253][121  67  71 205 102   2 111  56 117 226 243 198  83  99 177 245 118 196
  52 238 201 146  37  12 182 234 225 132  47 187 112  49][ 45 181  57 225 181 239 229  59  94 113  45  24 215 121  88  40 145  26
  82  56 179  56 121 151 239 223  21 116 208 200 209 160][ 23  96 201 197 142   3 142 200  22 226 147 130  81  59 253  74 127 221
  59 251   9 213 221 130  88  14 207 180 189 123  17  16][  2 181  18 170 211 225  58 103  63   1 105  49  44 150 108 208 255 155
 131 144  19  26  18 215 157 212  26 107 144   2 167 159][  2 180 149 185 139 241 152 203 191  87 137 177 140 254 106 203 231  27
 251 145  54  73 186 209 137  86 218 255 144  68 175  86][  2 163 181 186 155 225 152  79 191  93 129 177 172 238 110 200 199  19
 235 145  22  73  66 213 153  86 218 255 144  68 167 215][164  34 248 186 222 225 176 200  86  55 113 187   1 201 111   8 219 153
 131  19  30 118  74 179  94 197 147 111 213  75 126 194][ 78 181 131 209 151 246 108 135  31 161 202  18 140 183  64 204 117  95
 187  24  17 217 241 194 173 118 159  70 134  76 181  48][133  30 255 223 228  46 175  49  84 194 127 214 209 117 181 111 126 100
  58  46 161 180 117  74  68  46 227   0 157 251 112 177][ 96  63 209 101 240 173 114  19  43 137 120  76 159 163 192  16 150 127
  70  24  19 186 208  64 111 188  32 104 200 194 195 177][  4 103 216 163 230  42 166 204 122 179  57 250 215 104 205  42  63  95
 110 115 180 112 205  98 188 134 103 100 229 251 147 129][181 212 236 227 164 127 223 183  81 255 183 191  83  60 159  57 255 214
  21  63 189 246 125 170 251 207 244 149 237 251 216 211][ 30  12 151 189 135 110 165  67  31 131  74  18 188 245  33 206 225 127
 187  24  49 249  19 202 213 246 223   2 162 108 181 114][249 133  71 204  20  18  78 112  85   0 242  66  83  35 180 241 120 196
  30 234 233 155  37 142 178 235 226 128  55 170 112  40][145  75 127 252   6 130 109 119 212  66 214 230  57 139 177  97 110 161
  63 205 233 143  38 237 240 235 250 136  61 176  49 121][ 34  60 144 159 207 229 150 238  22 163  72  11 172 254  97   8 205 123
 147 147  98 126 218 251  45   6 223  43 145 121  37 154][ 99  20  82  92 251 178 118 127  93 139 126 126  72 250 172 244 215 252
 182  32 181 183  83 206  62  62  84 207 191 232 232  21][226 237  97 204  92   3 207 255  73 160 184 202  50  45 148  52  72 228
  87 236 233  43 224 207 126  62 165 252 103 184 242 248][ 55 141 106 203 149 167 235 192  87   5 251   6  66 200  54  96 248 170
  26 254 158 187  61 254  59  14 135   0 213  91 240 134][137  91  95 157 102 150 169  54 236  72  86 230 189 130 179 229 102  44
 174 204 197 156  36 237  38 233 250 128  62 180  41 221][ 34 149  32 139 245 215 186 239  78  77  93   3 136  92  62  96 216  11
 147 181 150 184 124 221  47  28 138 231 149  14 253 214][ 20 168 149 187  25 201  65 200 182 149 136   1 230 195  72  80 241 248
  41 144  10  90 202  53 153 132 135 109 176   2  38 106][ 27 223 107 156 118 208 191 119 141  76  92 231  40 142 182 228 110 187
 151 205 199 155  38 255  50 125 186 138  63 158 189 221][178  69  82 172  83  67  94  77  45   0 248 170  14 158  37  80 250 185
 135 226  72 135   0 206 177 228 138 159 113  50  39   3][ 88 186 155 116  58 223  49 112 191 232 118 232 190 247 131 244 166  61
 236   0   1 217 160  93 223 247  33 179   2 160  15 121][ 86 255 255  87 178  58 126 182 123 182  62 232  75 111 213 246 183 247
 236  82 244 216 173 234 190 255 101 135 230 243 207  37][ 38 161 112 195 252  41 184  73  15  49 185  26 142   8  92   0 191   9
  95  49 146 112 201 209  28  28  15 254 213  10 211 129][ 17 203  75 238  22 131 111 244  68   0  81 198 117 193 185  96 126 232
  22 238 203 178  60 189 240 160 162   0  61 155  48 184][ 57 205 123 237  86 222 107 117 117  72 126   2  59  19  48 240 120 168
  23 238 201 186  49 239 115 237 160   0  99 130  98 232][134 181  52 152 251 233 144 203 143  61  25  59 140 222 108   0 131  27
 255  17  82 107  10 215 153  20  31 255 208  76 133 211][130 132 150 157  53 172 184  35 188  27  82  16 172 170  48  75 225  35
  59   1  50 221   2 199  13  54  90 194 128  72 177   1][ 48 129  87  92  88 203  65 105 126 129  98   8 119 227  32 113  16 188
  98  40  72 251  35  93 153 162  81  20 113  32 102  40][ 90 251 255 225 170  22  59 150 175 249 158 231 156 191 206  98 230  87
 255 209 211 217 163 224 254 253 190 198 142 134 165 123][ 10 177  26 177 227 205 176  71 191  29  86  50 188 151  96  73 163  59
 179 144  18  24 146 209 215 209  26 203  18   0 165 139][ 10 223  54 184 251 196 178 231 175  93 216 167 172 191  34  64 230 115
 219 209  82  11   2 253 185  52  30 203  18   4 165  91][ 67 149  39  23 113 252 169  55 252  73  79  84 188 182 150 116 132  63
 122  13 179 152 181 199   5  62  26 194  10  68 129 125][ 64 174 150  21 187  40  52 135 186 147  34 249 238 162  64 218 167  71
 232  16  52 220 131  99 172 182  93  66 128 100 139  15][198 185  50 250 235 233 176 195 143  29 184  57 172 222 108  26 163  51
 235  17  18 111 138 241 155 208  31 123 208   8 135 131][108  34 146  68 105  57  16  72 234 164 160   8 142 128  65  26 138 188
 106 120   0  99 194   0 208 241   1  63 194 163  79 128][  9 249  58 125  85 221 243 118 231   8 254   0 186 157  52  36 232 186
  87 200 202 186  50 253 103 253  18   3  83   8 102 235][130 136  20 153 108 141 184 103 142  25 112  18 172 170  48  75 207  43
  59 129  18  26  66 213   4  18 218 234  20   8 129 139][ 38  37 227  81 215 114 165  71  90 231  93 146  16 252 247  44  89  62
  19 153 177 250 244 194  77  30 151 102 199 108 212 228][147  76  39 158   4 193 207  96 213  66 192  66 114 216 181 229  72 232
  58 203 105 165  62 191 177  42 202  10  52  59  48 108][255  93 110 164  30  51 222 248  65 226 152 239 121 124 183 162 126 229
  93 231 237 163 141 238 250 207 239 188  45 255 121 155][  2 160  19 209 229 221 249  71  45  25 124  16 172 147 100 228 163  11
   6  24  19  56 176 193 151 152  18 106  82   8 131 175][ 43  61 224 197 237  95 220 127  75 254 188  43 139 189 215 167 206 255
 215 161 204 122 247 200  63  89 197 191  87 252  94 223][ 18 154 150 157 147 162  56  71  62   9  66 247 172 134  32 200 231  63
 171 144  22 157   1 199 148  54  26 195 136   4 169  27][ 87 151  89 136 154  35  27 184  38  49 137 230 213 114 200  64  55 215
 121 255 155   3 221  85 184 172 143 254 189   3 161  33][ 61 189 123 100 246 219 118 245  97 224 126 106 123 125 148 180  62 254
 148 106 217 186  61 173 122 205  37 135 111 162 238 247][ 65  76 129 165  36  42 111  62 114 170  74  96 215  51 209 126  19  68
 124  10  65 212 229   2 132 166 255 132 172 242  19  41][190 121 228 200 237  85 220 207  95 252 244   3   8 220 119 237 255 217
 151 247 206 115 127 208  63  89 207 191  23 252 252 223][ 40 201  74 170 124 133 223 253 134  72 212 135  57 207  56  64  92 185
 151 255  74   3  10 253 250 205 175 248  31 142 176 216][176   1  87 233 104 131 105  71   5  37 235 130  23 135  32  64 238  24
  35  88  26 154  65  21 213 136 144  64  48 139 164 170][ 73 210 237 252  40  16  79 188  16 154 148 224 241 103 155 123  95 211
 189 234 234  70 111 233 226 251 255 152  22 240  36 105][246  79 198  84 136  38  78 230 177 130 234 217  99  98  53 223 109 230
 105 238 104 199 128 234 179 250 199  16 193 241 234  12][ 45 240  29 235 108 221 210 220  78 113  21  44 150 216 218  32 200   8
 126  95 199  48 123 177 196 217 171 124  92  27  89 132][239 253 224  71 253  31 223 188  91 252  61  13 250 237 223  52 159  78
 117 127 230  98 255 191 110  94   5 254  94 255 210 247][  7 140  97 137 150 179 171 167  86 225  90 246 208  44 182 100  95 110
  18 189 179 152 109 254  44  14 191 196 157 206 177 253][129 207  11 140  78 139 167 238 158  66 224 198 181 194  35  65 106 232
  10 238 101  47  14 127 180  34 175  60  57  57  57 136][103 185 149  90 201 133 176 239 186  81 160  92 164 250 100 155 141 123
 226  16  55  75 218 113  29  18  95 110 216  64 171 158][ 35 239 232 143 252  17 238 238  65 198 220 202 161  40 151  32  73 226
  23 207 236  42 111 239 110  14 175 185  53 250 216 204][151  73 134 186 174  18 238 200 206  80 211 198 207 218 191 234 250 193
  62 247 207 133  15 240 144 233 239 206 189  63  57  21][  3 140   7 156  51 246  40 103 188  75  74 242 236 242 180 228 247  35
 146 141  49 156  36 255  32  54 154 130 156  68  57  29][ 49 201 111 142  20 134 199 117 196  68 242  70  51   8 182  96 104 224
  30 111 201 171  52 109 240  40 162  16 125 154 240 232][219  86 107 225 230 126 125  23 117  78 254 246  27  31 150 125 111 151
 159 188 169 148 101 194 214 249 186 132  47 220 244 121][254  64 102 236  14  10  78  56 105 162 179  10  75  75  21  83 122 229
 125 226 232 167 133 202 178 250 199 144  39 187 114   0][ 56 249 123 106  59 217  82 196 227  73 172  40  47 223  70 180 178 249
 204  80  91  43 186 125 251 213   4 123  99 130 238 123][244 181 249 114 232 109  87 157 179  63 165  56 119 247  72  27   3 222
 100  26  58 107 250  35 249 168 117 120 224 208 198  99][ 61 157 123 206 180 231 239 249  85  72 255  70 115 245 181 100 126 238
  30 238 153 187  61 191 123 238 167 192  63 251 240 249][ 59 241  98 104 215 211 214 109  65  72 253  43  42 220 118  48 248 168
 151 243 223 187  44 221  58  77 165 251 127  14 254 199][205 125 157  69 225 126 119 186 123 250  46   8 222  49  65 186 129  86
 120 122  33 240 249  42 111 251  69   6 202 113  67  51][ 91 157  42 172 180 134  94 113 161 204 158 143 127 239  50  80 246 231
 221 237 220 139 144 237 250 125 175 208  46 166 184  91][187 204 111 252  28 129 207 246 149  64 212  66  49 201 177  97 104 170
  23 207 233 175  38 191 242 235 170 136  55 152 112 232][210  74 206 254   2 128  47 114 180 134 214 135  41 227 161  67 110 245
  47 206 104 143  34 232 208 163 234 137  37 241  37 104][  3 105 101 217 100 153 232  85 111  81 114  66 168 136 148 172 106  40
  50  25 147 184 103 209   4  24  18 192  95 140 209 172][123 115 114 196 125  85 222 112 169  76 189  47  10  29 151 182 238 145
 215 231 205 163 112 204 115  89 136 155  79 191 110 215][ 37  39   0  39 116  63  66 184 123 168 123  76 195 104 223 148 156  76
  68 111 140 240 205  30 172  92  37 180  74 255  90 133][161 168 188  82 237 173 225 199 251  55  36  25 178 137  94  27 137  10
  98  28  50 111 250 113  79  26  85 121 192  72 211 202][146  95 123 204 118  67 175 240 188 192 122 231 125 206 181  97 126 241
  23 231 225 167   4 239  48  46  43 136 117 187 101 249][ 16  77 110 237  22 130 238 118 164   0 222 130  49 175  49  64 110 235
  31 201 200 137   4 237 242 233 170 128  53 176 113 136][ 48 245 233 141 220  67 207 255  86  99 216 231 113 109  60  32  89 202
  19 233 219  58 125 191 125  14 191 188 189 218 244 248][ 10 181  63  95 211 212 181  55 252  69  79  16  60 255  46 100 166  59
 179   8 211 216  50 199  71  63  82  67   2   4 165 251][ 59  89  42  60  23 215 182 230 245  72 222  34  34 156  55 224 232 250
 146  67 207 187  52 173  51 109   6   3 105  29 120 223][130 186 154 187 243 129  56  71 191  31  82  50 172 147  96  73 167  59
 131 144  50 220   2 241  71 145  26 195 144   0 173 139][204 191 187  86 251  92  23 181 242 239  61 124 254 247 200 183 151  94
 196  74 243  72 184  39 107 239  53 234 194 242 135 113][ 47 169  97  77 127 219 217 248  75 228 116 173 107 204 215 180 154 172
 215 109 194 122 253 157  30  89   1 182 119 174  86 252][176 161  31  76  91 203   1 107 230  16 104  72 114 210  32 240  56 188
  98  96  27 184  59  29   9 160  65  77 113   0  70  34][ 33 143 107  69 244 191 239 183  92 236  94 230 113  45 182  96 124 110
  23 253 209 184  37  63 110  47 165 192 101 202 208 233][251  92 110 164  30  19 222 114  81 226 152 239 123  40 177 162 110 229
  95 231 237 171 197 174 242 239 175 176  45 253 120 153][ 95 251 238 227  62  16 187 212 175 249 158 231 157 159 250  98 102 213
 255 221 195 137 175 224 254 121 174 196  47 134  49 121][ 90  50 123  69 115 159  48 115  61 229 102 236  14 151 134 244 166  61
 255   0 133 153 176  76 159 245  16 131  98 132  47 119][ 34 201  98 136 116 129 254 231  93   0  88   2  44 200  52  64 250 171
  23 193 194 186   2 255  52  28 158 200  85  26 241 137][ 40 176 250 120 115 229 184 218  30   9 124  39  28 159 108 144 255  27
 147 144 150 186  16 213  95 205  50 239 219  11  47 147][166 165 112 225 244  43 250  73  75 177 185  26 207   8  92  24 191 157
  95  51 184 114  73 214 158 220   9 244 197 235 211 129][130 128  20 153 108 141 184  67 142  25 113  18 172 138 112  75 207  43
 123   1  18  92  66 209   4  16 218 234  20   8 129 137][155  24 179 212  35 246 121  87 253 206  86  22  44 158 183 236 230  57
 158 140 165 157  48 202 147 127 154 130  10 132  41 127][ 18 223 226 143 215 148 190 239  31 137  90 231 108 254 190 192 254 123
 151 209 214 155   2 253  58 103 190 195 159  86 169 159][ 41 204  99  77 117 215 235 119  85  72 126   6  48 149 182 164 120 168
  22 140 217 190  52 255  39 124 128  64 127 142 112 236][ 58 205  74 234 244 131 207 253 133   0 252 138 121 207 180 132  94 184
 151 239  91 171 104 253 122 201 175 248  63 138 240 249][160  77  83 235 216 225 102 199 133  35 235  18   1 131  32  96  72  26
  74 122 112 159  65  54  53 164  18 104 112  91 228 168][  9 207  67 142  84 147 110 245  68   0  88 194  41 194 176 228 124 106
 130 206 195 154  12 191  32 104 174 192  63 158 248 140][ 82  61 147 209 149 254  52   7 159 129 206  18 140 183 100 228 225 255
 187 152  19 153 176 194 191  54 158  67 130  92 181  46][ 33 251  59  90 116 221 251 246 205  76 124  66 178 153  52  32 204  58
  23  72 195 187 114 255 119 157  50  10  81 136 100 235][ 33 219 123 237 116 207 227 118  86 232 246 104 179 153 180  96 216 184
  54  72 201 186  97  63 102 253 160 128  93 152  80 169][113  67  71 205 102   2 111  56  97 226 115 198  83  39 181 244 126 204
  52 238 201 144 165  12  54 238 226 132  47 187 112  48][ 33  41 209  97 240 174 106  17  42 137 120  76 183 163 192 144  30 111
  70  92  19 184 192  76  44 188  36  64 200 194 203 136][  2 128  18 155  70 137 168  70  30  49  83  18 172 138 120  72 107  11
  51 145  18 220  67 241  28  18 154 192 148   8 161 136][249   8  71 204 100   2 108  48 117  66 242  66 115  35 180 241 122 164
  54 234 233 159  37 143  18 235 226 128  45 168 112  40][  2 184  18 152 235 233 176 207 143  21  48  57 172 222 100  10 163  59
 235  17  18 107 130 209  29  16  31 127 208  12 165 203][ 56 221 123 100 178 210  94 245  97 192 254 234 123 127 164 176  62 247
 148 226 221 187  37 237 250 237  37 195 103 162 238  57][  6 177  32 139 245 229 186 200  14 109  89   7 140 220 126   0 221  27
 147 149 150 184  88 215  13  20 154 231 149  15  53 211][ 42  61 228 197 109 119 252 103  77 254 220  15 168 188  86 167 238 191
 183 133 220 122 243 200  31  89 223 187  87 236 124 223][  2 176  48 152 123 193 176 107 159  61  17 187 140 190 100   0 167  27
 215  17  50  43  10 215  29  20  27 255 144  12 133 195][119  96 203 165  22  67 139 200  22 224 130 170  81 146 241  40 123 205
  57 251   9 213 157 138 152 142 143 180 173 187  16  32][  3  65   6 137  12 153 168  69  76 112 210 199 160 136  50 192 104  40
  58 197 199 184  71 208  20   0 154 160  29  14 248 220][246  64 194 236  14  10  78 104  57 162 242  10  75  10  21  83 122 229
 125 226 104 183 129 202 178 250 198 144  37 187 114   0][248 132  20  60 137 103  84 175 151  63 160  25 110 123   8 155 201 147
 233 160 124 111  75  63 251 243  85 127 210  68 174  10][130 149 150 156 131 224 180  39 188  19  74  50  44 178  32  75 227  51
 179 129 114 200  18 199  33  38  90   3 148  64 165  10][ 90 221  82 238  21 192 122  96 173   4 238   3  42 219  36  80 250 185
 143 194  74 139  16 253 243 245 130  75  55   2 109  10][109  73 140 191 173  20  84 189 135  16 198   7 237 249  51  74 200 238
  63 199 204  90 219 177 230 241 206  25  30 255 184  10][124  40  27 120  73 229  83 194 179   5 236  24  42 215  97  92 233 186
 195 144  10  11 146  51  83 221 144 123 242  81 102 162][221  73  14 172 142  19  94 200 199 192 146   6 223 202 243 107 122 229
  62 247 205  99  47 248 176 233 239 156  61 123  56  69][215  68 135 213 131 118 108   2 229 242 195  82 217 114 189 239  97 101
  56 190 245 213  53 200 133 170 219   4 170 113  33  36][115 141 106 172 180 134  95 245 169 204 222 143  63 111  54  80 246 231
  29 237 216 139  16 237 251 125 142 216  46 134 248  90][252   6 111 236  20  34 111 121  84 134 255 210  81  97 185  73 120 164
  47  42 168 183   5  14 114 171 226   4  37 251 112  32][  6 235 211  67 194 128  38 192 163 148 104 226   0 195 229  86  98 232
  34 218  82  82 138  96  60   0 135 110 163 179 230 164][ 45  55 181 211 244 175 225 154  95 249  63 124 211  49 217  44 153  10
  86  28 187 120 121 146  76 222  53 244 218 201  80 241][ 29  79  91 229  54  26 111 112  84 128  94 226 117 227 161 100 118 108
  38 238 193 144  37 140 228 237  35 128  47 251  33 161][ 34 223   8 155 124 129 174 255 134   9  88 230 161 204 176  65  72  42
  19 193 242  24  70 189  36   0 170 232  28 138 148 153][ 28  95  75 237 102   2 175 114  52 194  90 230  93  39 177  96 126 253
  23 239 193 178   5 204 116 175 170 128 109 177  33 177][ 66 182 184  65 177 237 185 143  59 125  46  61 140 175  78  20 167  31
 193  20 150  88 177  83  79  28  21 247 194  68 143 223][244  32 189 100 141 127  80  11  97 226 162  24  19  60  69 187 137 212
 236  48  61 103 241   2 147 219  81  55 193 104  86  34][227  24 210  92 211 182 186 103  95 171 118 246   8 186 166 240 255 253
 182   0 148 190 212 230  30  62  22 202 223 204 232 157][  3  52 161 157 109 117 184  78  90 251  88 119 172 252 125 174 205 127
 179   5 167 114 246 194   5  62 218 171 156 125  57 223][ 85 131 221 237 170  66  79 185  66 112 183 226 209  99 216  98  95 196
 124 234  89   2 237  21 236 169 231 212  53 162 224  97][217  76 239 252   4 162 107  82 148 194 214 198  57 171 177  99 108 225
  63 207 169 135  38 234 210 235 234 128  61 249  48 120][ 61 249 122 162 110 217 247 228 207 224 180  10  31 216 123  32  58 200
  90 107  69  35  60 184 244 201   5  60 125 187 219 198][163 237  97 204  92  19 207 255  73 162 188 202 163  45 148 166  72 228
  86 233 233  47 101 207  60 222 158 184  87 184 210 172][ 69  43 153  69 180  42 111  17  98 173  78  96 215  35 193 118  16 110
 124 120 145 216 229   8 236 172  37 128 128 242 215  41][184  93  60 225 213  15  86 254  83 170 188  26  51  57  81  17 249 206
  21 250 232  54  89 190 251 203 133  52 115 249 240 138][ 57   5 105 101  84  27 111  48 101 224 254  66  83   1 145 112 120 204
  70 234 201 176 101  12 246 237 161   0 111 187 114 160][ 60  73 163 218 149 199 199 196 215  12 248  67 226 216  53 196 216 170
   6 215 154 171  58 251  57  28 142  10 209  95 244 238][252 254 249 114 234 201  87 252 178 190 165  56  55 247 201  27  23 218
  69  90 122  71 234  35 249 129  53 124 224 211 134 227][185  76 110 252  12 147 203 114 213   2 214   2  51 201 177  97 104 160
  31 203 233 175  38 191 210 235 234 136  55 185 112 168][178  85  82 172  83  66  87 101  53  10 248 170  15 158  33  81 250 153
 151 226 104 183   0 206 179 224   2 139 113  48 166 155][ 29 221 123 206 180 214 239 245  85  72 255  70 113 245 181 100 126 238
  30 238 217 187  61 191  59 239 167 192  63 186 240 177][228 253  49 202 237 109 151 236 203 250 184  42  94 253 109 163 157  83
 223  99 225  35 170 250  59  25 101  63 208 123 199  35][220  52  91 231  35 110 123  88  45 168 255  40  95  87   9  80 182 213
 253  98   0 213 137 202 211 237  99 133  34 227  39  19][ 52  38 136 171  60  33 195  73  22  47 249 187 227  73 107   8 217  10
   7  53  14 166  73  19 204 133 185 253 245  75  84 194][164 109  82 235 220 169 255 199  20  39 233 155   7   3 104  24 107 154
  67  26 122 191  64  34 117 148  22 121 209 219 246 170][ 19 253  17 157 211 133 191 247 126  64  72  70 188 178  33 116 167  59
  18 197 195  24  18 127 189  12  30 170  24  16 163 189][ 57   5 123 197 118  10 107  17 101  96 126  66 211  35 149 116 122 140
  22 168 137 176 101 206 102 237 162 128 111 170 112 160][ 26 159 107 233 242 151 123 119  37  12 126 231  41 135 178 212 126 186
 151 252 218 152  52 191 111 237 160 192  55 134 228 249][181 220 252 247 180 111 223 184  88 250 181  27 215 124  27  43 191 211
  21 103 252 100 121 174 251 203 111  53 229 123 215  83][ 33 221 123  74 116 211 227 118  85  64 124   2  48 153 180 100 120 170
  18  72 199 186  52 255  39  60 128   2  87 138 116 236][ 66 185 184 184 251 193  25 207 175  85 200 185 140 158 106  16 231 155
 255 145  22  11 186 241 223 213 158 255 144   4 165  91][ 18  73 110 188  46 130 252 112 172 128 210 130 253  78  49  75 238 245
  61 195 200 193   3 236 240 235 234 128  37  49  33   9][138 145 122  91 211 208 177 103 126  69  71  50  60 255  46 100  51  27
 179 129 242 152  50 215  71 111  26  75  55   4 165 251][ 66  48  59  81 114 236  56   3 189  73  98 177 188 158   4  80 166  63
 211 128  17 156 144  71   7  60  26 194   8   0  39 255][ 33  91  59 255  52 143 227 118  92   8 254  68 179 153 177  96 220  58
  22  74 201 184 112  63 229 253  50 144  88 138  80 185][  2 186  18 155  75 129 184  71 158  61  80 183 172 142  98  73 239  59
 163 145  18 222   2 209  28  16 218 235 148  12  45 219][  2 143   3 154 151 193 188 239  30  21  66  19 108 234  40 193 249  43
 163 129 118 152   3 247  41  38 222  67 149  12 189 206][113   4  83 237  86  34 105  50 113   2 122  66 113  35 180 244 114 164
  54 168 137 148  37 205 148 238 250 128  37 168 112 161][  9 207  10 155 212 145 174 239  84   6  92 231 232  98 190 196  89  10
 130 232 118 170  77 255 110   7 190  65  31 158 249 140][ 38 165  80 129 244  43 250 105  15 177 185  26 207  40  92   8 191 141
  95 179  48  50  73 214 156 220 143 244 197  43 211 129][  2 146  48 152 123 193 176  73 158  61 145 187 140 158  96   0 167  25
 135  17  18  11  10 213  29  20  26 255  16  12   5 131][202 141 110 208 211 240 184 103 173  69  94 179  40 174  38  65 102 179
 179 144  52 155  38 229 119  99 218 195  39   4 165 223][130 144  22 153 108 173 184  67 142  27 113  58 172 158 124  75 239  59
 255  17  18  15 194 209   4  24 218 234  20   8   1 131][223 250 107 227  62 128 187 208 175 232 159 231 189 143 244  98 102 213
 255 223 195   5 173 231 218 253 170 196  47 143  49 121][  3 143 107 197 244 147 239 183  68 232  94 198 241  45 180 100 126 110
  19 237 209 184  37 255 108  45 175 192  37 138 208 249][249  65  67  77  68  18 110 120 101 192 242 198  83   0 181 244 126 204
  62 238 205 183 133 206  54 236 162 132 111 174 122 148][  2 186 134 153 203 161  56 207 190  21  64 181 172 198  98  72 231  59
 163 149  22  93 130 213  12  18  94 203 148   4 173 219][ 33 221  59 250 116 205 243 246  92  72 124  76 182 157  52  96 204  58
  22  72 195 186  50  63 103 253  50   8  88 136 101 187][  1 171  83  33 240 202 110  53  44 201 122  96 183  35 128 176  50  46
  70 124  83 184  69 108 172 188  38 192 200 130 203 137][154  12 238 252   4 178 236  83 213 130 214  18  25 171 177 107 104 164
  63 137 184 159  36 202 210 235 250 128 183 248 112  32][100 140  19 219 220 193 166 228  92   3 225  82 240  50  44  97 105 210
  10 130 113 187  89 127  61 166 150  89 209  89 224 142][160 117  31  12 200 239 167 111 230 106 237 112  18 210 160 244 200  62
 234  34 115  47 243  23  53 164  32 126  88  65 142 187][ 13 185 252  87 242 156  51 185 122 249  36 168 253 247 202 183  23 126
 240  88 211 120 174  37  79 255 117 236 194 162  15 249][ 59 237 107 108 240 210  79 229  33 192 252 170  59  47 180 176 126 243
 148 232  89 171 100 237 187 237 166 209 101 162 230 168][  3 160  35 145  85 249 168 103 126 117  73 145 172 140  94 164 185  11
 146  21 151 184 182 215  13  20 154 103 196   4 151 204][ 38 113 160 138 229 133 190 200  26 232  89 171  12 220 125   0 222  89
 147 247 194  50  72 242  61  28 143 174  85  95 247 211][ 34 201  66 152 116 129 236 231 159  16 208   2  44 136  52  65 234 171
  23 193  98 187   0 253  52  24 138 200  85  24 241 137][185  76 101 221  60 155 207 102 205 162 254  74 171  40 149 165 202 230
  94 201 233 190 229 175 166 255 186 144  71  24  89 172][ 56 205 110 238 126 147 207 245 132   4 252 134 121  77 180 160  94 176
  23 234 217 171  44 191 114 205 175 144  55 186 240 185][ 42 188  96 197 109 125 249 103  77 239 253  31 168  60  86 134 207 191
 151 129 148  62 241 198  95  93 154 227  87  12  92 223][ 58  93  35 124  19 214 182 230 245  76 234   2  42 156  53 224 232 251
 146 193 205 171  48 189  51 101 130  11 115  29 124 223][104 139   8 173 221 157  86 183 135  53 140  15 175 161 114  86 200 230
 235  77  90  11 210 181 254 245 132 121  26 222 216  10][146 183  42 171 254 151 190 253  22  25 217 231 104 250 254  64 254  27
 151 181 246 219 139 215 122  93 174 239  29   6 185 143][ 35 151 225 131 215  71 166 253  87 105  89 238  80 124 156 164 125 222
  19 181 219 186  93 215  60  14 143 230 255  78 240 181][ 66 189 151 210 215 216 180 231 175  17 207   2 172 246  36 230 225  51
 251 144 114 201 186 237  63  52 158  67 130  78 173  46][184 215  76 189  54 131 173 125  20  72  80 230 177 200 176  65  94  42
  23  97 227 152  70 157 224 227 170 192  60 152 176 153][ 58 233  98  69  95 219 248  96 235 160 164 139  43 152  85 180  42 168
 211  77 206 187 166 221  31  93   1  51 103 174  94 174][188  92  60 247 133 111  87 246  81 186 164  24  59  57  33  25 233 247
  17  98 104 127  24 190 251 223 197  54  81 121 208  10][ 61 233 123 164  87 203  71 228 193 224 180  10 123 217  51  48  58 225
  94 235  77  35  60 252 243 201   5  56 109  58 226 250][ 85   0 175  85 132 102 109  11 116 191  71  18  80  51 221 111  97 198
  56 184  24 209 179  64  93  46 222  68 128 113 228  96][ 39 248 243  88 103 137 169  64 207   5 113   6   8 200 244  44 127  57
   2 152 131  54  54 209   5  28  26 110 223  14 103 181][213 132 205 247 132  46 109 183 117  58 243  86 211  43  24  75 115 198
  61 174 249 244  73  34 236 234 246 196 173 249 240  32][ 65 107 121  69 180  14 111  53  96 172 107  72 211  33 144  52  22 108
  76 124 208 248 229  12 237 172  37  64   0 162 199 105][  2 193   6 153 198 129 168 197  14  17  82  18 172 202 120  72 110  11
  51 209  18 148   3 241  20  16 154 224  21  24 161 128][ 67  48 160 156 109  53 184  74 218 251  81  95 172 252  95 170 207  77
 179  21 135 102 210 193   4  30 219 175 156 108  25 159][ 29  15  91 229  54  26 111 112 116 128  95 230  93  35 177 228 118 236
  22 238 193 144  37 204 242 237 171 132  47 251  33 161][112  48 157 100 168 111  81  11  96 170 160  24 151  60  69  59 136 213
 108  48  41 103 241   0 209 195 112  53 224 105  70   2][ 84  38 235 229  22  43 107  16 100 164 159 234  83   1 209  32  58 132
 124 188 136 145  37  12 220 141 161 212 165 171  84  33][ 93  71 115 101  54  26 111  56 117 160 255 230  91  34 181 240 118 196
  12 238 201 145  37  14 242 239  35 132  47 179  96  37][ 34 141   2 155 253 245 230 231 223  72  92  99 160 216  52 196 216 122
 151 209 223 186  74 255  46  92 158 203  30  94 248 143][130 158  22 185 114 162  56 103 188  19  82 247 173 134  32 201 103  59
 151 148  55 156   6 255 172 166 186 195 156  68 169 157][ 29 221 123 206 116 215 239 240  85  72 223  70 113 223 180 100 126 234
  22 234 203 187  60 255 123 237 167 192  63 187 240 185][ 35 205  98 142 220 209 190 230 205   0  88  11  32 232  52  36 202 107
  19 195 118  43  14 255  62  92 142  43  85  30 253 142][228 253  17 208 238  13 150 248 138  58 176 106 118 216 109  43 157  81
  87  99 227 103 154 121 121  16 109 190  89 123   3 163][ 35 157 195 220 211 246 234 247  61  73 122 194  44 166 180 228 253  59
 147 140 145 154  16 239  63  62 158 194 155  76 249 189][ 11 255 177  81 177 220 188 183 238  73  56 100 188  60 212 160 143 123
 214  17 247  40 116 255 175  95  62 226 200  84 143 253][117  77 238 172  12  19  78 250 199 194 154  11  51 168 243 115 104 229
 126 231 204 107 231 248 240 224 231  56  53 249 112  76][106 143 148  62 201 113  20 175 131  63 168   9 238 123   0 159 201 215
 233   1  92 107 203 177 145 246  85  59 210 100 142  14][  3 221 113 221 178 133 175 183 126  64  88 102 188  50 161 228  38  43
  22 201 195 152  55 127 172  44  62 130  61  16 161 189][ 57   1 105 101 116  10  99  49 117 224 254  66 211   1 145 112 122 140
   6 232 201 176 101  14 102 237 160   0 111 168 114 168][ 29  79  75 229  54   6 111  48  53 200 223 198  89   7 177  96 126 173
  31 238 201 144  37 206 228 237 170 128  47 179  32  49][ 53  98 237   1 204  27 195 216  67 246 181 206  83  76 223  63  89 204
 102 126 141 118 237  16  94   8 101 116 255 191  82 244][113  45 229 189 108  35  77  50 197 226 218  75 179 171  81 115  72 228
 127 205 200 250 197 232 212  40 227 176  36 232 112  72][219  54  99 225  62 176 249  81 173 204 223 246 189 207 247  96 118 189
 191 141 163  21 164 215 214 121 171 128  47 132  33 241][120  50 184  96 168 232  21   7 168  13 168  41 151  55  64  18 129  55
 236  16  26  42 194   0 201 229  52 121 192  66 135  99][ 61  42 225  97 100  27 195 152  99 232 183 236  83  13 215 188  25 204
  84 126 141 240 109  24  94 207 101 116 239 175  82 240][ 39 121 243  90  71 213 171  64 207  64 120  70 168 220 245 164 254  57
 130 217 195  59  54 240  21  28  10  42  95  14  99 180][130 160  18 153 108 169 184  66 142  27 113  18 140 138 112  74 239  11
  59  17  18  28 194 209   4  16 218 234 148  73  33 129][ 52 152 159 217  21 193 161 224  92  17 226  66 226 114  40 225 120 144
  10 128  11 251  81  29 157 130 211  85 209  42 100 170][189 121 148 236 203   5 148 249 130 186  53 110  92 243  97 175 141  89
 210 106  97 103 218 144 177 193 109  62 123 127  11 161][120 135  40 236 221 249  91 111  11  45 172   9 163  39   6  80 216 158
 141  16  26  11 224 157 251 245 132 121 147  74 214 106][ 54  39  66 170 118 195  90 104   5   4 217 235  43 206  63 192 126 169
 135 247  14  35  76 221 178 197 139 189  53 143  60 196][ 43  33  64 136 126 157 170  89  79 164 185 207 140 200 255 132 126 169
  90 253 135  35  92 221 188  28 139 124  95  15  57 212][ 43 112 224 210 117 253 249  80  27 109 245  63 168  28  30 172 254 191
 151 211 150 254 248 245  87  95 154 235 215  15 254 215][166 237  96 138 244  35 190 236  26 130  89   2 108 232 125   0 255 219
  19 227 240  50  72 250  60  28 143 172 213 123 241 129][  3 221  19 156 112 192 173 103 141  73  90 230 180 182 160 228 206  59
 151 129  67 153   0 239  32  52 190 130  28 136 161 189][  3  93  89 157 114 209 173  55  76  72  94 228 180  54 160 228  70  59
  22 200 193 152 117 125  36  44  62 128  28 128 161 253][141 173 252  91 186 184  56 187 234 176  44 152 253 223 216  54   7 123
 240   8 214  76 239  63 111 251  69 109  70 166   3 160][ 10 207   8 137 149 147 174 239  30   5  92 167 232 104 186 196  89  10
 130 133  86 184  77 255 108  39 158  69  31  14 184 140][137 119  60  77 171 255  23 127 246 110 237  56 222 212 130 180 133  62
 236  42 243  47 235  63  99  37  33 126  82 209 135 249][130  88  22 157  46 134 184 102 156 138 210  34 172 158  49  75 238 113
  63 129  96 141   3 204 129 178 218 130  20  56  49 139][ 50 157  90 170  86 195  82 232   5   4 237 163  51 223  43  80 122 187
 135 226  14 147  24 255 114 133 128  75  53 139 108 202][ 93  71  87  69  50  26 111  48 101 232 127 230  91  35 157 247  54 197
  60 238 193 144  37 204 182 234  39 132  47 179  97  53][184 205 106 234 150 147 223 245 197  64 253 130 123  77 190  32 126 186
 151 239 248 171  44 191 122  77 165 208 127 142 248 233][ 56 141 123 108 212 194  79 103  97  64 252 130  59  61  54  48 122 186
  20 232  89 186 101 189 251 237 164  65 117 138 230 186][179 207 106 170 212  35 239 247  20  70 217 223  17  42  58  65 123 203
  23 231 252 158  12 239 244   5 190 128  61  95 240 216][150 140 230 243 134 162 236 247 189  19  82  18  45 171  52  75 103 231
  63 145 176 221   0 226 190 106 222 192 167 208 161   8][ 54 114  96  40 105  21 218 220 137  28 176 173  10 141  95  26 206 217
 213 215 206  35 226 224  19  88 136 191  71 159 118 223][131 142   2 155  51 179  56 103  62  65  66 247 172 170  50 192 231  43
 147 149  54 220   7 255  12  54 154 195 156   4 169  31][185   1 105 101  52  10 105  51 117 224 246  66  19   1 144 112 122 140
  70 168 249 184 101  14 246 233 160   0 101 168 210 168][ 63 254 226  82 203 253 151 246 249  94  60 189  42 252 255 190 175  83
 213   7 231 103  62 226 115  95  85 191 239 119 206 215][138 139 102 184 227 208 188 103 189  23  82 179  41 174 182  65 239 187
 183 129 118 158  38 231  54 115 222 195  55   4 165 223][ 69  28 189  81 171 237  49  19 222 250  63  24 188 183 229 111 135  55
 126  24 177 109 178  64  77 154 119 178 208  96   5 115][  2 154  22 155 107 129 184  71 158  21  81 183 172 134  98  73 231  59
 163 144   2 157   2 241  21  16  26 235 144  12  45 139][ 40  89 183 246 229  79  85 245 199 185 166   8 122 185  33 175 201 118
  49  74  89 251  59 169 107 219  85  18 194 122 208  43][183 181 193 139 254 151 174 105  87 233 217 246  72 120 252 164 255 159
 150 181 255 186  77 151  60  76 175 230 157  14 248 149][ 57 159 107  77 212 151 239 119  68  72 126  70 113 109 180  96 124  38
  19 236 209 184  53 189 111 173 164 192 111 138 240 249][185 207 102 238  92 147 207 245 197   4 252   6 123  73 176 101 106 224
  22 234 248 171  44 189 114 203 167 152 119 186 240  40][  1 221  59 251 117 197 179 246  92  72 124   6 188 223  33  96 252  59
  19  67 195 186  50 127 229 205  50  10  89   8  97 187][153  94  70 189  46 147  79 246 133  74 214 230 243   8 179 193  78 224
  31 111 237 173 103 189 226 235 250 144  62 157 120  89][ 58 217  99  92  27 208 151 230 133  68 236 131  42 220  39 228 232 251
 139 195  79 171  50 189  51 100 138  27 119  29 116 126][130 160   2 153  70 129 168  75  14  17  88  18 140 138 112  72 111  11
  51 145  82  26   2 209  20  16 154 236  21   8  33 128][ 26 182 254 176 131 122  52  71 183 183  78 187  47 173  98  74 167 159
 169 144  22 217 129 128 219 199  84  67 163  76 165  91][ 33  93  59 239  52 143  99  50 236  72 254  68 183  81  33  96 220  42
  94  78 201 185 113  63 225 253  32  16  88 139  64  41][ 26 165  98 137 213 179 170  67   7  97 204 135 137 142 114 196 124 155
 147 221  30 154  84 223 191  69 138 105 183 142 188 220][118  99  96 164 109  12  94 184 139 188 153 143  75 205  95  18 236 197
 253 231 204   3 207 208 147 249 139 255  39 175  86  66][249  67  66  76  84  18 202 120  85 192 247 198  75 200 191 245 124 236
  22 239 237 183   4 206  50 104 163 128 127 174 120 132][192   5 247 213  52  34 105  51 120   1 118 208 189  55 176 103 102  54
  31 136 177 152 161 204 196 186 242 128   6 128 161 169][ 93  21 157 244 168 100  29 191 168 154  30  32 221 119 201 107 135  87
 125  42  97  65 171   0 235 227 111 190 128 112 165  43][ 26 149 114 249 211 208 184 107  63   5  77  51  44 255  44  96 247  27
 147 129 114 152  55 215  95 111  26  71  55   4 165 210][ 57 217 107 228 213 199  71 245  69 192 254  14 115 125  50  48 120 226
  21 110 201 187  48 173 243 201 133   0 107 186 240 122][ 35 223  99  91 116 215 166 119  92  73 120  98 176 216 180 224 216  42
  18  73 199 184 100 253  38  60 178 194  93 142 241 173][ 10 249  59 184 251 193  57 199 191  21 120 187 188 215  96  48 231  59
 151 145  82  27  42 247 255 213  58 239  16   0 167 251][  3 156  18 157 244 181 186 103 124  13 120  39 168 186  54  64 254  43
 146 149 150 184   4 255  44  62 158 194 221  76 169 143][  2  28 150 149 167  98 184   7 188 155  82  51 140 190  32  75 231  55
 187 145  48 221   1 192   5  50 218 195 132 100 181 155][ 56 149 121 105 212 227  67 111  69  97 124  34  51  61  32  48  88 154
  22 176  27 186 117  31 111 237 160  65 127 138 246 250][ 52 249  75 234  85 197  83 200  23   4 253  11  51 223  39  16 120 186
 147 194  78 178  24 191 115 141 129  41 113  27 118 218][ 62 253 226  88 203 117 158 222 171 222 188 175   8 252 119  62 175 243
 215 199 198  99 186 240 115  95 205 191 215 117 247 223][166 205 226 159 212  35 238 236  91 130  89  18 104 104  61   1 123 235
  19 227 240 246  72 255  60  14 207 236 149 123 240 128][ 10 219  35 220 116 196 173 119 164  76  94 230  52 135 160 100 204  58
 151 204 193 139  34 237 113  45 190 136  18 156 181 249][185 205 110 254 212 147 206 253 213   4 252   6 123  73 180 101 122 226
  23 238 248 171  44 191 114 203 167 152 119 186 240  40][130 141  42 155 159 209 176 239  30  53  77 147 164 236  42 192 217  11
 163 149  86 184  15 215  45   6 159 111  21  12 189 206][ 57 221 107 236 213 135  71 253  69 192 124  14 115 117  48  48 220 234
  22 110 201 186  49  61 243 233 132   0 123 186 240 248][ 56 135 105 233 245 235  83 103   3  45 252   9   3  45   6  80 216 154
 133  16  26 186  97 159 235 213 128 117 240 202 214 234][ 47 233  98 200 116 149 234 212  71  73  84 130  41 205 245  36  94 169
  23 223 142 186 108 253 126  93 138 232  55 159 112 204][ 60 233 104 170  85 229  90 232   3 132 237  11  35 205 115   0 120 170
 131 231  78  50  90 189 115 205 129  41 113 155 126 218][ 25  92 102 190  44 150 227  50 205  74 214 198 251  44 183 239 110 226
 191  79 237 173 119 189 146 123 234 128  62 255 120  93][134 205 246 151 214 162 190 231 190 147  91  18 236 234  57  75 103 107
  63 147 242 221  11 239 188  38 223 196 149 113 177 137][ 33 207  51 203 116 159 166 118  92  73 120 102 176 200 180 228 220  42
  18  73 195 184  68 255  36 124 162 192  95 154 209 173][ 24 221  31 239  50 207  51 118 172   8 250  32 191 215  32 112 162  59
  94  64  66 137  49  61 241 237  34 194 112   2  39  43][ 38  29 106 206  86 243 191 248  71   4 124 130 112 253  55  36 120 250
  19 234 130 178  60 255 119  12 131  43 119 251 116 250][182 173  55 111 170  47  22 171 119  34 234 120  98 253 140  48 151  87
 125  34 248 229 203  63 162 254   5  18  64 210 130  15][ 41 151 107 205 244 150 239 119  68  72  94  70 113 105 180  96 124  34
  18 172 209 184  53  29 103  45 164 192  95 138 240 184][  3 142   2 159  51 179 184  39  62  65  75 247 236 234  50 192 247  43
 147 149 183 156   5 255  12  54 154 195 156   4 185  29][ 25  93  63 236  53 206 103 113 236  72 254  66 191  81  33  96 240  50
  30 104 201 169  49 141 241 237  34   0 122 186  97  43][ 35 211  42 170 117 149 188 247  73  73 120 239  44 136 254 132 254 139
 151   5 215  58   6 243  54  93 154 235  95  12 251 159][ 58  89 102 222  27 209 151 230 133  68 204 135  40 220  39  68 104 241
 139 195  76 171  54 189 179 100 138  27 119  31  52 126][  2 184 176 152 237 165 184  71 139  27  16  59 140 190 100  10 239  59
 215  17 146 107 130 208  29  24 222 234 148  76 161 155][  2 168 146 153 236 169 184  67 142  27 112  18 140 138 112  74 239  11
  51  17  18  24 194 209   4  16 218 234 148  72 161 129][ 37  92 123  71 118  54 239 248  80 106 127  66  81 125 189  36  63  76
  22 238 161 182  45 126 119  15 165 132 231 243 114 225][218 156 159 188   3 228  61 198 189  27  66  51  60 159  32  75 231 115
 189 129  98 205  18 227 209 227 218 139   0  80  37  91][131 130   2 153  51 179 184  79  62  75  82 247 172 206 186 200 247  43
 147 149  55 156   7 215  12  54 154 195 156  12 185 159][  2 206 226 155 245 132 188 231 157  79  88 183 168 238  54  64 239  43
 147 133 230 158   2 247  36  54 158 195  21  20 189 222][191  67  70 204  84 147 202 120  85 128 247 198  75 200 191 245 120 172
   6 239 237 183   4 204  18 104 163 128 127 175 120 132][ 25  95  51  69  49  30 103 180 109   8 122 100 254  19 129 244  54 100
 204 106 193 144  33 125 165 252  36 128  74 183  99  41][136  25 191 245 229 142 189 119 188 131  82  18 188 155  32 107 166  63
  59   1 112 221 176 194 213 187  94   2   0  64 161 171][ 91  83  71 196  52   6 111  52 173 200  86  70  89  23 177 228  54 229
  29 236 193 145  49 204 179 248 174 132  46 178 113  57][245 159 159 183 180 110 103 182  49 223 255 119 114  54 143 219 253 207
 164 208 185 218 249  98 184 182 246 198 136 115 238 253][126 111  98 230 125  98  94 232   1 172 189 139  75  77  95  16 220 213
 221 227  72   3 200 140 243 213 133 189  39 255 118  82][ 10 156 114 217 211 241 176 226  95  23  76  50  12 191  36 228 243  27
 147 145  18 157  18 247  95  39 154  79 151   4 165 134][ 34 201  98 202  84 147 234 208  71   1 248   2  40 203  52  64 122 171
  23 209 154 186 104 253  62  28 138 200  55 139 112 136][175 121 111 235 229 245 255 212  79 125 125  63  40 156 190 172 238 251
 183 211 215 178 111 241 119  89 170 227  87 223 252 215][ 53 135 106 179 212   6 239 245  20  78 209 215 113 107  58  65 121 202
  23 175 248 186  76 238 252   7 254 196 157 250 240 216][ 57 221 123 222 116 215 239 240  85  72 222  70 121 223 181 100 126 250
  22 234 201 186  60 255 115 239 167 128  63 187 112 249][ 56  18 159 205  81 223 161 121 102 221 247  38 178  86 162 240 120 176
 174   0   9 179 115  29 221 129  99  69  80  40 101 243][205 254 172 146 205  93 183 188 250 254 180  46 254 116 203 167  41 194
 206 122 231  97  62 255 255  71 103 189 203 126  79 255][ 71  67  79  69 116  30 110  48 105 200 254 230 217   3 149 247 118 228
  60 238 205 176 165 204  54 184 226 132  47 179 105  53][222 124 156 247 139  98  21 142 158 183 134  61 220  55  65  91 199 119
 249 144  42  69 219 226 203 215 223  55 136 112 141  26][  1 207  91 155  52 155 174 246  92   9  90 230 240 200 180  96  94  42
  22  77 231 184  76 255  36  60 162 192  93 154 217 173][ 33 148 121  73  86 231 227 123  86  97 127   6 208  57  60  96  89  26
  18  56 147 184 113  31 111  13 178  68 253 202 240 242][ 26  89  43 220  21 212 119 246 132  76 222 103  56 151 163 100 236 250
 151 200 201 139  50 237 115 233 170 138  59 188 116 251][233  73  83  92 100  78 100  48 121   8 114  72 115 241 181 245 240 108
  54 106 193 186 146  12  23 251  96   0  74 184 122  33][124 124 106 230  85 210  95 240  17 160 253 171 123 127  45  16  88 252
 149 226 104 178 120 174 243 205 165 161 103 251  86 218][ 40 164 251  97 245 235 115  75  23  45 127  16  19 141 104  48 217 154
 135  16  26 184  97  23  79 205  48 101 243 202 198 226][ 50 189 226 156 219 245 156 199 139 220 156 175  44 188 119  34 175 243
 215 193 196 107 178 202  59  94 223 191 215 116 183 223][  2 158 182 149 182 226 188  39 188  87  82 183 236 174  34  75 231  55
 179 133 176 220   1 239  12  54 222 195 132  68 165  91][134 205 134 159 214 162 174 239 158 147 219  18 108 234 121  75 123 235
  59 147 114 221  11 255  60  38 223 204 149 115 177 136][ 19  81  87 204  52 150 110  53 237 200 222  70 120  19 180 228 244 164
  30 236 201 137  49 204 179 184 162 128  46 146 225  45][ 33 133 107  79 244 175 235  59  68  73 127  70 241 105 188  96  89  34
  18  44 243 184 121  31 111  46 161 192  89 202 208 248][253 159 173 151 177 126  55 191 122 223 191 119 126 118 202 247 117 246
 164 140 191 216 251 239 250  39 239 198 138 103 175 117][ 39 214 113 218 252 149 174 237  94  75 121 102 248 252 188 164 223  27
 146   3 199  38 110 255  46  30 191 238  93  30 241 189][178  89 110 158  31 208 151 224 133  68 196 131  35 220  55  69 104 241
 155 195  76  43  54 189 243  96 138  27 119  63  52 126][  3 206 162 159 116 132 190 229 158  79  89 247 236 238  62 192 223 107
  19 135 230 158  14 255  36  54 158 138  29  94 185 223][ 24 220 159 245  19 196  53  71 189   3  66  18 188 183  32  72 167  59
 187 144  98 221  18 239 245 231  94   3 166  80 165  43][176 141 110 222 220 151 206 255 213   6 253   6 115 105  60  97  88 226
  31 234 248 163 127 255 115 235 199  24 119 250 240  28][135 201 231  31  36 146 174 236 126 194  82 198 248 200 181 237  54 109
  50 207 197 248  47 249  36  58 207 130  95 183 121 221][237 223 188 150 205 125 215 190 218 254 188  47 254 244 203 183  25 230
 238 106 229 103 190 255 251  87 101 189  90 127  95 127][  3 134   2 155  19 179  58  35  62  65  67 247 236 234  58 192 247  43
 147 133 182 156  79 255  12  54 154 195 156   4 185  29][ 57 139  66  17 215 219 119 103 117  69 102 163  43 160 178 148 106 170
 130 220  92 184 100 189  62  71  20  67 103 140 218 206][201  76 127 117  36 138 109  55 125  11 118  80 179   3 144 113   2  38
 108   8 225 188  97  47 230 251 112   0  68 144 194  41][223  24 231 190 109 244 123  16 221 202 215  70 127 252 183 238 230 224
 191 207 165 135  62 234 215 123 234 136  62 239 121 117][146 223 174 183 130 130 188 199 134 214 218 247  45 174 114  67 103 239
 191 199 212 221 135 224 248  97 254 193  45  85 189  93][131 130 130 153 115 179 184  75  30  89  83 247 140 202  58 200 255   9
 147 149  54 156   6 211   4  22 154 207 156  12  41 151][ 42 233  98 200 244 149 238 213  79  72  84   2  41 141 245  36  88 234
  23 219 202 186 100 253  54  89 142 168  87 158 240 236][ 34 201  98 201 212 145 234 213  71   1  88   2  32 137 180  64  88 170
  23 209 202 186 100 253  62  28 134 232  55 152 240 136][  2 169 146 153 236 173 184  71 142  25  80  18 172 138 112  74 239  59
  19  17  18  88 130 241  12  16 154 234 148  72 161 137][191  75 102  30  76 146 234 104 197 132 245 199  97 200 183 197 120 160
 134 239 204 163  38 156  18 105 227 137 119 175 120 196][152  91  94 189  58 130  57  54 188  12 214 231 189   7 160  81 102 177
 175 224  96 141   3 127 240 163  58 129  60 128  45  89][ 45  93 115 207 116 215 239 244  85  72  94  70 121 252 181 100 126 234
  22 203 195 186  60 255 119 190 162 128  63 187 112 253][130 232 153 152  89 229 176 198 158  29 128  25 172 158  98   8 201  59
 219  17  54 111 210 243 141  20  30 123 144  12   5 202][  2 185 178 153 239 229 184  71 142  25  80  51 172 190 100  10 239  59
 147  17 146 122 146 241  13  16  94 234 148  12 167 219][ 18 211 110 171  54 131 189 117 140  13 212 231 165  15 170  65 110 187
 151 133 226 139  64 221 230 193 186 193  53 136 181 219][130 216 178 152  87 245 185 198 255  29  84  18 140 154 102 236 229  57
 179 145 166  95  50 215  13  30  26 235 146   5  45 175][242 160  94 125  56  75  89  41 127  36 226  24 110 233  12 208 150  53
 237  32  41 233 209  29 144 190  81  23  72 160  10   9][167 171 104 155 238  25 254 232  95 113  49 187  72 104 255 169 255 203
  51 119 182 118  79 247  28  26 207 110 221  31 217 132][122  50 254  44  59  87  89  57 175 237 247  44 254 222 134 181 150 165
 236  32 141 227 243  93 195 243 105 213 106   4  15 119][  6   2   2 155 107 129 184  72 142  21  81 167 140 206 106  73 238  57
 163 147   2  22  10 209   4  16 202 239 148  15  45 147][  7 200 231 151 148 150 174 166  92 194  82 198 241 104 181 236 121  96
  59 239 229 180  61 239  44  62 223 128  13 255 121 220][ 83 202 174 183 130 128  46 182  22 214 218 231 109 234 243  64 111 239
 191 215 206 220 135 225 252  35 254 128  44 212 185  92][ 24  30 211  77 114  74  35  18 121  14 126 224  63  55 161 244 102 124
 134  74  33 188 161 234 212 244  34 130 102 225  39 185][ 34 205  98 201 244 147 238 247  77   0  92   2 160 136 180  32  72  42
  19 233 210 186 100 253  46  24 142 160  23 220 240 140][162 224  24 186 109 205 144 207 155  55 160  25 190 159  72  11 137  27
 219  17  98 111 210 241 201 145  94 123 144  24 135 138][218  81 119 206 102 192  57 116  13   8 114 226 125  23 173 229 102 177
 183 226  65 150  35 205 119 232 234 130  55 154  37  41][  2 138   2 155  19 129  56  72  30  65  67 247 172 194  58 200 247  41
 179 149  22 156  79 247   4  54 154 195 156   5  57 151][191  66 110 140  76 146 234 112 213 134 247 199  65 200 183 193 120 160
   6 239 236 167   6 140  18 105 226 137 127 175 120 196][  3  77 231 159  44 150 174 228  94 202  90 198 248 236 181 228 250 111
  50 207 197 248  63 233  36  58 207 128  29 247 113 220][165  48 249  89  86 239 177  88  94 235 117  16 144 213 237  40  89  56
  18  24 147 180 122  82  77  30  49 100 209 137  71 227][  3 132  64 139 214 137 174 237  94   3  73 147 225  72  60  64 123  10
   2  63 118 188  77 247  44   6 158 100 253  10 217 140][ 33 135  41  79 180 175 235  59  94  73 127 102 240 117 188 100  89  10
  18  44 179 184 109  95 108  62 163 196 221 138 208 241][  5 180 185  91  84 239 163  91  94 107 125  82 208 209 252  40  25  56
  18  24 179 180 121  86  77  14  49 100 217  10  81 225][242 205 111 252 140   6 206 189 196   2 178  70 113 107  60  67 248 230
 123 235 232 235  91 175 241 170 206  16  29 250 240  10][138 210  14 187  60 133 184 252  28  93 208 231 189  15 186  65 222   1
 159 229 234 140  83 221 196 195 250 128  28 136  57 217][ 88  94  74 173  34 210 127  54  52  70 222 229 189   7 162  80 102 181
 191 206 205 152 101  47 246 231 186 129  62 145  45  89][254  72 111 190   6 210  75  96 133 198 199 131  73 207  55  73 106 245
 153 227 108 135  52 236 211  99 202   1  39 183 124  82][168 221 120  95 118 199  87 252  83  10 116  42 115 117 169  49  94 250
  23 234 232 242 104  63 103 175 165 160 115 187  70 171][ 18 189 162 156 223 245 188 103 139 205 152 175  44 190 119  32 236 251
 147 129 210  11 178 235  59  20 158 171 213 124 183 223][154  76 151 255  19 224  59 166 189   5 203 179 237 231  33 201 103 243
 171 208  34 217  10 239 169 247 222   3 166  82  37  42][223  88 235 190 111 244 123  80 221 202 212  38  57 222 183 235 238 233
 191 207 173 135 182 234  83 123 234 136 191 189 121 119][ 41 221 115 223 116 215 239 244  95  72 124  70 120 221 181 228 126 250
  22  78 195 186 126 255  39  60  34 136  95 155 112 253][130 120 178 216  83 181 176  71  94  31  80 115 172 154 103 204 231  57
 147 145 166 156  18 243  15  22  26 235 146   4  45 143][200  28  62 126  36 172 125 182 253  11 118  16 190 243  33 123 166 115
 108   8 163 173  50 107 195 251 114 136  64 209  67  43][  2  41  52 185  79 221 176   7 238  21  72   3 172 156  98 202 224  27
 235  81   6  56 242 209   5  16  26 107  16  12 157 206][  2 185 178 155 239 197 184 197 142  25  80  34 172 222 100   8 238  59
 147 209  18  24 146 241  13  16  30 235 148  14 165 219][ 58 155  98  25  87 217 177 103 117  69 102 167  40 140 166 148 106 170
 130 208 214 186  52 253  62 117 144  67 103 140 254 222][ 22 183 250 224 210 162 122  91  59 165 127 191  77 239 174  80 127 189
 135 176 146 146  12 206 126 231  39 199 167 230 175 145]