[ 90 107  82 158  43 144  62 236 173 128 246 239 173 206 135 148 182 251
 239 198  69  75 135 237 178 241  26 155  47 151  43  29][  8 237  51 234 246 201 183 229 207  41 125  42 190 213 160  32 170  58
 134  64  82  41  40 189 249 132  37 123 114 138 133 171][252  48 244 116 173  61 216  88 251 187 181  56 207 251 205  27 143 213
 125  18 184 103 234 192 147 251 113 190 194 249  67   3][221  91  87  70  41  30 126 188 169 250 182 108 255 119 137 255 166 245
 252 106 225 197 187 232 178 251 101 146  10 183  11  53][207  96 229  71  96  58 107  24 117 242  87 212 217  70 223 255  55  76
 126 238 161 212 237 194   6 122 227 132 174 183  81 245][154 242 119  91  50 155 185 255  63  53 118 246 233  79 140 132  63  25
 199 140 227 220  47 255  46 222  62 194 103 132 167 253][252  56 157 112 169 109  81  91 227 187 164  24 159 179  65  59 129 150
 236  16  59 111 211  16 219 219  85 127 226  96  70  35][ 97 164 253 101 144  79  71 190 114 226 110   8  83  49 128  51  17 204
  96  42 105 248 249  14 109 174 101  20 232 248  66  40][226 164 156 187 172 173 248 207 191  59 177  24 142 234  88  91 201 131
 127  17  58 111 203 211 157 210  95 252 144  72 209 129][ 37 109 126  86  80 143 103 240 224 132 110   8 115 243 167  52  58 228
  66 106  96 178  56  46 119 143   5   0  99 179 102 160][ 37  52 211  65  83 127 162 218 107 161 104  72  26 254 205 188 191  89
 194  16 135 178 180  74  31 140   1  38 203 115  75 165][105 205 121 111 156  79  71 189 101  40 238   8 243 113 144 112  88 222
 108 106  89 186 121  63 231 237  37  16 114 186 210  42][252 232 142  93 201 242  39 202 246  23 230 144  96 230  99 255  73 126
 234 208  42 223 235  55  93 162 215  69 224 113 110 166][197  82 149  21  42  46  45  58 184 251 162 252 220  54 141 255 167  69
 108  46 161  69 183  66 144 186 119 150 136 241   3  53][ 68  60 157 247 168 108 115  26  58 187  43  88 247 119  65  26 133 119
 125  26   9 112 219  34 205 191 113  56 128 113  67  35][216 252 158 182 139 108  52 167 187 211 162  25 254 247  35  91 167 119
 249   2 117  77 154  98 251 243  95  27 136 112 171  91][  9 173  82  73 209 188  98 103 125   1 106   8 174 146   4 244  32  42
  66   8  87 184  16 111  38 252  16  74  74   0 235 140][ 98 186 189  18 251 221 145 189 139 253  52 253 172 220 206  54 135  91
 245  81 215 104 234 113  79  17  53 255 218   4 135 255][ 54 165 104  42 223 241 146 204 159 181 184 139  74 252 127   0 217 219
 211 113  30 107  74 183 187  85 141 127 213  79 222 198][ 90 189 123 236  51 194  55 103 189  12 254 163  44 247  36  80 178 191
 207 128  64 139 162 207 243 229  46 139  39   2 167 107][151 141 142 191 156 163 110 237  22 225 210 215 243 232  58 193 121 238
 127 229 189 219  79 191 188 231 239 212 188 125 184  16][173 245 113  75 213 223 231 252 125  96 120  72  82  85 156 181  24  88
  82 106 251 178 121  61  47 152   5 116  83 186 194 164][ 90  33  80 225 177 124 120   7  41  37 175  25 143  31  76  84 230 151
 221 144  26  24 209 196 159 249 154 227 130 134 175   7][ 33 138  90  93 116 158 233  55 125   9 118 112 179  35 180 116  78  42
   6  12 179 184  33 127 102 191  48 192 218 128  73 169][ 38 240 143 188  91 195 179 200 150 164 195 143 100 199 105 140  89 125
 235 209  11 195 219  29 153   7 141 127  48  42  44 242][ 33 181 121  83 244 175 235  87 127 105 127 114 145  53 148  52 127 154
  22  24 179 184 125 127  79 156  53 192 199 200 210 161][242 227 130 172  25  67  94 236 175 172 240 171 203 206  44  80 220 213
 255 227  72  67 195 207 187 244 143 189  17  62  38  80][ 41  51   2 168  93 135 162  73 198 168 241  77 178 200  48  64 216 168
 106 245 138 171 210 157 213 148 139 120  89  14 114 130][108 169 152 107 201 137  39 253  34   1 109   8 247 227  72 144  17  94
  96  82  82  24 218  49 237 229   5 109 226 115 143 170][124 119 121 103 240  14 119 184  96 168 127  72 215 119 201  48  22 220
  68 106 201 242 249  46 239 205  37  36  96 243  70 163][226  74 238 157  44  33 236 206 191  87 218 135 236 238  55  74 239 229
 251 133  74 199 199 227 180  55 222 153 148 124 117 216][ 87  20  73 136  58  43 155  72 143 225 153 239 223  78 187  64 246 129
  95 183 135   3 111 220 156  20  43 190 156  15   1  85][ 45 164 153 227 180 111  99 187 118  43 255  24 215 113 200  48  89 158
  78  56  59 190 121  31 237 143  53 116 224 202 198 160][ 98 171 164 190 189 141 202 234 143 172 152   9 166 236  54  64 200 226
 255  69  30  43 202 189 187 221 143  57 144  14  86  74][177  59  79  77 212 219 226 221 118 224 254  70 113 200 181 100 120 174
  34 248 215 186 117 190  62 109 167  64 125 138 248 156][216 145  87 108 131  68  21 117 161   0 228  32 126  55  32 117 102 179
  80 226 113 139  50  93 243 232  64  74  58  34 167  59][ 56 181  56 233 217 207  85 127  39  41 173  24  31  63   0  16 217 158
 213  32  90  42 121  23 251 221  21 125 114 138 198 178][ 57 185 180  54  45 189 210 214 207  61 184  13 174 184  86  16 137 227
 110   5 142 107 122 177 147 223  16  58  82  76 219  78][121  33 248 101  53  31  90  56 113 224 246  12 219  57  19  48 156 204
 124 110 141 182 241  14 199 255  33  20 106 171  74  74][ 44 236 249 103 244 111 111 191 118 171 254  72 243 113 153  48  91 206
  70  58 155 186 233  63 239 255  53 100 230 250 210 169][229 127 250  71 224  14 255 176 104 238  63 236 219 125 159  51  54 245
  85 111 224 246 252 104 118 185 101 164  77 243  71 241][149  74 207 193  68   3 107 200 118 176  67 210 209 194 249  73 123 204
  34 254   3 212  77  16 132 162 227  68 189 185 112 160][ 82 115  86 172  91 192  58 236 175 132 224 163 108 206  45  82 254 253
 235 225  74   3 130 217 177 160 139 139  33  50  47 154][ 72 185 153 182 184 140 117  23 170  25 170  72 191 183  64  90 135  63
 124  16  19  73 210  49 249 253  62 120 192   0 131  43][239  54 180  83 173  61 208 152 251 251 183 124 206 248 223 191 141  68
 252  30 175 103 235 162 154 219  85 255 202 109  91   5][ 41  35 192  65 213 159 224  87 123 173 252   8 171 136 214 180  24 172
 198  28 158 186 228 156  46 221  20 119 195 140 218 140][211 159  23 119  51 142  40  55 189  59 194 116 236  51 160 247 164  55
 108   8 241 221   1 110 165 242 122 130  10  68  33  45][ 58 249 112 225 125 221  84  71 105  33 176   9 175  29  84 180 174 153
 223  65 206  58 208 209 183 216  20  51  71 156 207 143][188 221 248 239 220  55 215 252  87 174 189  31 115 121  63   1 121 202
  23 110 232 230 121 190 123 207 229  61 247 251 244 226][125 101 120 103 244  31 111 184 121 232 255   8 219 105 159 180  62 204
  84 106 233 176 237 174 230 255  37  20 103 251  66 229][ 47  51  30  26 120 157 178  88 206 232 149 237 244 220 255 164 158 104
 250 103 135  99 222  93  12  17  41 186  94  47  27 213][152 255  18 120 115 153  54 247 189  12 104  96  44 211 160 149 166  59
 196  64  98 139   2 127 186 213   2 107  18   0  47 139][ 44 191 184 106 249 253  19 223  18 237  61  61  30 253  75   0 157  90
 213  16 186  42 248  50 107 197  37 255 210 223 134 243][178 204 210 158 195  66  30 231 157   7 250 179 108  46  44  81 127 247
 135 162 120 143   0 239 176 166 222 131  53  84 165  11][246  16  86 174  11  98  18  72 149 134 225 187  78 223  45  91 254 177
 221 162  40   7  18 202 147 227 202  31  55 119  39  18][ 94   4  18 168  29 110  88  66  45 131 203   3 207  27  41 222 240 149
 253 161  12 135 209 200 147 245 138  23 162 135  45   6][ 53  52 168  42  52  63 210  89  78 111 253  29 147  88  62  32 216 169
   6  53 142 162  92  26 208 141  32  57 221  74  90 147][ 83 241 151 176 187  92  60 143 171  89 138  84 172 190  78 246 167   7
 125  21 215  73 179 225 185 118  30 198 136   4 163 127][120 251  16 186 123 157  82 244 175   8 168  77 174 219  65 144 134 123
 205  66  70  43 154 189 251 213   0  59  90   7  11  27][  5 173 231 157 220 187 174 207  94 225 250  66 232 232 253 160 123 239
 110 145 151 251  79 251  44  30 151  68 221 124 249 140][ 98  97  80 233 125 141 208  78  79 176 176  11 142  24  85  20 200 137
  79  81  78  43 195 213 151 216  17 127  87  28  90 142][121 252  22 122 201 221  80 199 235  19 172  24  62 154  70 188 161 179
 252  16  31 107 178 245 155 251  84 123 202   0 203  14][198 183 189 179 170 224  61 191 190 119  27 247 236 254  74  75 167  87
 255 145 178  89 139 243 220  54 127 231 132  68 165 123][ 94   2 230  95  42 242  57  24 183 148  87 177 205 239 186 111 118 125
 189 134 150 193 175 221 194 243 235 139 182 167  37 245][155  50  87 169  42 166  40  88  44 104  82 231  60 150 153 224 182  29
  63 173 131 148 135 213 148  41 170 128  63 132  41 177][  8 156 186 241 112 172 121  23  62   9 126  16 191 183   0  80 135  59
  95  24 178 188 112  23 207 255  48  64 192 128 195 171][236  66  93 111  32  11  71  56 100 162 243 236 247  99 129  17  22 196
 108 106 105 180  77  12 228 227  97  16 104 179  66   1][247  96 172 172 169  39  78 184  23 246 131 157 199 102  91  91 221 197
 125 231 172  71 219 147 153 243 207  60 144 253  48  80][246  98 226 164  13  91 210  73  73 166 177  11  79  44  95  18 248 205
 237  39  76 103 233 138 147 217  65  63 103  46  86 198][ 97 176 169  65 141  47  64 159  99 123  42  92 147  32  92  56 137   6
 104  60 153 120 249  16  79 158  21 116 200  72 210  48][ 65 234 149  21  41 141  64 158 239 184 162  76 230 242  64 246 129 102
 104  28   3  77 219  49 140 186  85  58  74  16  67  45][248  32 122 248 105 221  80  89 227  20 165  25 191 155  64 155 168 176
 237  16  10 103 210 145 211 249  80 121  98 128  78   2][121 109  82 100  89 223  87 246 113 164 236   8  43 227   3 180  88 238
 204  72  76 251 240 175 243 221   5  59  98 182  78  78][135 205 103  11 204 145 166 233 204  80  89  70  72 200 189 229 120  74
  18 239 215  51  46 253  52   8 207 204  93 127 249 164][ 52  49 238 229  70  79 249  89   6 248 246 163  83  93  93  42 124 156
 119 241 138 240 115   0  95 169 161 196 229 170 116 243][120 188 190 122 169 249  81  67 191  31 189  56  46 255  98  26 139 187
 237  16  58 111 250 179 219 215  80 123 194  72 206  43][ 32 185  17  74 213 205  67 255  19  97 104   8  50 213 104  52  89 154
   2  88  91  58 120  55 109 148   4 110 211  10 214 250][ 31  48 228   9 110  59 248  88  87 226  86 231 217  12 183 237 126  12
 182 125 133 180 103 152  70 107 235 192 255 237 121 213][145 219  47 173  24   7 110 253  52  44 210 231  81 198 176  64 124 236
 111 238 236 149  45  63 246 231 235 132  33 186 180 241][207  50 213 129 234  61  40  24  59 250  51 252 206  98 205 191 183  69
 238  62 165  84 207 192 132  82 107 182 206 247  11  21][ 97  40 133  93  77 141 224   3 238 177 226   8 178 144  80  50 200  44
 106  12  10 106 211  21   5 184  80 120  64   8  82 136][ 99 114  40  74 125 157  82  72 203  40 185  76 226 216  95  16 216 168
  78  99 206  35 218 153 147 220 129  59  89  11  90 134][109 188 149  87 200  46 103 186 114 243  34  92 210 113 217 191  17  70
  96 110 177 240 249  40  45  42 101  20 202 241 210  32][253  80  61 102  45  78  87 184 233 186 183   8 223 115   9 123 148 212
 124 106 201 101 251  32 211 251  97  28  98 179  67  35][ 65  48 149  77   8  14  97  25 238 184 163  72 214 179  64 118 129  68
 104   8  17 225 219  16 141 186   1  52  72  32  67  32][102 171 132 158 185 193 158 233 135  20 200 137 232 230  33  82 204 247
 251 194  90  67 203 253 177 182 207  61 144  62 166  80][253 120 181 118 173 124  84 152 251 250 183  88  95 219  77 191 129 212
 252 122 105 103 251 162 147 251 117  63 234 113  78  35][  8 143  19 181  48 238 105  55  60  75 122  80 191  39  16  80 134  47
  55  13  49 184  65  15 237 255  58 128  64  64 131 185][124 253  60  34 201 237  23 238 235 252 172  13  78 109  70  18 133 215
 201 119  94 107 218  52 123  83  69 127 194 118 134  90][ 84  65  92 103  26  11  87  56  36 164 239  40  87  35   9  80  50 212
 109 226  72 145  73  12 241 167  33  21  96 179  38  34][188 253 104  97 222  71 215 252  22 228 180 143  83  93  83   1  88 216
 211 227 104  55 121  31 123 203 165 181 117 187  86 250][109 116  17 103  49  79 103 184 105 168 127  72 223  87   9 180 148  92
 108 106 201 240 249  62 167 255  37   4  74 179  66  33][ 34 166 232  27 215 177 184 207  31  61  93 191   8 172 222 132 249 139
 131 149 150  58  79 243  30  84 159 239 213  78 222 206][152 229 132  63 139 139  37 237  86 182 195  19 227 225  75 201 121 174
 234  17 106 255 207  61 252   3  85  65 240  94 156 200][252  55 106 102 209  38 109  49  49 174 239 157  91 231  10  85 220 189
 237 172 120 215 249  78 247 251 229 132  99 230 230 114][252  96  18 190  27 129  86 104 133   4 161   9 111 219  41 144 218 177
 205 226  74  39  26 189 243 209   1  59 115  27  46  10][ 21 213  79  79 178  26 239 125 165 100 255 231 123 103 158 215 126 230
  95 238 249 249  45 221 126 171 101 192 111 166 226 241][ 61  56 210 100  97  62 122  82 161 142 102  12  47 179   3 154 190 237
 196 254  12 178  16   8  86 253  32   2 234 245 106 139][228 164 244 115 236  43 252 251 127 187 177  24 203 105  28  27 187 199
 110  48 248 127 203 222 190 222  85 116 199 232 194 129][ 41 156 123 113 116 175 113  55 125   9 126  24 183  51 144  48 134  58
  22   8 179 184 113 111  79 191  48 192 192 136 194 169][ 89 149  55  78  19 182 107  51 237  73  79  68 124  54  48 245 182  39
  28 236 145 137  49 221 169 252  10 194  10   6 161  61][ 54  97 107 230  87  75 214 232   1 164 235 139  75  77  29  16 248 220
 195 227  72 179  89 172 179 196 133  55 101  63 118 194][212  90 223 182  42  74  55 168 188 182 163 185 215 247  65  91 166 245
 109  98  96 199 139 106 241 162 103 149  32 113   7 115][237 176 157  99 205  47  65 153 122 251  37  28 214 113  72  59 145  68
 104  58 179 116 249  18 207 219  69 118 202 123 194  34][ 29 164 213  97 176  46  97  27 115 177 107  28 223  49 200 188  51  12
  68  60  17 240 157   4 204 158   1  68 234 227 195  32][234  34  98  24 109 153 216  73 203 236 180 175 170 204 246 134 200 169
 239   5 142  39 230 223  30  81 137 187  87  12  94 199][120 109  30 102  25  88  71 182 225 128 174   8 123 243   1 243  32 246
 108 106  72 107 130  45 243 233 100  25  98 242  78  42][ 34 253   2 156 217 197 182 231 158   5 200   1  36 228  38 196 201 106
 130  65 118 187  18 255  57  22  30 107  16  92 191 158][122 176 228  21  85 219 241   3 127 101 246 159 171  12  22 156 232 172
 239   5 172 254 245 223  31 119  80  83 231  12  94 222][249 116  56 101  52 111 115  54 113 234 238  12 147  25  19  48 152 204
 124 110 205 190 241  14 199 253  33  52 104 187  90  74][110  61  98 116 225 254 127 115 161 143 254  61 154 183 134  20 207 254
 253 174  24 219 240 238 215 255 163 194 234 229 230 243][ 61  69 104 103 116  26 111 184 117 226 255   8 219 105 159 180 126 204
  86 110 233 176 109 174 230 255  37  20 103 255  66 229][ 12 191 249  83 242 255 187 158  26 253  29 172 156 245 202  40  23  90
 149  24 147  88 120  48 111  31  53 244 198 211 135 249][234 242 125  75 107  89 145 156  11 117  53 173 238  92 206  59 151  25
 253  97 135 102 251  21  79  81  49 255  94  14   7 255][188 220 253  95 221 103 215 255  87 182 252  26 114 253  63  47  89  94
  51 110 232 247  59 190 107 159 197  52 215 249 212 234][208  60 157 101  10  78  85  55 160 178 166   8 215  55   1  59  38 245
 108  40 105 205 241  12 217 227 117  16  96 160   6  58][190  84 212 236  11 102  86  88  17 146 229  58  95 127  41  91 254 209
 213 226  40  71  91 154 211 227  75  31 243 113  38  18][148  12  15 190 132 162 111 115 148   2 219  82  81 227 184  73 121 226
  63 171  57 149   8 238 224 166 250 128 181 251 176 160][218 108 172 189  13 108 232  14 175 215 202 147 239 238 115  74 201 229
 251 133  42  71 211 195 209 247 222  25 148 124 117  88][ 41  43 248  65 245 153 224  71 107  45 252   8  11 136 214 180 168 170
 198  92 158 186 228 128  46 221   0  99 227 142 206 196][107  41 210  81 241 156 112   7 235   9 110  12 174 147 198 244 162 174
 198  24  22 186 192 192 159 252  16 107 202 132 203 143][ 70 251 143 158  75 212  59 232 174 220 196 165 236 246  43 214 244 125
 251 193  70  67 170 233 185  32 207 139  16  54  39 255][120 169 178 178 157 205  80 198 235 125 188  25 175 153  86  16 137 235
 237  69  30 107 218 179 251 221  20 123 210  12 214  74][ 33 105 123  94  81 205 231 228 253 132 100   8 114 245  47  52  56 234
  66  74  66 171  58 109 117 188   4   8  83 147 102 236][222 190 150 186  43 249  16 202 187  95 165 189 174 255  74  94 167 243
 237  16  54  79 138 243 219 247  90 251 162  69  47  83][106 169   0 190  29 205  90 238 159  61 168   9 175 239  82  80 200 234
 255  81  26  11 218 191 187 213 157  59 146  12  86  74][201 145  87  78 203 212 116 113 233  16 109  64 126  51  44 245 166 179
 242 106  81  43  50  93  51 249  64  74 123   2 227  63][223  90 215  86  43  30  92 188 249 250 182 124 239 242 207 255 166 245
 252 110 237  69 239 232 178 251 103 158 106 181  75  21][248  56 157 112  41 125  81  87 171 187 164  24  63 179  64  59 129 151
 236  16  59 111 242   0 219 219 112  59 226  64 198  43][252 190 246 122 187 249  82  66 191  31 189  57  46 255 106  30 167 179
 237  18  58 111 138 179 219 247 112 123 226  71 143  83][161 142 126  95 116 155 233  52 124  69 119  20 179  33 182  16   2  42
   6  12 180 188  36 127  70 191  48  65 192 130  78 200][201 185 153 250 184 205  85 149 170  25 165  24 183 215  72 114 132  59
 124  24  83  73 250  49 233 249  54 120   8   0 131  43][253 121 252 118 169  92  84 156 249 250 182 120  95 219 203 191 167 212
 252 106 237 103 251 160 211 251 117 191 106 241  74  19][ 27  96 228 101 102  59 232  90  85 226  86 198 155  12 151 173 126 140
 246 173 141 244 101 136   6  89 240 128 255 252 120 157][ 50 225 112 225  69  29 220 101 105  33 177  11  47  27  20 148 170 147
 207  65  94  59  65 197 183 216  18  51  99  14 195 142][ 71 251 188  22 170  92  61 188 170 221   6 173 252 118 202 123   7  87
 253  94 149  72 191  97  78  59 125 196 140 245 143 121][121 184 186 120 201 253  80 199 235  29 172  24  46 154 102 186 161 179
 236  16  30  75 178 241 219 221  20 123 210  64 235  11][207  96 231  69 100  58 235  24 125 242 215 214 217  76 223 239 119 204
 126 254 165 244 237 194   6  58 195 132 175 247 120 245][ 22   2 230 221  58  50  88  24  63 150 215 183  73 239 182  91 119 237
 189 165 184 213  47 221 146 122 203 197 183 165 181  85][246  48 246 244 173  44 216  88 251 187 179  56 207 251  69  27 175 213
 125  18 176 103 202 192 154 251 119 190 194 241  67   3][198 181 173 183 218  32 185 251 190 247  19 247 253 239  90  75  55  95
 255 149 179  93 143 243 220  38 255 238 164 228 165 113][125  80 189 102  45  78  87 184 233 186 183   8 223 115   9 123 148 212
 124 106 201 103 251  32 243 249 101  28  66 179  66  35][101  50 161  97 228  47  64  31  99 233  58  92 146   1 208  56 157  12
 124  60 153 240 209   2  12 156  37 244 200 232 210  49][120  48  90 106 109 237  80  89 161  23 165   9  15 219  72 155 170 144
 205  32  10 103 210 144 211 217  80  59  98 138  78   2][ 92  67 216  37  48  10  74  56  32 160 235 233 215  35   9  82  18 196
 108 234   8 146 201  12 224 229  33  21  40 163  10   0][165 181 113  65 117  95 226 249 124 232 112  72  82  88 156 165 184  24
  86 106 225 176 125  29  47 200  37 116 123  42  66 164][ 33 181 113  83 244 175 235 211 127 105 127  96 145  81 156  36 127  26
  22  24 147 184 109 119  13 158  51 192 207 203 210 165][173 119 120 103 240  15 119 184 113 168 127  72 211 113 137  48  30 220
  68 106 233 176 249  46 239 205  37  36  98 243  66 161][ 71 251  40  26 122 157 155 216 142 236 157 237 252 200 223  36  22  41
 255  79 198   3 238 125  76  17  43 184  92  47  11 213][ 82 115   3 140  91 196  59  76 174 140 200 167 108 198  96 210 252 189
 235 225  78 131 130 221 177  32 139 139   1  54  45  94][ 82 123  75  13  66 194  62  96  36 226 234 231 121   7 129 209 118 189
 237 226  73 150 133  76  52 162 234 130  45 179  47 217][ 40 181  56 107 249 255  83 119 103  41 173   8  26  55   8  48 217 158
  87  56  24  58 121  20 251 221  21 117  82 202 198 178][153 204  14 189  28 170 110 191  54 226 218 215 247 106  18 200 123 239
 127 181 237 221 207 159 252 231 255 212  60 234 185 152][105 181 187  87 245 189 225  83 121 105 126  92 190 179  12  49 177  46
 118  28 147 250 178  69  79 249  48 104 202  64 195 169][ 40 174 249 103 244 175 111 191 126 171 126 104 255 241 144  48  27 254
  86  24 147 184 233  63 238 239  55 100 230 250 194 169][ 76  53 145 247 176  78 113  25  58 169 107  72 215 247  73  56 149 127
 124  24  19 208 217   2 237 164  39 108 200  98 131  51][230 233   0 190  25 197  94 232 159 160 160 137 171 206   4  80 200 249
 239 194 106  79 218 255 187 240 143 123  16  46  38  82][237  66  77 111  34  11 111  56  36  32 231 200 211  67 137  81  54 196
 108 110 105 148  77  13 228 235  97  20 107 179  66  32][109 180 213  69 249  79 101  57 115 242  34  72 210 113 192 182  17  68
 104  40 161 240 249  14  45 254  69  52 202 224  66 164][ 53  52 188  43 180  47 211  81  68 105 189  93 215  24  26   0 216   1
  92  55 190 162  89  12 192 205  32  84 216  75 219 147][ 90  47 123 238  50 194  63 103 173   4 254 163  45 239 160  80 118 191
 239 224  64 155 165 237 242 229  42 131  37 130 167 235][114  97  80 168  77  11 212  77  15 160 160  11   6 136 100 148 248 141
  74  32  76  43 208 212 177 212   1  63  81  12 218 142][231 114 252  54 108  61 208 152 251 251 181 125 207 200 223 187 143 197
 252  23 175 103 239 162 158 219 117 191 204 253  75  85][ 91 249  17 186  91 157  90 254  43  73  40  77  46 223  66 208 166 203
 221  87  71  11 154 245 187 213  12 122  58  23  11  91][202 253 141 191  27 209  55 174 150 244  76 133 224 246  67 194   1 123
 233 210 103  77 190  63 237   7 143  63  56  23  29 122][108 179 145  66 233 221 100 157 235  57  96 108  14 240  76 188 144 202
 226  80  19  58 218 112  28  80  69 110 202  23 194  21][ 79  52 241  87 227 126 121  19 115 235 127 120 218  53 221 190  55  94
 116 152 145  84 255  98  79  62  85 166 234 247 202  53][216 221  23 252  19 206  53  55 189  72  74  16 190 183  32 213 164  55
 217   8  97 141  48 239 177 242  22   2   2  16 165  59][246 142 194 158 218  96 190 230 144   7 216 179 108 230  40  67 111 243
 139 226 112 207   8 239  48  38 222 139   5 117 167 203][155  16  69 169  35  54 104  27  37  72  86 118 157  22 145 236 118 141
 190 173 135 148 117 209 134 249 170 192  63 132  41 245][ 68 165 134  26 137  97  18 232 134 183 137 153 196 228 106   7 217  78
 234  50  22  67 219  49 217   2  77 127 208 111 190 194][ 45  33 241  65 213 127 227  88 123  97  97   8 146  17 221 188  24  30
  18 120  19 176 249  72  15 156   1 100 195 139  66 160][121 149 121 111 188  79  71 189 117 108 255  40 243 117 136 112  88 198
 108 106 249 184 121  31 239 239  37 116 114 218 214 107][246  96 141 173  12  15  72 136  23 242 160  13 215 111  89  91 221 197
 127 174 104  71 219  16 223 250 207  60 144 248  82  82][ 80 149  31 252 147 196 117  55 164   1 106   0 190 183  32 113 166  55
 121   8  81 137 179  77 241 163  86   2  32   0 167  59][246  32 166 164  15  75 208  73 105 230 178  43  78 140  87  19 248 133
 239  39 108 247 193 200 145 208  75  55  97  44 119 210][175  34 232  83 237  57 232 200 123 191  53 220 202 200 223 191  27 204
 230  31 182 118 206 210  30  95 117 255 223 253  90 133][ 56  48 110 225  86  75 249  89   6 232 246 162  19 157 209  40 126 156
 119 185 137 180 113 128  87 169 161 196 101 168 116 243][182  34 232 154 203 113 152 200 154 247 145 187  68 204 127  11 219 217
 211 147  54 103 238 210  91   6 223 255 245 127  55 214][245 193 111  79 230  26 239 253  36  96 247 198  83 111 158 115 126 228
 127 238 237 242 111 109 246 171 231 196 101 186 224 240][155 214 103  93  26 191 169 254  63 117 250 215 233 110 156 164 111 151
 255 140 163 253 119 223 174 255 219 192 111 148 101 125][136 156  58 249 112 237 121  22 189   9 118  16 190 151  32 120 167  59
  23  24  50 188  48 119  79 255  50 192 146 128 231 187][220 126 158 183   2 110  63 152  50 238 198 149 215 231  67  91  55 253
 109 230  96 213 187  42 209 227 111 133 160 241  39 113][165 141  67  10 220 147 166 232 212  66 184  70  64 232 189 164 121 194
  18 239 245  35  12 255  58  14 143 108 221 111 120 132][ 65  28 159  85  66 110  37  55 184 198 110   4 116  55   2 114  39 246
 120 136 225 216 177 107 117  46 118   0  41  96 167 122][214  45 206 177 184 232 120  66 175 212 142 145 173 239  81  90 239 247
 255 149  58 203 211 226 217 247 223  89 132 229  39  88][ 29  61 115  65 242 251 178 104 108 160 127 226  88  30 133 180  58 155
 198 240 151 184  37  76  30 205  35 199 231   3 103 181][ 48  29 109  69   6  75 199 119  20 230 254 139 115  61  19  33  88 246
  87 234 233 186 117  28 103 139 229 177 117 248  84 250][124 229 152 231 176  14  95 184  48 166 239   8 215  99  11  82  51 196
 108 110  72 210 201  10 251 239 101  21  32 243 202  32][228 164 156 177 172 173  88 143 191  59 177  24 151 170  72  27 201   7
 110  17  58 109 203 210 205 219 119 126 144  72 195   3][225  99 194  78  44  89 198 108 241 142 244 172 226 192 223 159  24 100
 236 106 109 103 238  40  50  48 101 153  78 191  90 140][ 44 180 185  99 180 107  67 155 118 171 255  56 215 117 200  48  59 222
  78  58  59 244 105  62 237 207  37 116 226 203 198  35][  9 158  59 217 116 190 235  54 124  73  94  84 185  43 176  96  55  10
  23 140 179 156  33 127  78  63 186 192 142 128 113 249][ 36 253  57  67 213 205 231 253 118  49  45  24 146  85  76  52  25  90
  66 122 115  58 120  55 109 156   5 124 211 139 198 162][ 65  56  23  93 169 174  33   3 238 160 162  88 214 146 196 254 128  36
 104   8  17 233 241  80 133 184   1  50 200   0  67  36][125 105 111  71  84  94  71 180  97 236 254   8 211  85 151  50  88 228
 116 238 201 178 253  44 103 233 165  16 103 187 118 232][ 33 253 177  80 221 221 132 238  94 224  40  72 186 188  85 164 137 122
  82  88 227 122 118 191  45  30  21  62 219  88 210 188][ 40  40 250 117  97  62 120  82 225 198 126   5  43 175   7 154  58 232
 198  76   4 176 176  72  87 237  32   1 227 245 110 202][120 173  94 110  25 216  87  39 225  12 174   8 107 243   0 243 128 246
 236 106  72  43 130  45 243 225 100  25  98 226 206  42][ 86 190 214 186 187 248  58 202 187  95 185 189 172 254  78  90 167 215
 253 215  54  79 138 247 155 119  91 255 130  69  47  87][188   5 114  96 213 127  82 123 117  45 255  27  11  25  62 145 248 158
 135 184  60 187   1 142 251 205   0  69 227 205 254 130][199  36 239  69 228  58 232  88 127 242 215 214 201  46 223 255 127 205
 127 191 165 213 237 194  22 123 207 164 143 245 123  84][ 40  29 108 119   4  75 213  51   4 228 255 137 243  61  18   3   8 182
 255   2 104 248 117  45  71 171 240  17 101 234  84 122][215 120 255 118  40  28 124 156 251 250 182 252 223 254 223 123 166 229
 124 111 229 103 239 226 150 251 119 190  76 241  75  85][199 241 229  67 250  76  43 188  43 117  38 253 221  22 220 119  39  85
 121 220 243  92 255  99  44  56  45 204   4 148 135 125][123 170 132  85  13 189  64 158 235 185 166  76 170 224 215 190 129 102
 232  28 135 105 223  33 138  91  85  58 202  68  91  12][249 116  58 101  21 111  83  62 112 226 238   8 211  57  19  48 152 206
  93  46 168 182 241  46 231 255  16  16  64 219  82 106][ 87 107  99   5 178 142 106  16  41 200  90 231  77  38 149 212  54 108
  21 255 149 144 165 108 166 108 170 128 172 183  19 117][ 74 115  38 140 121 212  27 105 174 204 196 165 236 214  42 214 212 125
 251 229  70   3 178 221 113  49 139 187  18  38  61 119][184   7  82 108  85  95  86 105  81  44 249  27  75 217  44 144 216 152
 135  34 124 183  64 158 243 221 129  63 115  14 222 130][248  48 157 112  41 237  81  23 171 187 180  56 190 183  64  59 135 151
 236  16  59 111 227  64 219 243 112 251 194  64 135  59][ 37 167 117  67 244 187 235 219 126  41 127  98 209  80 156  36 127  10
  22 152 147 184 109 255  12  28  51 196 207 139 211 165][ 41 175 217 103 244 191 111 159 118 161 126  64 255  97 144 176  63 254
   6  56 155 184 109  63 239 239  37  64 238 218 202 169][149 141 207 190 132  34 111 249  20  19 219  82  81 227 184  73 121 238
  63 187 121 213  11 238 248 174 239 196 181 251 240  32][110 191 242  64 241 250 127 242 169  77 254 173 142 191 134  84 238 254
 255  94 144 154 224 228 126 254 182 203 238 231 230 247][195 106 150  22 171   8 164 132 186 178 162 253 238 226  69 159 166 103
 232  87 101  71 142  96 184  50  93  58  76 116 139  13][114 115   3 140  89  70  11 105 141 204 192 167   4 198  34 208 252 189
 223 227  76   3 242 221 177  32 138 187  17   6  62 222][248 236  32 254  61 205  82 228 159  44 164  25 175 221  50  17 201 250
 221  66 106 111  90 191 243 217  16  59  82  28  86  90][109  34 192 101  96  43  74  25 121 168 115 236 211   1 217 158  30 204
 100  62 136 240 197   8   6 220  33 180 238 227  82 129][ 71 123  40  14  58 157 155 120 207 196 157 141 238 200 215   4 150 169
 223 239 198   3 254 125 176  28  11 184  84  39  23 196][250 124  16 254  25 205  94 104 159 130 224  24 235 223   4  81 217 249
 239 194 106  71 218 191 179 243 203  59  82  57   6  18][ 15 248 249  67 114 221 187 144  10 229  29 236 188 213 214  38   7 121
 215  92 131 220 255 115  77  13  45 224 196 131   7 249][125 121 189 100  44  76  87 184 233 186 166   8 223 115  65 115 132 212
 124 106 201  99 243  40 243 249 101  60  64 179  66  35][ 90 219  78 175  18 130  62 117  36   4 222 231 109 199 162  80 126 191
 239 230 200 155 133 237 246 225 170 129  37 134 175 153][ 76 177 145 225 177 206  64  57  51 169 103  72 223  83  72 180 144  60
  92  56  19 240 217  12 237 253  37 100 202  34 131  33][253  66  78 101  32  10 111  56  37 162 103 200 211  67 145 113  50 196
 108 238 104 148 101  14 230 235  97   4 102 179  66  32][173 116 185 101  52  63  87 152 117 234 247  92 219  89 155  48 148 204
  92 110 169 180 121  14 231 255  37  20 106 251  66  33][  5 180 155  83 116 173 241  83 123  25 127  92 158 249  76  48 181  46
 118  28 147 250 186  71  79 189  32  72 200 194 203 161][ 75 219 167 159  43 150 173 183 174  93 222 229 236 230 182 230 166 103
 255 205 199 201 183 245 188  50 254 194  30  20 161 125][216 185 178  58 185 221  84 199 235  29 172  25 174 155  98  16 129 187
 204  16  30 107 178 243 251 213  22 123 210   4 167  75][149  53  63 112 185 255 178  65 236 113 167  24 214 220  42  43 162  17
  88 115  55 225  56  20 201 201 107  87 200  65 143  18][ 57 233  91 104 113 221 122 254  43  97 108  13  63 159  42 144 182 139
 211 108  71  27  24 125 123 205  16 109 120 146 234 218][  8 220  58 249 112 173 121  23  62  25 118  16 190 147 160 121 135  58
  22  24 178 188  50 119  79 191  48  64 210 128 195 171][ 86 130 230  73  42  18  88  88  47  53 214 167  73 142  54  88 118 157
 253 209 152 209 167 192 154 114 219 199 183 164  37  69][ 50 243 114  64 241 156 240  71 235  13 120 109  46 136 166 144 234 171
 198  84 214 185 128 197  62 253   6  75 201  14 203 143][ 45 101 145  65  85 127 226  88 103 224 108  76 146 152  85 180 216  76
  82 126 141 178 240   8  39 221   1  44 203 123  90 132][213 193 110 111 164  10 239 188 116 226 247 128 211 111 155 113 126 204
 127 238 233 244 109  45 228 235 231 132 101 179 242 224][140 140 110 123 116 249 251 144 252  69 103  17 251 207  62  80   3 106
  70  94 166 180  62  63  70 191  48  65 208 131  71 218][170  48 125  43 107 125 145  72  11 116  36 189 238  28  79 191 150  21
 219 101 167 103 255  17  87  81  81  63  87  13  15 255][161 130 122  90  52 187  99   2 125  69 103  16 227  72 190 124  89 128
  76  28 190 188  37  87   2 190  16  64 211 137  88  68][237 122 254 118 232  28 116 156 251 250 181 124  95 223 199  59 167 213
 252  66 229 103 250 226 214 251 117 191  74 241 202 147][ 33 185  49  75 217 221 230 231 111  81 232  72 178 188  28 180 200  90
  82  73 215  42 250 117  47  60   4 122  91  14 202 190][212  48 254 244 168  44 120  83 187 187 178  56 159 187  65  27 167  53
 110  17 184 103 130 192 218 251 127 254 192  96   3   1][ 88  32 189 116   2  76  81  51 160 175 166  24 247  55   0 123  38 181
 108   8   9  73 243   0 209 163 112  16  96 160   6 106][ 61 101 122 103  85  30 127 248 117 226 255   2  91 107 159  52 122 204
  22 106 236 176 125 174 247 255 165   4 103 255  66 228][173 101 120 103 240  14 111 184 113 172 127   8  83 115 155  49  62 220
  68 106 104 240 233  14 111 239  37   4  99 243  66 224][ 19   0 229 101  36 155 232  83 117 113  82 198 139  12 149 235 110 172
  54 157 141 248 101 200   6 122 208 128 239 140  88 156][145 173  83 217 183 251 178 231 223  65 120  50  46  56 172 165 171  59
 134  16  55 185   4 255  42 220  18  99 223  72 233 143][220 126 187 119 144 110 123 146  50 238 231 148 215 231  75  88  53 252
 109 250  41 212 185  42 221 231  37   4 160 243  38 112][ 40 181 120 107 253 207  83 121  71  41 253   8  83  49  12  48 152 158
  86  42 216  58 121  31 127 221   1 116  82 138 198 163][ 81 140  75 175 180 170 110  63 119 227 219  87 247 106  16  96 123 230
 126 175 173 152 205  63 254 231 191 192 188 234  24   8][104 125 121 111 252  79 199 188  65 236 252  40 243 125 159  48  88 246
  84 106 201 178 249  45 103 253 165  16 103 251 214 251][120 175  86 110  43  24  84 231 225 156 168  41 111 227   0 147 160 246
 236  98  76 107 130  45 178 241 100  59  98 114 238  15][254  20 213 188 139  98  84  74  19 178 161  58  79 127   9 219 223 213
 253 162  56  71 219 194 147 243  93  63 243 113 166   2][176  86 117  69  98  75 229 123 125 172 118 234  19  21 133  37  58  20
  70  40  96 188 101  30  53 138  33 150 119 168  71 169][ 97  48 149  71 101 111  99  24 111 233  43  72 210  49 200 254 145  84
 110  42 145 240 249   4  13 190  69  52 202 195  66  37][ 52   5  27 174  28 163  66 200   6  32 203  66  98 195  41  64 120 172
  10 242  10 179   9  61 144 164 131  52 177  43  48   2][ 98  34  34 184  45 249 184  67 155  79 145 153 142 204 118   8 152 169
 207   5  30  39 162 215 147  84 155 251  87  12  23 214][182 120 233 178 202  97 149 200 146 246 145 187  68 220  79  11 251 249
 243 211   2 103 254 224  89   0 207 191 245 127  55 242][219 198  39 255  25 183 200  63  55 123 219  87 251 110  28 224 253 135
 127 141 239 245 115 215 179 255 223 196 105  84 161 124][139 157  55  89 245 159 160 231  95  73 112  86 172 216 180 164 255  43
 146  29 183 184  52 255  47  94  26 194 223  12 249 189][ 64 180 157 177 172 173 113 159 190  59 178  56 151 187  72  27 135   7
 110  16  50 109 195  17 220 211 119 124 192  72 131   3][ 94  92 182 190 139 240  52 166 191 151 142  19 236 255  35  79 231 119
 233 211  48 201  58 232 251 243  95  83 162 117 165  90][184  50 107 225 118 107 249  91  36 232 118 178 155  29 208  40 126 156
 215 169 137 182 229 130  70 233 162 132 103 136 116 241][155  20  66 201 102  54 104  95 117 106 222 246   9  14 150 237 126 141
 190 172 173 150 229 210  22 121 186 132  63 196 249 213][239  46 230  22 201  60  76   3 249 206 183 157  74 234 215 191 161 228
 252 143 236  71 190 194  18 123 213 155 239 245 122  86][212 252  25 186  56 205  19 240 190  88 161   8 247 215  33  49 133 243
  92  66 107   7 218  63 249 193  43 122  24  19   7  59][218 149 127 252 163 194  21 119 185  66 102  48  60 191  36 113 230  51
 149 128 113 143  50 205 227 251  90 139  62   0 165 123][212 178 156 113 170  41  17 141  59 183 161 189 135 131  74  27 167 149
 237  16  50  69 203  16 223 195 117 119 224  64 135   3][ 92  87 220 166 168  74  86 184  53 238 175 237 215  99 139  82  19 196
 236  98 108  65 201  46 250 231 101 149  40 243  76  83][ 24  29 123 239 114 226 119 122 117  66 124 162 127 255 161  49 126 251
  23 226  33 186  56 127 119 175  32 137 125 227 102 187][121  69 205 101 158  14  71  63  97 224 174 204  83  33 145  50  56 230
 108 110 201 186 245  12 247 237 101  20 107 242 210  56][237  98 200  79 104  26  70  88 121 238 117 236 235  64 159 182  22  76
 236 110 196 246 237  10  22  57  97 189 102 183  94 205][244 106 150  48  45  11  68 192 251 186 178 121 134 200  69 155 137 229
 236  19  40 103 202   2 152 146  85  63 200  57  66   6][ 60  23  90 104 245 187  82  89  85 141 253  41  75 121  41 152 216 184
 135  48  24 178  64 140 123 223  32  65 243 235 238 131][222  96  38  82  75 255 184  64 171  50 165 153  76 223  87 191 174 181
 217 231  96  71 190  80 211  89  73  63  99  53  15 230][129  59  19 167  32 175 109  49  57 234 115 205 191   7 131  81 134  45
  84  14 225 148  16  44 132 240  58 128   8 130   3 249][ 99 132   4 254 157  39  76  27  55  51 139  89 219 235  88 124 221 135
 127 141 254  71 219 215 179 254 223  92 154 204 248   4][196 245  57 114 184 204  87 189 250  31  37  24 247 215  72  48 145  90
  76 122 122  77 186  55 233 189  53 124  16 131 199  98][233 227  96  13 109  31 199 168  91 172 180  13 226  40  95 149 152 204
  68 111 204 122 236  29  46  24  69  60  67 188  90 204][193 187 157 187 184 140  53 183 190  93 130 245 180 246 194 107 135  51
 236  20 243  77 235  55 232 163 126 218 152   0 135 121][ 24 179  18  40 241 157 178 103 237   9 120 109  47 136  38 144 174  43
 198  85 214 185  16 221 184 213  42  75  75   6 235 159][105 247 125  69 240 111 111 191  97 234  63 236  83  37 216  52  55 198
  68  44 241 112 237  31 126  14  37 244 107 242 198 121][ 13  62 215  17 163  59 160 146 126 243 106 252 207  35 193 159  39 110
 238  60 177 240 135  64  12 210 113 100 202 229  11 181][194 186 157 115  40 237  49  23 187  31 178 121 190 183  68  27 135  51
 108  16  50  76 194  97 205 178 114 250 192  64 135  59][190 112 225 177 202  99 159 200  18 242 209 187 213 223  73  11 127 217
 243 211  43  86 223 130 221  71 207 189 181 125  23 242][ 77  41 144 103  49 158  98  16  99 168 111  72 255  83 201 180  18 108
  76  90  19 208 201  12 142 253  33  64 106 163  74 161][ 89  15  92 205 180  30  76  55 101 174 254  68 171  35 150 245  70 166
 236  44 236 169 101 142 162 255  36 145  42 228 232  13][229 100 249 101  52 127  71 152 117 234 182   8 211  25 147  57 152 204
  92 110 233 244 121  12 231 219  37  20 106 251  66  96][ 94 190 190 186 187 177  58 202 191  95 153 189 172 238  79  90 167 251
 255 215 182  75 138 247 218 119  43 255 148  71  47  87][120 170 168  48  41 185  80  22 227 253 164 157 175 136  82 154 129 230
 236  21 142 111 238  49 218  81  53 185  98 140  94  79][237  38 192 101 100  59 106  24  97 162 119 236 195  33 157 158  30 204
  68 110 168 244 197  10   6 249  33 148 110 231  90 132][120  52  58 101   5 111  67  62 112 171 238   8 215  49   9  56 153 222
  88  42   8 176 241  14 215 239  16  20 226 251  70  42][ 27 131  78 175  50   2 110 125  36   0 223 199 233  67 154 208 126 239
 255 239 204 154 197 237 246 225 170 128  45 166 171 152][195 252 105  83  98 108 171 186  58 114  37 156 184  22 223  61  55  95
 113 191 227  84 253 119  13  58  95 172   5 213   7 252][ 82  34 230 232  10   2 248  72  47 164 210 163   8 142 119  90 110 157
 255 209 138 147 199 208 146  32 138 199  53 132  37  65][ 44 149 110 127  52 233 115 178 172  85 127 137 255 237  58  19 144 114
 255 106  16 241  26  45 199 251  96  65  68 235  86 114][201 143 173 119 178 186  61 183 254 251   6 244 253  39 146 107   7  87
 125 157 177 216 239 103 238  47 127 192 172 192 129 121][213 120 191 119  40  14 253 156 122 250 242  56 223 254 223 123 183 109
 125 207 225 244 239  98 213 187 127 164 196 241  67 249][ 64  48 158 177 170 172  57  87 174 187 178  48 157 190  64  91 167  55
 127  17  18  77 131  64 220 187 127 252 128  64 163  11][199 164 239 151 204  34 233 249  54 243 211 211 217 239 248 107 127 207
  63 189 177 215 175 214  92  10 255 228 165 225 177 240][ 61 101  98 111  85  31  86 248 117 232 255  10  91 121  29  52 248 204
  23 234 232 178 121 174 243 255 133   4  99 191 114 162][ 77 126 215  21 114  42  41  18 184 243 106 244 189 163 193 223  39 108
 108 156 161 212 133  72  76 162 123 128 138 241   3 185][ 88 162 187 116  32 232  81  23 163 141 174  41 191 183  64  26  38 191
 109   8  26  73 162   1 219 245  48 153 226 192   6 107][218 253  50 186 155 205  22 199 191  21 160  25 174 222 102  16 163 123
 203  81 118  79 154 247 187 209  30 123 208  20 167  78][124  50  82 106 105 121  82  88  33 172 189  41  75 223  73 156 152 152
 197  98   8  35 200 144 211 221  33 191  99 175  78 131][  8 216  30 123 113 172  49 214 190  29 108  16 188 147  32  88 165  59
  19  24   2 152  50 117  79 191  50  74 210 129  39 171][ 74 241  34 140  57 212 155 105 142  68 205 129 236 214  42 244 220  53
 251 231  70   3 250 221 243  53 139 191  18  38  63 255][ 57 175 250 111 212 191 107 255 119 169 127  68 251  97 144  48 125 238
   6  60 154 184 217  63 239 239  37  64 235 202 202 169][135 252 113  83 114 125 171 154 123  98  20 154 188  20 222  45  55  91
  82 159 227  84 189 243  13  28  31 228  77 209   3 252][149 132 207 254 148  34 111 249  22 147  83  82  81 227 185 105 121 238
  55 186  57 214  47 142 248 174 239 196 189 251 240  32][164 140 191 255 140 231 245 175 222 191  62  18 243 252 117 107 217 126
 120  25 122 253 251  59 235 239 117  61 208 120 212 234][165 101 125  71 116  79 111 184 117 172 119   8 211  97 157  53  58 204
  68 106 232 240 105  14 111 171 101   4  99 187  70 225][ 14 169 168  11  61 221 155 200 206 117 141   9 236 220  95 166 159  89
 251  85 134  99 254 245 239  21  15 127  86  14  29  70][121 121 189 100 172  76  87 182 233 168 174   8 159  51  65  50 134 245
 124 106  73 107 243  40 243 249  69  56  64 241  70  43][ 47  59  99  83 209 157 235  83 117 141 120  68 168 205 212 180 220 186
 130 220 155 186 112 254  47 220 132  66 203 135 230 244][ 19 157  86 156 151 251 246 231 205  67  90  35 110  56  38 196 227 163
 142   1 118 169   7 255 184 126  22  83  93  94 249  15][ 83 251 167 223  47 150 191 166 239  92 222 230 236 222 182 102 230 103
 127 207 199 201 175 253 180  58 206 146  14  22  49 125][139 153  55 153 181 151 168 231 223  89  80  86 172 216 180 228 237  43
 146  21 247 188  55 215  47  95  30 194  94  12 249 157][ 38 251 114  75 242 155 254 244  45 136 250 239 175 190 133 180 126 255
 215 210 213 186 236 238  62 252  38 202 239 151 103 191][  5 167 117  67 244 171 235 218 126 225 127 230 211  64 156  36 127  10
  54 156 147 184 109 253  44  28  35 196 207 139 193 165][ 34  35  34 168 253 237 184  79 141  77 216 155 142 140  54   8 168  59
 207  21  22  43 130 210 147  84 154 251 212  12 183 215][ 51  49  56 168  61 223 211  72  79 108 185  45 134 220  55 132 220 169
 206 117 143  35 118 157 145  20   9  59  93  14  94  87][  5 174  59 123 116 175 225  83 122  73 121  92 151 217 212  48 189  40
  70  28 179 248 162  87  77 156  33  96 200 128 195 161][ 10 154 220 155  42 169 184 158 175  23  60 229 237  47 143 218  39  19
 239 132 134   8  79 241  70  55 122 215 191 213  13 219][ 57 123  97 107   5 221 240  16 101  92 246 101 131 156 215 172 200 136
 198  82 143 176 119 176   7 217 160 195 123 159  92 215][ 47 181 160  41 245 189 210 159  95 109 125  93 138 168  94 148 157  10
  22  29 158  58  88 183 174  93   4 118 218  78 218 199][199  36 238 145 236  58 233  90 127 243 210 151 217 172 215 107 111 205
 127 189 189 247 229 194 222  58 255 164 133 229 115  84][124  81  83 172  51  79  83 112 165 140 169  45  79 215  33 148 254 177
 204  98  73 131  16 158 241 245   1  58 114 167  38  51][ 44  23 122 104 245 187 210 121  85 172 125  43  75 249  42  17 216 184
 135  34  24 178  64 156 115 207  97 105 115 235 222 131][105 213 121 111 244  79  71 188  65  98 254   8 243 117 157  52  94 214
  84 106 233 176 253  63 103 239  37  20 103 250 214 249][  3   0 247  81  36 155 232   7 125  81 114 210 168  12 180 237 238  41
  54  25 135 252 101 193   6  58  90 130 199 140  89 173][ 36  13 127 207 114 226 251 115  85   0 125 162 121 255 165 112 126 187
  23 170  48 186   8 255 103 174 162   1 247 227 100 163][ 19  75  75  39 114   2 110  84  36 192  90 199 113 142 177 112 118 236
  23 252 205 144   5 108 116  45 174 128  45 147 122 153][231  49 209  71 125  31  66   0 107 224 171  76 202  56 213 182 152 196
 126 126 141 112 253 208  14  92   5  54 202 175  90   4][ 73 112  89 101 112  14 103  52 113 168 111  68 223  19   8 112  54 156
  76 106 201 176 241  14 231 237  32   0 106 144  66  41][126 249 112 112 221 253  83 222 251 253 188   8  26 221  87 180 153 250
 213  90 154 107 250 181 127 221   5 127 243 149  70 239][253 116  80 103  29  31  86  28 113 226 167  92 203  24  95 181 152 204
 236 126 237 246 213 138 178 217   5  51  75 191  90   6][250 100  46 126   9 244  85 230 161 134 164   9 106 255  15 191 232 243
 217 195 104  79  50 237 243 251 216  27  19  85 126 110][124 114 114 110 115  25  82 216  33 172 245 236  75 201 175 148  62 248
 199 106 140  51 200 184 114 221  33 191 111 191  78 151][243 233  24 174  27 213  91 104 143  68 237   9 111 214  42 244 222 185
 157 227  78   3 122 255 177 213  11  59  48   7  46 102][ 36 119 125 101 112  78 103  56 117 236 254 100 211  55 133  51  26 196
 100 106 233 240 105  12 111 191 101   4  74 179  70 241][129  65 115  79 114 219 161 117 253   8 114  96 186 148 164 180  58  56
   6 104 225 184  36  77  39 184  48   2  99 146 231 173][122  29 231 126 139  94  87  51 177 222 135 165 106 125   7 223 165 247
 253  67 237 201 251  45 219 243  85 147 106 101  14 127][ 23 164  39 129 229 118 237 238 121 251  90  82  88  28 220  47 121 206
  22 175 201 240 173 192  29  26 223 230   7  85 115 228][120 125  59 102 137 204  87 247 233 162 174   8 191 183  65  50 160 247
 124  74  73  43 240  40 243 249  84  56  64 114 198  58][141  58 145 121 116 175 227  19 122  73 112  84 191 209  81  56 145  40
  70  28 179 188 242 119 205 220  50  96 202 129  67 161][ 64 179 154 100 112 140 121  23 171 141  46 173 175 167  66  18 134 191
 237  16  26  11 130  65 219 245  48 251 130 128 134 123][ 15  27 196 175 187 189 190 153  47 113  25 199 237 110  67 200 166  35
 251 149 151   8  95 241  46 119  14 216 158 231 137  85][237  60 187 119 176 238  79 146 115 202 246  92 243 247 129  56 221 254
 124  90 169 222 243  42 239 255  53 144 194 241  70 123][118 233  32 170  29 221 211 200 203 164 141   9 238 220  95 180 152 249
 221  83  78  35 250 245 185 212  13 127  80  15  23 102][128 184 158 177 170 236  49  23 190  57  86  49 189 183  64  75 167  63
 125  16  50 220 131  83 205 247 126 194 128   0 133  59][ 67  44 239 149 236 186 233  23 255 243 218 211 157 172 215 107 239 175
 127 157 181 254 229 192 220  58 255 160 133 236 115 245][109  33 124 101 124 111 119  57 225 184 191   8 215  57  19  59 136 228
  92 106 200 240 121  12 199 251  97  20  64 251  70  98][172  26 252 127 250 175 214  89 150 142 117  61 123 105  35  24  94 184
 135  50  32 182  90  10 102 239  33   9 251 251  78 147][ 94 190 166 187 187 177 186 216 191 125 155 175 205 238  67  24 183 255
 255 215 150  67 138 245 152 247 171 255 156 103  47  83][ 32 166 106  40 118 173 251 115  53  13 125 253  15 201  50  16 126 169
 135 181 190 171   4  95 122 157  48 233 245 136 234 131][250 105  19 174  25 221  91  96 173  68 173   8  47 215   3 180 160 185
 221  74  74  11 248 255 179 244   1  59  50   7  38 110][ 45 175 250 107 244 191  99 219 119  41 127  76 115 115 154  48 252 238
   6  28 154 186 233  63 126 207  37 192 235 202 234 163][ 41 115  33  75 108  93 182  20  68 104 189 237 147  29 158 164 204  18
 223  79 141  34 117 128 102  89  32 184  94 222 218 213][ 60 100 186 103  21 111  67 220 117  43 111   8  90 241   9  60 153 220
 100  40   8 178 121  10 211 255  17  21 226 251  70  34][ 99   7 126  84 244 156 124  55 233 143 127  29 174 170 150 115 134 167
 110  12 244 169 160 204  38  59 114 131   8 192 203  77][118 169 128 234 141  37  76 139  87  59 169  24 195 171  92 220 217 206
 125 156  30 106 219 179 155 254 213 125 146 203 218   6][ 83 219 127 223  62 134 187 176 254  76 214 226 252 222 181 100 230 117
 125 207 194 201 175 253 210  58 235 130   5  55  49 111][  2 162  58 136 223 245 176  71 175   5 216  23 140 156 102   8 239  11
 203  21  22  43 162 208  25  20  26 123 213  12 183 207][ 36  12  87 223  82 226 171 106 213   0 121 130 104 243  37  84 122 250
   2 170  48 186   8 255  37 190 130   0 247 227 100 160][ 45  41  80  67  53 155  99  16  97 164 111   8 251  67 195 180  50  44
  68 122   6 176 233  44 230 221  33  97  98 163  74 132][254 108  38  84 203 245 190  66 169 150 165  25  12 219 119 159 169 241
 249 195 108  71 146 232 211  81  73  59  67 117 175 134][ 24 152  30 251  83 229  51 208 175  29 109   0 124 223  42  80 165  59
  19  16  18 137  26 117 207 239  18  67 176   3  39 139][ 51 239 122 106 214 143 254 236 125   1 248 203 107 234  29  16 254 219
  87 214 206 187 205 255 186 252 134  74 229 154 226 140][ 15  58 195  65 243  59 106  19 127 227 123 236 200  36 213 188  55 238
 246 156 149 216 245 206  14  94  21 198 239 229 202 117][108 233 100  99  93  91 194  41  99 228 173 141  67  76  86 148  24 196
 194 119  76  58 253  28 127  93   5 117  99 174  94 214][ 40  43 232  49 244 189 232  23 123 175 116 221 139 169 211 152 157  42
 135  29 150 248 192 178  78  93  52 225 198 220 222 201][ 68 228  61 106 184 205  71 189 234  30  41   8 215 215  72 112 147  88
  76 106  82 101 186  55 233 157  37 124  64 147 198  35][124 156  62 237  61 237 114 186 164  24 190   9 247 253  41  18 137  82
 253  96  26 161  19  53 195 251  96 213 194 251  94  19][210 252  54 186  27 241  48 236 191  87 160  25 110 222 110  89 163 123
 235  19 102  79 186 245 187 211  95 123  80  84  39  78][  8 188 147 186 177 237  49  87 190  95  96  53 188 247  96  88 165  59
 251  16  51 205 146 115 205 182 126 202 136  64 167 251][139 145  55 153 181 221 168  79  95  89  80  86 172 152 244 172 237  11
 146  21 247 188  55 215  15  95  30  66 218  12 249 157][149 132 207 253 156  34 233 251  22 179 211  82  81 227 248 107 121 206
  63 185 185 213 207 206 220 174 255 196 173 233 240 160][  5 167 117  67 180 171 235 216 126 225 127 230 211  65 156  36 122  14
  46 252 147 248 109 124  44  30  39 196 239 139  81 165][189  92  83 110  81 223  82 112  49 132 253   8 123 215  33 176  62 184
 196 106 109 167  56 158 179 205   1  59 115 175 110 114][ 32 165  16 139 244 137 178 239  30   1 121  18 172 216  40  64 219  10
   2  17  82  58  90 215  44  20 154 110  84  10 209 137][ 26 157  26 188 151 209 147 231  95  69 222  35 110 184  38 192 243 163
 174   1  23  41   5 255 184 119  30  91 223  12  45  95][ 61 249 122 108 125  95  71 248 119 168 252   8  91 249  53  48 216 236
  23 106 200 178 115 188 115 255 165  45 115 187 114 226][234 178 104  48 105 217  81  23 163 253 164 189  42 141  90  22   1 134
 237  20  30  79 246  17 219  81  85 251  98 132 214 126][ 15  57 209 175 187  29 190 157 143 193  25 239 236 236 222 134 134  99
 251  85 151  40 223 224  46 125  13 186 222 190 137 213][ 73  20  59  84  33 255 109  20 189  74  71  76 254 215  19 180 180  44
  93  44 161 148  48  78 243 189  32 128  10 210   3 121][ 80  59  94 177 178 160  57  18 164  13  78 181 213 135  67  90  38 183
 109 148  18  72 131  64 218 225  42 201 168 129  39  83][202 218 174 188  40 148  57  86 191  31  86 181 172 143  34  89 230  43
 191 133 226  77   2 241 210 243 250 139  18 148  45  91][ 67  45 175 177 228 168 169  23 254 243  90 210 189 172 212 107 235  47
 127 157 179 249 167 192  76  26 254 192 132 192 243 233][ 32  12 223  95  91 211 162 232 222   3 240  66  96 226  37 228 120 250
 162 226  35 187  10 127  55  46 210   3 209  11 109 172][103 243  56  68  93 159 146 252 131 236 188  45  82 221  79  20 156 252
 215 115 206  99 248  30 123  29   5 255  75  47  94 219][120 245  59 102 241 204  87 119 105   8 239   8 118 183   8  48 176 246
 116  10  73  59 178  47 243 253  52  56  64  82 198  42][ 96 179 123  96 112 140 121  21 168  13 124 173 183 135 196  16   6 191
  69  24  18  26 178  65  79 137  32 232  64 130 198 249][ 15 161 163 133 229 118 238 205 235 249 155  98 200 188 221 174 251 199
 126 201 149 177 173 192  29  92 207 166 135 119 247 229][ 60 125 122  71  81  90  99 200  97 100 239  12 107 193 143 180  56 204
 192 106  79 178 188 111 115 253   0   1  99 147 110 206][153 231  74 175 118   2 110 184  37  64 223 231 251  67 154  80 126 205
  31 238 205 144 205 175 246 237 170 128  45 179  56 144][173 104 241  94 237  93 103 184  87 170 117  24 250 209 221 189  25 120
  98  74 243 118 250  51  71 159  85  56  82 187 214 164][ 10 189 183 252 179 228  53 119 191  73  94  37 188 247 162 116 167  59
 253  16  19 201  50 221 235 247  62 203 138  68 165 123][126  89 231  30  11 220  23  33 163 202 239 137 106 252   6 246 164 247
 253 195  89 203 251  45 187 118  69  27  34  54 206 118][128  94 118  94 114 142 171 116 189  12 118 228  59 199 165  21 126  56
   6 106  96 189  48 111  96 186  34 128  67 129 103 185][213 165 205 245 156  42 109  59  86 179 210  82 211  35 144 107 121 238
 127 184 185 220 101 206 204 170 255 196 173 232 240 160][108  33 252 103 172  79 119  48 233 172 191   8 215 113  25  50 128 244
 108 106  24 177 105   8 199 253  33  16  64 171  70  35][ 44  81 125 101  96  78 103  56 108 236 126  12 211  53 145  50  28 212
 110 106 201 176 121  12 103 191 101  20  67 187  70 241][ 94  58   2 184  58 167  58 216 175 236 219 229 205 238  99 216 247 253
 255 247 150 211 142 220 152 247 171 255 142 167  47 215][  9  50 145 121 117 191 224  24 127  73 112  68 190  17 217 252 148   8
   6  92 131 244  83 241 140 221  50  32 218 133  75 169][190 123 114  78 103 155 255 240 113 132 117 174 107 201 183 180  62 248
 134 106 204 182  60 255 118 221   5  43 119 191 110 253][ 45  21  41  99 172  29 223 176  69 104 191  77 147  29  26  32 140  18
  95 111 205 176 117 142 231 217   0  52  90 222 218 209][ 90 177 182 186 139 225  20 232 175  85 169  11 110 255 107  88 179 187
 235 131  10  67  26 245 155 215  95  59 242  86  39  90][ 91 129 138 162 145 101 254 205  47 105 223 199  89 175 127 192 255 207
 191 221 159  17 157 241 250 109 175 229 191  71 185  90][ 38 251 114 200 247 205 178 228  95  33 120  42  12 220 100   0 191  57
 147  81 210  58  24 247  63  28   5 239 213  26 135 147][195 145 186 222 195 212 180 103 248  75 102  20  60 186  46 115 166  63
 178   0 247 255 178 227 119  59  94  11   8   0 171 159][ 21 131 101  67 180 155 235 184  93 224 255 230 211  96 156 100 122 140
  62 254 153 176 109 189  44 190 163 196 111 139  81 244][ 87  58 147 166  43 236  18  24 171 221 185 237 175 215  67 154 166 183
 236  22  15   3 154  33 145 244  48 186 168   7   7  91][160 237 105 122 212 197  83 252  51  89 116  24  50 215 106  49  89 138
  19 250 122  58 120  55 127 137 165 109 113 154 230 234][ 28 217  63 250 155 229  19 216 167  21 237   0 124 215  40  80 243  19
 171  80  18   1  58 117 251 229   2  75 242   3  37 227][168 236 104 114  84 205  87 254  19 232 124   8  51 213  83  49  25 248
  23 110 106  62 120  63 127 141  37  41 115 155  86 250][172  30 248  95 250 173 247  89  30 142 117 191 120 237 167   9  63 120
 131  90 178 244  91 122 118 143  33  25 255 251  78 147][252 103 108 103 237  31  87  56 115 166 165   9  75 105  27  27  24 204
 236 110 236 118 237  10 247 203  65  53  99 255 222  66][105 125 123 102 213 205 103 247  97 232 124   8 115 177   1  52 184 254
  86  72 201 186 176  44 119 253  36  40  99 250 194 170][ 76 236  29 106 184 239 103 188 235  62 173   8 223 243  73  23  17 214
  76 122 114  69 250  55 237 191  37 124 194 243 198  33][ 83 106 234   4 106 153 184  64 235 237 222 239  40 200 247  62 174 237
 239 221 134  83 166 192  18  28  15 171 207 151  43 205][ 40  35 232  49 244 185 233  87 106 189 116 153 168 169 214 154 137  42
 131  29 150 248 198  64  78  29 180 225 198 204 222 200][248 236 122 120 113 221  82 238 113  14 228   9  59 215   2 176 152 248
 212  98 110  15 224  63 243 205  32  59  50   0 110  74][ 87 123 115 222  34 130 191  80 253  72 219 230 253 222 181 116 246 253
 127 231 201 147 175 253 144  56 171 138   4  51  33 117][ 57  76 122 124  80 255  87 114 117  78 124   8  51  87  35  49 120 248
 134 106 108 190  48  61 115 239  32   9 115 217 110 202][  2 189  58 154 223 241 176 199 174  21 216 183 172 158 102  64 239  27
 203 145  22  43  50 245 157  17 154 235 149  12 165 206][ 83 250 135 182  42 132  25 148 171  95 131 237 239 214 202 122 167 215
 253 197 143  69 171 225 144 242 122 222   8  23  39  93][ 48 229  66 234 213 195 198 237  87   1 248  11  67 201  60 144 248 202
   7 240  90 186 200 191 187 212 133 109 117 154 246 138][131 145  28 185 189 157 184 111 223  89  83  84 172 152  62 233 203  11
 186  21 183 236  23 213  14  91  26  71 220  12 249 157][233 124  88 117 112 222 113  54 113  66 102  16 159  19 131 240  34 190
  84   8  97 188 241  46 231 239  48   0 106 144  74 171][ 39 170 232  25 244 185 187 194  91 111 116 191 129 136 246   8 207 235
 151 149 150 190 228 242  70  95 186 227 213 253 222 199][163 241 122  72  95 213 179 196 206  65 252  14  24 216  62 164 248  57
 210  67 199  39  50 243  51  28  10  63  93  25 251 150][ 41 107  72  65 109 157 236  19 239  52 116 204 139 128 214 150 106 168
 198  76 206  56 196 208  38  89   0  37  79 156 218 132][221  71  73 175  52  10 110 184  53  64 219 231 211  67 155 208 126 204
  31 238 237 144 205 175 246 237 170 132  47 183 120  80][ 61 109  43  99 181  95 255  48 124  96  47   8 159  61  18  48 180  12
  89 111 229 177  48  14 231 221   0  48  74 123  91 226][ 95  59   3 168  57 167 122  82 175 200 218 197 175 207 115  80 246 189
 255 213 143 147 130 220 155 244 139 234 138 167  35  85][210 155 127 220 242 194  53 119 181  77  86 183  60 183 162 113 230 187
 183 128 115 154  35  79 127  34 126 203  52   0 165 123][118 249 179 126 219 212  22 168 163 200 206  41 110 254  69 246 164 247
 253 195 223  75 187 249 179 127  76 155  35  55 174  95][237 237 245  82 253 253 231 174 251 122 180  24 106 112 205 191   9 194
 238 106 247 103 254 247  63  26  69  62 211 253 218 164][154 184  19 184  19 212  16  70 187  69 160  57  46 150  34 209 166  57
 221 129  39 143 146 221 147 209  26 107  34   4  47 223][146 205   6 153  28 128 174 239 148   1 210  18 169 202  40  65 104 139
  63 226 106 175   3 253 176 226 202 200  53  24 177   8][127 179 243 196 247  82 239 213 235 237 154  98 200 188 213 164 254 253
 254 241 157 171 164 192 185 124 143 206 135 182 247 229][ 50 201 158  94  31 209 146 204 206  24 248  34  96 218  47 100 248 249
 170 194  78  43  10 125  48  52   2  27  81  27 105 142][104  73 123 101 112 206 103  48 109 236 126   8 215  53 145  52  52 116
 127 110  65 176 241  76 101 190  33  16  66 178  70 241][ 65 140 207 213 180 170 109 183 118 179 210  82 147  35 144 107  75 230
 126 152 185 252 229 110 204 174 247  80 172 200 208  40][124  99 122 100  60  74 119  56  97 172 190  40 223  83 129  16  50 212
 108 106  88 161 161  12 247 237  33  21  98 187  70  35][ 71 114 155 162 114 236  90 216  59  73 249 237 127 215 203  16 182 221
  85  70 143  18 138 115 178 245  40 184 168 151   2  89][ 54 253 122  70  83 223  87 240 241 204 237  45 106 221  47  52 188 252
 198  98 204 179 184 110 115 124   1  11 107  55 110 247][ 47 127 115  82 125 223 223 244 219 236 189 236  42 220 215 180 158 121
 215 103 205  99 238 190  51  92   5 186  71 191  86 245][186 127 114  94  87 213 254 228 249 198 116 143  40 204  55  53 126 248
 131 206 228 191  60 255  55  88 132  43 119 191 110 222][ 34 169 232  65 212 233 169  71  42  53  44 153 128 141  86  10   8  42
 195  29  18 184 230  64  79  20 150 105 197 200 223 234][162 249 114 208 247 205 190 231 223 128 112 138  44 156 116   0 174  59
 147 209 242 186  18 255  63  28  15 107  85  28 231 155][153  92  95  61  66 230 110 114  52  66 234 197 125  87  33 209 126 169
  19 238  97 150  17  78 215 235  98   0  41 241  34 217][ 76  56 253 227 186 110 123 152 174 184  31  96 223 119 201 122  39 213
 125 248 129 208 251  76 205 251 111 196 164 227   5  49][ 21  69 101  67 180 139 235 248 127 224 255 198 211  64 157 100 122 204
 126 254 201 176 109  62  44 188 167  68 111 155  80 228][ 41 112 181  93 124 207 105  31 127 201 118  64 179  23 133  60 148  92
 118  24 131 252 115  25  79 255  52 128 202 128  66 249][216  91  95 118  42  74  85 180 165 190 183 185 247 119 129  91  38 245
 109  98 104  69 139  40 240 163 100 145  36 177   5 107][ 94 185 148 186 139 229  22 232 171  25 173  25 110 255 104  18 165 211
 249  83  26  75 154 241 219 215  31 127 146  71 167  18][ 32 236 125  75 117 207 247 254  67 110 124   8  48  85 150  52  25  58
  83 106  65 186 104 125 103  30 213  33  83 154  86 234][230 124 244  82 205 125 180 206 203 251 188  26   8 252  95  47 169 211
 243  19 166 103 250 226  31  26  85  63 199 125 215 246][ 33 237 117  91 253 207 231 238 207  88 252   0 176  85 188  36  89  26
  18 106  83 170 122 253  47  30   5 118  83  26 214 252][156 217  27 122 155 197  83 200 175  21 165   0 126 215  33  80 161  19
 232  82   2  45  59 119 251 237   3  95 242  19  37  34][ 37 245 249  69 108  79 231 248 123 234 253 104  82 117 205  52  30  92
  86 106 193 242 249  74 103 156  37  36  67 251  66 177][236 237 213  87 185 239  71 190 187 190 172  24 254 115 201 183  19 246
 204 106 121 109 250 126 239 222  69 126 194 241 199  41][ 87 105  83 238  54 194 111  64  61 192 203 226 255 198 181 116 118 253
 125 239 201 147 189 236 176 188 139  10  44 179  35 116][  2 171  42 187 219 225 185 199 142  21 216 179 172 142 106  65 239  27
 139 145  22  27   2 245 220  17 154 235 149  12 165 203][ 87 148 151 158 139 242 184 227 190  91 203  50 204 254  40 235 227 119
 251 145  53 197 190 198 153 118 223 203 140 101 181  87][ 40 237 126 108 112 235 117 246 101  14 124  41  51  31 162  48  88 186
   7   8  74 186  98  61 103 143 112   1 115 218 110 235][169 240 241  77 116  31 233  29 127 233 118  92 251  89 220 180  30  12
 118  28 227 252 247  87  78 222  53 164  78 136 210 173][124 125 233 103 220 207  87 240  97 236 236  12 115  53  19  48  24 252
 101  74  73 186 249  62 247 205  37  49  97 251  86 122][ 65 136 159 215 180 140 111 183 126   9  94  64 183 163 176  96 227 110
 126  24 211 216 227 111 236 190  54 192 136 192 193  41][181  71  75 175  86   2 110 248  53 226 255 231  83  99 155  80 126 204
  23 238 237 146  77  46 246 175 167 132  45 243 122 208][124 102 200 166 242  43  95 152  51 164 223 237 215 227 203  16  55 204
  77 254 136 146 205  42 254 229 165 172 172 243  10  19][ 34 221  98  94  87 209 190 228 221  70 124 135  40 252  55   5 120 235
 147 199 228 187  62 255  51  62 198  11 119  62 110 222][210 255 122 252 114 194  63 247 177 206 222 167  61 191 162  81 102 255
 149 132 224 223 160 239 242 229 190 130  37 240 167 251][218 222 106 189 114 210  63 118 177  78  94 167  45 175 163  81 102 255
 149 129 232 158 160 239 247 231 190 131  39 212  39 251][122  35  96   1  93 217 193 101  97 228 164 139  43  12  86 148 104 162
 202 132  76  59 228 156 119  85 144  51 103 140  94 222][252 107 122 100 114  75  87 244  97 164 246   8  27   1 131  20  50 220
  68 106 104 183 161  14 243 237  37   5  99 179  70  34][ 53  69 101  71 148  15 231 248 118 224 255  66 211  97 157 100 120 204
 126 238 201 176 125  62 189 236 167  68 109 187  80  36][151 105  75 173  22 194 111  96  61 192 195 130  87 198  49 112 126 253
  94 239  73 147  53  78 177 168 139   0  37 179  35 228][ 67  57  10 168 120 133 122  82 175 200 250  77 189 207 113  80 204 169
  95 221 139 155 146 220 183 221 171 168  24 134  98 217][180 117 255  69 114  79 239 248 124 224 115  66  83  55 141  49  62  92
  82 106 225 240  57  76 117 136  37   4 105 187  71 177][ 99 253  58  94 121 132  22 246 251  72 236   9  58 223   7 116 132 251
 113  66 198  11 154 127 115  60   5  59  82  23 226  15][ 43 237 115  94 121 157 222 230 217   4 120 136  42 204 149 180 142 123
 215  71 198  43  54 255  51  92   4  59  87 159  70 236][ 43 253 113  73 117 221 230 239  95 105 120  10 186 252 180 164 153  58
 146   9 195  56 119 247  47  94  20  98  87  76 215 253][159  83 230  71 226  18 191 244 224 196  87 230  89 101 159 167  54 108
 245 239 197 209 173 104 114 105 102 128 111 182 163 245][103 251  67 106 240   8 110 220  59  64 120 237  17 199 201  16  54 201
  23 238 195  18 140 123 102 188 165 172  46 243 162 209][ 16  44  58 118 209 236 119 102 233   7 111   0 127 251  47 112 163 123
 192   0   6 169  18 111 243 253  18  11 192  83 111 138][ 44 239  78  63 250 147 191 236 246  29 116 165 105 238 170 144  23 107
 128 199 246 216  46  63 108  71 127 233 119 150 175 205][ 13  29 215 109 226 114 111  19  53 194 111 176  89  55 161 249 126 183
  18 174  57 146  52  78 167 239  98   0 227 243 166 240][119 189 252  18 237 125 212 239 251 255 188  56  10 188 214 191 137 198
 236  20 191 107 255 244  59  91  85 127 195  93 206  95][  0 203  30  30  58 193 151 204 206  29 248 161 228 192 175  64 218 107
 106  67  70  35  14 125 120  32  47 219  80  27 173 139][ 72 105 115  71 112 206 107 112 125 128 111   8 251 215 132 116  50 252
 122  74  65 176 177 108 117 188   0   0  66 162  71 224][124 225 184 234 249 237  87 216 171  21 173   8  95 247 105  16 153 219
 113  90  26  67 250  49 251 221   5 127 210 211 230  34][ 80 204  56 122  25 197  87 204 255  24 173   0 126 215 105 112 177  26
  74  90  67  47  58 119 251 201   7 127  80  19 101  42][ 42 141 113  77 125 217 165 111  95  77 124  40  42 181 180 164  90  58
  50   8 195 184 101 215  37  92  16   2  83  76 214 237][202 255 212  87 251 120 119 151 187 191 190 188 238  55 194 223 103 246
 236  24 112 205 225 226 254 255 116 147 162 212 206 125][ 87  50 143 180 170 108  24  18 186 251 139 253 215 182  67  90 167  71
 125 149 149  65 179  66 216 247 123 158 136  97  11  83][157 125 122  98  23  95 119 240 121  64 103  26  95  57   3  49 178 153
  93 106 101 177  49  44 243 203  64   3 101  49  75  34]