[ 57 105 105 101 244  15 111 119 116 224 126 198  51  39 145  48 126 238
  22 236 201 186 117  12 102 173 165 128 111 178 242 249][251  79 230 174  31  22 222 252  91 230 156 135 105 109  55   0 126 229
 149 231 236 195  61 239 187  79 207 155  63 191 124  94][ 42 205 114 248 116 145 254 247 157  72  92 131 173 207 181 100 238  59
  23 221 194 186  38 253 118  93 174 136  23 156 241 157][139  95  11 153  98 208  60 118 188  76  94 231 189 134 178 228 102  59
 191 197 199 152  38 227  38  49 186 128  30 148 173 221][226 140 247  92 203 241 173 239 191 179 224 154 104 231 100 223 107 254
 227 136 114  95 190 243  63  58  85  42 211 244 166 172][ 59  31 107 220 246 146 237 119 245  64 254 230  57 174 182 228 110 239
 183 237 253 187  36 238 118 111 190 192  47 140 248 253][ 42 184 176 242 141 237  80 198 203  57 160  24 142 159  68  26 137  19
 251  16  26 107 210 240 155 221  16 123 210  73 199  10][244 173 141 190 200 224  69 175 147 183 192  27  96 231  73  91  81 231
  33 145 122  78 219 127 249  34 221 109 176 112 180  74][ 87 149 109  11 154  80 191 253  36  81 157 167 120 126 158  97 119 211
 155 227 215   9  63 253 120  39 238 206  61   6 161 255][ 38 166 162  58 213 177 146  75  83   7 249 187  10 200 126   8 217 139
 130  17  30 191 204 243  30  86 146 127 213  79 254 198][ 19 159 107 189  22 130 237 119 156  76  94 231  61 174 178  64 110  43
  23 141 241 153  36 255 112  45 170 128  61 136 177 217][ 27 221 106 220  22 146 187 118  29  69  86 231 121 239 182 100 118 171
  63 205 229 153  37 255 114 111 186 192  63 140  57  93][ 45 164 232  65 244  51 237 159  82 239 124  58 145  57 222  44  89  78
  22 156 144 186 229 130 110  15 181 229 207 248 210 225][ 82  35  18 136  43 144 184  72 173   4 144 163  12 206  35 212 238 181
 207 193  68   3 130 208 144  32 138 187  21   6  47 207][ 92 110 245 119 170 122 126 152 123 251  59 240 207 127 205 255  55 215
 252 122 177 212 239 234 174 255 101 151 166 247  71  37][ 80 221  31 188  20 206 119 182 174 128  74   0 247 243  32  64 226 247
  61  72  64 185  19  63 249 167  39   0  48 115  33  42][206 177 190 242 235 236 185 151 171 217  53  57 156 255  76  27 135  87
 253  17 146  79 154 224 223 217 127 255 128  69 135  83][ 34 177 188 187 237 229 176 207 159  31  88  19 172 254 108  72 201  27
 163  17  18  90 218 243 143  22 222 107 144  72 173 139][ 86  96 208 165 102  10 232  72  41 128 242   2 207 106  29  90 122 197
 127 225   8 243 193 200 150 250 203 132 165 184  99 128][ 45 251 104  79  93  31  70 248  85 232 253  77 227 120  31 180 216 238
 230 110 205 178 125 191  43 127 133  59  91  63 122 214][ 17  75 119 204  22 131 111 244  68   0 122 230 115   0 181  96 118 241
  14 234 200 185   5 125 240 174  34 128  61 187  96  57][215  72 133 181 136  78  76 172 176 242 130 209 247 118  25 123 193  71
 125 175 105 197 223  42 129 162 255 144  40 113  17  16][ 44 189 241  99 245 221  86 181  99 173  61  40 106 253  92 180 145 122
 213  90 155  56 248 191 111 221   5 111 231 214 214 255][ 73 125 115 237 112 142 111  50  61 128 106  64 191 183 177 116 118 252
  23 106 193 152 184 127 237 188  35   0  34 179  98 161][ 61 193  65  69 124  27 198 184  71 224 185  74 211  72 157 164  90 204
  86 110 201  48 109  62  36 204  37  52 127 187  82 164][122  49  96  64 107 221 145  80 169 125 180  47  10  29  86 190 172 145
 223  81 143  35 240 192  83  89   0 187  67  14  94 247][ 19   0  38 157  28 131 168 106  22 240 210 131  97 140  50  97  88  44
  59 165 164 253  71 157   0  98 219 144  21  12 112 204][ 33 168 123  89 100 139 233  23 126  73 118  80 179 129 148  61  42  42
  22 152 147 252 101  81  68 152  50 192 197 136  67 233][115 205 230 198  95  19 222 236 217 226 188 143 105 124 183 162 126 229
 151 231 237 103 124 238  58  78 143 183 127 254 122 222][ 51 131  74 143 148 135 206 101  13  13 211 199  38  10  62  64 248 131
  31 231 222  59  85 213 180  48 138 210  29  14 249 206][ 34 156  16 152  95 183 176  71  31   5 104 151  44 170  38 196 233 171
 130  20  54 154  16 223  63  22  18  75 154  12  45 158][221 126 159 180 168 234  23 214 186 250 174 120 158 247 193  91 167 119
 236   2  33  77 162 106 248 183 111 190 136 113 135 113][124  81 127 109  36  94 127 112  97 238 246  34  91  55 145 114 126 212
  61 234 201 183 241  12 247 235 231   1 103 187 102 115][ 10 185 179 245 181 237 113  23  63 105 122  33 174  61  16   4 139  58
 159  17  26 184 113 179 143 215  20  67 194  76 212 251][  6 178 186  51 162 169  51 140 190  21   7 181 204 215 234  72 183  27
 171  83  18  80  10 113 204 151  63 239 132 135 141  83][214  94 246  87 226  58 111 178  49 166 191 254  75 103 141  95 127 244
 236 234 232 215  45 234 246 230 103 148 231 247  38  53][221  65 103 204 142   2  79 180  37 224 214  66  91   3 177 119 118 196
 125 238 233 147  37 236 242 232 228 148  39 187 240 104][ 32 132  26 217  53 237 113  35 220   9 106  16 162 177  32  96 201  58
  10   0  58 184  80  23 197 182 146  67  80  72 212 170][ 88  51 152 224 169  44  84  19 163 191 170  13 159 179  64  26 167 151
 237  16  26  11 210  64 219 247  53 127 224 194 135   3][ 82   0 142 189  14   2  72  99  20 227 210 151 121 174  50  75 126 181
 191 165  40 203   3 204 144 227 250 128  52  32  53  88][ 57 253 130  13  95 159 166 230  70 232 232  78  34 224  39 132 120 236
 226  71 205 178 212  57  53  36   5  42 123 126 122 158][180  72 123 110  68 207  99 112 116   2 116   8 115 217  49  57 120 248
   6 106  40 183  48  45  83 169  96   0 113 187 102 170][ 40 181  57 249 253 205 145 255  95  61  60  24 182  29 104  32 129  26
  66  24  82  40 123 149 239 221  20 126  82   8 197 235][  2 191  18 154 251 192 184 199 174  13 200 161 172 134  34  80 231  59
 139 129  18  11 130 245 189  52 154 203  16   4 165 219][ 45  77  82  77 118 155 238 120 125 224 127 198 243 104 149 165  62 236
  22 110 229 176  77  63  38 174  37 128 111 187  88 149][ 37 109 207 199 228  27 238 244 128 226  28 206 243 237 249 163  62 232
 214 239 205 243 172 168  54 137 101 164 109 251 219 181][  0 149  26 248 211 236  49  99 190  21 108  17  60 191  34  80 163  27
 163   0  18 185  18  87 219 247  18  75 208   0 173 130][150 223   2 138 205 132 174 204 140  90 216 199 108 238  59 194 253 203
 159 231  71   7  26 243 177  48 207 141  29 127  57 146][ 88  77 250 101 151 206 126 183 109 160 238   2 127 187  33  80  96 246
 238  72  72 185 145  44 243 237   6  17  99 178 228  10][220  94 111 229  38  10  79  56  49 230 246 230  83 103 153  83 118 244
  61 238 105 148 229  10 244 171 229 132  36 243 100 113][246 241  32  96 205 221 212 201 131 252 185  63  10 221  79  27 141 145
 255 115 222  99 250 144  27  88 133 255 211  15 214  87][ 60  39  80  40 125  57  82  72  67  37 249 171  11  73  95 156 216 137
 134 177  30  50  76 146 154 213   1 127 247 239  78 134][  8 187 186  57 165 237 177 135 255  95 124  49 174 189  98   8 129  59
 167  17  22 184 162 241 207 247  86 203 194  68 135 223][  2 164  16 153 214 137 184 111  30  49  88  18 140 138 120  64 111  11
  51 145  18 248   3 215  12  22 159 236 148   8 145 136][ 79  79 238 127 188 150 126 176 245 198  70 135 249 237 151 239  71 102
 177 207 236 216 239 169 110 111 253 128 175 247 120  92][ 18 219  66 173  54 130 238 119  45  12 122 231  33  11 180  64 122 165
  15 227 204 153   5 221 180 180 170 128  61 128 249 137][133 201  18 158  94 137 174 236 206  16  80 198 245 194  56 192 122 105
  10 239  67  35  78 127  52   4 175 104  28  59 169 128][ 50 143  99 220  86 130 239 119  21   6 250 194 113  47 180  64 126 247
  23 174 233 187  37 239  50 174 226 128 117 232 116 248][  2 160 214 145 228 168 168  67  62 147 120  18 140 170  84  74 107  47
  51 145  18 120 130 194  28  30 222 232 133  72 163 129][ 43 159 106 201 247 211 191 119  31  77 124 167  40 190 182 228 254  59
 151 133 215 186  36 223 110  93 174 195  95 142 253 223][ 70 157 152 186 188 164  30 175 143   9   9 101 220 250 104 192 151 115
 253  83  19   9 154 247 168 151  15 254 156  83 169  17][ 61 198 104  43  50  59 138 184  78  69 249 198 211  74 190 112  95 137
  20 111 143  50 109 181 170 239  43 212 253 159  73 197][247  48  35  37  80  86 107  88 105 232 231  68 219  22 159 116 188 141
  85 239 141 150 181 204 145 248 138 132  40 167  34 244][230 177 177 242 233 237 144 195 139 121 169  25 140 158  76  24 133  27
 219  17  18  79  90 241 159 208  95 127 144  77 135 210][218  50  58 120  43 220  57  23 173  29 230 177 175 135  98  89 167  59
 237 144  18 157 162  81 211 241  58 203 162 128 167 123][ 24 185 163 249 181 221 122 151  31  73  94   1 171 189  48 228 200 186
 149  24  27 184 113 183 239 253 150  65 150 140 212 122][ 60 100  96   7  87 123 194 104  85 165 239 139  67  72  30 148 120 204
 194 227  44 182 125  62  54   6 129 113 103 175  94 198][132 174 140 191 140 173 180 143 222 187  16  87 245 248 121  11 129 107
 123  21 182 237 218  51 141   3 127 251 156  89 217 139][ 14 173 229 221 223 240 190 239 159 183  28 150  40 239 246 238  55 123
 187 152 182  73 190 243  47  30 223 239 151 244 165 238][ 59 223  99  95 119 223 255 244 213  76 254 166  43 156 183 164 110 250
 150 206 237 186 116 255 103 221 132 131 127 159 252 253][ 89 229  46 175 145  70 109 237  52 150 206   2 255 118  27 115  49 199
 121 171 104 211  57 109 241 227 207  17  32 114 183 106][ 48 201 127  76  68 207 199 244 196   0 116   0  51  83 164  53 104 184
   2 106  72 186  48  61 115 136  32   8 115 154 102 170][223  31  10 180 146 178 122 112 180 192 211 247  77 202 179 193 118 237
 191 247 253 135   4 238 184 101 175 192  44 229  41  21][182  70 102  15  78  27 231 120  69  54 247 231  67  72 191   7 120 196
  66 111 232 247  45 140 114  10 193 132 127 191 116 228][152 157  59 110  19 205  51 112 237  64 239  32  62 215  32 112 162  51
  90  74  67 169  56 127 241 237   2  10 122   2  39  59][115 184 222  28  79 209 176  79 234 211 224  58  40 250 102 186 233 227
 242 129 151 107 214 241  30  63 223  59 217  76 251 142][163 122  16  24 237 189 160 198 223 136 120  76 170 232 229 156 217 106
 130  85 151  58 210 243  14  28  17 106 218  29  91 141][166  12 246  95 229 240 188 135 221  27 126 177  40 236 190 239 203 122
 163  20  52 254 103 226   6  62 214 195 215 221 248 141][ 66  12 174 189 141 230 185   7 156 199  74  19 140 172  55  74 193  55
  59  17  52 237 211 194 197  55 222  11 132 108 181  82][ 78  52 151 181 141 230 185   3 190 179 203  19 221 247  96 207 209  53
 185 177  49 216 211 194 205 246 223  68 134 100 165 114][ 88  22  90 224  50  42  89  17  33  40 255 232  31  23 128 240  54 156
 157 168  73 144  33  14 210 233  32 132  42 162  42  49][102 239 106 198 236  25 239 253 201 132 252 142  98 233 254  23 122 236
  71 239 200 123 174 232 122  25 229 184  79 186 250 248][122  49  98  64  75 220 153  80 169 125 182  45  10 157  86 254 236 149
 253 209 142  67 240 192 211 121 152 187  99   6 118  87][198 182 157 144 235 237 184 202 190 251  19 253 140 246  64  75 135  27
 255  17  55  77 219 210 157  18  91 238 136  65   7 151][129 248 157 251  48 173 107 148  62  27 115 112 247  67 136 121 183  59
  31  10  51 220  11 119 196 190  50 192 144 129 129  33][193  81 171 183  69 198 109 117 240 206  70   2 241 151  58 115 112  46
  57 141 201 156 176  11 213  47 250   0   0  64 181 248][179  36 110  68  68  51 202 120 213 226 247   2  67 233 181  38 120 172
  31 171 236 183  36 142  18 110 193 144 103 235 112 196][ 81 105  16 106  29 141  66 224 235  32 161   8 174 209  65  48 144 169
  72  78  74  35 218 125 177 220   1  57  80   3  75  42][188 164 137 248 221 229  65 203  22  51 193  26  80 247 104 185 217 154
 147 177  58  86 218  19 153 135 157 109 176  73 182 226][ 20   1  14 161  52   6 107  80 164 136 219   2 215 131  41  64 248  44
  46 114   8 177   1 140 193 227 162 196  32 171  48   0][168 143 100 191 244 167  77  63  22 103  92 151 163  33  18  65  93 170
   3 141 250 190  69 191 236 254 148  96 181 204 208 232][ 10 135  18 186 211 225  48 103  63   5 105 179  44 131  42 212 235 187
 131 144  22  26   2 215 156 212  26 107 178   4 175 138][ 33 221  53  77  60 205 199 190  79  88 252  72 178 116 157  36 216  82
  22 106 203  42 123  61  37 152  36  58  82 154 212 237][ 45 189 251  69 244  46 103 183 122 235 126  76  83  33 208  48  17 110
  16  28 145 184 125  42 108 143  53  68 232 250 210 168][131 220  55  91  99 148 180 244 253  26 115 114 108 222 172 239 167 115
 146  67 227 253  58 245  39  58  90 194  91  20 161 175][ 27 159 107 205 246 247 251 119  29  73  94 231  61  62 182 100 127  59
  23 157 147 152  37 223 126 127 186 192 191 204 181 253][167 106 233  71 228 122 239 156  82 242  86 238 209  45 215  47  91 204
 181 255 233 244 237 162 110  10 245 181 231 253 214 252][  2 157  18 188 243 192  62 103 173   9 122  35 172 191  36  80 230  59
 159 193  82 153   2 255 185  52  30 195  16   4 165 139][226 180 252 228 107  85 153 127 139 254 148  63  62 189  86  19 175 145
 223 165 236  79 178 218 219  95 125 191 151 100  22  95][ 71  51 237 135 170  34 190 152 170 243  27 231 204 110 223  14  39  85
 123 183 149 209 175 192  12  38 255 134 141 247 161 213][ 44 177 129 185 205 237 161 207  30 161  72  88 149 253  88   8 217  90
 115  17  19 250 218  35  77  20 255 108 216  72 151 178][237  52 185  99 193 110 107  24 115 242  47  28 219 119  93  62 149 220
 121 190 153 208 249  66  79 221  65 100 202 227  66 112][181 205 109 206  92  19 207 252  85 194 244 214 113  76 189  37  88 192
  22 239 233 167 109 191 112  10 231 156 117 187 240 228][ 86  76 227 222  12  50 202 248 213 194 217 195 105 236 183 104 125 225
  31 167 168   7  46 202  18 110 203 140  55 247 112  84][162 216  61 243  44 133 157  33 221  91 147  87 214  92  20   3 205  49
 127   3 250 110  75 151 237 218 255 218  85   8 145  83][109 181  56  96 189  31  86 153 107 105 189  13 159  61  30  48 156 222
 221 125 159  99 249 148 235 253   1 119 202 142 218  87][250 188 168  84  57  80 152 103 201 231 132 157  44  62  86  55 163 183
 253 133 180  79 241 207 155 127 218 251   7   4 223  95][  2 233 190 251 221 197 188 199 158  29  88  19 172 254 110   0 233  59
 179 145  82  75 154 247 111  87 158 235 145   8 165 202][ 22 159 170 161 178 162  91 179  54 173  94 167  85 170  50  64 247 239
  53 149 156 152   5  62 216 231 191 197 172 103 185  83][ 38   4 227 222  12  35 203  80 213 194 249  74 114 232 189  40 216 224
  31 163 168 167 110 142  82  62 225 152 117 251 112 132][ 41 127 138  12  93 159 182 118 214 236 222 109  34 184 163 128 204 110
 130  69 197 187 176  63  52  37  37  43  91 124  58 223][194 188 189 180 121 229 153 119 139 251 144  63  60  62  86  51 175 183
 215 129 160  79 178 207  95  31 250 187   4   0   7 219][ 17 223 111 188  54 130 237 119 164  64 218 231  61 175 176  97 110 163
  31 205 241 153  36 253 240 171 186 128  61 136 177 121][ 38  65 104 206  93 197 218 104 135   0 249 139  99 205  61  16 216 177
 211 227  74  35  90 157  51 221 129  59  85  63 118 146][ 71 141 152 178 180 168 127 175 187   5 141  17 244 227 107  80 179 227
  25 213  54  73 138 247 236 150 143 125 144  83 137   0][ 63  16 107 101  85  86 107  88  97 232 231  68  91  30  29 112 252 141
  87 239 205 150  49  76 149 249 139 132 105 163  98 244][120  81 123 109  36  78 127 252 101 236 254  34  91  63 155 112 126 212
  61 234 200 176 113 140 247 239 166 133 103 187 228 115][122 115 114 224 111  93 152  80 169 108 188  47  14 156 214 182 174 145
 223 193 143  35 176 192 211  89  40 187  71  14  30 255][ 20  81  31 161  22   6 123  80  37 128 195   2  87  19  41  64 114 133
  61 251  72 145  17 140 209 225 162   4  36  35  49  34][ 31 221  14 174 172  20 254 236 140 218 152 231 109 254 115 195 253 225
 159 231  77   3  10 250 184 225 239 188  61 127  57 155][251  93 234 172  95  86 222 236 145 238 152 207 121 108  55   0 254 229
 157 231 236 227 156 238 178 111 175 177  45 127 121  91][ 25  91  90 141 118 146 173 118  44  76  86 231  61   2 179  64 102 173
  14 205 197 185   5 237 244  33 170 128  61 184  41 217][ 50 147  72 171 214 135 207 225  13  12 219 199  70   8  62  64 248 131
  31 231 220 187  89 221 184  32 170 214  61  10 240  83][179 102 110 180  76  67 205 104 213 246 209 187  67  76 187   9  88 236
  87 239 236 247 108 156  82  75 233 181 117 189  90 196][ 11 159  98 201 247 211 190 119  13  77  92 167  40 158 182 228 254  59
 151 133 215 184  36 255  46  93 170 195  31 142 189 223][ 32 233  40  96 221 205  69 231  98  37 172   8  50 145  64  48  72 170
  66  88  90 186 112  29 127 141  20 121  67 136 214 170][ 43 253 184  28 253 151 158 183 223 236  92  45 172 252 215 164 135 107
 243  77 198 232 246 191 106  95  29 171  94 124 219 223][189  76 109 223  76  35 239 248  84 210 213   2  81  73 185 107  89 200
  22 234 233 246 111 189 118 171 231 132 117 251 112 224][ 79  73 230 127  61 150 104  48 247 132  70 135 233 237 151  70  64 108
 121 205 204 216 254 169 111 251 205 129  39 182 120 200][  2 160  80 153 118 137 184 103  30  49  80 146 140 142 112  64 239  11
  51 145  18 188   3 215  12  20 154 228 149   8 161 137][ 49 141  35 238 117 133 175 230 196   8 248  66  49 248 180 101 232 170
   6 235 217 171  50 253  49 248 138   8  85  10 240 172][218 123  81  96 226  92  95  22  41  13 188 252  31  23 192 212 166 145
 221 218  75  14 160 194 242 217  32 242  34 147 134 113][160 128  17 121  53 233  48   3  94  17  98  16 166  17   0  72 193  58
  42  16  50 188  65  23 141 182  16  83 208   8  68 138][217 156  91 126  51 201  19  98 253   0 237  32  62 215  40 112  50 187
  88 106  99 175  56 127 243 237   2  74 114   3  39  42][219  79 238 190 170  18 110 183 177 134 214 231 105 106 151 203 102 231
 189 207 236 197 135 234 242 107 254 129  39 244 184  77][160 124 120  88  76  77 245 252  17 254 116  28  48 213  71  29  29 248
   3 106  96 118  50  90 119  26  85  46  83 248 102 251][151  94  71 190  18 130 106 112 180 194 195 231 113 198 177 193 126 237
  63 239 237 149  12 174 176 106 235 128  45 183  56  85][  2 187 186 185 179 205 177 199 191  77 124  33 172 191 102  64 167  59
 143  17  18 169  34 247 233 180  30 203 208   4 165 219][ 87 134 139 170 178 160  42 152  62  89  27 241  93 238 248 192 183  75
  61 247  22   1  15 119 184 103  47 204 132 135 169  65][  2 160 242 147 244 168 184  71  62  17 113  18 140 138  80   8 239  59
  51 145 146 222 194 194  12  20 218 232 133   8 163 129][118   0 227 206  84  34 202  64  81 128 219 195  88 238  53 232 120 237
  23 167 137 146  12 202  16  46 171 136 189 231 112  32][252 184 176 242 173 237  80 198 203  57 164  24 174 157  69  26 137 155
 221  16  26 111 218 243 219 217  20 123 194  73 199  10][189   2 238  23  76  59 236 120  85 246 119 215  67  40 159  11 110 196
 102  47 164 244  77 136  86 107 241 133 111 253  88 212][ 90 186  26 184  35 164  56   7 175  29 238 181 172 159  98  88 231 187
 189 148  22 137  18 241 218 245  26 203 152  68 175  91][ 57   9 107  77  84 143 111 117 101 224 126  70  51   1 181  52 122 172
  22 236 201 184 117  14 102 173 164   0 111 170 114 248][190 125 112  98 189 127  94 152  73 224 181 137  31  93  85  61 158 241
 213 115 168  98 120 170 235 217   5  59 231 255  86  82][131 216  54 188 109 133 184 103 143  81 208  23 172 158  54  67 238  41
 187 133 199  47  18 209 180  56 218 138  28  28  57 223][  9 191 235  85 244 190 235 150 114 235 126  68  51 161 210  36  21 110
  22  28 147 184 181  42 108  46  52 192 202 232 210 249][129  21 171 244   5 228 105 115 180  79 207  16 244 247  58 112 112  46
  49 168 177 151 176  67 193 173 218   0   0  64  55 250][206 177 190 178 203 228 156 223 171 223 149  57  28 223  74  27 167  83
 249 145  18  79 154 240  91 209  95 255 130  68 167 211][ 62  46 160 186 223 233 144 202  31  39 249 187  46 205 111   8 219 187
 131  17  30 175 206 179 155  87  25 123 215  77  30 214][ 60 189 241  69 247 248 114 246 107 193 124  42  43 253  69 180  55 250
 149  80 147  56 184 239  63 221   5  99 239 231 206 187][130 216  22 155 109 133 184 103 158  27  80  50 172 222  32  65 207  59
 147   1  98  92  66 245   5  18 218 170  20   8 161 139][165  77 109 223  76   3 207 252 212 242 244  66 113 104 189  39  89 192
  50 239 225 231 109 189 116  10 231 148 117 251 240 236][ 41 168 115  81 116 139 233  23 126  65 118  80 179   1 148  60 122  42
  22  24 179 188 101  95  68 158  48  64 199 136  80 168][180 151 212  65 147  59  86 251 119 179 175  92  67  97  76  20  57 222
 236  48  60 240  93  22 187 214   5 119 251 227 206  22][ 82  99  82 136  43 144 152  72 173   4 152 163  12 142 162 212 238 181
 207 225  76   3 134 216 144  32 138 187  53   6  47  79][ 95 219   6 166 159  22  94 181 161 232 155 231  79 106  50 194 230 231
 253 231 221  11 157 140 250 117 143 151  46 182 185  87][ 37 111 202 198 244 139 239 244 196 224 188 206 241 104 151  34  30 230
  86 239 205 171 108 110 108  14 165 168 109 251 250 200][ 10 191 226 221 223 211 238 230  95 229  94 167  40 239 247 196 107 111
 179 208 214 216 135 255  46  30 159 227 143 244 244 159][ 32 174 169 187 180 171 203 215  22 173 216 239 163 173 210   0 221  42
   7  29 154 186 109 191 236  21 189 241 213 206 214 233][ 47 245 104  79 253  31 215 252  71 124 189  13 226 120 222  52 221 206
 119 111 222  50 255 191 110  93   5 254  94 191 218 215][  8 185  51 249 181 221  80 183  63  73 126  97 190 157  52 224 194 186
 157  88  91 184 112 191 239 221  52 195  18 140 212  59][164 240 186  90 105 253 177  64 239  29  53  24 142 220 110  63 133  57
 194  16   6 103  58 241  87 144  80 107 208   9  71 247][103 188 149 218 201 245  20 143 155 115 160  28 172 246  76 255 197  83
 250  20  55  79 218 241  15  26  87 126 152  68 131  30][  2 159  18 158 243 128 190 103 173   0 122  33 172 178  36  84 230  59
 139 192  80 139   2 255 177  52  30 203  16   0 165 143][ 46 157 230 221 247 178 182 239  31 153 120 231  40 250 228 196 255 127
 179 144 150 250  10 255  46  62 159 198 159 116 249 143][ 61  75 105  43 228  11 111 216  70 228 255 199  83 205 251  96 126 200
  22 255 204 176 109  56 228 205 167 164 117 187 208 192][179 223 103  94 116 223 254 244 221  72 114 103  98 220 181  33 238 249
  23 195 237 169  54 255  51  60 134 138 117 154 116 255][ 10 255  52  19 249 189 150 166  59 127  44  13 174 124  70 149 135 123
 209  71 198  72 250 245 175  86  29 123 218  85 143 223][ 76 255 151 101 179 255  54 246 191 234 127 232 223 247 193 182 183 127
 236 122 209 209 169 106 255 247  37 167 130 247 135 113][210   0 174 189  20 162 232   7  60  67 210 151 177  46  18  75  96 165
  61 133 184 220  69 205 132 231 250 192 164  12  48  88][162 178 180 217 109 253 176  75  31  29 116  53 172 142 102  73 205  27
 131  16  22 110 114 209  15  16  82 235 210  12  37 223][246  78 198  84 200  38  78 166 177 130 170 217  97  39 149  95 109 246
 105 238 104 199 197 106  50 190 215  16 193 241 234  12][148 141  23 213 158 203 165 175 220 178 194 242 215 112 132  99  99 119
 104  33  49 249  77  60 172 162  95  84 229 120 165  40][ 71  73 229 135 140  34 175 184 192 226 155 198 209 108 157 110 126 198
 127 239 193 195 239 232  36  46 239 148 141 255 113 244][ 18   0  38 189  29  39 128 107  84  97 210  19  33  40  48  73  72  36
  59 165 168 253  85 157 149 227 218  16  21  12  48  72][ 69  44 133 181 168 104 109  26  42 234 202  96 247  50 209 122   3  70
 124  13   9  80 227   0 140 182 255 148 128 242  19  33][133 220 157 249 176 174 105 159 190  27  82  80 213 215 169 121 183  17
  94  56  51 196  51  87 237 175  63 196 152 208 129  33][ 24 175 235 233 178 162 107 211  54 141  94 167  53 167 162  80 118 254
   5 220  26 152 160  62 232 229 172 192 166 131 164 249][ 17  91  67 206  86 131 107 244  69   0 122 230 105 192 181 212 118 232
   6 238 201 187   4 253  48  44 162 128  63 187  96  45][200 148 149 188  45 237 177  23 158 123 146  80 190 253  72 203 205  51
 251   1  99 109 210 147 133 211 219  62  26  76  17  59][201 212 148 253  41 189  16 150 159  59 150  80 238 243  73 239 197 115
 254   8  43  68  83 147 133 243  90  30  26  88   9  43][ 11  31 115 157 242 208  61 119 188  70  94 231 189 166 166 228 102  59
 183 140 199 152  38 235 118 101 186 136  30 212 173 221][113  86 251 229 100  10 111  56  49 230 119 228  83  39 145 127 118 212
  60 238 233 148 229  10 244 174 224 132  46 243  96 121][247 205  99 206 132   2  79 245  53   2 242  74  83  35 181 117 122 196
  63 234 233 151  37 238 178 234 228 148  39 186 240  44][ 64 179 145  34 240 172 118  19  43 169 107  77 158 163  64  16 182 191
 100  28  19  26 208  64 253 244  36 104 200 194 130  19][  6 180 159 177 162 233 185 139  62 127  95 181 148 182 202 105 167  27
  63  17  51 220 171  83 204 135 123 239 128  64 133 243][  6 181  49 146 235 237 181 203 143  59  57  57 140 222 108 136 163  27
 219  17  18  75  26 209  29  16  31 255 144  78 135 243][  2 189 156 187 185 233 177 207 158  29  88  49 172 254 106  72 203  27
 171  17  50  88  90 247 205 151 126 239 144  72 133 219][ 25  45  83  79  80 142 107 112 125 136 106  64 123 243 177 244 114 188
  22 104  97 152  48 127  55 236  34   0 106 162  98 168][ 19 205 106 222  22 134 251 246 125  73 222 199 121 239 182  96 118 239
  23 205 128 153  37 255 114  47 170 192  61 134 121  89][177 207   2 156  94 129 230 238 158   0 176  78 180 194  48  65 120 225
  10 239 107  43  70 127 176   2 143  60  29  56 249 136][161 149  57 195 253 237 229 191  95 113  61  88 214 121  92  32 145  26
  66  56 179  56 121 151 111 221  21 116 210 202 213 161][ 34 239 106 204 220   9 239 239 201 132 252 143 112 236 182  18 124 232
  71 238 240  43 166 239 126  12 165 168  69 186 246 252][ 75 107 174  93 104 150  41  16 164 196 198 133 249 199 243 102  84 108
 251 204 196 209 182  72  79 121 171 128   6 166  59 120][  2 181  18 138 243 225  58  79  47   5 121 161 172 150  44  64 255  27
 147 145  18  26   2 247  61  20 154 235 144   6 165 219][ 13  13  82  77 116 159 234 112 125 224 118  70 251 104 181 228 126 172
  22 110 229 184   5  94  38 174  35 128 111 170  72 132][ 46  42 224  24 109 249 208 202 155 119 180 191   8 140 119 156 201 136
 194  21 150 110 230 210  30  92 145 127 215 205  94 214][ 95 127 251  86 179 190 126 246 191 174 110 204 111 167  69 244 167 255
 253  82 213 217 184 110 191 255   5  66 226 247 175 125][189  66 238  53  70  58 236  25 117 242 119 215  91  40 159  43 107 132
  54 175 164 244 103 192  86  43 112 132 239 253 120 197][ 67 168 156  80 137 189  24 135 170 179 160  25 180 186  70  90 129  35
 120  20  22  79 210 113 139  27  95 123 152   0 139  14][107 113 114 224 125  85 219  80 169 108 189 175  30  31 150 182 238 145
 215 231 205  35 240 200 115  89 138 187  79 134 110 119][132 112 187  90 233 205 177 208 170  29  49  61 156 220 109  43 175  25
 194  83 130 103 186 113  81 144 114 122 208  25 135 243][ 98  76 134  92 201  34 204 166 176 146 168 153 225 234  85 155 201 231
 104 130 108 207 194 106  48 182 223  25 193 113 234   8][ 87 238  73 170 150   6 106 248  38  33 139 198  85  74 121  96 119 197
  25 255 151   7  29 254 184   6 143 204 188 163  49   0][251  92 234 164  86  66 222 254 145 194 218 239 121 252  55 128 126 229
 223 231 237 171  20 239 240 111 239 153  45  61 120  27][129 207  75 140  78 139 167 230 150 226 216 198 181 162 179  64 106 224
  10 206 101 175  70 127 180  38 239  56  61  57  57 136][155  90 110 189  38 150 124 118 245  72  86 230 185 142 183 229 110 173
 182 204 197 156  36 237 166 249 186 129  63 188  41 221][185 117 252 101  85  95  95 190  83 234  60  10  83  61  17  35  60 220
  85 234 232 240 113  10 103 207  37  52  99 249  82 162][  8 186 152 187  56 201 177 239 158  93 212 183 188 255 106  64 199  59
 175  17  18   9  74 247 205 199  63 255 144   8  13 219][ 97 161 211  99 240 142 106  17  43 137 121 204 159 179 200 144 150  46
  70  92  19 154 192  76 174 188  36 232 200 130 194 177][159  95  14 174 110   0 126 248 133 202 216 167 125 250 115  67 251 225
  31 231 108   7 142 250 248 229 175 189  61 123  57  11][ 50 131 105 171 150   7  79 249  13  12 251 199  83  15  60  64 252 129
  23 231 216 187  73 223 184 140 170 196  53 138 244  97][103 239 248  67 252 203 246 173 107 232  61 233 218 249 223  48 147 111
 119 115 214 112 205 126 110  28  37 247 199 247 218 199][125  66 243  69 102  10 111  16 113 226 126 228  83  39 149 126 118 204
  52 238 201 144 229   8 100 174 224 128 231 243  98 241][113  76  99 199 100   2 111 176  97 138 250  66 115  99 181 116 122 228
  61 234 233 151 165 175 180 238 230 128  37 242 112  40][  6 180  25 152 251 249 176 203 143  57  57  56 140 254 108 160 163  27
 219  17  55   9  26 215 157  20  31 127 144   8 141 167][181 241 121 234 124   5 223 248  87 121 177  74  83 217 252  32 221 216
  23 251 234  35 121 183 123 205 165 124 117 187 240 163][175 237  97  75 255 155 207 253  95 228 185 159  74 253 220 148 155 206
 247 127 250  54 255 191  62  94   5 254 247 255 210 246][ 10 253  51 248 117 221 112 247 191   9 124  32 190 159  36 240 166  59
 159  16 115 169  50 255 239 253  22  67  18  12 197 123][253 116 124 111   8  15  87  56  66 234 229   8  83  85 155  49  28 244
 116 110 232 166 249  28 227 235  97  52 120 187  66 114][  3 162 250  81 244 159 173 199 122 109  94  16 184 184 222  36  55  14
  18  29 214 248 164 215  45  28  30 230 197   0 215 237][ 74 107 230 255  29 134 232  48 231 128  66  67 233 201  93  70 200 108
 121 205 200 208 214 169  79 249 205   1  39 174  80 138][ 65  43 153 199 180  44 111  19 106 173  79 104 215 179 193 118  18 110
 124  24 145 216 233   0 236 172  39 128 128 226 151 105][ 58  48  42  41 121 239  48  91   7 105  92  45   6 157  66  24 204 157
 215  21 158 250 211 144 215 209  16 227 235  12  62 219][ 33 207 233 135 244  73 239 247  84 196 248 206 179  97 147  32  90 234
  22 239 233 186 101  47 108  14 167 136 109 250 208 248][ 18 255 106 221 151 147 190 231 222 173  90 231  40 186 246 192 239 127
 151 209 214 153   7 253  62  69 191 227   5   4 249 143][ 38 176  49 152 123 193 145 107 143  61 145 187  12 254 108 132 175  25
 215  17  50  43  10 215  29  20  27 255 212  12 135 243][ 19  31 107 205 146 146  62 119  61  68  90 231  61 142 182 224 118  59
 159 141 199 153  36 239 178  44 174 130  53 214 165 253][198 123 115  66 232 172 127 148 169  28  61  60 188 159 207  62 166  19
  93  86 194   3 162 224 211 216  42 186  64 211 135 247][  2 128  18 153  86 137 168  71  30  49  83  18 172 138 112  72 107  11
  51 145  18 220  67 213  12  22 154 192 148   8 161 136][ 35 237  99 204  92  27 207 239 217 192 248 206 106 236 180 164  92 240
 215 237 233  43 118 223  56  62 135 188  95  60 242 188][ 34 176 242 216 115 245 184 206  31  25 120  39  12 158 108 156 255  27
 147 144  22  58  18 209  31  28  26 239 211   7 175 151][194 132 167 181  53 172 168  39 188  91  66  16 173  42  48 203 195  39
  61   1  48 220 145 199 141 247 218 192 132  76  17   8][ 27 205  99 236  87 150 238 119 133  73 218  71 121 239  54 224 124 171
  23 205 205 155  20 253 115 111 170 128  63 158 248  72][  9  12  83  93 116 158 234 113 125 200 127  68 123 114 180 244 120 172
  22  40 129 184  52 207  54 254  34   0 107 162 106 173][ 26 207  66 206  86 147 174 231  85   0  94 231  41 136 182 196 106 170
 134 194 196 154   4 255  50 100 162 139  63 158 248 141][ 45 114 229 193 228  47 225 210  87 251 183  94 147   9 213  46  41 204
  86  29 169 244 125 130  78  14 117 116 239 253  80 160][ 90 159  60 187 178 255  63 191  62 127  94 181 255 119 138  96 167  87
 253  17 182 216 107  63 235 247 126 211 144  68 133  91][ 41 141  99  77  85 215 235 119  85  72 126  70  49 128 180 164 120 168
  18 236 217 188  52 223  46 124 130 192 127 140 112 252][ 70 124 183 246 171  52 157 146 169 219 177 121  76 126  77  59 135 119
 253  19 164  71 186 226 147 126  95 186 192 117   7  87][ 10 253  54 154 123 197 179 231 175  77  94  35 172 159  34  68 230  51
 203  81  82   9  18 255 253 117  30  75  18   4 165 123][130 152  22 155 109 173 184 103 158  27  80  50 172 222  32  73 207  59
 179   1  98 220   2 245   5  18  90 170  16   8 161 155][ 59 125  35  92  19 214 150 230 245 200 238  34  42 188  39 164 236 250
 146  65 205 187  52 173  51 109 128   3 107  28 122 223][ 35  56 167  85 199 116 160  67  91 255  80  82 168 188 213 174 233 127
 178 145 149 122 246 192  15  58 218  34 199 109 117 252][ 54 174 164 186 159 235 146 202 143  55 153 187 142 204 111   8 203 187
 207  17  30 139  74 242 155  84  31 251 213  79  21 214][ 75  97  42  76 105 148 171  88 164 196 206 129 233 207 243 226  84  40
 251 237 196 131 182 205  87 121 171 137   6 134  63 232][154 248 160 186 139 225 144 206 159 247 129 187 172 223 107   8 139  59
 241 145  10  79 218 243 155 211 223 123 147  93 135 218][189 226 224  10  76  27 206 200  83 246 181 191  67  72 223 143  25 204
 103 127 206 102 239  49  30  72 229 253 119 191  94 196][102 121 120 224 223 205 242  65 143 176 161  10 158 159 101  18 170 185
 123  83  18  35 154 240 223 217  13 123  80  27 195 130][ 90 187 218 184 243 165  57 198  63  13 124 165  44 135  98  88 230 155
 151 212  18  27  18 241 218 245  26 235 154 132 175  91][130  94 119 220 116 134 174 244 221  72 242 103 116 220  53  97 238 241
  23 103 225 175  18 255  49  62 170 138  93  56 113 187][126 121 122 224 237 221 214 213 139 224 188  11  30 221 119  48 170 249
  87 115  72  35 184 176 251 217   5 123  87  31 211 210][124  81 123 239 116  74 127 252 101 164 255   2  91 127  42 112 126 212
 191 234  72 179 121 142 243 237 165   5 115 187 228 115][ 24 175 107 233 178 130 107 247  36  13  94 167  57 135 162 212 118 186
 133 220  26 152  32  63 235 237 160 192 167 134 164 249][199  78 238 158 172  48 238 148 113 202 218 231 233 106 159 203  94 231
  61 207 237 198 207 234 166 127 238 136 173 247 122  93][254 188 172 182 139 116  22 140 139 255 143 187  78 253  79  91 133 215
 253 147  62  71 186 226 219 115 221 191 130 119 148  87][114  99  66 136  90  16 184  69 173   4 216 167  12 142 162  80 110 149
 207 229  76   3 132 220 144  32 138 187  21   6  47 199][ 66  51 130 156 235 177 184  79 138 159  16 247 172 174 231 138 167 107
 239 149 150  79 134 208  28  16 223 175 156  68 175 223][136 146  51 251 117 237 161  18 222  25  87 112 190 149  32 236 197  58
 150  25 179 188 114 183 197 247  50 194 146  12  21 163][148  12  91 122 114 227  19 234 117   2 237  50 127  83 169 113 115 187
 134 162  42 167  40 127 210 239  34  11 113 195  39  34][  2 223  26 158 210 128 188 103 172   5 202 165 172 226  32  80 230  59
  10 192  82 139   2 127 176  36 154 202  24   0 165 139][ 80 249  59  96 185 205  87 253 239  76 172   8 190 215  72  48 148  26
  92  88  91  41  59  53 251 221  37 126  64  18 199 123][ 87  73 225 199 140   2 207 157  67 224 155 198 241 108 213 230 124 228
 125 239 201   3 237 234 176  44 175 156 175 255 240 116][ 95  77  67 166 148 178 110 240 101 192 219 198  89 230 185 228 118 237
  28 239 221 147  44 206 184 108 175 196  47 247 176 116][ 53 110 235  69 118  42 235 208  98 164 122 234  83  45 213  34  63 204
  23 255 129 240 173  42  94  15 165 132 229 251  80 233][ 57 203  97 223  60 153 199 255  86  72 212 230 179  72 180 224  88 106
  22  79 235 168 103 191  34 111 164 208 127 156 208 173][131 203   2 159  30 144  14 191  20  73  64 230 161 198 178 228  68 107
  59 205 207 136 103 253 160  97 190 200  62 156 177  92][ 66  61 146 220 189 244  16  71 159 139 206  16 172 183  96 238 193  63
 184  16  27 201 146 226 139 246 158 123 138  76 141  63][  1   8 119  89 100 137 233  23 127  65 118  82 185 129 180 237 122  42
  54  28 147 252 103 245   4  58 242 192 199 136 209 237][ 22 172 128 179 149 136 107 140  59 149  72   3 230 227  73  88 241 235
  33 144  58  88 202 241 141 150 159 103 160  82  36 106][ 33 191  42 171 180 175 227 247 206 205  94  69 167 233  50   0 156  42
   7 125 146 185   4  63 236  29  36 208 212 138 213 203][  9 189 251  69 246 254 243 247 116 205 126 100  59  53 150  52  54 110
  22 124 147 184  53  47 111 239  36 192 239 202 242 249][ 10 189 114  73  83 211 186 119 228  65 108 162  40 157 182 160  46  59
 147 144 150 184  52 255 111  77  16  67 119 132 175 158][195 189 123 116 211 156 126 247 189 130 234  76  46 238  37 112 167 255
 122 140 244 155 178 110  63 254   7  10 224 112  35  30][215  98 236 189  40  18  76 188 185 206 214 231 233 106 223  91  86 229
 125 189 236 194 199 200 238 107 239 136 173 244  58  93][ 35 249  65 207 214  67 239 255  23  97  88 198 113  36 156 164 120 202
  18 237 251 186 117 239  44  46 158 128 109 156 240 188][ 59 221 103 238 125 214 238 247 197  72 218  66 104 251  48 228 232 163
  23 233 205 171  48 253  51 252 138 138  63 158 240 172][126 252 188 246 203 116  31 158 139 255 140  59  92 255  79  91 133 215
 249 211  26  67 186 224 251  99 223 255 128 119 151  83][203 100  34  76  77 182 254  95 236   0 204 145 137 203  51  96  80  40
  91  45 228   7 148 206 115 121 138   9  22 132 115  10][ 66 149 150 157 135 164 176  39 188  27  74  18 172 186  32  67 227  51
 187   1  50 201  18 199  13  50  90  67  16  64 173  11][ 41  27  83  79 116 158 234 112 125  72 126 100 122 208 181 244 120 168
  22  76 199 184  52 223   6 252 162 128  91 138 104 157][ 62 185  48 242 249 205  16 195 171  49 160   8 174 221  96  24 161  59
 203  16  18 107 154 241 155 209  17 123 210   8   7  10][ 62 121 114 224 215 205 215 229 233 128 188  10  62 159 101  20 170 251
 219 115  88  43 144 236 251 217   5  59  99  31 199 186][182 166 166 186 153 235 154 202 143 181 153 187 206 236 111  10 205 179
 207  21  62  71  75 250 153  86 143 255 213  79  21  86][ 80   4 243 237 118  46 105  51 105 138 122  66 121 115 148 116 118 172
  29 168 129 144 165 203 148 238 170 128  37 224  97  41][187 203  96 159  60 145 207 253  22  72  84 230 241 200 186 228  88  10
  63  77 235  56 111 191 162 108 190 208  62 156 216  93][107  48 163 149 109 116 176  66 202 251  80  95 172 188  87 170 205  63
 179  21 135 114 246 192   5 117 218 171 205  77  59 159][  2 178  59 144 123 193 184  74 143  61 145 171 140 158 100 128 175  25
 223 145  18 107   2 213 153  20  27 255 149  12  45 227][179 221  73 172  92  83 206 239  93 226 252 238 179  44 180 160  92 245
 223 237 237 175 101 159 176 239 191 184 125  56 248 156][113  66 211  69 102  10 111  48  97 224 122 230  83  39 149 246 118 204
  52 238 201 144 229  72  38 236 226 128  39 178  98 177][ 65 163 147  69 240  14 111  53 106 173 107  72 247  99 200 116  20 110
 108 120 147 216 225  76 173 188  37 224 128 162 199  97][  2 192  18 155  70 137 184 196  30  17  83  18 172 138 120  73 111  11
  51 145   2 156  67 241  12  16 154 192 148   9 161 128][  1  78  75 159  92 130 111 246 196 194  78 198 181 226 179  96 106 108
  10 206  69 152 100  47 100 167 163   0  60 187 113 232][ 66 184 146 176 137 237  48 198 171  49 160  24 142 158  64  26 163  59
 203  16  18  75 146 224 155 209  22 123 192  80 135  27][170  96  18 168 105 173 121  75 131  37 200  25 140 157  96  28 142  29
  83  20   2   3 194 146  71 220  24 123  86 133   2 138][191 255 168 118 155 119  23 253  19 238 188 125  82 252 223  51 157 223
 213 243 253  99 251  46 123  79 165 191 235 119 222  87][233  69  50 200 237 245 182 119 196  98 205  50 156 156 160 228 206  26
 154 235 244  47 101 150 115 125 138 123  22 205 185 143][229  52 181  95  60 188 233  17 124  75 115  80 243 116 156 125  84  42
 124  46 179 228 239  15   5  58 226 136 196 227 210 101][229 116 125 103  40  15  67  56  96 174  39  76 243  81 153  49  20 100
 116 110 232 180 249  29  71 139  97  48  96 171  70  98][ 37 173  83  97 240 234 110 115  41   9 120 104 151 243 192 176 178  46
  70  92  19 154 128  76 172 188  38 224 200 194 195 129][ 27 159 106 220 178 130 127 119 188  65  94 230  61 238 182  96 118 187
  31 141 243 153  36 239 240  45 190 128  37 144 161 121][139  90 115 222  37 150 248  23 253  78  86  71 169 158 183 229 230  57
 191 141 165 156  54 239 131 127 250 138  30 132 105 127][ 58  89  99  92  19 214 150 230 245  76 234  35  42 220  39 228 232 250
 146 193 207 171  52 173  51 101   0  11 115  31 124 222][ 10 135  66 155 215 177 182 239  84   5  76 183 169 232  46 196  95  11
 130 133 118 170  12 255 110  69 158  75  63 206 189 204][ 53  39 111 229  54  43 235  48  68 160 159 226  83  45 145  32  62 164
  29 189 136 176 101 140  92 205 169 212 165 170  80  33][142 121 178 250 235 133 191 216 170  24  49 109 156 215 105  27 167  25
 215  82 194  67 154 112  85 145 110 174 154  87 163 179][ 35 201  99  89 116 151 234 119  85  72 116  70 176 200 182 228  88  42
  18 141 207 186 116 255  38  62 146 192  95 140 248 220][ 52   3 107 227 116 167 107 120  21  44 251 231  83  77  57  64 124 136
  23 255 152 178   9 156  62 204 161 196  53 139 116 193][ 46  56 210  24  97 245 184  66 175  21 112  17 140 218 103 156 239  57
 131  17  22  62 146 211  12  28  26 107 215   5 111 199][ 40   0 250  95 193 124 112   3  51  23 101  17 104 251  46  88 217  42
 163   0  22 122 186  83  71  63  80  11 211 192 110 194][  2 144 150 155 109 165 184  79 158  27  81  18 172 254  32  73 199  59
 179   1  18  92   2 209   5  18  90 234 144  76 161 155][ 24 154  56 185  58 201  27  91 158  77 220 165 191 215 162  64 215  57
 175  17  22   9 107 159 203 197  59 253  16 136  13  91][ 90 159  60 187 186 158  26 191 191 125 218 165 255 127 138  80 183  87
 253 149 158 137  75 191 234 247  63 215 182 198 133  91][165 237 101  74 252 143 207 248  87 240 177  74  83  73 253  37  89 200
  23 126 235  98 124 190 111  24 165 124  95 187  80 160][ 85  93 159  39 162  42  71  51 104 234 187 108 247 114   1 115 182 247
 124  35 237 209  25  42 176 166 111 144  40 114 131  11][  3 190 227 145 246 179 168  23  94 225  90 246 176  44 148 228 127  47
  18 157 183 156 101 207  44  30 190 194 141 140 145 253][ 31  77  67 166 212 146 110 240 101 192 219 199  89 238 177 240 126 237
  20 239 157 147  44 238 186 108 175 128 175 247 184  84][116   7  89 110 178 226  95 107 116   6 253 160 115 103 168  80 127 187
   4 160  56 130 101  31 242 167  35 141 117 226 166  33][157   6 228  53 228  42 233  90 127 235 115  87 219  40 159  44  59 207
  54  29 181 244  69 194  68  46 114 132 239 237  81 196][132 146 155 251  37 189  48 208 159  25  85  80 134 209  40 108 133  27
   6  24 178 180  58 243 143 214  50  74 154   9   1 167][128 207  30 190  26 128  61 103 172   4 200 229 189 230 162  65 102  51
  27 192  66 139   2 125 240 161 186 137  16  18 161 153][ 10 221  50 186  91 193 185 230 191   4  72 163 172 223  34  68 230  59
 179 193  70  11  18 253 253 116 154 203  22   4  37 219][168 125  34 235 253 173 183 214  37  45 253  63   0  29  98   4 236  26
 219  20 146  63  80 162 119  85  18 107 211 223 246 251][234 204 132  62 201 104  68 175 147 151 168  25 226 234  68 222 201 231
 232 129 120 111 195  35 189 182 220  59 208 124 206  14][ 88 249  59  96  57 205  87 247 110 108 236   8 191 151  64  48 148 187
  92 120  75  43  48  61 251 201  37 124  72  16 198 123][ 51 137 132 191  93 140 224 161 135  17  99   7  98 232  12 194 232 226
  96  69  78 120 219 181  13 248  69   2 121  14  88  14][255 201 225 238 156  18  79 189  82 224 218 202 243 108 145 228  88 236
  60 239 217  58 237 170 184 237 175 184  47 191 240 124][174 237  97  69 255 187 246 230  95 162 120 171 202 249 149 148 187 239
 215 111 240 184  76 255  62  94   5 183  87 253 211 229][233  66 236 237  44  18  73  30  66 156 148 224 177  35 209  99  78 212
 125 236 200  66 231 137 198 249 239 156  52 176  64  41][229  24 197  25 232  52  74  26 127  90 113 244 183  66 153 255  79  72
 126  94 191  70 207 115 132 122 234 136 156 229 122 149][ 24  29  91 237  86 102 175 114  52 200 250  70  57 183  33  64 126 253
  19 235  65 187  16 236 241 229 170 128 125 185  37 187][234 182 188  54 169 125  20 191 187 127 165  61 238 126  78 155 133  83
 237   2 118  69 219 163 207 211  84  59 202  84 143  95][129 200 123  91 116 143 249 212 127  17 119  16 188 211 180 108 119  40
  50  24 163 188  51 241  71 191  18  64 210 128 225 169][252  85 123 238 116  79  95 248  21 172 255  10  91 125 170 112 126 252
 151 234 104 179 121 174 115 237 165   5 115 187 100 115][ 27 157 114 239 246 146 250 119  13  65  94 162  61 191 180 100 126 187
 151 141 214 152  36 253 118 125 170 194  55 142 241 157][179 203 108 159  62 146  79 189  22  72 212 230  97 198 186 225  86  42
  31 205 239  12 111 189 162 235 186 144  60 156 152  93][192  49 243 197  52  34 105  55 104 129 118 112 189  55 144 119 102  62
  31 136 177 152 161 202 196 184 178 128   6 128 227 169][ 46 108  51  74 217  63 158 199  28  39 236  24 142 189  37 157 219  26
 219  58  48 175  96 162 115  92  28 123 211 221 167 170][121  66  67  69 118  18 106  48  97 224 122 230  83   2 148 244 126 140
  22 174 201 180 229  78  54 172 162 128 111 162  98 180][  5  28 181  89 172  62 105  27 126 219 121  84 150 116 149 255 199   0
 126  28 179 100 123  82 133  62 115 220 152 224 211 181][188 124 181 246 133 111  87 246  81 170 164  26  94  59  65  27 169 246
  81  98 105 247 120 170 241 218  85  50 227 121  86  42][ 66 168 146 144 251 225  48 195 175  21 130 161 172 214  96  90 167  59
 235 144  18  75 130 241 157  20  30 235 128   4  39  75][243  92  99 172  94   2 236 118  20 226 216 239  49  43  49  67 110 229
  95 237 233 143 197 239 240 166 234 152  45 184 112 155][126 253 188 228 203 100 148 207 130 249 140  11  93 255  75  27 133 215
 249 241  26  75 218 128 251 193 207 255 128 112 135  83][ 10 133  40 155 215 211 190 239  30   5  76 147 232 236  46 192  89  11
 131 149 118 184  76 247 110   7 158  71 151  76 189 206][ 62 254  80 170  48 201  26 204  15  77 217 169 175 206 234 208 223 187
 151  81  14  10  72 247 186 213  42 255  22 143  13  95][ 35 168 178  92  81 133 232  97 255 129 224   9  40 235  52 148 168 169
  67 140   2 235 146 221  31  62  18  10 195   4  99 142][ 42 120 242 154 111 213 184  66 207  69 120   7 172 206 119 140 234  59
 131 209  71  43  50 241  23  85  26 107 223  30 111 223][249 223  76  45 168   6  94 182  32  44 254 229 151   3 131  83 198 199
  77 238 204 139 193  45 226 233 174 144  40 145 170  89][102  56  34 146  77 133 185  64 171  93 145 143   8 156  95  31 172 137
 211 215 134 103 218 224  84  24 138 251 205   7 123 215][ 82 159 120 236  50 142  91 191  47  13 222 229 255 255   8  80 183 247
 125 132 154  24 203 255 254 255  47 192  60 130   1  89][ 29   4 162  21 213  62 233  86 117 235 127  86  91  41 191 172 121 206
  54 157 177 244  53 202  92  62 210  68 239 253 248 212][ 48 253  59 106 116 207  87 244 101 104 108   8 183 151   0  48 180 185
  94  74  75  59  48  61 243 217  36  40 112  18  71 123][ 46 250  49 170 125 157 154 216  15  45 184 237 174 204 234 132 223  57
 135  85 206  35 202 179 154 213  47 255  82  15  15 215][168 196  50 202 255 115 158 239  92  35 200  26 141 185  52 101 219  27
  27  43 116 175  84 254 243  94 154 123 150 221 169 142][ 41  89 115  73  52 150 234 114 109  72 122 100 187 216 181 228 254  40
  22 108 135 176  52 221  38 253  34 128  91 134 104 149][ 25  71 106 173  52 134 239 114 228  76 222 199 151 200 179  64 126 169
  31 237 212 177   4 204 224 109 170 128  45 187 121 193][ 57  50 172  13  77  95 225  91 118 253 231  12 131   0 130 252 104 140
 234   8 141 254 247  29  71 227 113  65 107  12  94 254][ 44  70  99 235 116  67 235 216  68 136 123 226  81  77 185  96 126 152
  23 254 129 178  13 158 124 140 163 196 125 187 112 177][  2  20  55 222 119 244 185  66 253  75  95  51  44 222  54 108 230  51
 159 129 181 143  50 238  19 126 154 139 158  68  37 255][ 35 193  97  11 116 155 232 111  92  73  88 102 176  88 190 228 216  42
  18  13 215 184 101 221  38  30 186 194  93 142 240 221][ 51 221 103 238  93 150 254 245 133  72 219  66 105 255  60 228 248 235
  23 235 207 139  58 255 179 252 142 138  63 158 240 141][135 235  23 250 232 133 190 216 170  26  49  96 140 211 233  31 135  91
  71  94  66  67 138 240 166 216 111 174  24 211 163 129][ 71  60 165  23  44  54 170  48 104 234 155 116 252  56 213 175 133 101
 124 159 181 220 255 232 140 126 255 130 140 231 115  85][ 29  11 127 100  52  22 111 114 117 136 126 102  27 163 177 224 118 236
  12 110 205 177  37  12 242 237  35 128  42 185  96  33][ 57  61  51 224 213 223  86 247  97 136 188  10  62 121  53 180 184 251
  21 104  89 171  48 172 187 221   4  58  99  90 234 170][  2 144 150 155 109 165 184  75 158  25  81  50 172 222  96  73 199  59
 179  17  18  94   2 209  13  16  90 234 144   8 161 147][ 50  48  82 232 111 193 152  64 143  57 177 170  12 158 100  32 174 153
 151 209   6  35   2 212 145 144  10 255  21  11  45 151][182  46 172 186  25 233 154 202 159 183 145 187 142 237  79  11 153 209
 205 147  42  71  74 179 155 215 217 191 149 109  22  82][ 58 217  58  60  59 213 150 231 213  72 220  33  46 156  38  96 204  59
 147  65 206 171  18 189 115 117  24 139  83  28 189 223][116  52 125 103  32  47  67  57  96 170  51  76  83  81   9  17  16  52
 101  42 169 180 217  12 193 171  97  52 104 163  66  51][  1 175  83  65 240 206 110 245 104  72 122  64 151   2 128 180 182  42
  70 124 211 152  33  93 172 152  38 192  64 130 195 173][232 175   2 250  61 137 146 174 158  61 144 125 162 137  96  64 201  70
 237  82 110 111 202 183 234 241 182 125  90   9 220  10][ 82 185  18 248 107 201  48  67 175  29 160  40 174 222 100  16 162  49
 203  16  18  43  18 209 155 208  27 123  80   8   7 139][194 100   2 108  13  39 110  79 181 130 202  81 129 139  49  65 216  46
  91 171 104 135 144  14 179 252 154  24  32  81 242 138][  8 154  56 168  50 207  91  94  23  77  92 165 191 151 162  64 214 185
 159  20 138  24 113 157 219 213  58 201  62 140   5 123][114 135  40 168 217  97 156 111 143  37 136 171 140 174 106  82 237 147
 235 129  90  11 194 209 249 245 142 255 144  78 165  74][ 99  97 168 140 109  12 153  72 139 124 149 143 140 136  94  14 142 133
 255  71 198  99 214 209 212  56 203 191  28  47  27  71][  3 157 107 193 244 191 171  55  92  73  94 198 240  36 182 100  55  42
  19 189 179 184  37 223  44  46 190 192 141 138 209 253][193  88 149 247 100 141 176  22 217 123  18 124 190  52 129 175 134  55
 126  13 165 252 113 233 133 218 112 178  72 152   1  61][131 201  67 139 100 152 172 196 236  80  91 199 172 136 254 228 226  43
  18 207 199  56  46 241  36  24 138 136  28  31 249 157][189 204  68 203 172  27 199 248  87  58 181  78  83  65 253 165  89 200
   6 110 235 102 111 191 170 203 229 124 127 187  88 164][ 55  77  75 174 212 146 110 240 181 192 219 199 113 234 179 240 126 238
  23 239 205 155  12 238  58  45 175 128  45 247 120 220][178  71  90 172 114  67  30 111  57   6 248 187  15 158  39  81 126 185
 135 163 104 135   0 206 176 229  42 139 117 112 166 195][  1 189  59  73 242 243 171 119  94  65  92 230 176  22 166 100 127  58
  18 152 147 152  36 127 108  13 186 192 157 194 165 253][ 27 207 103 222 242 146 239 119 125  69  94 226  61 231 182 244 118 187
 151 205 240 153  36 239  48 111 190 192  39 132 165 252][  2 157  50 154  83 197 184 103 191  21  76   3 172 223  34  68 230  59
 147 129  66  27  26 245 187 116  26  75  18   4 165 186][ 90  70  71 197  50  66 111  54  45 224  94 226  89   7 177 228  54 213
 189 232  65 145  37 204 182 238 170 132  39 178  37  57][ 62 137 182 250 197  83  84 228  77  49 224  10  95  56  53 105 200 219
  19  81  28 251  88 164 219 211 222  87 147  27 176 142][ 66 186  22 152  99 128  56  71 190  29  82 183 172 198  98  72 167  59
 171 145  22 217 130 209  28  18  26 203 148   4  45 219][ 57 149 122 108 245 159  86 119  65   9 124  14 123 121  62  48 216 170
  23  40 221 186  48 143 123 205  36  64 107 202 250 139][177  89 127  93  54 154 226 112 252  72 246  96 243  92 180  97 126  32
  94 109 237 169 101  31 162 171  34 128 125 136 113 253][153  95 110 168  52 150 236 118 228  72 214 102 157  26 179  97 238 160
  30 237 237 185  21 204 242 233 234 128  44 152 121  25][109  89  85  71  36  15  99  24 100 168 115 108 251  81 145 180  22 100
 108 110 129 176  89  44  68 168  97 144 106 179  66  33][ 72 141 121 233 112 139 123  63  55   9 126 236  61 135 176  80 118 191
  63 156 154 152  65  95 254 237 161 200  62 128  32  57][157 120 149 248 155   7  51 218  62 115 128  84  28 215  97 120  55  89
  90 208  35   5  51  82 217 134  59 100 152  17  33  35][ 35 245 113 203 215 221 175 253  79  45 124  42  24  93 252 164 127  26
  18 120 211  58  44 247  63  12  37 238 119 154 214 253][135 201 103  27 100 147 174 244 127  74  82 230 120 204 189 237  55 104
  50 207 229 180  44 255   4  62 255 132  95 181 121 245][  6  28 126 216 223 240 185  66 140  85  94 179  44 254  38 104 239 187
 147 145 182 139  50 231  83  55 154 203 149  65 173 247][188 115 122 226 119  23 255 120  69 136 117  78 123  89  61  32 124 168
  23 106 200 182  56 255 115 201  33 168 127 187 108 177][ 18 170  18 152 107 193 176  64 143  29 177 171  44 158  98   8 166  57
 207  81   2  43   2 241 145  16  26 251  84  13  37 203][  1  12  63 183  52 238 233  51 236 202  90  66 181 183  49  99 202  47
  59  13   1 184 112 108 197 170 250   0   4 104  17 248][222 249 148 184 171  68  20 207 191 191 128  48 142 215 105 219 229  83
 237 209 122  77 138 208 217 209 127 255 146 113 165  35][ 24 149 191 240 211 238  53  87 190  63 110  51  28 191  32  88 167  31
 177  16  16 153  48  22  91 231 116  67 162  64 133 123][  2 176 146 153 237 165 184  75 158  25  81  50 140 222  96  73 207  59
 179  17  18  94 194 209  13  16  90 234 144  73 161 147][152 252  31 240  35 228  57 150 188  11  66  16 188 151  32  89 167  59
  61 144  99 221  18 111 195 247  58   2   0  64  37  59][126 221  99 224  85  81  90 232   1 228 189 171  91  93 105 144  88 220
 149 242  77  35 248 190 251 205 129 253  55 191 126  82][ 50  89 110  30  95 192 151  96 132   4 196 163  97 204  55  65 104 240
 211 227  76 171  62  61 112  33 138  25 117  59 126 218][ 57  70  67  69 116  18 234  50 113  98 122 198  19   2 149 244 126 140
  22 172 201 180 229 142  22 172 162 128 111 160 114 188][122 135 160 168 213 235  91  75  19  37 189 187  14  47  98  80 217 155
 133 145  26  11  64 151 219 215 152 255 179  78 180  82][ 17 203  83  69 178 143 110 245 108   8 122  96 255   2 128 180  54 104
  70 110 193 184  33 125 164 140  38 128  64 146 195 173][121 185 121 104 213 213  67 221  67  77 252   8  19 149 246  48 216 152
  22  88 155  58 240  21 123 205  32 125 115 138 246 235][ 26  95  78 188  18 130  62 118 180 134 218 231  45 174  35  65 102 235
 175 199 228 137   6 239 240 103 190 131  45 245  41  89][182  46 168 182  45 233 216  74 159 190 145 153 174 204  87  11 137 233
 237  23  46  71 202 178 211  87 217 187 196 109  22  66][  3 180 177 153  86 247 169  95  94  65  88  86 180  22 190 100 127  11
  18 157 147 152  53 215  13  30  26 194 157   8 161 253][ 80 245  59 106 112 205  87 125 117  73 109   8 119 215   8  48 180 186
  95 106 123 187  56  63 251 141  36 104 112 130 230 123][ 47  66 166 151 237  52 237  93  87 223 215  86 200 232 255 238 249  76
 254 157 149 243 163 192   6 127 247 132 207 255 248 245][ 86 205   2 190 149   6 102 230  60   3 195  81 183 171  49  89 233 199
  75  35 120 139  25  46 177 182 222  24 184  81 243 138][167 197   2 138 221 189 174 229 204  66 217 215 188 200 126 224 248 131
  26 231 247  35  30 227  53  28 142 104  29  95 249 212][171 141  34 254 253 149 222 245 213  73 221  70 105 249  62 228 216 170
  23 239 255 171  26 255  58 253 142 202  31 142 248 141][ 41  89 183 118 229  95  68 182  65 250  54  72 123  57  85 191 200 102
  54  74 201 250 241 168  47 219 117  48 202 248 216 169][ 85  85  87  69  19  26 110  48  97 224 254 230  91  50 133 246 118 197
 188 234 201 176  53 204  54 238 166 134  47 179 104  53][ 43 135  96 139 116 155 170 125  78 105  89 230 232 200 188 164  90  42
 147  13 215 184  77 223  36  28 170 224  95 142 217 133][  3 149  17 157 179 165 184  39  29  73  88 247 172  62 160 196 198  59
  18   5  87 152  83 215  36  52  26 194  30  12 169 157][209 118  25 189  12 236   7  15 158  78 234 117 246 208   3 194 216  42
 108  39 107  37 210  31 160  36  43  58  24  88 216  83][120 203  96 108 104   8  79 182  33  12 246 237  43   7 147  22  78 196
  77 206 200  26 229  41 246 248  36 152 102 181 102 121][102  62  17 210 105 233 148  67 187  58 185 109 166 223  69 157 141  59
 206   2  47  99 202 255 144 214  19  59  18  89 135 151][130 160  18 153  78 169 168  79  30  17  80  18 140 138 112  73 111   9
  51 145  18 156  67 209  20  16 218 236  20   8  33 136][185 114  47  77 105 127 113  94 102 109 255 125  19 157 130 126 236 156
 234  84 141 253 243  20  87 105  48  86  75 141 214 255][ 42 169 176 154  77 213 185 199 139  69 252  11  40 222 102 140 204  59
 147 209  70  43 242 241  23  84 154  59  87  12 127 238][146  79  10 171 210 160 174 231  60   6 218 247 169 142  51 193 126 171
 159 231 236 159  68 234 180  97 170 128  29  87 185 216][  2 177 146 153 237 165 184  79 158  25  80  18 140 222  96  72 239  59
 179  17  18  90 194 209  13  16  26 234 144  72 161 147][ 83  86  79  69 114  82 106  54 233 192 254 230  25  18 181 246 118 245
 188 232 205 153 165 204  54 173 162 128  45 178 105  29][  2  58  82 154  75 193 184  64 142  29  81 163 140 206  98  72 230  57
 135 211   2  27   2 241  20  16  26 235  21  15  37 195][ 99 123  72  53  96 140 111 182 169 200 126 237 191   3 147  86  70 236
 125  78 201  24 212 105 228  56 174 136  14 181  90  89][ 33   4  65  69  84  42 105  19 101  64 122 198 147   3 148 244 122 140
  22 172 137 176 101 206   6 172 162 128 111 200 112 188][142 157 126 185 222 240 184 226 158  21 220 179  25 190  38  73 239  59
 179 209  54 154  50 245  95  99 218 203 149  73 165 218][  2 186 134 153  19 130  56  66 190  21  66 183  44 142  98  72 231  43
 171 149  22 221 131 245  28  50 154 203 156   4  41 223][ 34 185 178 217 207 229 184  71 139  89  88  63 140 158 116  10 239  27
 147 145 146 122 210 208  29  16 222 235 149  76 181 211][ 41 132 106 111 244 175 235  59  84  13 127   2 115 105 186  32  89  42
  18  60 176 184 121  31 111 143 160  64 211 202 208 224][ 72 152 156 177 169 248  48  19 169 125  14 165 191  55  66 218 134  55
 253  20  23   8 240  64 198 245 122 211 138  68 143  91][131 178 131 153 117 183 168  75  94  91  81 215 140 206 252 236 255   9
  18 157 151 156  54 211  12  30 154 238 156  12 177 213][ 39 247 115 195 247 215 175 245  94 105 125 102  88 220 252 164 127  56
  18 250 211 178  60 223  63  12 167 230  95 154 229 181][191  66 102  44  70  18 234 104 213 134 215 231  75 200 191 205 122 172
 166 239 236 183   4 140  18 107 227 129 103 191 120 196][250 195  45 252 136   6  77  57 177  63 135 153 195 103   8  83 196 149
 109 166 120  70 203  21 241 242 237 220  50 160 134 114][162 219 127 219 116 133  57 214 157  76 116 246 188 135 164 101 238  59
 151 220 227 184  48 255 103 152 178 128  22 136  37 249][137  94 127 109  38 154 171  54 108  66 246 224 191  29 180 225 110  53
 126 106 225 189 101  47 102 239 114 128 125 129  97  57][210 223  74 188  58 144 190 230 188  70 144 231 237 238  51 195 167  99
 239 229 230  15 134 255 184 119 239 187  28  52  41  93][146 203 174 183 138 146 188 231 132  23 210 183 173 174  50  66 230 103
 191 197 220 221   7 225 240  97 250 129  36  20 189  91][ 81  88 127 189  36  70 119  50 124  74  82 102 247  24 179 104 230 165
  62 207 197 180  37 234 212 175 114 128  60 176 113  89][ 62  52 241 241 209 235  80  75  19 167 125 187  15 255  96 152 217 185
 151 144  26 158  80 146 207 215 145 103 179 204   6 242][203  27 126 181  98 132 105  48  45 206  86 103  61   3 179  79 102 165
  63 207 193 156 177 236 214 251 234 128  46 165  33 121][169 137  87 125 112 139 105  55  61   0 118 196 185   7 180 241 110 189
  87 236 163 152  81 127 102 249 178 192 127 128  98 185][184 211 154 232 125 133  82 204 199   9 176 107   2 217 104  66 200 240
 239  81  90  43  66 162 251 221 164  95  89  10 124 139][ 95  95 198 188 146 146  46 112 165 192 218 231 109 238 179 196 118 229
 191 239 205 131   4 238 176 102 175 128  47 247  57  85][  3 132 107 203 244 167 235  51  92  69  95 146 240 109 188 100  89  42
  19 157 179 184  53 223  45  62 130 192 149 138 245 228][135 203 103  29 228 144 172 188 223  80  82 230 232 232 181 237 126 106
  50 207 199 248  47 241  44  26 207 130  95 188 249 221][198  26 181 223  46 120 133  34 204 142 219 242 228 120 165 239 194 119
 110   3 224  65 239 232 132  50 106 154 148 111  21 101][  3 148  16 153 243 189 184  35  31  65  72 215 172  58  38 196 231  11
  18 133  23 152  85 215  12  54  26  66 156  76 137 158][222 248 148 178 139 197  20 143 159 191 128  61 142 151  65 223 199 213
 237 145 106  79 219 242 153 211  95 255 154  20 141  27][159  77  14 187 141 189  46 246 172  82 194 215 169 202  59 203 237  43
 219 239 239 149  16 175 160 225 142   0  24  85 185 156][188 124 120 106  87 215  87 252  81 226 124  14  83  95  35  48  93 248
 151 234 233 182 120 190 119 207 165  40 127 187 126 187][ 61 253  17 234  91 197  87 248  67  72 233   8  62 223 104  48 252 217
  20  98 207  35 184 191 251 221   5 126 115  51  98 227][172 121 106  87  68 199 119 112  85 226 103 130 113  85 147  53  88 248
  19 202 233 246 125  46 103  15 229   0 111 187  86 250][176 253  59 104  82 207 119 255 117  72 108   8  54  87   8  48 180 152
  87 106  99 186  57  63 247 141  33 108 120 144 230 243][246 143   5 236 136  70  79 187 161  63 135 217 199  39   8  83  69 213
 237 234 120  73 203  21 241 242 235 220  48 160 132  34][ 43 177  58 170 245 197 249 223  27  93  93  31 156 157 122   0 223  27
 151  29 210  58 122 209 247  93  58 236  30 142 167 219][187   2 230 172   6  50 232  88  85 134 215 247  75 136 183 204 126 140
 167 173 172 183   5 138 146 111 234 133 103 173 120 196][  2 185 178 137 239 197 184 199 142  25  88  35 140 158 100   2 239  59
 147 145  18  58 210 209  29  16 158 235 149  14 181 219][ 83 203 142 191 134 146  60 134  22  87 218 231 109 234  51  73 230 231
 191 199 204 221   7 225 240  99 254 129  44 119 185  88][ 67  18 187 244 114 230  57  87 187  75  95 118 156 158 162  96 230  61
  23 129 133 157 176 194 215  61 186 128 140 192 165 211][164  58 248  91 116 239 243 218 118  15 117 112  48 209 231  56  25  24
   6  24  34 252  11 115  79 143  49 101 209 137  78 171][167 206 103 223  86 146 174 182  92  66  82 246 240 104 189 236 127  98
  18 239 165 180 109 239  36  62 254 128 221 253 241 237][ 59   4 195  69  86  58 232  87 125  67 114 214  25  42 148 236 122 140
  22 172 165 180  37 202  22  46 242 128 239 204 120 188][  2 185 146 153 239 165 184  79 142  25  88  34 140 158  96  72 239  59
  51  17  18 152   2 209  13  16  26 234 144   8 161 139][  7 136 161  91 117 253 161 138  94  25 114  82 176 216 189 108  89  42
  50  25 163 252 111 247  13  30 146  64 215 141  84 236][139 152  63 219  37 133 249 118  28  90 244  86 189  23 172  97 238  51
  31 204 227 140  51 255  71 219 186 128  26 136  97 251][  2 186   6 155   3 132  56  64  62  21  67 135  44 138  34  72 230  41
 179 213  22 222 147 245  28  50 154 203 156   5  41 222][ 87  77  67 172  18 146 238 113 165 192 218 199 105 238 179 228 126 231
  63 239 205 139   4 238 176 108 142 136  45 182  57  20][169 236  89 106 244 143 111 254 115  74 124  72  51  81 177  48  91 200
  22 126 227 190  40  63 111 143  37 108  91 155 194 169][  3 203 231 157  44 146 172 174 222 210  90 231 233 232 181 229 223 107
  62 207 199 232  47 249  36 122 207 138  31 124 121 221][222  72 103 164  23 210 106  64 165 198 195 131  73 207  51 209 122 229
 137 227 108 135  52 206 146  97 139   1  39 183 116  64][ 22 123  82 154 107 129 186  64 141  20 209 171  44 206  99  74 238 185
 203 211   2  35   2 241  21   0  10 171  21  15  37 195][214  89  55 222  75 196 151 112 140 204 197   6  60 214  37 103 236 241
 187 195 201 199 178 232 145 224  74 154   2  55  37 119][ 25  92  87 109  32 190 255  50  45  74 254  68 191  63 177 228 198  53
 124  14 201 184 113 173 231 255  98 128  90 176 105 185][ 75 206   6 190  44  16 190 236 204 202 216 231 173 170 183 194 198  97
 191 231 229  15 142 255 162 119 255 170  28  55  57 221][176 253 121 109  84  79 119 254 125  72 108   8  54  23   0  48  52 220
  86 106 225 186  49 127 119 141  33   4 106 177 198 251][ 66 186 246  24 123 208 176  64 171  85  82 167  44 222 102 206 166  57
 227 145 150  89 134 209  30 118  90 203 167   4  47 223][204 254 151 247 244 166 114 150 115 255 123 119  97  43 200 202 229  78
 164 144 183 252 137 162  14 239 246 194 171 213 240 155][ 39 208 105 203 124  71 251 216  11 125 181 231  88  93 254  36 223  25
  23 191 195  38 121 213  71  89 171 230  95 142 117 241][164 112 250  91  78 229 177  80  90 186 117  26 176 213 237  45  92  56
  51 218 131 118 250  80  71   8 115  42 209 137  71 163][164  99 236 105 236  11  77 159  22 191 176 153 211  41  83  24  77 132
  71  28 252  54  69  18 110 143 245 181 245 248 214 192][ 95   9 135 187 141 124 108 139 175  82 139   0 223 254  49 235 225   7
 120 143  77 193  27 208 129 251 222  22 152 117  57  22][129 205 123 115  52 140 105  55 252   9 118  80 191   3 144 113   6  42
   6   8 227 188  32 103 230 249  50  64  64 128 195 169][214 240 145 178  11 197  16 148  59 187   1 125 238 215  73 217 215 253
 189 210 111  86 218 242 153 215  95 187 186  20  11  27][ 48 245  61 105 152  87  93 255  36  21 172   0 243 127   8  49 221 147
 205 160 122 171 121  29 235 219 134  85  80  18 230 122][121  27 251 228  52  63  78  48  85 224 255  78 251  40 151 242  62 228
 124 110 141 177 245 138 210 255  97  16 109 251  72  92][205 120 159 182 104 158 122  80 233 232  55 100 220 215 243  59 134 109
 126 127 133 197 154  72 194  89 107 168  10 183  11 145]