[200  87  63  74 187 255  23 127 230  78 109 124 158 215 162 244 133  62
 236  42 243  13 187  55  99 229  48 238  82 211 135 249][  1 233  22  18 201 141 173 231 234  21 104  28 172 226  66  22 133  43
  98  12 194 120 178 117  45  18  86 104  64   0 131 140][  2 193   0 136  20 129 140 101   4   0  80   2  32   8  48  64  72  34
  19 129  82  40   0 157  32  32 138 192  21   8 176 136][149 201  77 253 132  10 239 176 116  50 242  82 211  42 176 105 106 229
  60 234 253 156  45  63 228 171 235 196  61 185 249   0][ 98 194 176 200 205 197 152  75  79  53 185  26 142 156 108   0 221 157
 179 145  90  55  82 211  29  22 159 127  81   8 245 130][  3 184 177 153  93 253 176 111  78 113  88   2 172 184 116 164 201  59
 162  17 151  58  83 213  15  20  27 107 208  12  13 142][ 66 184 186  26  40 164 177 135 174  89 140  29 180 211  66  74 129  35
 123  17  18  75 210 113 221  52  90 123 152  64 163  10][120  48  88 101 160  78  80  87  33  45 230  57  23  23  10  27  38 150
 237  32  24 219 209   0 215 225 112  21  96 128 206  11][120  48  26 104  41 237  81  73 171  12 165   9  14 215  42  80 240 189
 205  32   8   7 146  88 211 241   1  59  50   3  38  99][190 252 112 115 180 187 222 183  91 226 188 185 111  61 149  49 159 251
 213  63 186 234 108 254 170 223   5 246 231 255 194  93][205 232 252 243 147 208 123 150  38  49  14  18 157  55  88 122  35 214
 249 216  18 220 191  98 207 239 246  69 162 208 173  42][ 49 201 111 204  84 146 239 240  85  64 246  70 115 225 181 228 120 236
  54 238 201 187 103 189  50 175 226 136 125 170 112 236][  2 175   2 154  89 197 186 239 158   5 200 129 172 230 106  64 221  59
 131 149  18  26 202 247 189  52 138 235  16   6  39 202][192 206  21 221  46 217   5 174 206  26 146  96 182  16 161 239 195  82
 110  74  99  13  99 189 132 178 114 146  18  24  21  45][210 126  19 180  35 172  60 103 189  14 242 244 172 150  37 213 166 187
 204 128 101 157 128 234 176 180  30 138   8  80 163  31][120 105 146  90  89 221  80  71 163  17 236   8  42 151 101 180 232 186
 194 152  10  43 178 113  83 217  20  43 211   0 110 170][249  53  83 101  17  79  67  56  96 224 239  72  83  85   1  48  16 188
  76  40  73 180 241  31 229 173  33  20 106 162  66  32][  7  87 107   7 114  27 171  56 108 232 127 230  81  68 151  36  54 108
   6 110 193 176  45  76  36  44  33 132 109 179  67 245][ 85 207  78 206  28 146 238 240 196   0 223  70 112 234 183 228 120 226
  42 238 196 163  14 253  50  46 163 136  31 191 120  12][219 250 107 226  62 144 235 208 231 200 159 230 121 143 250  98 110 132
 127 223 203 167 237 199 218 233 162 212  47 138 112 121][ 56  17 123  97  36  78  65  80 105   8 242  72  27  25  20 144 248 132
 132 104   9 178 113  76 209 233  32   4  97  10 118 160][ 86 173 244 119 147  10 110 165 121 177  35  24 107 107  92  23  51 207
 117 218 126 248 141 101 175 254  85  99 231 226 194  14][202  76 244 245 228  42 252 183  57 242 246 155 239  47  21  27 175 247
 255 140 232 252 199 234 182 255 214 130 231 244 195  89][ 34 205   2 140  84 129 142 231   4   0  88   2  32 138  48  64  72  42
  19 193  66 170   2 253  32   4 158 200  21  24 176 136][178  93 103  92  22 215 254 116 253  72 242 231  50 156 181  97 238 245
  23 199 237 191  52 239  51  42 130 130 101 186 116 255][ 60 158  27 218 219 197  39 240  20  27 228 114 116 115  40 225 121 210
 138   2 115  43 121  63 189 135 118  88 208  88 165 171][ 45  77  71 206  28 147 234 248 196   0 223  66 112 201 181 228 120 224
  30 234 205 163  12 255  50  45 163 144  63 187 120 140][178  72   6 156  76 128 174 102 148   0 208   2  41 202  49  65 104 168
  63 193 104 175  66 253 176 224 218 136  21  24  48 136][230 108 240 245 228  43 254 255  59 162 250 154 171  47  85  27 255 255
 119 131 232 118 193 234 182 222 223 160 231 253 211 137][  9 223  27 187 180 183 190 246  94  73  92  70 188 251 179 224 253 107
  23  77 231 184  58 255 239 255 190 130 152 217  57 153][130 154 146 153 122 161 184 207  30  23  80 247  44 142  34  72 239  59
 163 145  50 158   3 247  28   6 154 235 149  12 173 155][103 247 149  86 232  13 174 253 250 186 185  76 244 242 205 178 151  79
 116 110 227  67 138 123  60  30 111 188  72 114 227 173][ 18 193  14 172  20 128 140 101 132   0 208   2  49  10  48  65  72  35
  31 129  90 137   0 221 160 225 170 128  20   8 176   8][120 115  19  44  56 141  83  88 168 200 161 108 223 215 169 208  22 181
 236 106 201   3 208  93 208 161  33  60  90  35  34  51][141 156  27  87 213 220 103 243 244  74 238  18 242 112  59 227 121 106
  74  42 113 179 121  42 125 175  38   0 234 120 248 168][ 57 126 190 117  53 255  83  62 119 237 254  36 123 125 183 164 153 110
 244  40 173 249  57 191 107 223 101 147 235 254  92 255][ 67 217 142 221 102 208  61  55 190  89  70 246 252 214 162  98 102  39
  59 140 195 156  39 237 100  43 254 128  28   0 177 121][245  31  77   7 178  43 206  56 116 234 251 253 243 104 157  17  31 230
  76 111 237 244  77  46  44  14 101 144 109 251  82  85][120  48  58  96 121  77  81  79 239  45 164  24 150 149  64  24 168 156
 206   0  26 239 243  16 215 217  16 123  82   8  70 162][ 52 187 159 186 216  79 151 246  20  61 240 109   6 167  40  25 201 219
  71  18  58 235  24  32 249 134 124 250 208  90 166 251][242 196 118 245 244  42 108 111  57 162 250  18 205  42  28  83 251 199
 127 161 248 255 193 206 182 250 222 148  37 240 243   8][ 16 141  10 188 212 128 173 103  52   1  90   2  49 170  48  64 104  42
  19 129  82 184   0 255 224 165 186 192  53   8 177 136][104 188 177 113 209 205  81 159 122 249  36  24 190 151  64  48 129  94
  64  24  51 124 240  35 109 157  21 116 194   0 199 171][177  65  79 237  20   2 111 120 100 192 243  70  83   1 177 113 122 164
  30 238 233 179  37 140 244 235 162 128 109 170 112  32][  6 232 176 155 118 137 186 194  30   1  89 130 172 206 113   0 127  59
  19 145 130 188  72 243 172  20 154 168 149  27  49 152][252 124 127 101  48  79  87 188  97 232 118 108 119  85 129  51  54 212
  68 106 233 244 249  46 227 233  37 144 106 179  66  57][  2 248  18 154 115 201 176 198 159   8 112  32 172 158  96  16 238  59
 147 208  66  30  18 247  53  20  26 235  16   0  39 155][130  54 240  27 226 177 185  83  63  71 117 245 173 190 207  24 183  27
 151 149 182 212  47 115  70  22  58 226 142 197 167 213][178  72  78 188  68 130 238 102 132   0 210 130  57 206  53  65 110 233
  63 195  72 143   2 236 240 233 234 136  53  57 113 136][  2 168 144 155 118 169 184 198  30  51  83  18 172 138 120  72 239  11
  51 145  18 252  75 243  12  22 154 224 148   8 129 137][ 63 252 116 114 181 255  86 190 217 234 188  45  74 124 151  53 159 247
 213  55 188 235 104 190 107 223  37 246 215 255 214  87][ 37  60  91 227 116 235 235 112 116  73 121 252 183  65 152  52  26  42
  22  58 179 186 124  47 100 143  34  64 204 139  83 177][236  41  16 115 241 201  97 148 104 184  37  56 151  19  65  63   3  14
  68  90 114 124 216  54 205 209  53 124  66   1 195 163][ 42 188  32 151 125 245 185 102  29 111  85  55 172  60  86 166 207  59
 147 133 180 190 241 231  79  95 218 227 135  13  29 223][109  73 125 108 124  94 111  52 100 104 246  72 115   7 145 115  68 228
 124 110 201 180 101  44  39 233 224 144  56 187  80 121][129 128 150 216  45 205 113  83 207  25  84  16 190 145  98 109 130  40
  62  28  18 108  50 209 135  24  82 106 210  12  65 175][ 71 230 238  20 168 184 105 174 251 183  14 137 205 238 222 123  55 103
 109 125 180  69 167  96 186  59  93 253 196 245 135 108][198 221 246 246 252 170 254 182 187 218 186 185 236 255  21 123 183 247
 255 199 240 233 138 238 190 254  95 138 198 245 195  93][245 219 125 103  52  75 111 184 100 232 243 232 211  69 153 113  62 244
  92 106 233 176 109  45 228 169  37 148 101 187  64  49][ 32  63  23  30 254 171 150 112 222 236 122 237 230 236 162 149 150 126
 198  35 181 185  72  63  36  22  33 178  88 110 151 215][216   0 230 237  12   2 232  88 101  16 211  18  89 139  48  66 104 197
  63 129 136 181 131 192  22 235 234 192  55 168 112 128][198 157 242 254 166 176  94 183 185  74 154 177 236 127  60 114 167 119
 253 135 240  13 170 231 186 254  94 218   6 245 161  85][237 246 182  95 233 189 182 252 127  91 125  92 234 249 222 189 149  74
 230  30 247 116 251 243  47 127  85  42 202 215 235 221][ 38 121 234  68 242 154 254 214 137 226 116 171  17 175 245  50 110 253
  23 213 192  59 164 234 126  13 175 168 229 248  66 221][  6 141   2 154 148 163 174 103  20 131  91   2  96 234  48  64  89  42
  19 177  16 184   8 239  40  38 142 192 148  74 176 128][ 13 159 123 237 180 203 239 240 124 232 126 102 255 125 177  96 126 251
  22 234 225 184  37 255 238 205  39 192 108 187  97 177][ 35 202 104 142   4 129 142 236  68  68  80 135  32  12  63   0  88  96
  19 199 196  32  44 189  32   8 138 128  85  31 112 220][183  73 111 225 182   3 207 216 157 240  16 214  85  79 249 173 126 209
  23 255 249 193  44 228 168   8 175 196 181 185 177 241][ 72 147  56 169 155 121  16  15  14  53  12 185 143  15  66  88 135 147
 237  17  22   8 195  21 207 213  48 127 176   8 143  75][208 173  18 188 155 160   6 238 190   3 200  17 166 226  32  66 225 195
 104   1  62  11 139 119 185 164  10  95 144  65 171  10][ 34 201  98 200  86 129 174 231   6   0  88 131  40 206  52  64 126 171
  19 197 194 186   4 253  56  12 142 232  21  30 241 216][ 19  93  34  28 117 223 182 230 237 200  90 102  40 152 183 228 232 106
 150  65 197 187  36 239  54 124 142 131  79  28 121 141][ 37 149  93 241 180 239  97  59  94 123  63  94 215  57 216  40  17   2
  30  60 179  56 121 150 205 159  53 116 220 200 209  33][109  87  99 207 100  14 111 188  97 202 255 198 243  99 153 119 126 228
  60 238 233 176 125 238 102 236 231 128  47 179 112 113][226  48 226 210 109 253 240  70 235 119 177 159 170 156  86  59 235 179
 215  17 154 111 246 241  23  24  80 123 197  13  86 222][156  45  18 250  83 237 114  96 181  12 233  11 111 219  35  17 184 185
 205 194 108 131   2 239 179 245   2  11  99  39  47 130][ 91  36 120 144 162  56  61  23 185  67 180 152 157  38 130 121  39 147
 221 140 177  77 164 192 244 219 122 184 132 209 163 113][  2 141  34 141 150 131 170 103  12   1  90 130 172  46  48  64 110  43
  19 129 210 152   4 223  44  36 138 192  21  12 177 200][ 34 176  20 153 108 165 184  75  30 185 208  58 140 154  96   8 223  25
  51 145  18 126  75 209  29  16 219 254 148   8  33 139][233 195  71 222 100  12 109  61 113  10 247  92 251  67 152 247 116 196
  44 238 233 150 243 203 245 186 244   8  42 186 240  57][133 203  15 158  76 137 167 228 150  80 192  71 244 194 162  65 105 224
  10 206 103  47 110  63 244   2 239 124  24  59 177 232][237  48  89 101  52  47  97  19  57 168 115  76 151  19 129  48  30  28
  92  40   9 180 209  12 196 249  32 132  72 160  66  49][131 205  25 140 124  69 190 239 140  74 152 107 164 188  56   2 238   3
  83 231 100  43   2 255  52  20 142 190  20 126 177 223][  7  40 226 192 194  50 186 210 175 231  90 135   8 174 247  74  63 253
 179 148 132 145 164 224  30  12 159 128 135 247  97 221][166 165  80 131 252  43 202 105  31  49 185  26 206  72  92   0  59 137
  87  51  58  50  73 214 156 156 137 244 213  11 211 128][  2   5  18 136  23 160 168   2  12   1  90  18 140  42  48  64 107   3
  19 145  18 136  16 215  13   4 138 192 148  72  49   0][ 60  20 122 228 102  98 125  81 113 198 255  34  91  31 179 120 122 156
 151 168 184 179  53 142 211 239 162 133 103 250 118 243][  2 223  16 155 255 201 180 239  30  29  88  51 172 190 104  64 199  27
 131   1  82  56  75 247  44  20  30 235  20  24 133 139][ 75  49 110 108 120 153 185  24 171 232  87 172 253 223 214 182  22  61
 253 237 130   1 166 221  70 249  41 168  38 166   7 113][  5 239 149  83 248  45 174 220 250 186  56  76 244 227 221  43 149  74
  82 126 227  80 138 123  44  30  39 172 200 243 195 169][162  76  22 157 124 129 164 230 158   6  80   2 164 168  49  65 202 106
  51  65  98 188  66 191  36  54 218 136  20  88 113 136][ 79 103 114  79  50  26 110 184 125 160  95 228 201  99 157 244  54  76
  61 238 192 144  13 206  38 126  35 132  47 183  99  37][100 176 152  37 168  74  80   1 107 235  39  57 151  49 194  26 131 212
 108  16  29 124 201   2 206 150 117 119 232 162 138  19][  6 104 154 144  86 171 170 194 190 161  82   2  12 136 113  72 123 109
  51 209   0 147 128 226  20  36 139 160 133 121  49 128][ 82  96 210 133 102  10 232  64  41 160 242  10 143  10  85  90 106 133
 127 195  72 183 193 192 148 248 138 144  37  58  99 128][123 151  98   5 209  90 111 185 101 100 206 133  75  38 154 244  86 204
 236 238 205 146 253  13 246 109 128 133  46 182 254  84][150  24 179 218 211 228 185  65 158 135  69 146  60 222  36 108 255  57
 147 145  51 135  50 194  25  38 154  75 149  13  37 246][184   6 106 228 103 114  92  89  85  14 255 163  75  15  51  89 126 156
 151 162 168 183  37 142 211 237 162 133  39 239 124 211][ 57 141 103 236  20 146 111 113 197  64 254  66 123  97 176 229 120 166
  31 238 249 185  37 157 114 233 162 192  55 138 112 104][ 18 141  42 169 213 227 226 206  22  37 200   3  40 171  50  64 249 139
 147 145  30 153  25 255 185   5 154  71 145  78 116 202][124 107 218 174 106 202  87 224 160 140 232 169 103 231  35  18 166 245
 109 194  72 131 138  40 241 229  37 137  32  51  38  75][135 217  78 211 190   2 190 184 158  48 151 246 217 127 252  99 127 215
  63 255 243  65  13 244  46   8 239 196  61 179 161  49][195 122 175  21  58 134 173  55 234 200 194 228 188 166 130 114 102 119
 104 220 193 221 167 106 124  38 126 128   8  48 163 125][238  48  50 210 237 244 184 192 169  95 181  59 140 158 127 143 239  17
 215 147 150  39 178 192  87  89 218 251 214  69  47 215][ 24 221 123 238 118 199  95 245  20  12 126  34 117 215  32 112 118 254
  31 234 104 155  33  63 245 173 162 128  50 154 164 107][ 48 165  97  69 215  75 199 107  87 164 238 138  99  45  20  20 120 220
  98 168  72 186 117  31 127 238 133  21 103 170  86 232][ 69  48  25  65  32 127 115  25 105 104  39  72 210  16 205 188 144  28
  68 122 133 180 249   0   7 217  33 118  74  35  75 181][ 62 122 232  64 201 123  85 207 107 247 188 173  10  12  87  30 137 206
 197  20 158 111 239 210  59  93  21 127 231 253 222 214][242  69 102 204  92 146  78 117 213   0 254   2 106 233 180  81 120 228
  55 234 232 179  45 205  50 170 197 136 119 186 240   8][  3 158   2 153 114 179 168  71  30  67  90 247 172 138  50 192 127  43
 147 149 183 156  68 255  44  54 154 194 156  76 185 157][229  87 109  37 164  47 231 191 120 234 126 252 211 100 147  51  31  70
 108 110 233 244 237  46 228  43 101 148 108 249 211 113][  2 168   0 186  89 197 154 234 159   5 200   1 172 222  98  64 217  59
 139 144  10  10 218 247 189 212 155 123  16   4  37 218][ 78 234 227  52 193 232 109 135 163 239  42 137  43 238  86  30  33 255
 229 145  94  67 166  65 125  38 149 237 163  84 134 102][ 73 177 147  81 241 220  97  23 251 249  38  24 158 145  68 190 129  62
  64  24  19 120 176  64  79 217  21 102 202   0 195 172][210 173 213 119 211 200 108 163 115 177  42  88  99 107  92  18  51 239
 101 144 122 252 155 111 175 250  69  67 105  34 194 142][ 43 114 121  97  98  94  91  16 105 108  55 237 155  29 151 180   6 149
 213 111 205 180 245 200  70 217  32 131 111 151  78 119][ 16 205  10 172  20 128 173 119   4   0  90   2  53 170  48  64 106  43
  23 193  74 152   0 253 224 229 186 128  53   8 177 136][ 34 201   2 136  84 129 142 231   4   0  88   2  32 136  48  64  72  42
  19 193  66 170   0 253  32   4 138 136  85  24 176 136][201 237 118 127 184 187  94 191 247  19 109 184 223 223 132  52 135 127
 232  46 246  44 171  55  98 255  21 111  82 215 131  45][125 114  51  44  57  31  74  88 165 232 161 108 207 215 161 244  54 180
 220 110 201   3 224 156 210 241  33 188 122 167   2 113][130  12 134 148 132  34 168   2 180 146 210  18   8  42  49  75 105  39
  59 129  32 213   0 202   0  34 218 128 132  96  49   0][202 141  24 184 185 221  17 135 159  29   4  29 174 143  66  88 133  27
 237  17 118  12 210 183 255 245  28 123 144  12 141  90][181  52 222  85  32 107  71 120 113 170 229 124  66 241 143  63  24 236
  68 106  41 244 200  10   2 218  65  50 107 241  74 133][120 184 216  97  33 205 112  87  33  61 166  57 191  23  66 154 174 151
 237  16  94 218 209  33 215 225  48  81 226 128 142  27][  6 176 154 155 123 229 184 202 175  29 124  33 140 219 110  12 239  27
 131 144  22  26 146 241  79  20  26 239 210   7  47 131][ 18  78 103 204  70 194 175 118 252 194 122 231  57 175 181  65 110 245
  23 239 225 179   4 206 112  46 234 128 101 177 101 249][219 118 107 232 118 176 233  83 117 234 223 246  57 143 242  97 126 189
  95 175 235  55 165 223 242 237 171 152  47 232 112 113][242 132  86 245 236  42 236 111  57  51 242  18 200 106  28  91 123 199
 127 161 120 247 193 207 190 190 222  69 165 224 227 128][198 141 215 159 252  42 254 239 191  19 250  82 236 106  61  67 255 199
 127 163 114 107 139 255 188 190 223 140 133 112 225   8][ 47 253 246  86 180 159 222 190 219 235 190  41 110 124 159  53 151 243
 213  61 174 233  41 255  42 223   5 210 199 254 195  95][178  72  78 189  12 128 232 102 148   2 210   2 177 138  49  65 104 235
  55 193  72 190  67 237 148 227 250 136  53  56 113 136][ 11  32  51 216 109 221 104  67 237  25  48  80 140 138 116 239 192  32
 206  28   7  45 178 209 135  88 146 107  18  12  93 165][177  69  79 237  20   2 111 112 100  64 247  70  83   3 177  97 122 132
  30 238 233 178  37 142 244 171 226 128 109 170 112  32][213  91 127 103  36  15 111 176 100 168 242 236 211  65 145 113  62 244
 124 110 201 176 109  45 228 235 101 132 108 179  66  49][ 28 246 153 175 162 106  47 184  52 107  95 240 223 119 137   8  55  85
  93 234 225 148  73   3 228 167 111 132 172 243 135 177][ 31 245  98 230  59  23 222 252   9 232 156 175 125 253 223  38 190 245
 213 231 196 195 172 236 123  89 173 190  39 182 183 119][ 70 168 160 155 221 205  48 143 158  53  72  25 172 254 106  64 209  27
 235  17  22  24 218 243 141  22 159 111 144  12 149 202][  2 160 176 153  93 221 176  75 206  33  89  26 172 152 102 164 201  59
 194  17  22  58 210 211  29  20  26 107 208  12  15 142][ 61 243 225  75 124  27 195 152  99 125 189 237  83  77 223 180  24 204
 212 127 155  50 237  16  78  77  33 244 255 175  82 245][ 38  32   0 138  20 129 138 200   6   1  17   2  64 200 121   8  88   8
  19 243  18  34   8 180   8   4 139 236 149  11  48 128][109 154 155  92 123 221  49 241 118  92 246  36 122 118 170 253  93  48
 206   0 129 235 113  29  95 231 118  27 218  40  45 187][119 207 106 142  28 146 207 224 197   4 223 135  99 202 183  68  88 234
  14 239 204 171  46 191 242 108 131 153  21 191 120  76][ 46 112 168 147 125 221 187 208 159 125  87  55 236 220  30 140 238 123
 151 215 150 246 122 245   7  95 154 227 135  31 157 215][169  52  83  77  81 127  98  59 117 234 111  88  90  81 133 181  16 188
  66  40 169 180 113  30   7 254   1   0 106 224  66  36][ 88 143   6 110  18 210 130 165  52   5 207 129 227  97 152 196  49 230
 233 169 120 141  13  63 248 231 154  81 101   2 189  42][204 173  24 147 221  89 167 170 218 246  44 142 205 225  75 135  27  66
 202 110  99 100 254 187 108 129 103  61 218 127  95 216][ 98 160   3  18 217 253 128 233 171  81 161  25 238 204  94 148 137 131
 234  17  31 107 218 119 153  20  26 123 200   4 143  86][ 11 223 155 255 244 135 255 215  95  73  92  70 188 251 178  96 254 107
  23 205 195 184  26 255 238 253 190 136  28 154 185 153][116 159 151 167 212 102  68 182  49  63 250 119  66  42  40 222 225 198
  36 144  61 218 129 162 152 246 244 194 169 113 244  31][ 98 164 244 245 228  42 252 239  59 179 242  26 233  43  84  27 255 207
 119 129 120 254 195 227  30 254 222 128 231 240 227 136][105  85 101  79 100  78 111  49 100 104 127  76 243  49 157 244  84 228
  94 110 201 176 117  12 100 169 164 144  90 186  80 121][177  79  79 156  76 131 207 230 156 130 208  70  52 162  49  65 106 229
  42 207 105 175   6 255 176  38 239  24  29  56 113 136][ 49  72 107 205 116 146 234 112  84  64 254  66 113 136 181  96 122 172
  54 206 201 186 100 191 118 173 162 128  61 170 112 168][ 18 233 130 139  20 137 234 204  31   1  88   2 173 202 113  64 126 171
  23 209  74 184   8 249 172 196 138 224 149  27  49 136][ 61  19 107  77 116  10 227 120  68 136 127 102  83  73 185  96  88 172
   6 106 201 178 101  12 118 173  33   0 127 171 112 161][124  48  26 104  41 237  81  73 169  12 165   9  15 215  35  88 242 189
 205  34  24   7 146  16 211 241   1  63  18  35  46  99][  5 124  27 233 116 207 107 240 116  73 116 228 215  81 145  36  30  40
  22 124 171 180 117  47 164 142  32 192 232 139  67 177][  2 141   2 138 148 162 174 231  20   1  91   2  96 234  56  64  89 106
  19 177  18 152   8 255  40  38 142 192 148  74 176 136][211  32 122 243 170 152 124 214 189  83 150 144 157  47 208 123  39 151
 127 142 176  73 165 224 214 251 254 136 164 208 163 121][  2 159  16 153 114 137 180 239  30   5  88 167 172 206  34  64 247  27
 131   1  66  56   2 255  44  20  26 227  20  12 133 219][216 126 125 116  34 106  81  56  57 238 182 237 127  21 129  59 182 245
 236  96 169 229 177  12 211 227  97 146 106 177   6 123][127 191 107  13 209  86  95 248  49 204 254 229  91 102 150 244  92 236
 213 238 253 154 245 158 115 109 161 197 107 166 110 117][211 252 123 100  50  78  95 188 185 196 166 168 127  87 137 115  54 213
 125 234 233 197 181  76 241 233 109 148  36 176  39 121][  7 190 224 153 242 163 187 159  63  69  88 245 141 238 206   0  55  27
 151 149 183 152  61 246 110  20 190 198 188 214 163 213][229 229 157  46 248  15 142 237 250 187 185  88 246 226 220  50 157  79
 126 111 243  99 203 123  60 158 111 188 216 242 195 129][ 40 221  87 206 118 198 111 247  20   8 126  34 121 247 160 244 126 250
 151 234  81 154  48 189 119 239 162 128  51 170 228 169][250  20  26 186 155 225  20  79 157   7 169  57 140 158  38  89 239 179
 155 161  58  15  16 214 241 213  26  59 144  86 175   3][ 57 215 123  13  50  95 183 249 116 108 254 239  91 100 138 180  62 220
 198 103 237 179  37  15 114 103  33 135 111 174  46 245][ 58 173  98 232 176 147  94 247  37  64 124 135  43 143 182  84 254 187
 151 220 218 154  32 253 186 253 142 194  55 134 240 221][185  77 110 204  84 146 106 116  85  64 246  66 123 105 180 229 120 160
  31 232 249 187  37 157 114 233 162 192  63 138 120  40][ 56  63  26 190  17 228  87 226 177   4 236   9  46 219  35  81 200 187
 201  66 110 139  26 173 243 247 130  11  18  23 110  74][  2 135  16 138 151 161 170  98  12   1  89   2  12  42  32  64 107   3
  19 144  18   8   8 215   9   4 138 193 148  74  53   2][162  32  20 155 109 133 184  79  14  51 209  26 140 154 112   8 207  25
 123 145  18 126  91 211  29  16 155 122 149   8  17 136][  2 232 146 155 118 137 168 198  30  49  80  18 172 138  56  72 107  11
  51 145  18 156  75 245  12  22 154 192 148   9 177 136][127  78  68  75 125 178  74 184  69  33 255 230  75  32 191 244  94 132
 206 252 141 163  77 223  54 124 129 214 191 239 120   4][212 237  18 191 152 162   6 231 182  34 202  16 230 227  32 193  65 102
 104 194  58 201 201  63 184 166  15  81 144 115 169   8][161 205  15 156  76 129 167 246 150  66 192 198 177 194 163  97 104 224
  42 206  97  15 102  63 244  34 239  56  24  57  49 232][ 70 188 247 254 254 136 252 251 187 154 178 170 236 255  85  83 183 247
 127 129 240 107 138 239 190 254  95 138 134 228  99   9][192 141 148  29 153 224   6 175 182  51 138  16 228 226  64 198 129 102
 232   0  54  73 203  55 169  38  31  95 144  81 171  14][ 77  95 103 199 116  30 111 188  97 200 127 230 211  99 157 247 126 228
  52 238 233 176 125 236  38 238 231 132 111 179 112  49][  3 223  51  92 117 213 166 230 252  72  90  98  40 156 181 224 236 123
 150  65 199 187  36 239  50  60  14 138  77  28 121 141][230 120  98  82 109 237 240 196 251  81 177  27 142 220  92  27 206 147
 219  81 178 103 210 241  23  24 210 122 197  29 214 210][ 57 141 106  77 212 147 239 183  68 224 126   2 113 105 176  96 120 230
  23 234 217 184 101 189 110 237 165 192 119 170 208 232][ 34 172 170 176  85 229 177 198 150  71 200  19  32 157  98  64 217  58
 131  17  42 191  18 215  89  22 159 103 144  12 116 218][ 22 124 250 176  86 131 184  70 168 224 112 163  29 158 119   1  47  57
 151 215 192 221 132 232  56  73  47 162   5  52  35 217][188  23 106 228  39 114  95  89  21   6 255 183  75  15  63  72 126 156
 151 163 188 179  37 142 242 237 162 133 167 255 252 211][195 126 187  85  50 164 173  23 188 202 206 244 188 134 193 114 102 103
 122 140 227 157 167 111 116  36 190 128   8  80 163 121][ 31 220  65 225  38  19 238 250  30 226  30 226  29  31 241 232 127 213
  55 239 193  20 109 150 254 207 239 228  63 185  49 177][242 141 102 220 220 147 238 113  85   0 254  18  96 233 180 117 120 166
  55 234 248 187  39 223  50  46 194 136 119 170 240 132][ 96 141 134 141 252 136  46 167 142   0 218   2 160 226  48  66  64 230
 106 193  80  24 194 253  44  52 142  24  20 122 176   8][133 229 133  23 188  11 238 252 126 178  57  64 245 224 217  35  27  74
 104 126 227 112 207  59 172 158 111  44 200 243 195 168][  2 141   2 137 150 130 170 103  44   1  90   2  44  42  48  64 102  43
  19 129  82 152   1 255  44  36 154 192  20  12 177   8][122 233  83  46 123 192  71 228 161   4 232 168  46 199  33 148  50 251
 197 194  75  11 128 237 177 244   4 155  34 150  38 184][216   4 230 237  12  34 104  91 229  18 243  18  73 171  48  75 106 196
 127 129 168 245 131 194 150 235 218 192  39 168 240   0][184  21 122 229 247 114 127  85 113 142 255  50  91  63 186 120 126 156
 151 168 184 183  33 142 243 239 162 133 231 248 244 243][153 219 111 249  54 147 223 247  84  76 212 230  57 223 178  97 126  58
 151 201 255 188  37 189 226 235 174 192  55 152 244 249][212 120  61 100   8  76  87 184 160 166 166   8 215  23   1  83   0 212
 108 106 104  71 251  28 241 163 101  24  96 179   6  98][130 221  21 142 110   5 174 238 136  90 152 107 188 188 113 131 238 115
  91 231  97  47 138 235  53  16 238 186  20 123  49 143][ 52 165  80 161 214  43 202 200  31 176 185  26  74 104  93  24  59 141
  78 178  56 114  73 214 158 158   1 116 245 235  82 128][  2 158  16 153  83 135 184 111  30   5  88 183 172 142  34  64 254  59
 131 133  18 152  19 223   4  52  26 171  29  12  45 217][ 50 201   6 136  28 129 142 229 132   0 208   2  33 136  48  64  72  42
  19 193  66 171   0 253 160  96 138 152  85  24 176 136][ 16 201  10 172  20 128  79 245   4   0 210   2  49  11  48  64 106 163
  31 193  74 137   0 189 240 225 170 128  53 152  48   8][ 11 223  58 255 244 133 255 247  95  73  92 102 188 251 178 100 255 107
  23 205 227 184  58 255 110 255 190 192  30 152 185 217][ 60  67 106 108 116  91  83 120  69 228 255 171  83  77 187  48  94 140
 135 110 200 178 100  12 115 237  32 149 119 187  84 225][ 22 201 114 242 230 129 254 236 175 144 184   2  77 202 125  64 255 225
  31 243 192  35  10 252 186 216 143 236  21 187  97 129][205  75  95 101  36  14 111 176 100 168 242 108 243  67 145 113 118 228
 124 110 201 180  73  44 228 235 101 128 108 179  66  33][ 49  65 127 237  52 150 235 112 228  72 255  66 113 219 181  96 120 168
  22 232 201 177  32 140 243 237 162 128  49 170 112 161][166 237  64 138 196  33 134 204   0   2  57  10  96 232 121   0  89 202
  19 227  82  34  10 178  56   0 143 172 213 123 210 128][ 42  97  34 184  93 205 208  76  31  37 241  11 174 221  38   8 216 169
 147  81   2  59  82 209 151  85 154 123  82  15 215 202][153   4  79 229   4   2 105  49 100  64 247  70  83   3 144  97 122 132
  62 172 233 180 101 204 212 235 226 132 109 168 112  32][ 92  23 229 167 178  42  79 184  39 232  31 228 223 103 137  84  55  85
 125 111 145 144 109  10 236 230  47 148 174 243   5 113][130 152  22 155 111 165 184  71 158  27  80  50 172 158  96  73 231  59
 179 145  18 220  18 241  13  16  90 234 144  12 161 155][175 255  96 155 237 253 255 212 205  94 221  47 236 220 255 173 255 219
 151 211 215  50 250 241 119  89 174 235 151 223 253 215][181  62 222  84 226  59  85 202 120 190 166 184  82  32 135  59  54 196
  68 106 164 231 165   8  80 171  97  21 201 241 202 199][233 255 140 150 221 127 167 188 218 254 188  46 254 100 203 167  57 226
 206 106 101 101 126 255 253   7 101 189  91 127  95 251][ 33  77  99  79  86  75 231 240  68  64 124 138 115  68 181  36 122 232
   2 110 193 178 125  61  52  44   0   0 127 187  80 252][ 56 233  74 171  84 129 110 220   7   0 249   2  51 203 120   0 120 138
  23 195  74 186   8 177 255 197 134 108  55 154 240 136][120  48  26 104  41 111  81  73 173  45 165  25 143 151  74  24 178 157
 207  48  24  67 211   0 211 209   0  63  96   0 175  35][ 57 201 110 200  92 147 234 120 197   0 246  66 113 201 182 225 120 160
  22 232 201 187  38 157 114 233 162 200  63 138 120 136][  3 143   3 137 182 163 170 103  28  65  90 199 172 174 176 228 254  43
  19 149 151 152   5 223  44  54 154 192 156  12 177 221][130   8 186 189  36 164 184  71 156 138  82  18 188 138  48  72 234  43
  63 129 176 156   2 202 196 183 186 128 132  72  49 137][ 34 184 144 187  89 205 176 200 159  53   0   9 172 222 106  16 217  59
 195  17   2  26 218 247 141  85  27 127 144  12  23 218][ 24  18 191  77 121 222 177  89 102 153 246  32 186  23 160 244 252 184
 174   0 137 187  99 157 215 225  99  67  82 168  45 179][ 59 158 107 109  51  86 159 248  53  78 254 229  91 125 146 180 126 253
 213 239 237 178 101 158 114 111  33 132 111 167  46 245][ 56 203  98 190  84 131  75 224 215   4 216 131  99 200 179  64  88 232
   7 199 206 187  46 191 176 237 162 137  53 159 116 204][ 18 174 221  63 152 235  79 175 251 182 120  92 239 234  28 146 179 239
 100 162 123 232 155 127 160 190  85 100 105 114 202   8][171  82 124 101  98  94 251  16 105 108 119 173 155  29 151 181  38 149
 149 238 133 180 117 200  71 249  96 128 103 151  78 113][ 77  75 103 197 116  26 111 180 109 200 126 230 241  99 149 244 126 228
  54 238 201 176 101 236  38 235 231 128 111 179 112  49][ 38  96 240 218 237 221 184 201 155  21 113  11 140 222 109 156 235 153
 131  81  70  39 170 240  23  28  26 111 211  29 239 167][ 21  79  75 229  54   2 111 113  53 194 223 230  93  47 177  64 126 173
  23 238 233 145   5 202 240 239 170 128  47 243  33 177][120 184 152 177  33 220 112  23 169  61 162  57  47  31  66 154 135 191
 237  16  14  88 208  33 215 241  48 113 226 132  14  27][ 59 125  98 230  62  19 222 248   1 232 156 171 121 255 151  32 158 245
 213 231 236 195 172 239 242 221 173 186  39 246 114 215][253 159 143 151 176 126  51 179  56 221 254 116 126 118 138 251 245 214
 172 148 191 222 249 111 248  39 254 198 138 103 174 121][ 98 129 212 245 228   8 252 207  59  49 242 146 169  43  84  91 239 223
 119 193  18 250 195 225  30 250 222  69 229 128 227 136][244 109  76  39 154 107  71 168 116 166 171 137  67  96 139  19  24 230
 104 110 120 244 205  62 244 195  69  21  97 251 210  64][205  95 127 101 166  62 127 183 120 234 126 252 219  61 147  51  55 230
 124 110 225 244 229  42 230 235 101 132 111 244 195 121][186 148  18 250 147  97  22 231 185   7 169  57  14 191  42 216 255 155
 139 146  56  47  24 246 243 215  94 123 146  87 175  10][134 204 134 147 150  32 174 167  60  19  90  18  76  42  48  75  99  67
  19 147  48 220   8 226  44  38 222 192 132  81 177   8][  6 142   0 138 148 160  42 166   4   7  89  50  72  98  32  64 105   3
 130 146  50   8   8 247  40  38 154 195 148  91 181   2][219  86 107 249 228 122 255  87 125  78 215 246 153  63 183 105 127 159
 159 175 249 159 228 238 246 255 254 132 175 221 241 121][ 66 160 247 252 126 136 248 105 187 145 241 202 236 234  84  82 255 181
 127 129 130 107 139 221 156 190 219 138 133 160  99 137][241  68 111 101   4  10 101  49 116 226 246  74 115  33 145 115 120 164
 108 170 233 182 101   8 246 235  96   0 109 184 114  40][ 25  93 114 109  53 222 231 119 117  72 126   6 251 248 179 228 120 110
  20 110 205 184  53 175 226 237  38   0 127 190 248 237][106 177 163  64 209 216 101 101  35 205  97  41  56 223  68 180  56 185
 213 144  91  26 162  81  63  84   5 235 195   6 230 254][ 84 206  10  46  16 162  74 168  54   5 203 229 227  65 184  80 115 198
  76 239  10 129  77  63 176 230 171  81  36 131  60   0][137 177 179  80 225 220 241  23 235 249 100  24 190 144 196 183 128  62
  64  24 215 248 178  64  15 217  21 107  74   0 203 175][ 18 168 215 181 198  11 236 231  63 179 242  18 175  42  84  27 107 239
 123 145  58 250 195 232 156 158 223   0 229 248 225 136][ 58 141  98 233 180 147  78 119  37   0 126 131  43 143 180  80 126 187
 151 236 218 152  36 253 170 253 166 192  55 134 240 216][ 62 171  98 170 118 147 202 216  71   5 249 199  43 200 190 132 126 169
 135 245 158 171  76 253 186 221 131 233  55 143 124 197][197 173 196  62 252  43 238 233 250 178  41 216 213 224 216  19  27  70
 106  47 114 118 207 127  60  14 111 108 204 243 195 128][187  75 224  89  23 147  94 206  87 228 246 167  43   8 183 212  90 234
 142 206 206 175 101 186  50  95 148  51 119 157  92  76][ 19 223  51  92  53 148 182 230 220  72 250  98  40 220 180 228 236 123
 150  65 199 171  54 253  49 124 170 138  81  28 225 157][  0  28  22 156  55 166 176 103 156 138  90  34 188 188  33  65 230  59
 155   1  48 169   2 238  32  39  58   2 132  72  49 139][163 176  57 233 109  45 177 207 138  49   0  24 188 157  72  11 205  27
  83  17  19 110 210 209  77 153  90 122 152   8 147 170][ 45 249 145  73 252  15  71 184  66 248 172  76 147  17  81  48 217  76
  80 126 203 106 249  61 109 156   5 124  90 187  82 184][212 237  14  31 153 154 102 165 246 166 203  16 227 226  11 209  81 102
 104 234 124 221 205  47 189 166   5   1  32 115 168  12][154 218 110 255  46 147  95 244 149  78 214 231 251  77 183  97 110 241
 159 199 236 173  39 253 226 235 250 144  55 189 116 121][ 52  33  64 193 212  43 234  72  31 160 187  10  75   8  93  24 123 204
  70 243  24 178  73 220 156 222 129 116 245  43  82 128][  2 141   2 140  20 130 168 103  12   1  90   2  44  42  32  64  98  35
  19 128  82 152   0 221  44  36 138 192  20   8 177   8][ 56 221  91 223 117 215 111 247  21  12 126  34 121 247 160 244 126 250
 151 202  65 154  32 191 103 237 162 129  51 154 228 185][ 29  79 127 101  54  50 111  80  84 226 222 226  83 225 179  96 114 236
  44 238 137 177  37  40 242 239  33 128  63 249 112  33][185  73 111 108  52   2  75 112 244 200 242  70 115 105 177  97 120 228
 124 234 233 179 101  12 240 235 225 144 109 170 112  40][ 56 141 106  77 212 151 239 247  68   0 126   2 113 105 176  96 120 230
  23 232 216 184  37 189 103 237 165 128 119 186 240 168][ 60  76 238 238  22 195  87 208 196 128 254 162 115 253 177  96 120 244
 157 234  72 167  60 174 242 239 165  25 231 187 116  58][148 141   2 190 158 163  38 239 182 130 203  18 228 226  41 193 113 106
 106 122 114 201  10  63 184 166 143   8 144 123 177   0][ 98 141   2 140 252 137 174 167 140   0 216  10 172 170  48  80 202  34
  95 193  82  11  64 253 188  52 142 216  28  10 177 136][ 56  48  97  69  83 223 193 115  87 173 234  10   2  29   4 180 124 188
 194  32   9 186 113  31  29 236  16  82 115   8 118 250][ 34 201  98 136  84 129 174 229   4   0  80   2  40 136  52  64  88  43
  19 193 194 170   0 253  32   8 142 200  85  12 240 136][188  22 106 228 229  54  95  88  21  14 255 183  75 175  59  89 124 156
 151 166 188 183  17 138 243 239 226 133 231 253 252 210][162 141  98 220 212 179 238  99 213   2 118  18  96 232 180  97 120 238
  51 235 240 191  36 223  50  46 194 200  85 232 240 140][  3 173 107 137 210 167 187 239  62  65  78 131 157 110  62  96  55 155
  19 189 146 152  61 255 109  12 143 196 181 198 161 236][  2  47 226  24 211 177 186  70  79   5  92 167  40 172 119 132 238  43
 131 149 150 186   6 255  62  20 154 235 215  68  47 207][ 36  33 249 115 196 111 113  89 114 165 101  24  83 213  72  57  25 156
  96  26  24 246 250   0  79 137 117 101 224 227 198 162][193  16  31  97 160 174  97  23 108   9 115  84 151  19 128 120 132   4
  92   8 145 188  17   4 197 185  48  64 200 128 195  33][185  72 106 206  84 151 235 112 196   4 247   6 113 201 183  97 120 168
  23 238 200 179  38 157 114 233 162 136  61 139 120 168][241  64 127 236  36  14 103 112 244 202 242  66 115 145 176 113 120 228
  60 106 233 183  49  14 241 170 226   0  97 170 112  33][ 48  75 107  79  86 203 239 240  68   4 124 130 115  69 179  52 122 232
   2 238  72 178  44  61 119 173  32   0 117 187 102 232][ 49  93 119  79  52 198 215 246 229  72 254   2 115 248 181 116 106 246
  76 106 201 169  53 237 179 188   4  18 115 186  96  47][151  69 111 229  52   6 111 116 252 200  86  86  93   3 177  97 118 165
  31 239 225 145  37 204 240 235 234 132  45 177  33 113][233  75  91 101  36  14 111 180 101 136 246 108 243  67 145 116 118 228
 108 110 201 176  69  45 230 233 101 128 106 178  66  41][ 46 225 114 202 205 221 246 200  73   4 249  11  10 216 127 144 248 153
 135 115  86  51  26 208  23  93 128  47  87  31 110 134][ 37 103 193  65 252  31  78  57  67 232 185  76 211  97 220 178  29 204
  84 126 217 114 253  30  44 221  37 244 200 186 210 160][ 57  24 254  85  83 250 177  83 125 107 118  48  26  48 134 189  34  60
 198   0 181 252  53  76  23 255 112  67 235   0  79 215][217  95 255 101 162  58 125 183 113 234 126 244 255  61 147 115  55 247
 125 174 241 248 165  14 230 255 116 128 111 244 194 121][  2 193  98 138  20 129 140 101  68   0  81   2 104  74  56  64  88  35
  19 161 194 168   8 221  32   0 138 192  21  10 240 136][175  92 124  99 103  62 253  18 105 114 119 179  29  31 151  63  46 149
 151 239 172 180 117 202 103 249 224 131 103 245  94 245][130 144 178 155 199 229 184 207  30  91  81  51 172 222 104  73 255  27
 179 145  50 220  26 243  13  22 218 235 148  76 181 219][102 225 208 192  79  85 188  73 139 180 185  11  12 158 110 158 238 153
 147 195  66  35 154 208  23  24 207 191  19  46 111 198][ 83  91 239 254  44 135  94 180 141  78 214 231 121  79 183  67 238 241
  63 199 205 133  39 253 242 251 238 144  63 189 116  89][175 253 120 219 237 253 255 247  15 127 252 191 252 252 255 164 255 219
 151 215 247  50 122 242 119  89 175 235 223 255 255 247][ 38 205 208 143 254   9 238 236 139 160 184  10 238 106  85   2 123 227
  31 227  80  42 200 251 188 156 143 188 117 122 209 136][ 60 108 248  98 241 141  95 208   1 174 189  13  26 205  95  16  29 234
 199 126 106  39 216  42 127 221   5  61 235 251  74 154][ 72 184 146 186  33 236 120   0 171  29  33  57 175 222  66 154 166 185
 205  18  30  77 154  49 139 241  26 107  34   5  15  83][244 109  79  39 146 107  71 172 116 166 234 137  83  97   9  19  57 230
 104 110 120 245 205  46 249 231  69  21 225 243 214  96][ 66  32 213 255 124 138 232  73  47 129 241  74 236 202  20  80 250 173
 127 145   2 107 203 213 148 184 155 104  21 130  99 128][237 255 172 150 223  93 183 190 210 254 188  63 250 244 203 167  61 242
 254 102 229 101 254 191 255  87 101 191 251 124  31 255][ 18  29  22 189 151 130 188 103 188   3 218 178  45 190  32  65 110  55
 191 128 120 153  19 238 161 230 218 194  36  72 165  27][ 44 133  66 202 212 131 239 253  23   1 125  10   1 201 188   4  88 138
   6 250  90  59  40 191 122  76 135 236  87 138 240 160][ 26 157  62 184 182 224 184 103 172   9  90  50 188 190  32  65 230  51
 191 129 176 153   3 237 249 227 186 195 132  64 165 155][166 205 224 158 212 163 142 238  82 130  25  18  96 104  61   1  89 106
  19 227 240 102   8 175  40  14 207 236 213 123 240 128][ 43  92 106 109  48  22 223  56  53 200 222 165 251 125 150  48  94 253
 213 239 205 154 101 159  98 127 169 128 103 166 114 125][ 58 251 106 202  86 209 251 220  71   4 124 163  41 205 246   4 126 152
 151 242 202 186  44 253 118  77 134 235 119 159 124 254][190 212 146 250 147  99  22 238  27  23 233  25  78 251  40 157 251 219
 129 178  58  71  24 247 251 215  94 127 243  87 175   2][148 141  14 159 154 131  38 235 182 130 202 146 231 227  41 197 113 238
  42 106 120 193  15  63 184 166   7  13 176 250 168   0][ 51 217  51  92  29 148 134 230 204   8 248  98  40 220 180 228 236 123
 150 201 203 171  50 253  49 252  10 138  89  28 225 173][ 18  72   6 172  12 129  14 100 132   0 210   2  33 194  33  65  72  32
  63 194  72 137   2 189 176 224 202 152  52  56  48   8][244 237  14  22 145 138  70 173 240 166 203  25  99 224  11  81  49 230
 104 102 108 209 157  47 249 166 133  21  32 115 166   6][ 34 233 212 245  76   8 232 207  43  49 226   2 161 138  84  90 106 207
 107 209  90 250 195 225 156 184 222 101  37  16 227 138][ 42 121  58 234  77 205 210  65 143   4 125  11  46 221 102   0 216 185
 131  83  82  50  82 147  87 213  10  59  81  15 215 210][ 93  71  87 197  54  10 111  52  45 224 122 230  93  39 157 231  54 213
  60 238 225 145  37 204 182 234 102 132  47 178  33  49][ 16  16  55 105  40 143  48  81  39  57 226  96 131 151 164 124 236  28
 174   0  10 184  67 149 151 248  18  66 114 136  32 143][133 172 198  23 222  43 230 232 126 162  64 152 197 224  88  17  59 110
 106  62 112 118 143 127  60   6  71 108 228 240 211 128][164  33 249  67 196 111 227  80 112 164 101  24  83 213  73  56  24 124
  98 122  17 240 250  32  79 137 101  32 195 235  70 162][ 48 221 123  77  52 215  95 246  69   8 254  34  59 247 164 116 126 122
   6 200  73 187  48 191 163 252 130   3 115 154 100 189][145  85 127 236  20 134 107 112 244  72 247  66 115 219 177  97 120 168
  30 234 233 179  49 140 243 233 162   0  49 139 112  33][ 52  33 194 161 212  43 234 200   5 160 187  10  75   8  77  24 121 204
  70 242  24 243  73 206 154 204 129 116 229 171 114 128][ 96 201  18 140 252 129 174 231 140   0 216  66 172 138  48  80 194  35
  31  65  82  43   0 253 184  52 142  90  28  10 185 137][202 172 149 154 235 249  52 199 187  19   0  88 172 242 196 191 131  51
 202  16  55  79 138 243 157  86  94 123 146  84 139 172][193   4 125 229  38  42 105  55 124  67 118  82 155  35 144 123 102 132
  62 168 177 188 101 196 196 235 242 128 109 200 225  41][ 31 158 251 243 246  92 255 246  61  79  86 246 221 191 191 105 127 223
 159 143 245 217  61 238 254 255 254 192 175 221 253 241][134 205 134 158 148  32 174 167  28  19  91  18 108 106  57  73 123  67
  19 211 112 220  10 239  40  38 223 192 148 115 177   8][125 190 173 151 243 222  55 187 114 255 182 245 126 118 202 247 117 254
 188 188 255 218 251 239 255 103 255 198 139  36 174 125][  3 141   3 137 150 163 171 103  44  65  90 198 180  38 178 100 126  43
  18 141 151 152  53 223  44  38 154 192  29  14 177 253][ 37 126 222 119 226  42  54 146  96 250 122 237 211  40 193  59  47 101
 100 118 148 240 205  40  78 175 117  69 233 243  67 147][ 87  23 105 197 178  74  79  57  41 232  31 236 215  39 153 113  54 212
 125 238 217 144 237  76 238 169  37 148  44 163   0 113][  2 129   2 136  20 128 170 103   4   1  90   2  40  10  48  64 104  35
  19 129  82 152   0 253  40  36 138 192  20   8 177   8][ 32 203 107 254  92 193  75 228 151  68 252 163  49 205 183  64  72 234
   3 202  70 171  46 189 114  45 162   9  53 155 116 200][ 11 223  59 223 116 149 255 246  95  73  92 102 188 255 182 100 255 107
  23  76 227 184 122 255 110 127 190 192  26 152 185 249][ 73  75  87 205 116  10 110  53 109 136 126 230 243  35 181 244 118 228
  54 238 193 176  37 204  38 248 166 128 110 186 113  41][202  60 182 246 233 188  60   7 185 159  34  25 172 191  70 159 167  55
 253 145  52  77 146 226 215 123  90 139 130  69 135  95][ 32 185  24 251 121 205  83 216  15   9 236   8 182 215  96  80 220  59
 151  80  10  26  90  53 207 213  10 127  16  10   7 155][124  48  26 168  41  79  81  73 173  45 165  41 159 151  66  24 246 149
 237  48  24  67 211   0 211 241  35 127 160   2 175  67][244  65  70 238  76  10  70 104  49 162 243  10  75 234  57  83 120 197
  44 226 104 183 201 206 178 234 199  20  37 187 114   0][  2 150   2 153  83 167 184 103  30  13  80 151 172 142  34  64 238  59
 131 133  50 152  83 223   5  54  26 194  24  12  45 219][ 58 237  96 236  60  19 222 184   9 192 220 139 233 111 148  36 222 245
 213 239 200 170 109 239 226 255 173 154  39 182 114  89][ 88 178  92  28  27 222 201  57 186 252 118  44 255 230 130 149  19 165
 228 168   5 200 183  93 201 167 123 149  72  32  79 121][ 58 143  96  29 135 217  84 103  85 100 238 131  42 172 182 213  72 234
 174 196 204 186 101 185  54  89 212  51 119 220 252  94][  3 141  43 141 150 166 175 119 108  65  94 198 176  38 182 100 126  43
  18 141 147 152  53 255  44  44 170 192  28 136 177 124][145  81  63 236  36 134 103 112 244   8 243  82  83 211  33  97 252 176
  62 234 233 167  49 142 241 234 226   0  57 153  96  35][207  82 119 215  98   6  61  48  61 218  87 230 125  39 185 127  54  85
  63 238 225 212 189 192  84 170 122 132  46 179  33 113][107  50 172 220 125  95 177  59 219 236 180 175 254 253 194 183 188 180
 255  36 165 111 242 157 223  95 113 191  90 172  31 127][123 146 173  85 113  94  57 184  51 253 150 229 253 127 218 246 247 212
 189  28 159 202 255 205 223 127 119 214 142 164  37 117][146 219  22 191 162 192 188 231 188   7 210 183 173 190  32  64 231  51
 191 129 112 157   3 231 160 246 222 195  20   4 165  91][ 73  75  83  77 116  26 110  53 101 128 118 226 251   3 148 244 126 164
  38 110 201 184 101 205  38 236 162 128 111 170 120 168][124 177  26  32 121  75  81  73 165  45 167  41  31 151  74  16 162 149
 207  48  24  67 145  16 211 209  32 125  96   2  46 131][105  75  75  69 100  26 111  52  97 160 254 236 243   1 145 116  90 236
 108 110 201 176 229  12 230 237  33   0 111 186  66  40][ 58  92  98 236  54 146 222  51  13 192  94 163 107 109 180  36 222 245
 213 173 200 184 101 205 226 255 169 146 103 174  82  93][ 73 178 190  28  57  95 209  57  59 237 182  45 190 150 130 181  22 181
 236 132 133 201 183 221 195 243 115 215  74   4  79 127][ 48 217 107 222  92 193 199 228 132  68 236 131  49 197  37  64  72 250
   3 202  66 171  22 189 115  36 130  57  53 155 116 250][ 11 221  51 223 117 149 191 246  95  73  92 102 188 223 182 228 223 107
  23  77 195 184 122 255 111  95 190 194  26 158 185 253][  2 200   2 136  20 129 170 228   4   1  80   2  40 138  48  64 104   9
  19 209  18 136   0 253   8   0 138 192  20  13  49   8][ 25 201  51 252  60 149 134 230 196   8 248  98  62 152 180 224 204  59
 158  65 207 171  34 253 177 124  58 138  89  24 161  45][130   0 134 149   4  34 168   2 180  19 210  18   8 170  33  75  97  37
  59 128  32 213   1 192   4  34 218 128 132 104  49   8][ 36  93 123 234 125 205 247 112  31  12 253  11  54 221  37   0 220  57
 147  66  82  59 120 191 119 221 130  59  81  27 212 243][  2 129  34 138  20 129 138 105   4   0  81   2  96  72  56  64  88  33
  19 227 210 168   8 253  32   0 138 192  21  10  48 128][ 46  89 122 106 125 217 210 224 201  12 253  43  42 221  39  16 248 185
 135  99  76  35  42 254 119 221   4  43  87  63 110 195][ 50 237  80 132 118 139 238 230 139 160 184  10 238 234  52   2 122 231
  95 227  64  43 200 255 188 188 143 184 117  42  83 136][252 237  78  38 155 106  70 171 116 166 234 129  99 224  11 209 113 230
 104  98 104 211 157  47 248 231  69  21  97 114 254  74][154  60 254 117   3 255 177 119 249  79 246  61  10  60   6  61 175 191
 196   1 180 255  52 206  83 255  80 195 235  68 239 223][ 36 168 194  31 222 139 162 232 118 163  96 138 225 224  64 144  59 110
  98 152  34 250 207  63  60   6  87 108 237  40  83 128][ 94 184  18 186  41 253  88  64 171  93  33  25 175 222 106 158 166 177
 205  83  14  71 186 241 147 209  26 123 130   7  15  87][  2 157  22 156 254 132 188 231 142 152  88  34 172 250  96  67 231 123
  51 129  80  91 130 253  61  52 222 170  16 104 161 139][ 37  39 200 101 116  15  75  56  83 168 191 236 211  97 221  48  24 204
  68 126 137 242 205  14 110 205 165 180 109 171  82 129][130 144 146 155 247 227 184 207  30  11  80 179 172 222 104  72 247  27
 147 145  50 156  26 243  13  22 158 231 148  76 165 219][221  91 105 229  50  26 127  48  41 236  22 172 223  23 146 243  54 213
 253 238 241 144 229 140 230 233 165 148  38 167   7 113][252 173 207  39 144 107 103 234 116 162 234 136  83 225   9  17  57 230
 104 106 120 243 157  46 249 167  69   4 225 250 214  32][ 58 141  96  31  21 249 208 103 221 119 238 139  42 172  54 212 201 170
 139   5  30 184 118 255  39  93 144  51 119 204  92  94][252  65  66 236  76  10  78 121  49 162 243  10  75 105  61  83 120 197
  55 226 104 183 201 206 178 235 199 132 119 187 242 128][166 141 132 158 212  35 142 239  22 146  25  18  96 104  57   1  89 106
  19 179 112 102  10 191  40   6 207 228 213 123 240 128][  2 137   2 138  20 128 170  97   4   1  82   2  32   2  48  64 104  35
  19 193  82 136   0 253  40  32 138 192  20  10 176   8][  3 144   2 155 117 165 184  66 158  89  81  23 172 142  58  72 204  43
 147 149  22 156  18 215   5  20 154 195 152  12  41 211][ 29 179 191  97 176  15 167 185 106 233  62 236 223 117 139  48  55  84
  92  60 145 176  41  12 236 207  37 132 202 242 131 113][134 141 134 158 148 162 174 175  22 147  91  18 104 234 121  73 115  99
  51 147 114 200  10 255  40  38 223 196 148 115 177   8][ 39 237 224 219 220 177 206 206  87  81 124  66  96 232 255 172  89 202
  18  89 183 106 110 191  46  14 159 236 253  91 248 164][195  91 239 220 108 133 223 180 141  72 210 103 116 239 181  67 238 241
  63 207 201  43  35 249 242  58 234 152  29 185 112 121][185  72 106 238   4 151 203 112 212   4 213   2 115 201 179  97  88 168
   2 239 200 183  36 157  83 233 162   8 119 171 112 224][ 64  32  85 143  92 139 232  72 174  33 225  66 197 194  16  88 106 173
 106 219  18  50 207  85 148 176 139 120  20   3  99 128][ 52 100 226 226  84  43 194 200 117 162 251  10  75 104 125  24 121 204
  70 243 168 243  73 202 186 206 133   4 229 251 114 128][240  89 127  92  44 206 199 118 237 136 242  66 114 121  53 115 106 244
 110 106 233 235  51 109 113  58  66  24  65  56 100  43][ 16 233 212 133  78 136 224 199 110  49 226   2 164 130  64  82 104 133
 106 209  74 251 195 113 156 160 222  68  33  24 225 136][ 32 201  18 136 252 133 158 231 140   0 248  64 172 138  48  80 194  35
  26  65  83  43  16 253 177  48  14  90  24  10 169 137][162 247 122 202  86 211 191 252  87  12 124 162  32 220 190  36 126 186
 147 243 198 186  44 255  58  12 135 239 119 154 244 255][201 156 191 249 164 172 125 151 252  27 118 112 188 183 160 123 167  51
  61   8 179 204  34 227 199 251 114 192 128 192 161  43][126 104 122  64 125 213 218 224 201 140 189  43  10 223  55 148 248 241
 135 226  76  35   8 206  59 221 129 175 115 175 110 135][ 50 221 127 204  52 198  93 119 141  12 254  34  58  31 164  65 238 178
  15 200 104 137  49 221 227 184 130 147  49 136 100  59][  4 205  18 154 253 165 178 231 156   9  88   2 172 250  32  64 232  42
   2  80  34 171  18 237  61  20 134  74 144  26 177 139][ 16 157 122 248 242 193 181 103 180  69 124 163  61 159  34  64 110  59
 147 128  86 184  48 119 103 133  54  67 117 128 165 219][146 207   6 158 144 194 190 229 188   6 211 147 104 238  48  67 102 247
 191 199 112 217   3 239 176  34 222 129   4 118 165  88][ 47 190 250 251 253 221 255 250 159 127 244 191 125 255 255 165 255 251
 151 183 247 123 122 251 127 223 255 239 223 252 125 255][130 148 146 157 150 160 188  39  60  19  90 178  44  46  48  65 103  19
  19 145  50 220   0 199  44  38 222 194 132  64 161   1][176 217  74 222  95 193 135 230 148   0 228 131  51 213  53  68  72 250
   3 194  74 171  22 189 113   4 130  25 125 153 116 186][  1 141 106 205 182 210 237  55  68  65  94 130 177  39 178  96 118  58
  19 141 211 152  37  93 102  45 170 192  52 130 177 232][ 35 217  65 142  85 197 198 252  69  72 208  70 112  88  52 228  88 168
  19 235 203 170 124 189  33  40 138 154  29  30 112 252][107  50 252 252 125  95 249  89 155 237 180 175 190 157 214 190 174 181
 255   5 133 107 242 157  87  91 113 187  94 140  95 255][148  84  63 238   4  70 103 112  85  10 243  66 211  83  41 105 252 176
  63 234 233 183 113 206 209 170 226   0  56 187 112  51][180  89  63 252  52 199 251 240 196  72 212   2 145 221  49  97 248 248
  23  99 233 163  48 172 115 201 170 128  85  59 116 243][ 91  50 125 109  57 222 121  24  43 253 182 229 159 159 214 246 230 181
 253 220 143 203 247 213 223 249 171 215  14 132  38 119][210  94  22 158  59 166 190 164 188  78 219 167 236 238  43  67 230 119
 191 231  32 193  11 239 177  50 218 139  20 119  37  91][120  50  26 104 104  79 113  89 163  45 183  45  31 151  74  16 182 157
 207 112  72   3 210  80 211 209  33 253 104 130  46 211][  3 141  43 205  20 134 175  55 100  64  74  66 112  38 180 100 112  38
  18 173 209 152  53  77  37  44 138  64  21 130 177 124][ 48  93  59 248 116 205 211 242 158   8 252  34 183 221  33  32 222  57
  23  66  99 171  80 189 243 221  34  58  89  25  69 187][ 75  50 124 108 105 223 121  25  43 125 182 173 158 159 134 189 166 149
 253 132 135 203 243 213 215 249 114 219  74 132  15 127][ 95  16 103 199  70  70 107  48  37 202  87  70  89 119 185 111 126 213
  55 238 201 148  57 204 215 170 235 132  47 163  49 113][ 11 219  51 219 125 213 255 246  95  73  92 102 188 222 180 228 254 107
 151 205 199 184 114 255  38  92 190 234  30 158 249 253][105  75  75  77 116  26 111  53 101   0 118 224 179   1 148 116 122 172
  70 110 201 184 101  13 102 253  32   0 111 162  82 168][ 41  74  83  77 116 154 107  53 101   0 118 194 187   3 180 244 122 172
   6 236 201 184 101 205  38 237 162   0 111 138 120 172][  7 212  39 154 126 211 190 237 222  75  89 247 108 252 190 160 255  43
 147 167 230 167  46 255  32  30 143 198  29  30 177 215][134  80  10 155 101 165 184  65 158  29  81  23 140 222 106  73 204  41
 147 149   2 148  90 209   5  16 154 235 152  13 169 211][ 50 237  82 140 118 139 238 103 137 128 248  10 172 234  52   0 106 231
  23 225  64 187   0 221 180 188 143 184  37  40  83 136][  2 200   2 138  20 129 138 228   4   1  80   2  32  10  32  64 104   8
  19 208   2 136   8 253  40   0 138 192  20  11  48   8][218 156 158 250 139 228  20 199 191  19 197  51  60 255  32  75 231 243
 187 146  50  79 154 243 219 243  94  75 146  85 165  27][170 156  96 159  93 253 208 103 159  71 244 159  42 188  54 196 201 187
 211 129 190 190 114 247  31 119 152 243  87  12  92 222][ 10 207 107 252  52 132 237 119 132   4 222 131 185 143  50  64 110  43
  23 141 202 139  34 253 227 173 190 136  21 152 181 232][154 184 254 118  19 255 185 114 253  95 246  61 174 188   6  59 175 179
 255 145 188 237  50 230 219 127  90 211 203   5 175  95][ 53 111 233 101 116  11 203 184  81 160 190 236  83   9 213  16  88 236
  68 110 201 242 229  46 116 141 165 180 101 187  82 160][  2 186 146 155 247 227 184 207  30   1  80 179 172 222 104  72 255  27
 147 145  50 152   9 243  12   6 159 231 149  12 181 219][200  88 159  92 104  76 181 118 252 138 246  40 188 145 161 107 110 116
 106  74  97 239 242 107  87 187 114  24  67 184 111 169][ 94 120  50 186  41 221  90 200 171  92 165  13 174 223 107 158 166 241
 221  83  14  71 186 241 147 209   2 251   2   7  47  87][217 179 113 101  50  27 123 125 117 236  54 236  95  55 194 180  54 148
 221 108 209 184  37  76 250 201  37 134 110 166   3 121][116 104  64 137  76 169 226  64 236   0 233  10 130 194   1  88 104 169
 106 210  10  39 194 117 148 160 139 121  49  11  98 130][183 197 100 155 156 131 142 236  86  85 216  23  96 104  62  64  89  74
  19 245 246  42  79 255 168  14 159 204 149  95 240 204][ 39 213 115 218 246 211 158 233  94  72 121 242 104 220 188  32 255  25
 147 243 247 166  46 255  58  14 143 238  85  47 245 213][ 60 100 226 230  84  35 230 220  85 162 255  10  75 233  61   8 120 204
  23 250 136 243   9 138  50 207 165   4 231 251 114 128][ 11 142  50  24 125 189 240 103 239  93 124  21  44 232 182 148 163  43
 134   4 150  41  34 215  31  93  18 107 210 132 237 207][  6 141 132 158 156  34 142 175  22 147  89  18 104 234 121  65  89 111
  51 179 114 200 139 255  40  38 223 204 148 122 176   8][134 141 132 158 156  35 142 239  22 179  89  18  96 232  57   1  89 110
  51 179 114 232  11 191  40   6 207 228 149 122 240 128][254  73  66 236 196  10  78 241  49 162 242   2  75  41  53  81 120 236
  55 226 120 183 201 238 178 235 199 132 103 187 242 128][202  88  30 188  97 198 189 102 188 142 114  51 172 159  35  75 238 117
 187 192  96 221  18 234  69 243 218 131   0  52  37 219][  0 168 134  31  95 139 160 200 118 180 225  14 225 224  64 140 121 238
 106 216   3 251 223  61 156   2  87 121 233  42 123 136][144 207  62 184  18 193 159 231 132   4 218 163  53 143  34  65 238 187
   7 193 110 139   2 125 241 161 174 129  53 144 165 203][227  91 227 252 108 132 105 244 156 200 210 103  53 223 181  99 238 253
  63 207 193  79 162 233 116  40 234 136  29 185 112 121][131 207  38 158 156 130 174 236 148  87 210 151 104 238  58  65 121  99
  59 231 244 141  15 255  56  34 206 192  21  61 176  64][  2 157  18 157 119 133 188 103 158   8  88  34 172 190  32  65 238  59
 179 129  82 154 130 253  45  52 222 170  16   8 161 139][186 201  99 220  95 193 135 230 197   0 192 130  34 156  53 229  72 186
 147 195  75  43  50 189  49  96 154  26  55  28 116 190][ 79  16 243 197 101   6 107 112  85 202  83  66  89 247 249 236 124 253
  55 170 137 150 185 192  21 252 235 132  14 167 112 177][ 44  24  27 252  36 199 115 112  21  10 247  34 214 215 161 105  94 184
  63 106  73 182 113 158 213 174 226 128  56 171 100  51][176  88 127 252  62 195 211 112 140 200 214  34 183  29 177  33 202 241
  23  99  41 167 115 172  81 139 234 128 117  41 117 187][ 11 219  51 219 117 149 190 246  95  73  92 102 172 222 182 228 254 107
 151  77 199 186 114 255  46  92  46 234  30 156 233 253][166 244 170 144 207 101 180 206 158 242  16  27  12 220 127 139 233  89
 147 179 102 119  26 208  25  16 223  47 157 125 189 214][134  94  14 153 236 165 184 194 140  30  80  23 132 206  97  75 205  59
  19 215  50   6  82 241   5  16 218 234 144  89 133 147][  2 149  18 156 146 160 188 167  28   3  90 178  44  46  48  64 103  83
 147 129 112 136   0 255  40  38 158 194 148  80 161   9][  1 133 106 207 182 194 173  55  68  65  94 130 177  39 178  96 118  51
  19 173 211 152  37  93 100  45 170 192  52 130 181 104][ 75  50 124 105 105 221 249  19  45 125 246 173 158 159 150 188 174 157
 255   5 135  42 243 208 215 249  58 251  78 132  79 119][ 74  23 142 158  42  36  62 236 156  10 219 231 236 238  59  75 246  87
 191 231  32  67 139 239 176 119 234 138  12 119  41  27][  8 131 106 233 180 151 252  55  68   5  94   6 185  11  48  64 222  50
  23 232 218 184  49 157 107 249 170 192  54 138 240   8][ 33 107 105  69  84  11 199  52  97 224 250 232 179   1 149  48  88 236
  68 238 201 186 229  12 100 172 161  48 101 186  82 168][120  50  90 104 107  79 113  89  41 108 245  45  31 151  66  16 190 157
 207  48   8 147 240  80 215 201  32 253 106 128   6 115][137  73  67 207 116 154 238  52 101   0 119 194 251   8 188 228 122 172
   6 238 205 180 101 237  38 233 162   0 127 147 248 140][ 91  50 126 233  45 222 121  80 175 125 150 165  28 159 150 252 230 181
 255 149 135 153 179 208 215 249 186 211  14 132  79 127][  2 201   0 136 148 129 142 197   4   8  80   2  32  10  48  64  72  10
  19 211  82  40   0 253  33   0 142 192  20  24 176 136][107  50 124 236 109 223 249  81 171 125 180 173 159 157 150 190 174 157
 255   5 135 107 243 208 215 249  56 187  78 140  79 255][214 198 230 190 203  96 156 239 159 151 217 179  76 238  42  75 127 243
 191 179  56  67 138 242 184 102 223 223 181 117 181 211][  2 207 107 252  52 132 109 119 132   4 222 135 181 135  48  65  78  42
  23 204 202 139  50 221 225 233 190 136  52 136 180 104][183 253 100 155 254 145 190 232 222  82 145 231 104 216 253 160 127  73
 147 247 247 103  78 255  40  14 143 254 221  47 121 149][ 35 145  17 168 181 135 212 103  77   9 248   2  54  24  36  64 220  59
  23  97  95 171  16 221 169 152 138  82  88  10 241 138][214 199  36 155 156  34 204 237  23  87 209 147 224 110  58  75  89 194
  63 183 250  79  75 255 184  34 223 221  21  92 180  72][  8 124 158 125  33 254 112  82 189 142 126  32 172 183  33 206 230 125
 166   0   0 220 242 234 199 247  82   3 194 241  45 187][ 22  23 230 133 151 114 190 103 164  71 219 183  77 238  62 196 118 191
 155 177  20 145   4 206 176  36 138 129 167 102 173 214][ 34  13  82 156 116 171 236 103 173 128 120  10 172 170  52  64 234 171
  23 129  64 186   2 253  52  56 138 136  21  72 113 136][182 174 164 169 156  39 198 235  87 119 153  19 195  40 126   2  89 194
  31 183 250 103  79 151 188  94 143 124 245  77 240 196][ 66 152 190 250 105 228 185 198 173  89 182  29 190 221  46  58 207 179
 255 145 155 239 178 225 219 127  90  91 200   5  39  91][170 136  50  24 125 241 184  79 255  95 116  25 172 140 118 156 203  11
 131  21 182  47  34 215  31  87  18 107 210  12 111 222][  2 185 146 155 230 193 184 205  30  17  80 163 172 222  96  72 255  27
 147 209  18 152  10 241  12   4 159 230 149  14 181 155][ 34  13 114 236 118 170 252 119 173   0 122 130  45 175  52  64 238 191
  23 129 144 187   4 205  54 124 154 130   7 204 241 137][126 120 114 186 105 221 114 200 171  92 181  45  14 223 111 156 174 177
 223  83  14  71 186 241 147 217   3 251  82  23  79  87][ 76  60 182 245  53 254 177  82 252 175 254  32 156 187 199 238 227 124
 234  24 128 249 179 202  71 255  19  11 194 249 109 175][126 121 114 168 105  93  94 216 171  92 180  45  47 223 107 158 166 209
 221 114  78   7 178 240 243 209   5 191 114 183 110  83][154  93 126 252 119 214 255 246 253 204 214 167  61 191 183 229 238 245
 191 195 237 187  52 238 243 251 238 131  47 188 125 127][225  90  91 252 108 132 235 212 156  72 208 102  53 215 177 105 110 249
  55 207 193 150 130 233  84 168 250 136  29 153 112 185][187 201  29 252  31 213 148 230 197   0 192   2  34 156  48 225 200 178
 154 193 111  43  50 189 179 225 154  27 113  24 184 142][189  77  99 203  84 154 230 180  69   0 255  66 115  72 188 229 120 200
   6 234 205 176 109 189  54 233 162  64 127 155 248 132][ 33  66  97  71 116 139 227  52  97  64 251 232 243   1 148  48  90 172
  70 110 201 176 229  45  36 172  32  16 109 154  82 168][ 45  24 211 205 103  98  99 112  93  72 119 102 222 215 161 228  94 184
  62  10   1 178 113 216 198 254  98 130  62 169 100 177][ 87 198 132 188 190 163 158 232 158  18 153 195  77 234  56  64 127 193
  63 231 230   3  11 223 248 102 207 220  60 127 185   1][ 51 217  25 236  52 133  94 229  77   8 208  66  54  24  36  64 216 179
  23  97  73 171  16 253 177 184 138  18  24  24 240  11][139 223 114 219 117 157 254 255  95  73 124 102 172 218 182 228 222  43
 151  77 231  56 118 255  46  93 190 234  30 156 249 221][  2 141   0 156 150 160  46 167  20   3  88 146  44  46  48  64 111 115
  19 129 112   8   1 255  40  38 158 192  20  80 177   8][134 252 159 184 205 229 180 207 158 218 144  19 156 254  99  11 201  59
 179  17  39 103  18 208 217  19 223  47 152 120 185 211][  3 133  35 205 146 194 175  39 108  65  74  66 240  50 180 100 112   2
  18 173  81 152  53  93  37  44 138 192  20   2 177 108][144 217  46 252  28 132  77 119 132  12 212   7  49 131  50  65 200  34
  31 204  74 139  50 189 243 233 186 136  52 152 244 122][ 48  73 103 205  20   2 239 119  68   0 250  66 113  33 176 100 120 100
  59 232 193 185  37  76 100 174 162 128  37 186 240  40][  2 133   0 137 148 161 140 239   4   1  88   2 128  40  48  64  73  10
  19 129  82  40  65 245  44  20 142 224 148  88 176 136][ 11 177  48 129 247 221 189 167  47 121  29  24 140 146  74 164 167  11
 223  29  87  24  56 215 175  93  31 247 154  14 137 231][122  50 123  96 107  95 121  89  41 108 247 173  31 151 194  52 166 157
 223 180 129 131 241 208 215 249  32 250  42 132  38 243][158 148 151 185 149 231  48 206 158  91  66  19 156 215  41 201 225  19
 187 145  55 197  27 247 201 247 218  70 152  93 161 210][ 54 135 166 158 222  34 158 239 150 183 217 183  76 238 123  75 127 215
 175 183 120  75  15 251 184  38 223 223 149 124 181 219][ 91 165  32 137 189  95 108 127 127 109 157  29 139  14 218 244 249 142
 223 173 222  24 253 215 255  93 159 245  18   6 223  86][ 75  48 126 233 107 221 249  83 173  93 118  45 172 158 214 254 166  57
 255  21 135 153 242 209  87 121  58 195  78 132  79 223][ 26 199  70 129 150  82 174 231  36  69 218 135  73  46 186 196 119 223
 155 245 116 153   5 238 184  38 142 197 167 214 173  92][ 86 249 214 190 203 192  52 239 191 151 224 179  76 246 105  91 163 243
 251 144  50  75 138 225 185 246  95 207 161 112 167  27][ 30  29 150 146 243 242  56  67 189 141 107  49  76 246  38 220 247  63
 131 144  52 217   0 206 187 118 158 195 130 100 173  87][170 176 226  24  77 221 177  67 191  93  52 157 172 156 118 157 205 185
 211  17 150 111  50 209  31  81  82 235 210  12  95 223][166 140  36 147 141  47 196 171  95 246 147  27 194  40  82  75 201 198
 123 151 122 124  89 255 189  18 223 116 149 109 144  64][ 12  57 182 209 245 255  48  67 239 189 127  16 140 155 102 236 163  63
 234  16 150 248 176 196  15 220  23  67 130   4 237 135][ 88 252 185 103  32  95  71 189 114 170 170  72 243 119 192 178 144 212
 108 106  73 100 249  43 163 239 101  48  96  50  71  41][254 121 114 104  41  93  94 220 171 220 180  45  15 223 103 155 174 217
 221  82 206   7 178 240 211 217  45 191  83  53 110  83][  2 185  18 137 222 129 186 229  14   1  88 162 172 222  96  64 110  59
 147 209  82  26  10 241  60   0 143 234  21  10 161 137][103 248 189 248  41 204 217 159 175  89 176  28 188 159  92 122 205 147
 127 145   3 111 211 241 219 249  90  94 218  17 163  59][146  10 115  84  82 130 185 115 189 133 118 242   9 231 164  68 126 185
 135 136 160 153  36 206  84 174 162 128 103 160  37 225][177  88  27 254 100 132 239 212  20  74  80  70 181 147 177 105 126 120
  55 207 225 214 146  43 212 168 250 136  61 185 113 185]