[177  76  79 254  84 129  79 244 212   2 116  82  49 195 177  97  72 232
  18 202 233 174  62  63 114 171 160   8  61 153 112 168][120  96 114 248  45 205  88  67 235  48 164   8 175 155  80  24 138 169
  93   8  10  39 210 145 211 217  16  59  66 128  70  10][203 121 150  86 229  28 124  55 233 202 102  76 172 186  22 183 160 102
 120  12 229 249 178 232  39 123  86   2  10 116 219  15][198 221  27 222 248 133  30 237 185  26 185 121 252 255 172  19 151  83
  93  98 240  11 138 127 184 158 111 254  16 114 131   9][ 34  33   2 140  93 135 202 105 135 168 249  10 160 200 116  64 220 169
  95 241  90  43 210 221 177 152 139  60  21  42 112 128][ 57  97  82 111  81 223  71 116 113 140 238   8 107  67   3 180  88 234
 196 104  72 186 113 173 243 253   0   1  99 150  78 232][  9 188  19  87 113 174  98 178 124 138  98  68 254 115 129 181 177 110
  66  62 163 244  24  47  45 191  33   0 202  65  75 161][207  96 231  69 108  58 235 152 125 250 215 214 216  76 223 239 118 196
 126 239 165 244 237 194   6  58 203 132 143 245 121 117][197 143  31 154 236 136  47 165 168  16  11  64 252 194 249 195 227  99
 106 255  83   9 138 117 236  56 175 200 140 211 161   0][ 47 174 226  85 246 187 235 115 123 234 125 238  88  96 148 181  63  44
 146  44 177 248  44  94  14  14  37 228 239 238  90 165][ 25 140 239 101  19  82 105  51 117 195 110 144 187  55 146 244  99 190
 184 136  61 220 117 142 207 239 214   1 166 228 108 124][124  48 120  97  35 123 123  88 105 230 127 169  95  93  91  52  54 157
 213  56   1 176 177 136 223 221   1  87 231 167  70 242][141 144 146 155 183 181 176 219  94  89  85 116 156 218 174 236 183  27
  22  17 183 172  26 247  13  31  58 206 218   5 169 135][ 71  14 206 189  62 162 106  18 164 129 218 231 253 227 177  74 102 231
 127 141  24 201 135 237 212 166 234 128 173 227  33   0][ 74  97 115 204 123  23 126 105 173 128 229 136 205 215 172 244 126 181
 255 238  65   3 242 220 247 249 139  62  18 166  35 116][184 150 108 121 151 255  81 127  23 238 254 183 107 125   2 133 125 154
 167 160  58 252 113 159 203 199 181 199 115 204 124 251][161 123  42   5 116 159 228 119 124 238 114  77 162 136  54   0 168  40
  70  13 196 188  16  14  36  28  36  32  73  28 218 205][120 249  27 250  25 205  83 228 163  21 168   9 175 215  65  16 160 251
 237  66  74  11 186  53 251 213   1  59  50  19  39 106][ 26  33  62 236  29 253 186  72 206 160 217  11 253 220  57  32 250  57
 123 225 132  35 251 221 209 253 139  59  85  47 117 198][ 20 182 159 191 160  79 127 184  62 174 219  33 215 119   9  81 183  95
 109  34 104 208  75  14 233 167 111 148 160 242   7 115][209 183  30  43 178 159  42  61 124 105  75 228 223   2 152 241  54  15
  92 124 247 152  13  93 172 233  38 196   8 130 139  17][ 95  57 147   7  51 158  42  16 127 232  75  76 222 210 144 244  54 109
 124  95 145 144 253 220 156 126  11 198  10  39   3  53][249  29 254 125 151 118  85  63 117 206 238  50 123  63  23 117 121 246
 188 160 253 217 245 142 251 239 197 147 163 244 252 127][126  57 128 190 137 197  88  73 135 140 169   9 171 255  37  82 200 177
 255 144  26  11 218 184 147 245 139  59 146 110  38  18][ 82  24 110 161  83 230 185  66  33 101 194 135  24  30   6  80 102 181
 249 145   8 159 181 221  87  37 138 195  37   4  39 115][ 86  63 218 224 178 162  59  83  47 141 218 229 141 215 229  80  55 191
 221 148 146 153 129 202 250 244 175 198 164 198 167  81][ 11 126 128 185  75 181 188  71 143 250 216 231 172 142 115 203 239  43
 223 151 197 215  23 208 148  81 218 163  29  92  41 221][ 94 137 166 191 157 137 106 232 167 176 139   2 238 251 121 194 232 227
 123 219  74  75 155 253 223 214 207  27  50  43  53  42][124 113  57  99  48  79  87 184  99 168 189   8 211  87  73  48  24 220
  76 122  72  50 249  28 235 221  37  52  98 187  70  34][ 82 118  22 152  43 169  56  74 175  23 202 167 140 199  43  72 167 145
 239 149   6   1   3 213 150  50  27 199 190   5  45  83][210 182 166 144 250  32  56 203 191 243 147 183 204 238  90  75  55 223
 255 181 178  77 143 215 156  18 223 238 132  68 165  81][ 56 170  54 190  45 253  80 198 207  95 188  25 174 153  50  24 137 163
 237  69  14 111 226 177 211 223  80  59  82  77  70  75][201 158 150 119 160 190 100  55 124 139 102  84 254  51 128 255 133 102
 108  12 241 216 209  47 164 255 116  64 202 192 201  41][132  12   6 158 132 163 174  99 148   2  91  18 104 234  33  73 121 107
  34 130  48 180  10 239  32  38 218   0 148 123 176 128][124 112 188 102  41  92  95 184 225 186 183   8 223 115  73 122 148 212
 125 106 200 103 251  40 243 249 101  60  98 243  66  35][237  56 213  85 237  30 101 184 115 242  34  76  91 113 209 191  17  68
 104 110 225 244 253   8  13 250  69  54 235 229  66  36][122 248 115 114  99 205  83 224 169  68 161   9  46 223  76  16 166 177
 253  66  67  39 186 117 211 217   0 123  67   7  71 115][253 113 252  98 173  93  83 216 227 248 181   8 223  93  75  59 133 212
 253 122 153 103 251 160 219 217 101 127 226 179  70 115][  2 144 146 155  53 175 176   1  30   9  83  18 172 158  40  72 213  59
 147 145  50 156  88 247   5  54 154  66 144   9 145 139][116  99  19 108  26  10  67  88  32 164 227   8  87 131   9  80  48 220
 104 234  72 147 137  28 241 164  33  52  32 179  38  34][249 248  60 120 169 221  80 231 235  31 164  25 174 154  70  49 129 179
 204  16 254 111 242 181 251 219  20 123 210   4 207 207][237 124 181 114 169 125  84 152 251 251 181  88 222 223  77 191 135 213
 252  18 169 103 251 226 159 223  85  62 202 117  75  55][141 106 150 187 172 173  45 208 158 152  85  96 159 211 233 207 134 104
  46  90  67 244  74 176 196 217 111 232 154 251 137 161][ 38  37  98  74 221 189 194  65 201  65 249   9 138 157  52  16 216 174
  83  53 152  35 240 222  51 124 130 122 211  79 242 210][222 211  90 160 114 146  58 113  57  72  83 245  77 199 170 208 182 189
 157 231 213 145  12 222 178 225 171 197  44 166 171  17][ 94  94 206 164  34  50  62  82 164 134 223 231  77 239 163  74  54 245
 237 230 200 145 133  72 210 231 235 129  37 247  37  81][114  40  15 188  24 225  25  74 166  37 192 169 164 199  33  91 200 247
 235 128  42  79 195 125 209 178 154 187  16   1  39  58][104  35 232  97 213 217 240  67  99 229 253  13 139 168  86 144 168 142
 198  21 158  58 212 128  30  93  16 123 199  14 222 198][  2 143  98 155 242 240 188  71 238  81 120 179 172 142 182 224 239  59
 131 145 150 152   6 247  36  52 154 203 213  68 173 159][230 125 191 110 232  44 150 252 201  10 184 105 254 249  45  51 142 115
  95  99 224 103 138 107 113 186 101 190  88 123  35 171][173  53 121  71 244  79 239 184 116 232 127  72 211 119 153  48  30  92
  86 106 225 176 121  14 103 189  37   4  74 179  70 241][103 115  93  66 106  77 143 216 168 248 177 236  22 220 221  50 142 221
 117  83 195 115 234  96  61  24  45 188  77 179   3 177][112   0 157 101  40  78  65  55  36 184 166   8 215  55   0 115  64 148
 108   8  73 220 225  12 197 171 112  16  96 160  70  43][ 72  63 150 190 177 220 116  55 169  77 122  33 175 191   3 210 162  99
 236   0  70 200 130 235 167 247 118 139  66  84 143  79][183  14 110  15  66  50 238 112  53 198 119 231 105 106 183 157 126 173
 151 174 164 149  36 206  22  42 234 128 111 247 106 213][210 123 123 101  50 136  63 150 169 200  62 237 191 135 195  16  38 255
  93  68 195 136 176 107 228 233  46 184  44 146 135 121][184 161  90  76  80 159 210 117  68   4 244   8  51 137  38  17 120 168
 130 106 104 187  16  29 115 137  32   1 115 138 106 138][201  61 151  85  41 190  96  50 234 224  42  76 190 240 193 247   0 100
 104  92 161 105 247 104 173  56  69  50 202 117  67  44][239 222 228 188 234  53 158 250 139 254 144 255  76 238 215 155 175 245
 255 231 229  71 174 242  54 123 239 191  95 245  15  87][222 190 212 186 171 177  26 202 191  95 145 189 140 238 110 223 167 251
 255 215  54  79 138 247 154 119  91 255 158  71  47  87][201 143  30  87 229 156 116  55 233  10 126  76 174 168 150 183 132  38
 238  12 245 185  32 237  38 123  84  19  74 204 203  13][124 117 249 103 176  78  87 184  97 172 174   8 215 119  73  50  16 220
  76 106  72 242 249  40 253 237  37  52  96 243  70  35][ 24 157  58 124 211 206  53 119 173   4 110   0  62 183  34 113 162  59
 130  64 112 185  48 109 247 241  22   3  66   0 167 186][ 82 130 230 221   2  50  24  27  63  21 219 183  73 239 190  72 119 143
 189 181 154 209 143 197 146 126 218 195 183 132 165  85][ 61  85 121 103 244  30 111 184 117 224 127   0  91 121 159 116  62 204
   4 234 233 176 125  46 230 239  37   4 111 243  74 225][105  73 229  77  44  27 224  20 238 176 190  66 251 168 149 238  74 228
 126 106 193  49 247 136  22 249 227  48  71 186  81  44][ 82 207  63 188  58 192  61 103 190  29  76 179 173 191  34  80 230  59
 175 129  82 137 162 247 243 231 190 139  52   0 167 251][ 39 236 231 155 220 187 170 206  94 243 211  86 232 232 255 168 121 106
 122 149 183 246  79 255  44  30 159 196 221  95 249 140][231  54 228  83 237  61 226  26 251 251 191  92 206 232 223 191 155  70
 254  31 191 101 239 130 142  94  85 254 206 237  90  85][ 64 248 157  85 168  76  37 159 174 186  46 104 246 247  65 122 135  86
 108   8  67  77 243 113 199 190 117  24 192 240   7 185][ 98 235  40 184 189 141 144  79 206 189 144 157 166 136  82   9 201 171
 239  21 222 107 194 245 152  16  31 123  80  12 159 206][ 75 252 243 126  33 188  94 151 187  67  76  16 252 254  94 180 151 123
 245  13 135 200 186 227  99 255  28 138 202 246 139  95][120 249 147 246  57 205  90 244 187   0 160   8 191 211  64  16 176 249
  76  82  74  43 154 191 251 221   7 122  66  18  71  10][228 112 125 228 110  13 219  88 200 248 177  11 215  93  89  59 142 213
  85 103 201 103 216   8 211 201 105 188 101 187  82 243][ 32 172  95 117 112 239 113  55  49   1 106  24 179  17   0  16   8  62
  64  24  18 184 208  31 207 190  48  64 192 136 198 170][201 217  56 255 179 220  63 183 254  64  70 160 189 183 130  96   6 115
 253 204 211  24 246 255 239 253  62 193  22 148 133 123][ 41 173 249 101 244  47 111 191 118 171 126  64 255  97 144  48  27 238
  22  56 219 184 233  63 238 239  39  68 230 250 194 169][252  48 180 246 169  12  84  89 251 186 183  56 207 251  77  27 135 213
 236 114 184 103 203 192 219 251 117 190 194 241 195   3][178 162 234  27  70  83 145  72  86   7 213 179   1 172 126   8  91 137
 131 133  30 190 100 195  94   7 154 235 245  13 126 198][ 30  42 150 182   3 228  58  66 173 132 194 131  44 199  99  90 230 249
 235 214   0 205 130 232 147 241 202   3   2  37  37  82][130 156  63 185 245 236 177   7 190  91  82  17 180 190  32  72 197  59
  59  17  50 205 146 215 205 246  58 202 144   8 181 219][146 253  55 212  19 196 190 231 188 200 210  99  60 158  36  33 238  51
 151 193 229 237  18 239  59  26 190 194   5   4 167 255][187 213  99  76 103  94 206 116 113  74 246 236 123 124 148 181  62 244
 214 239 237 190 116 239  55 123  96 130 111 182 246 253][212 236 141 191 152 234 111 168  54 183 195 145 247 231  73  67 115 127
 105 211 122 212 219  43 237 167 239  68 160 115 133  98][122 141 236  68 157 115  84  47  87 230 174 143  75  44 151  84 115 134
 236 164 124 235 117 158 250  95 149  87 247 236 124  94][203 114 178 184  75 148 113  71 171  93  64  29  44 222  98 155 164 171
 211   5   6  79 178 193  23 112  90  43   2   4  47 207][201  88 255 229  36  78 125 182 233 254 246  32 159  55 147 123 230 245
 124 104 233 220 225 136 231 251 102 212  38 176  71 121][120 175  86 110  75  24  86 167 161 156 172  40 111 243   0 215 160 246
 236  98  88  75 130  45 243 241  64  27  98 226 174  11][ 33 189  81  69 117 223 225 119 121 233 126  72  50  16 212 180  24 174
  18   8 209 186 245 206  47  28  16  32  75 136 194 188][ 31  96 228 161  78  19 232  88  70 240 151 207 217   8 223 175 126 140
 127 253 141 114  77 152  86  73 235 180 191 191  88 148][ 35 134  98 153 244 187 232  87  95  65 123 215 168 136 182 196 123 170
  18 157 151 184  69 215  14  62 146 192 223 140 249 220][180 104 214 112  77  27  68  64 251 178 160   8   2 216  69  30 153 236
 100  82 108 103 202  10 147 222  69  63 193  57  74 142][ 39 180 112 202 223 181 250 217  95  81 125  26  72 216 126  32 221 155
  19 187 150  34 126 215  31  28 131 110 213  75 240 134][108  57 157  65 188 207  97 155 238 248 110  72 146 241  65 178 144 124
 110  88  19 176 243   0  79 189  37  84 202 170  66 161][217 193 111  79 238  26 111 189 173 112 247 198 251 111 158 115 126 196
 127 238 249 241 109 125 118 171 231 196 103 178 224 113][216 137  71 225 133   2  77 183  53 176 130  66  27  35  33 213  98 230
  61 232 120 153  65 252 248 234 214  80  38 176 240  40][ 80  49  27 229  26 207  51 112 166 224 227   8 215 215  64 112 182  61
 121  96   1 209 147  28 213 133  35   4  40  34   7  51][130  61  19 148  79 204 180 103 168 130 168  10 188 190  96  39 170  51
 203   0 113  43 146 234  53  20  10  43   8  40 167 187][ 40 173  32  95 221 255 198 175  83 165 236   8  98  57  22 180 153 234
 192   8  94  42 113  63  47 223  20 123 219  90 222 142][238 164 244 115 236  63 252 191 255 187 183  24 202 107 220  27 143 215
 127  24 176 111 235 198  30 219  85 214 199 232 194 129][  1 188 191  95 229 191 245 183 127  91 119  84 254 249  76  56 149 122
 118  24 147 248 251 117  15 254 116  66 200 192 195 169][242  65  98 236  76   3 206 104  65  32 240  10  66   8  53  17 120 165
  95 227 200 163  68 204 178  40 128 184 117 186 114 136][ 38 178 224  17 251 121 184 135 187 255  49 191 140 172  94  31 167  15
 213  21 182 112 254 192  14  88  93 255 205  68 143 215][201 220 147  93  81 140  98 150 250  11  98  84 190 243   0 244 161 110
 104  24  99 220 144 111 173 190  54  64 138  48  35  41][220 106 247  97 160 106 123  24  61 238 178 169 223 135 193  24 150 221
 125 254  56 215 161   8 219 251  37 148 226 241  38 113][230 238 164 190 137 229  78 172 159  63 153  25 236 238  88  91 221 215
 255 231 250  71 219 247 189 118 207 253 144 119 166  80][164 110 149  16  92 171 130 202 250 184 168 121 198 232  69 154 153 236
 104 115  46 103 202  50 156  22   5 126 200 121  66 134][195 205   7 157 133 214 172 167 173  80 218 199 252  46 181 231 230 231
  59 173 229 217 181 237 164 122 206 132  15 116  49 220][162 179 227  94 203 208 184 101 219  85 113 187  40 236 222 159 174 219
 243 145 151 122 166 193  30  48 218 235  69   4 175 223][132  12 142 158 140  34 174 232 150 147  91  18  64 234  57  75 121 107
  59 163  48 245  11 238  40  38 223   0 148 123 176 128][ 30 111 243  84 114 240 187 194 169 132 122 226  41 231 229 182  38 255
 199 208 128 219 164 232  58  36  46 139 167 247  39 237][120 184  50 186  45 237  80 198 235  95 172  25 174 189  34  24 137 179
 237  65  14 107 146 177 211 213  80  59  82  93 199  75][122  32  34 172  29 203 218  72 135 132 141  11 111 217  49  36 248 185
  95 225   8  35 218 223 211 213 139  59  55  47  62 162][214 164 166 151 218  34  56 235 190 179 147 147  76 238 120  75 119 223
 251 181 178  95 139 215 156  34 223 228 132 100 161 209][ 58  51 106  33 245 249 242  71  99 109 253 175  11 140  86  16 248 142
 199  21 158 186 228 130 126 117  32 251 231  14 222 215][155 214  82 175  98  18  58 248  61 104 115 231  77   6 170 209 182 157
 151 230 229 148  13 223 146 225  42 134  46 135  43 209][ 29  60  18  85 145 190 102 115 125 130 111  68 254 243   1 180 177 110
 200  42  49 184  25  95 171 254   1  66 202  99 107 164][246  57 144 254 185 197  82  75 155 168 161  24 174 222  68  80 200 187
 253 128  58  75 218 251 179 245 143  59 208  32 166  18][120  32 114 234 109 205  80  73 235  20 165   8 143 219  72  28 152 152
 204  10  10  35 218 145 211 217   0  61  98 130  70 130][253 120 188 114 173  60  84 220 251 250 180 124 222 216 207 191 135 197
 252  26 173 103 250 226 155 223 117 191 202 245  74   7][104  58 185 116  40  76  81  23 226 173 166  40 183 183  64  58 128 246
 108   8  24 120 226   0 195 229 112  57 224 160  70 107][ 61   4  79 252  68  34  77 122 213 130  87  82  83 107 177 105  89 172
  23 170  41 247  38 140 210 235 243 128 183 233 112 160][205 205  23 252 232  37 191 255 168 186 184 104 252 243 169 147 183 119
  95 107  97   3 138 127 240 191 111 188  88 114 171 169][120 249  59 110  25 205  82 224 163   4 161   9  63 215  97  16 168 249
 205  66  74  11 154  61 243 193  33  59 112   3  38  42][ 90 191  18 190 185 156  84 182 169  13 120 101 174 254 162 214 166 115
 236  65 198  41 130 239 170 245  54 139  82   4 175  79][134 208 146 155 101 173 186 192 158  25  83  18 236 218 104  72 212  25
  19  83  18 180  74 241   5  16 154 194 148  11 177 131][  1 180 153 121 192 237 113  19 122  91 108  24 150 183  72  56 133  27
 112  24  19 124 242  83 205 175 112 104 200  64 131 179][154 217  90 254  83 192  54 231 173   4  98 163  44 159  32  81 162 251
 197 194  64 139   2 109 243 225  30  11  33  16 167 139][126 169  18 206  93 193  82 232 135 132 137  10 110 219 105 212 248 224
 235 194  74   3 202 253 187 212 139  63  18  43 124   2][141 107 150 241 172  61 111 216 206 186  85 100 223 227 235 239 215 104
  46 126  65 245 170 160 234 217 103 172 154 251 137 161][114 156 239  85  19  86  81  51 117 199 238  17  42  60  22 116 105 183
 253 128 189 220 245 206 219 126 208 131  39  32 116 126][251  97 114 236  27  83  94 105 225 128 237  10  91 206  54 112 122 185
  86 234  76 167 180 222 243 253   3  61 115 166 106 164][147 255  83  69 114 143 109 119  49  72 126 236  59  39 148  53  62 187
  23 172 233 184  52 111  54 136  52 128 111 144 194 189][199  36 230   5 172  58 232  72 125 242 215 150 201 172 223 239 127 205
 127 191 165 245 237 194  22 122 203 132 143 245 123  85][ 92 165 157 229 176  47  95 184  52 174 250   1 215  55   9  80 183 212
 109 110  40 208  73  14 233 239 103 148 160 242   5  35][ 65  15 207 173 188 162 104  55 172 193 218 230 245 227 177  98 102 102
  63 141 145 153 135 237 172 190 234 192 140 226  49   8][114 106  15 190   8 193  27 194 175  61 192 169 166 199  33  91 200 247
 239 194  10  79 203 113 209 178 218 187  16  11  38  58][178 150 111 177  19 207  80 127  55 239 210 183   2  61   2  17 253 188
 245 133 188 252 113 159 219  86 209 215 227  12 244  95][ 82  47  91 224 178 130 123  87  61 129 250 232  29 135 160  80 118 191
  93 188 186 155 132 206 184 252 174 192 165 130 163  57][124 121 188 100  40  14  87 152 233 170 190   8 223 115  73  50 132 212
 125 106 200  99 251  40 243 249 101  60  98 243  66  35][253 126 244 119  45  62 244 152 251 254 182  92 207 232 223 191 143 197
 252  31 173 101 239 226 150 251 117 190 206 253  75  85][  3  58 134 129 105 181 184  71 143 111 152 199 172 174 115 138 239 171
 223 133 150 155  82 224 150  20 154 171 156  78  41 223][ 26 124 211  86  99 240 180  70 249 194 126 162  44 156 165 188  34 123
 130   0   5 191 166 234  50 102  22  11 231 117  47 191][ 38  45  32 250 253 191 194  80  89   8 249   8  42 249  53  17 216 170
  23 113 186  35 112 190 179 221 128 122 211  11  82 130][141  93 117  71 116  78 239 184 124 232 127  64 219 117 149  53  28 124
  22 106 225 176 121 110 103 190  37   0  74 179  67 177][ 41 205 121 103 112  15 111 184 117  42 126 196 243  35 145  48 126 236
  22 238 233 184 105  63 230 175  33 128 111 179  66 185][131 118  43   1  98  63 173  86  40 234  20 222 156  12 151 173  62  13
  83 173 165 150  52  74  52  24  58 180  77 212  11 253][101 164 181  83 201 125 145 138 235 247  45  24 194 252  94  63 129  78
 234  19  23 102 255  50  15  30  85 127 210 111  71 198][ 86  40 134 190  11 228  58  66 173 132 194 131  44 198  35  90 224 251
 187 215   2 203 146 233 145 240 218  11 128   5  37  74][141 177 178 155 181 181 184 216 127  89  85  86 156 218 126 236 183  11
  22  93 183 252  11 241  14  91  63 206 218   5 233 133][144 157  30 254  66 206 117 119 180  13  96  24  55 179  32  17 160  59
  64   0 112 191  18  63 241 163 112  64 112   0 167 171][  8 148  26 122 112 172  48  83 189   9 111  21 188 243  42  80 165  43
   6  28  50 157  18 119  79 191  50  75 218   0 171 139][ 80  49  31 229  24  78  97  56 164 160 195   0 215 151   0 112  52  29
 121 232   9 129 177  12 209 161  35  16  32  34  37  50][ 41 188  83  85 117 223 224 119 121  73 122  80 184 144 148 180   8  58
  18   8 179 188 116 207   7  28  16  66  75 136 195 173][ 84 164 159 181 176 106  79 184  54 166 202   1 215  99   9  67 115 101
 109 107 104 209 201  15 232 167 111  20 160 241   5  34][  1 233  51 223  77 197 167 228 206  20  84   2 164 210 225 101  72 120
  34  74  67  56 246 245  37  48  26  42  18  27  37 172][121 247 125 101 184  15  71 190  99 252 190 236 115  37 152  50  23 198
  76  44 233 104 109  31 238 207  37 180 105 210 194 121][210  79 174 188  18 128  61 102 180  13 206 163  45 175  34  80 230 243
 173 129 106 201 130 111 241 231 254 129  36  20 165 107][ 41 172 249 103 244 191 111 255 118 227 126  64 251  97 144  48  91 238
   6  56 155 184 125  63 239 239  37  64 231 234 202 169][ 27 221  42 188 178 147  62 231 188  66 202 231 237 238  50 192 247 239
 255 133 252 155   5 255 250 103 191 195 188 116 169  95][240 123 210 126 106   8  84 101 185 154 240 108  38 194 197 159 162 229
 108  66 108  71 130  97 146 240 100  59 104  48 106  15][120 233  90 122  85 205  82 244 115   0 228   8  55 211  64  16 184 250
   4  90  74  58 216  61 251 221   4 105  98 146  66 138][125 113 253 102 173  94  87 152  97 234 181   8  91  93  75  59 148 212
 124 122 201 103 249 168 251 217 101  60  98 251  70 115][ 92  27 202 164 114  34 123  80  32 140 223 231 109 239 227  80  54 253
 165 198 136 147 132 104 210 229 171 137 173 243  47  81][205 239  30 187 236 152 111 189 234  20  13   0 253 227 234 247  99 107
 106 122  83  65 174 241 236 241 239 109  22 178 169 160][238  42 215 100  32 234  75 146  57 174 246 232 159 135 209 222   6 245
 253 254  41 223 193 234 193 255 101 144 194 245 102  97][180 106 151  20  75  43  96  64 251 170 178 124  70 192  69  27 169 236
 110  18  45 231 194  74 152 150  21  58 201 113  67 143][121  73 243 109  45  93 194   0 237 224 191   8 187 136 212 246 200 164
 126  75 205  35 247 136 183 249 130  56  71 170  88  44][ 81  88 113 109  34  78  63 182 104  72 250 236 255  22 129 244  54 117
 124 110 193 128 245 109 132 238  96 146 108 179   3 125][254 113  35 170 207 197 151  72 129 220 145  63  92 221 109 135 220 185
 211 243 235  39 250 154 113   0 137 191  95  63 182 243][ 61 101 106 103 213  94 111 248 117 224 127  10  91 121 159  52 122 204
  20 238 233 176 125 174 119 239  37   5 103 255  82 224][ 61 177 113  74  89  95  87 249 103  77 253   8  75  85 142 180  88 136
 196 106 219 162 123 157 119 253   1 127 115 174 206 246][ 94 162 230 233  26  16  88  24  39  21 214 167   9 143 222  90 102 157
 253 213 154  18 231 209 146 120 139 239 183 133  36  85][178  45  32 238 253 173 202 107 213 136 249  10 163 201  52   1 216 171
  87 163 184  43  80 191 179 221 137 120  83  11 210 128][  5 184 191  91 241 173 179 255 127  89 122  68 254 249  76 112 181 123
  54  24 147 184 187 115  79 190  55  64 216  67 195 161][ 64 176 153  69  40  76  33  59  46 169 174  72 190  55 192 242 134  20
 108   8  67   9 243  83 197 188  50  60  64 128   3  57][130 143 102 155 240 176 190 231 172  21  91 247 172 206 190 192 239  59
 131 149 182 152  14 247  44  48 158 195 149  70 173 157][200  90 182 245  45 220 125  55 233 222 182  52 191  55 147 255 166  55
 253   8 232 253 179 136 199 251 118 129   2 148  77 121][133 232 231 155 220 187 174 204  94 243 211  82 232 232 221 172 123 111
 126 151 167 244 111 247  44  30 159  68 205  95 249 132][230 172 246 119 237  47 252 251 251 187 179  24 206 235  92  27 235 231
 110 144 184 127 203 194  31 250  87 252 199 232 227 129][ 62  53 114 225  19 123 122  73  41 228 190 171  79  29  71  52  58 157
 221  48  28 177 177 204 251 221   1  87 231 166  70  86][ 84  49 254 246 168  44  92  89 171 186 179  56 207 251  73  27 167 213
 236  18 216 103 202 192 155 251  87 190 194 241 131   3][109 115  57  65 106  77 175 216  40 248  56 236 213 213 217  51  30  93
  84 111 193 118 250  64 100 137  45 172  76 179   7 241][ 73  57 145  69  56 205  33  19 238 168  46  72 182 177 193 180 132  60
 110  24   3  40 243   8 111 189  33  24 202 162  67  41][ 72 200 215 213 102 136 109 182 169 178   2  64 189 163 177  87  99 229
  63 200  64  93 128 233 228 186 254 128   6 240  33  41][216  48 189 116  41 109  81  95 187 251 180  56 159 191  68  59 167 181
 253  48  43 111 242 192 219 251 113 190 202 224   7  59][ 41  39 107  65 244 155 107  85 117  65 125 192  19   1 156 180  58 170
  22 252 155 184 100  15 102  12  32 192 231 130 210 164][ 33 137 115  91  85 223 194 106  87  64  96   2  50 156  52 160 216 186
   2  89 239 186 116 191  35  92  16  82  81   9  86 236][ 88  38 223 244 170 232  29  15 187 159 190 169 175 183 192  95  39 183
 253 144  10  75 162  65 218 243 126 155 162 208 167 107][  7 245 165 195 157  63 142 136  78 177 153  78 192  56  93 174 217  65
  58 255 159 112 255 210  45  30 143 118 221 127 209 164][ 79  63   2   5 113 190 106  82 255 232  90 204 174 202 215 244 182 237
 212 223 149 154 148 254 190 124  11 202  14 167  59 149][150  12 111 188  71 227 175  96 148 198 211 131 105 238  55   9 122 245
 179 231  44 151   4 238  81  34 203 129  37 255  53 242][135  50  14 177  50 167  56  16 191 219  87 245 204 195  34  89 167  41
 255 148 182 213  19 214 206  19 187 199 142 133  43 211][135 179 225  19 235 249 184 207 251 245  48 189 140 172  94 190 135  79
 245  21 151 104 190 242  14  30  31 255 207  68 143 215][ 66 171  40 185 173 141 148  71 142  61 144  25 166 140  82   1 137 171
 239  21  86 107 194 245 189  16  30 123  80  12 151 207][202 248 190  30  43 208 189 166 174  87 134 177 188 246  66  91 167 115
 251 195  98  77 170 113 221  34  94 203   0   5  39 123][201 120 183 245 169 220 125 150 175 254 182  16 190 191  67 251 167  55
 253   8 193  77 178 224 195 251 118 186 130 244   7 123][ 15 107 158  91 177 189 122 132 239  29 111   4 142 200  63 220 164  42
 162  92 150 176  58 113 135 253  18  67 218 151 203 132][195  77 167 157 140 198 173  39 253 202 210  18 188 182 183 103 100 103
 123 141 229 221 183 202 165  58 222 128   4 116 177 124][198 164 174 149 204  34 168  75 150 179 211 146 201 238 120  75 127 207
  63 177 178 215 207 210  28  98 255 196 133 109 177 144][121 238 174  52  57 157  80  23 235 253 166  29 175 168 210 150 129 230
 236   5 142 109 230  51 218 115  53 187  74   4 222  95][  9  42 150  90 161 189 112 214 255  29 126  68 174 224 183 188 161  42
 230  28 134 249 162 255 130 255  80  11 202 196  75 141][218 184  50 186 155 237  20 199 191  87 160  25 174 254 102  24 161 187
 233   1  38 111 154 243 211 209  24 123  82  85 135  94][121 109 106 172  85  31  75  96  65 228 237  11  51 137  19  80 120 172
  93 239  76  55 212 142 243 237 129  57  37 171 122  74][120 249  27 238  24 205  82 244  34   0 224   8  55 215  65  16 144 249
 197  66  74  11 154  63 241 197  32  57 112   3   6  42][124 117 121 101 112  79  79 248  49 172 126  72 115 119 137  48  62 220
   4 106  73 146 249  30 255 237  37  36  99 179  70 227][125  97 104 168  92   7  75  72  33 164 173 139  19  15  83  16 120 140
  93 238  76 131 245  28 243 201 129  61  37 139 114  66][173 127 121  69 244  31 103 184 113 168 126  72  83 113 133  53  28 220
  68 106 233 240 249  46 111 221  37  52  99 251  66 169][250  60  16 254  57 205  80  67 159  58 161  24 174 223  65  25 205 187
 221   0 122  79 218 191 243 211  17  59  82   8   6  27][ 98 104  21  62  41 225  18 196 174  49 160 168 166 151  65  90 200 247
 239 194  10  75 203 113 213 176 218  59  16  19  39  58][116 231 168 166 140   0 215 168 146 182 157 143 199 233  91  10  89 196
 105 231  76  98 202 138 232   7 205  61 181 255  84  66][221 120 252 119 172  62 253 156 251 250 182  29 223 252 223  59 175 229
 124  95 165 101 239 226 151 251 119 190 196 245  67  85][105 247 125 103 240 111  79 191  97 236  63 236  83  37 152  52  55 198
  68  44 233 112 237  31 126 142  37 244  99 210 198 121][ 34  42 192 188 125 133  90  70  27  15 180 159 140 143 118   8 222 169
 223 133 142  15 192 194 150 116 154 187 159 140  40 218][ 45  93 117  69 116  94 231  56 125 232 118  64 243 117 149 181  28 124
 118 106 225 176 121 108  39 186  97   0  74 179  66 161][141  63  83 113 176  42 105  18  48 234 119 244 211  39 193 121  55 110
 100  60 177 220 165  14 204 235 113 196 170 225   3 241][120 187 186 116  48 236  81  23 163  13  46  40 191 183  64  26 134  62
 237   0  26  73 162   1 211 245  48 121 226 128 134 107][ 82  74  26 190   2 128  62 228 173 132 194 163 109 199  35  80 102 251
 203 194  64 135   2 237 240 225 138 139  33  51  39 202][ 54  20 114 248  85 207 210  64 221 129 240  10  14 217  37  25 248 185
 151  49  48 179  16 206 155 223   0  91 211  12 118 130][ 65  48 153  69  48  29  98  27 122 161 174  72 183  19 196 180  22  28
  76  24 131  56 241  75 133 188   0  56  74 130  75  40][ 81  11 215 239 182 130 110 117 108 192  90 102 245 179 176  96 118 111
  62 205 209 152 135 108 188 168 174 192  45 162 177 169][215  26 159 180 226 164  58  82 184 138  82  98  60 247  33 107 166 125
  55 195 161 223 130 234 211 171 106 138 136 113  33 171][211 175  75 234 240 130 106 119 173 136 218 228 189 131 176  80 254 167
  95 252 240 139 128 238 188 188 174 200  12 130 163  41][141 107 158  89 172  57 125 222 255 246 124   4 143 227 227 127 147 106
  46 126 198 225  47 160 234 217 101  45 146 249 205  69][ 42  70 243  94  98 112 188  79  35  15 252 226  41 230 172 244 126 251
 134 128 202 130 230 235  38 116 190 139 151 214 174 237][  7 184 231 147 223 221 184 215 187 253  17 255 140 156  94  46 175  91
 211 149 151 109 190 242  13  22  31 239 205   4 151 255][137  47 156 236 232  53 189 255 136 154 252 104 189 179 227 183 167 103
 110  44  97  75 162 203 242 251 111 188  90 240 171 169][ 62  55 106  40 246 171 211  83  25  45 253 191  10 141 183  16 254 191
 151  53 158 187 128 142 122  85  32 251 231 206 222 211][106 156 103 117 117 234 185  39 232  67 122 185 189  61  20  82 162 183
 251 129  49 250 208 207  77  55 154   1  69  64 215 122][124 121 252 100 172  12  87 152 233 170 190   8 159  59  65  59 134 245
 108 106 200  99 241  40 243 249 101  60  66 243 194  35][ 79 190 130 154 251 177 186 192 191 251 153 247 204 238 247 220 239 255
 255 215 183  67 142 246 158 119 235 255 156 103  43 215][205 143  29 252 252 176 111 187 238 214  12 132 237 227 251 103  99  99
 110  62 119  73 174 223 238 249 239 109 158 240 169 192][ 92  15 156 229 176  15  79  59  52 174 254  72 215  35   0  80  20 214
 109 110  56 208  73  14 237 239 101 132  32 226 128  33][ 66 142  39 189 117 233 185  39 172  69  90 157 172  44  54  81 163  35
 235   5  54 184  16 207  69  55  26  65  68  76 149  90][122 230 242  76 114  80 190  79  51  75 249 226  41 238 172 180 126 219
 148 129  71  11 166 195  50 117 190 139  71 214 175 141][  9  92 123  94  98 221 111 119  56  66 124 236  61  23 145  49  46 187
  23 206 225 154  52 111 118 175 114 136 111 144  67 249][ 60  12 122 110  85 215  67 104  85 134 245  10 123 219  51  49 248 168
 150 234 104 179  56 157 211 235 129  25 115  43 102 162][231  44 230 145 236  58 232  66 255 243 150 151 141 172 215 107 239 205
 127 157 172 247 231 194 158 122 219 164 133 101 115  85][ 82 191  18 190  58 140  30 166 171   8 248  97 174 250 132 208 166 115
 109  69 198  43 194 239 162 244  30 154   8   4  35  15][211  22 105 137  34 120  45  27  60  78  93 246 157   6 158 125  54  25
 159 175 177   4  37  79 212  36 170 132 188 197 135 117][  8 181 153 121 209 237  49  23  62  81 110  16 158 183  64  48 145  27
  90  16  19 184 243  23 205 159  20  64 200  64 135 187][132 140 143 159 156  34  15 233 150 147  83  18  81 226  41  73  89 110
  42 178  48 245  11 251  72  38 239  68 148 121  48 128][ 60  33 112 106  77  93  83  88  97  44 253   8  75 217  72  52 248 152
 198 106   8  35 120 144 211 221   1  61  99 171  94 162][166 109  18 138 236 169 174 196 140   2 217  26 204 200 121   0 251 203
  31  67 114  39  72 243 180  16 142 184  21 123 145 128][248 250  18 234  61 145  82 232 223  12 169  41 174 219 101 144 216 248
 205  66  14  43 202 191 187 213   1 123  18  11 126  10][ 21 236 231  95 156 187 166 200 126 227 251  82 235 104 157 164 121 110
 126 255 175 244 111 191 188  78  63  84 213 127 241 164][ 74 106 159 244  37 252 121  22 185 206 246  12 174 135 147 223 134 102
 253  28   1 205 160 232 131 251 114 145 130 212  79 121][141 182  87  17 162  59  33 178 126 243 103 252 207  35 193 189  55  14
 230  56  49 244  47  20  76 210 113 100 202 229   3 177][121  65 106 238  85 207  67 116  81  64 237  10 115  89  50  48  88 172
  84 111  76 178  80  63 243 237 160  57 121 139 122  74][189  85 106 103 213  95 103 248 117 232 255  10  91 121 159  48 120 204
  22 110 233 178 125 174 119 239 165   4 103 255 114 224][ 61 185 121  74 249 223  83 248  99 108 253  40  91 221 142 180 220 252
 214 106 223  50 250 189 127 253   1 127 115 175  70 247][177  86 101  69  36  95 239  56  84  98 243 198 211  12 149 101 124 132
  22 239 233 180 117 142  36  42 225 132 127 186  80 252][ 82  53 115 225  19 107 123  67  41 164 255 171  15  31  20  16 122 149
 221 240  24 179 177 204 243 209   3 135 103 166 103  86][ 22   7 238 165 150  34 239 101   4 199 219 163  73 238 187  64 122 229
  23 173 156 145   5 202 240  39 174 133 165 254 244 192][ 91 207   6 188  51 146 126 231 189  74 218 231 237  46 179 241 247 231
 221 231 237 153   5 255 176 231 174 128  46 116  57  93][ 41 207 121  71 116  11 111 252 117  32 126 196 115  33 145  52 126 204
   6 238 233 184 109  63 102 174 161 132 111 187  66 185][ 84  69 206 245 132  34 109 247  53  51 210  82  83  35 185  73 121 206
  29 168  56 218   1 236 240 238 246 132 165 241 240  32][111 120 176  18 233 125 148 206 235 251 176 109 142 252  87 190 141 197
 253  87 143 103 250  48 159  94  85  63 202 127  78  87][131 148  37 159 227 254  45  39 189  87  75 180 236  54 158 127 167  19
  59 133 183 220  55 215 141  50  90 194 148  68 165 253][  0 134  58 120 112 172 113 210 255  29 126  21 190 211  46  80 183  10
   6  28  50 173  18 119  79 191  50  75 218 129  97 195][ 32 225 120 105 220 205 103 245  98  37 108   8  51 145  72  16  72 154
  66  88  90  58 208  53 127 141  36 104  97 136 198 170][141 172 189 255 220 103 173 191  86 243  79  18 241 125  24 107  89 126
  48 137 243 252 255  63 109 175 255 100 133 248 213 232][ 60  45   0 186  29 143  70 121  29  10 241   8 246  88  53   1 216 160
  14  35 120  43  88 191 177 223 137 120  80  11  82 130][ 89  89 123 109 114  14 107 188  96  72 122 236 127 182 145 240  54 237
  20 238 201 144 181  41 244 237  32 128 109 179   3  57][101 184 213  67 181  63  64 134 121  97 171  92 138  48 212 188 129 142
 124  28 157 248 245 164 143 222  84 114 202 204 218  36][143 124 105  83 227 249 189 214 236 122  94 178 185  28 215 175  47  59
 215 157 167  60  52 242 103  73 186 163 239 213 157 253][121 189 148 118 169 126  86 181 225 250 175  44 255 114 138 179 129 246
 236  34 125  75 249  45 234 251 101  19  74 118 202  95][139  61  71  25 113 158 106 114 253 200  82  68  44 154 183 245 230 171
 222 221 229 155  52 238 182 120  10 130  14 132  43 221][ 82  98 100 233  26   2  88  88  47  53 146 163   9 143 213  90 110 157
 253 245 138   3 199 208 146 232 139 253  55 133 116  80][194  50 157 241  40 108  57  23 186 187 178 120 188 183 192 123 135  23
 127  16  51  77 195  64 204 178 122 250 128  64 135  59][236 172 246 243 236 173 252 207 251 187 177  24 207 234  92  27 235 239
 110  17 186 111 203 210 159 255 119 254 193 232 227 129][  5 190 155 123 244 173 235 222 126   9 120  84 182 248 252  96 183 107
  38  28 147 188 139 115 109 156  55 108 216 195 227 169][199 148 167  23 163 126  45 178 185  95   3 212 204  54 138 255  39  71
 124 172 181 221 191 111 133 114 218 198 138 101  35 117][ 90 120 190 244 169 252 120  23 235 223 182   8 175 159  67 191 167  55
 253  16 134 105 178 224 219 251 118 187 194 212  15 127][137 219  83 253  54 130  47  53 116 128  82 230 245  67 176 224 118 252
  62 234 193 152   5 109 228 170 174 192  45 178 161  41][177  84 101  71   4  30 239  48  84  98 243  70 243  12 149 229 124 228
  22 239 233 180 117 174   5  42 224   0 109 187  80 244][218 188  50 186 155 229 148 197 191  87 129  25 236 222 110  25 161 187
 233  17  54  79 154 243 185 209  30 123 144  86 167  94][160 237  89  72  80 205 103 245 114  33 108   8  50 147 128  52  24 154
   2 120 115  58 112 127 125 136  36 104 113 130 194 168][207  85 105 201 178  54 191  31  60  75  94 246 153  15 150 237  54  21
 223 173 177  12  37 202 118  45 186 132 183 213 191 113][ 17  47 181 109 168  55  93 127 127 254 124 100 172 162 227  51 167 111
 110  12 228  88 163  72 234 216 119 164  18 224 167 237][ 56 251  24 250 123 153  82 236   7  28 236  45  47 217  34 144 216 251
 197  66  78  42  74  61 251 209   1 123 114  27  78 139][  9 177 145  89 209 237 113  23 127 105 110  72 158 183  64 188 145  30
 114  24  19 184 179  81  77 188  16  98 202  64 195 179][156  86  91 232 114 130  58 112  60   0 115 229  93 195 168 209  54 153
 134 226  97 151  24  95 112 225  35 132  61 163  35 145][209 175  83 234 242 130 238 119 188   0 218 230 253  99 176  81 118 163
  95 238 241 155   4 127 252 172 170 192  44 130 163 137][150  74  10 172   2   6  46  64 164 134 194 135 109 199  35  81 126 253
 139 231 104 135  18 108 240 160 138 137  49 119  35  16][ 96 171 186 100 112 200 113  23 171 141  60  40  38 151 192  22 134 190
 204  24  18  43 162  65 223 253  48 123 194 128 198 107][187  54 106   8 246 159 250  83  57  77 252 255  10 141 182  16 255 169
 151 181 190 186  20 206 122  29  34 235 239 140 250 211][120 125 250 100 237  76  87 246 233 168 174   8  63  63  65  50 166 247
  93  74  72  43 240  40 243 253   5  56  66 243 194  42][  6 248 171 146 186 197 187 204 174 241  17 183 252 220 124  32 175 123
  91 213 147 109 190 243 173  22 159 254 132   7 135 247][ 26 253 250  44 114 208 190 111 115  73 252 163  41 186 166 160 126 251
 151 129  94 138 134 239  50 117 190 139 127 212 175 159][ 44  73 126 110 125 195  83 248 197  12 253  40 114 217  35  16 216 184
 199 106  74 163  74  61  83 201  33  25 115 171 118 170][129  47 251  85 172  91  77 127 127 238 126 101  47 163 247 123 163 111
 110  60 197 233 167 200 250 217 101  29 218 248 101 125][ 67 187  21 159 122 140 174 191 174  25 152 100 188 226 128  86 166  99
 110  77 195   9 218 117 180  52  58 186  24   2   3  13][ 79  62 130 186 249 181 186 208 191 216 217 229 237 238 247 216 231 251
 255 215 151  67 142 246 158 215 175 251 158 103  43 213][ 10 239 250  77 122 240 190  79 231  73 252 226  41 238 190 224 206 187
 134 129 199 138 102 225  38 117 174 139  87 212 175 157][145 175  61 237 172  18 125  63  95 254 124 116 189 163 226 115 231  47
  44  44 245  89 163 216 234 248 119 172  26 224 161 109][253  96 240  39 141  31  84  29 113 163 231  29 203  24  94 186 152 196
 236  60 188 246 213 138 134 249  84  19 235 254 218   6][ 15 180 227  65 243 123 106  51 125 227 127 236  72  37 148 180  55 142
 246  60 145 248 117 206  14  30  21 198 239 231 202 117][155 155 178 190 131 132 181 119 252  71  66  23 172 187  34  68 166  43
 179 133 246 189 146 235 225 118  90  11  82   4 165 203][  9  17 190 217 237 253 113  23 207  93  95   5 188 191  38 104 199  59
 187  24 150 184  51 209  79 223  82  67 146  76 141 123][241 100  88  97  81  47  96  15 112 162 104  24 147  16  64  48  48 140
  64  40  41 190 209  30 149 205   1 100 104 128  74 128][ 26 249 178 190  67 132 189 103 184   7  64  55  44 187  34  68 166  59
 147 129  86 157 146 235 241 102  30   3  11   4 167 219][ 60 120 114 106 125 219  83 216  67 140 253  40  90 221 173 180 216 248
 198 106  72  51 232 184 115 221  33  63 115 191  70 163][148 132 143 189 156  34 169 234  22 179 211  82 209 226  57  75 121  78
  63 185  57 215 203 154 220 162 255 212 181 105  48 160][ 67  44 238 177 236  56 248  71 175 243 154 147 157 172 215 107 239 167
 127 149 180 255 231 194 156  95 251 212 132 108 115 213][ 37 111 125  69 116  95 103 184 113 174 126   8 211  97 149  49  24 220
  70 106 233 240 109  44 111 155 101   4  67 187  70 169][ 33 189  91  77 116 207 227 122 119 232 124  74 112 241 181  52 126 188
  18 104 193 186 116  95 117 172  33  32 121 170  98 185][221 124 190 119 172  60 253 220 250 250 182  57 223 252 223  43 175 229
 125  31 172 101 235 226 215 223 127 188 196 113  83  67][  5  89 125  69  52  30 227  48 109 168 126  64 242 113 149 244  84 116
 126 106 193 176 113  76  39 190  35   0  66 187  65 165][211  95   6 172  54  18 110  54 189 202 218 230 239 106 145 231 246 229
 125 231 237 153 133 238 176 246 239 130  44 244  57  29][128 130  58  88 112 236 113 146 191  95 118  21 158 199 170  92 131   8
   7  28  50 189   2  87  79 191  50  77 210 129 103 243][104 188  20 254  41 237  84 231 171  59 168   8 174 255  68  27 141 187
 253   0  74 107 218 189 211 223  81  59 210  72 134  27][ 26  57 115 236 115 214  95  83 173 204 252 161  60 223 165  52 182  57
 151 236 192 131  32 200 243 220  10 138   6 230  39 251][111 113 240  38 233  29  86 157 235 250 185  45 238 252  95 190 151 223
 245  71 205  98 218  34 190  92  85 191  78 246 202  95][ 45 253 110 109 244  95 231 250  85 232 126   0 115 249 183  48  88 236
  55 106 201 250 117 188 111 239  37 132 119 187 114 227][224 120  21  30  41 233  18 140 174  49 160   8 174 215  65 222 200 247
 234 210  10  79 218 113 149 176  26  59  18  19  39  42][219 145 111 126 171  84  29  61 177  79  71 181 121 255  46 119 182  87
 181 166 213 203 182 199 115 123  84 139 115 166 175 123][122  81  33 238  13  69  91 120 135  68 229   9 107 221  43  80 216 184
 253  98  72  35  90 157 243 241 129  59  50 175 116  82][152 165 189 255 156 110 205 175  86 179 206  16 243 125  24 107 209 126
 121  57  56 248 121  31 233 239 247  84 224 120 212 170][ 30  20 155 228 147 230  59  67 180 131 203 182  92 247  32  96 127 253
 145 177  57 147 148 206 249 231 143 194 169  98 165  50][136 190 151 241 177 172  57  23 190  27  82 116 188 183  64 204 135  59
 255  16  51 220 211 227 205 246  62 194 138  64 129 187][ 88 181 123 226 178 234 123 115  52  69 239 169 159  23   2  80 182 159
 221  16  26 152  49  30 251 229  34  65 160 130 167 115][ 38 140 202 154 244   9 238 225  28   2 248  10 124 106  57   1 123 235
  23 163 112  50  72 234  60  22 175 172 149 122 113 128][255  32  53  66 129 188 200 130 233  25 185  88 138  30  28 190 236 147
 220 152 159 163 112 224 147 216  18  82 195  87 234  36][249 170  46  56 105 221  81  83 243  95 164  29  46 137  82  31 129 130
 236  13 190 111 162  19 211 119  16 123 106 132 206  95][106 176 226  18  13 249  80   5 239  85 237 157 235 204  94 148 153 170
 234   4  30  98 254 177 143  85  20 123  71  78 222 214][ 15  59 211  65 227 187  96  19 127 227 118 228 142 162 196 188  55  14
 230  28 145 184  37 210  14  94  17 198 206 133  11 181][188  65 107 108  84  71  79 120  84 132 237  10  83  69  49  48 120 184
  19 234 104 178 112  30 115 205 161   0 115 187 118 226][ 33 205  99  71 116  11 235 252 117  96 127 198 115  97 157  53 122 238
   6 238 225 186 109 127  38 174 161 132 111 187 114 188][161 165 113  72 221 223 196 109  79  33 249  72   2  24 188 180 216 138
  66  57 251 186 117 159  61  28   4 118  83  10 210 164][ 73 129 235 101 176 158 105  23 116 193  94 197 249  39 146 116 118 174
  61 157 147 216 229 207 238 111 186 192 174 132 177 121][118  49 127 226  82  66 219  96  41 228 251 171  11  31  36  19 234 149
 223 243  24 187 129 236 179 240 138 131  97   3 103 114][ 64 185 158 176 168 141  61  19 174 185 178  24 151 159  64  27 166  55
 127  16  82 105 195  64 221 241 127 252 128  64 131 139][ 32 249  16 139 253 197 146 239  14   9 120  10 164 216  40   0 217  10
  19  81  82  58  90 183  45  20  30 106  80  10 241 139][155  61   2 156 117 159 184 119 125 200  82  69  44 138 183 245 238  43
 151 133 229 158  22 255 182 123 154 131  14   4  59 221][104  31 153 229 240  78 111  51  53 172 110  76 215  51 128  80  52 236
 108 106 121 152 225  14 239 239  37  64  42 162 198  41][ 63 238 244 255 175  59 222 184  31 182  52 170 111 107 159 191  31 195
 245 111 236  96 111 253 170 219  69 183 247 247  75 133][149  64  79 161 128  38 105   0  52 242 195 210 213   2 153 123 112 132
  56 191 185 212  37  76 132  42 235 196 172 243 177  96][ 93 124 190 247 173  60 255 220 239 250 182  40 255 253 217 122 167 245
 253  19 204 229 235 224 215 255 127 150 198 243 195  11][ 50  50 106 136 118 135 251 115  29  69 244 183   9  13  54   4 126 137
 151 181 186 187  20 206  90  30 154 194 255 140 122 211][ 18 253 250 190 115 192 189 103 189   5  94 167  44 255  34  68  38 187
 147 129 102 153  18 239 242 101  30 139  47  84 165 219][169 233 113  78 119 217 215 244  81 100 116  42  42 221 183 180  58 248
 150 106 207  58 108 191  55  93   5  59 119 191  94 237][ 41 119 125  69 116  79 103 184 105 236 126  76 243  53 149  48  24  68
 102 106 193 176 121  12 103 191  37   4  75 186  70 249][185  36  96 105 173 123  84  94 113 107 253  25  11   8  19 185 216 142
 196 162  60 166  69 138 194 253 176  21 251 221 250 134][145 203  83 237  52 130 111  53  52   0  82 230 241   3 176 228 118 252
  62 238 233 148   5  15 164 234 166 128  46 144 161  40][203 129 119 125  54 154 120  55 125  65  86 240 189  31 144 241 182  63
  61 157 247 156 165 207 238 255 186 192  38 132 177 105][124  45 236 110  12 111  71  72  98 230 237   9  83  97  19  27  88 196
 104 110  40 242 253   8 247 203  65  53  99 251  94  98][ 17 135  86 237 210   2 110 119 172   2  90 230 253  99 176 229 126 171
  22 238 241 152   4  77 180 168 234 128  45 240 171 137][172  36 101  78  77 121 194 104 193 146 161   8 106 192  29 189 216 224
 194 110  41 103 126 159  19  90  65  63  83 111  86 172][211  22  57 141  18  52  57  27  37  78 205 244 157  23 138 245  54 153
 157 172 185  20 113  79 215 165  58 128  58 192  39 113][ 97 255  95 101 112 206 127 179 121 236 110   4 119 119 130 112  38 236
 108  78 193 152 177  44 239 255  36   0 106 162  70 121][ 40 249 120 111 124 223 247 252  87 232 118  34 115 249 149  48  94 254
  54 104 200 250 111 189 111 239  37 160 119 186  86 235][  6 240 171 146 186 197 191 204 174 209 145 235 220 222 124  32 191  57
  95 215 195  71 190 209 185  20 143 254   4  18 183 243][ 33 188 113  77 116 143 227 122 126 160 120  68  48 208 149  52  92 168
  18  44 131 186 125  95  44  44  33  32  89 138  66 172][ 26 239 106 157 123 146 190 231 143  69 220 227  41 238 182 224 238 123
 135 193 198 137  38 255  54 117 174 139  55 212 173 221][ 94 188  54 186 139 229  20 237 171  27 169  25 110 223 104  26 165 147
 249  19  26  67 154 245 219 211  94 123 146  70 175  90][218 248  26 186  27 208  50 224 173  64 224  33  44 159  35 208 166 187
 219 195  70  15 154 247 147 241  10  75  58   5  47  91][212 132 135 189 156  34 105  27  54 179 210  82 211  35 144  75 105 206
 127 153  57 221 195 206 204 162 255 212 164 232 176  32][ 45 197 103  71 116 155 239 248 117  96 123 198 113  96 157 180 122 236
  38 238 225 240 109 255  38  46 161 128 127 187 114 180][ 91 149 123 110 187  84  95 185  97  93  77  20  89 127 158 245 182  23
 181 172 211  11 187 215 107 255  74 206  62 134 167 119][ 45 171 242  75 244 191 227 210  95  41 252  76 251 249 180 180  90 234
  86  92 155 186 109 255 110 221  37 192 223 143  82 173][ 45  98 248  19  93 189 240  74  91 191 245  29  10 136 223 188 153   8
 194  21 142 118 206 146  14  93  17 127 203  77  90 134][ 41  51 144  65 245 189 226  83 107  41 125  76 154 152 214 180 148  10
  70  28 151  56 192 208  14  93  32 106 202 134  75 133][ 45  36 232  43  93 191 210 218  87 233 189  13  19 217  95   8 217 136
  70  29 142  50  94  26  78  93  33  61 219 111  90 194][ 35 176 101  25  93 223 224 107 255 105 240 207 170 156  22 164 204 168
 211  53 175 186 117 221   7  30 145 214  95  12  90 220][ 79  56 166 187 185 181 122 216 191 200 217 133 205 238 115 104 223 249
 255 215 159 195 250 252 207 215 175 234 158 231  59 213][105 125 251 102 244 204 119 119  97 168 108   8  55 179   1  48 184 254
  86  72 217  58 240  44 119 253  36  40  96 250 194 170][  7  59 194  69 195 158 232  80 127 233 114 230   8 184 215 188  62 237
 182 220 149 216 245 192  30  94 145 194 239 165 106 157][  0 158  27  56 113 236 112 254 188  93 124  85  30 183  34  80 165  11
   7  28  54 137  18  87  91 191  50 207 208   0 111 211][ 75  93 106 201 245  52 255 215  45  75  95  18 153  63 182 108 102  87
 159 223 241  25 181 226 119 253 190 192 167 213 241 252][ 43 167  84   9 253 187 226 127  95 105 124 111 138 216 182 164 154  10
 150  61 183 186  69 222  46  28   1 246 223  14 216 141][ 67 187  21 158 106 140 171  57 174  88  73  76 252 194 128 115 230  35
 122 207 195   9 218 125 132  56 106 168  24   3  35 177][111 181 242 102 227  92 118  57 121 232  63 189  78 255 206 180 183 247
 244  38 181  99 190  67  62 255   5 255 107 166 203  87][129  63 189  85 242 143  61  23 127 235 242  84 188  50   4 112 230  47
 110 140 241 216  65  74   5 190  54 130   8  64 161  41][181  76 103  71   4  30 238 244 116 106 243  66  83  24 157 229 120 228
  22 239 233 180 117  46  53  42 226 128 109 187 112 164][ 83  95 131 133  34  14  46  51  45 194 218 230 189  34 149 118 102 229
 125 239 205 153 149 206 180 254 206 130  44  36  35  29][ 96 179 121  64 114 201  99  17 105   9 121 104  19 151 196  48  46 184
  70  24  19 184 224  77 103 140  32 121  97 130  70 169][193 191 189 245 210 134  61  55 126 235  98  84 180  50   4 112 230  63
  62 140 241 216 113 110  69 174  62 130   8  64 161  43][208 185 159 177 168 140  61  23 190 185  18  16 191 151  64  91 167  55
 125  16  82 221 147   0 201 227 126 192 128   0 131  43][124 213 121 110 124  79  87 184   7  40 189   8 211  93   9  48  92 216
 215 106  74  34 123  29 247 221 161  61 114 187  86 178][ 36 241  48 203 253 141 178 237  95  41 120  42 140 216 108   0 221  27
 147  81 210  58  88 247  63  28  21 126 213  10 210 139][ 66 173 190 177 172 173 249   7 239 249  26  17 188 174  86 107 231  47
 127 149 146 217 163 192 204  91 254 194 132  68 145 217][253 207 221 254  40   8  71 188 147  26 160 252 115  99 161 115  68 230
  44  78 107  69 203  59 240 225 101  56  56 248 192  57][ 66  28 186 202 125 253 187  82 207  77 127  24 188 191 246 100 197  58
  31  28 146  56 178 226  95  28  50 234 146 202  69 247][ 59 223  99 204 115 146 174 247 157  12 216 231  40 142 183 196 254 235
 151 237 198 155  36 255  54 125 174 130  55  22 251 221][ 56 207 113  74  61 201 135 236  95  12 124  40 163 221 172  36  90  58
   6  74  74  42 106  63  39 220   4  58  83 154  68 175][252 161 121 104 250  91  91 205  99 113 253 170  91  95 204 180 122 157
 198 242  91  50 237  85 254 201  33 255 103 131 230 179][156 149 123 226 242 203 123 245  53  69 127 168  87  87  40  80  54 155
  21 112  58 154  56  63 251 229  32  69  96 131 166 243][ 39 177 160 155 221 149 146 221  23  89 145  95 168 252 126 172 221  26
 147  21 191 106  90 177  47  86 157 254 219  78 218 159][127  98 224   0  69  89 226  72 115 228 245 171   3 200 223 148 120 140
 198 111 142  54 236 130  22  93 129  61 231 175  94 196][103 253 185  98 153 205  87 184  91 248 173  13  82 253  79  48 149  90
  81 126 203  98 250  63 107 221   5  62  72 127  82 115][ 82  20  90 184  27 241  24  64 173  64 192 163  44 222  39 208 254 185
 223 193  15   3   2 223 146 241  10 187  49  21  47 151][ 92 120 190 247 172  44 126 156 239 187 182   8 223 251  81  90 167 245
 253  91 136  97 155 224 223 255 103  30 192 243   3   3][ 33 172 113  77 124 155 227 104  94  33 241  72 179  72 148 164  88   8
  66  44 163 182 109  31  44  12  35  36  85  10  82 172][192 137 159 181 164 170 109  23 190 187  82  80 183 163 144  75  67 103
 127  25  49 252 227 230 204 182 254  64 132 200 145  41][223 132 180 119 129  62  76 187 237 115  15  16 223  51  24 255  39  70
 125 140 181 196 255 231 207 255  82  20 170 229 137  36][124 125 169 109  13 111  71 218  66 238 172   8  51  53  19  56   8 244
 105 106   8  59 249  58 243 207 193  49 241 123  86 122][ 41  89 115  69 116  79 231  48 109 232 126  76 243  61 149  52  28 124
 118 110 193 176 113  14 103 188  33   0  75 186  70 249][105 121 123 103 112 206 103  48 105 236 126  12 115 119 132  48  60 124
 116 110 193 184 177 110 103 255  37   0  99 162  70 249][  1 207  83 205 160   2 108  55 116   2  90 230 181  35 177 245 118 110
  30 238 193 152   5 109 164 170 230 128  46 240 169 168][ 35 183  82   9 246 187 162 125  93 105 122 230  76 136 182 164 190  11
 134 117 151 184   5 223  44  28   1 230 223 142 201 141][186 223 114  94  87 219 247 244 221  68 116  42  42 157 183  53  62 250
 134  74 228 190  60 255 119  89   4  43 119 159 198 239][146 157 123 158  82 192 189 111  60   5  92 183  44 255 170  64 127 187
 147 129 114 139  54 255 114  39 186 203  53   0 165 251][164 233 112 137 247 143 190 239  94  57 120  10 140 200 116   0 255  11
  19  81 242  58  72 247  45  28  15 102  85   8 209 129][ 35  40  74 153  84 199 248  66  29  65 244 151  24  29  54   0 126 169
  19 157 191 191  84 222  94  31 154 193 221 140 122 210][ 43 104 227 218 117 249 232  68  91  73 113 250  40 158 246 252 254 169
 150 149 143 190 100 224  23  93 186 234 215 141  90 253][  6 225  59 218  30 197 175 201 174 208 153  10 220 222 125  32  63 185
  91 243  67  71 170 209 185  20 143 188  20  50 183 225][ 41 181 243  79 245 143 231 119  97 105 124  72 122 241 156 180  29 238
  22   8 209 186 240 239 111 188  36  96 203 202 210 169][ 95 122 243 103  50  90 127 208 113 206 119 231 123  29 223 190  54 253
 213 206 205 212 173 106 114 237  37 130 111 247 103 245][ 69 249  19 158 106 140 171 120 238  80  65  68 252 210 168 113  86 105
 122 238 195  67 158 117 132  56 106 120  24  35   1 177][203  85 105  73 227  52  61  23  41  79 255  52  25  31 150 121  38 147
 223 172 177   1 181 198 119 237 186 136 174 213 175 123][124 169 184 250 169 237  82 200 171  21 173  25 126 255 104  16 145 211
 249  82  26  99 218  49 219 221  21 127 210  67 174  34][ 40 241 127 111 126 139 247 121  71 160 117 226 115 221 188  32 126  56
 119 106 194 176 111  29 102 233  37 128 119 138  66 169][ 95 205 234 243 181  20 255 246 125 106  94   2 185  63 151  96 103 215
 159 223 225 153 189 238 255 255 238 192 167 215 163 249][ 27 204 118 245  55 154 120  39 105   1 110 162  45  27 148 244 166  63
 125  13 192 220 133 205 166 254 218 194  38 132 251  13][181  70 119  71  38  30 230 180 116  10 242  98  83  81 157 229 120 196
  22 106 233 180 101  46  52 234  98   0 111 187 112 161][ 15  57  34 168 121 183 122  80 175 204 220   5 191 223 115  80 222 185
 255 253 142 146  50 220 223 221 171 232 154 167  35 211][114  49  19 174  59 209  31 105 143  76 249 173 110 222  42 212 222 185
 159 227  77   3 122 221 177 208 139 187  26  38  38  87][153  78  23 205  52   6 111 183  52  10  82  68 243   3 177 228 118 228
  28 238 233 148   1 111 164 174 166 128  42 176 225  41][173  69 120 111 252  15  79 184  87  32 253   8  83 113 153  48  93 216
  22 106 232  54 121  31 103 141 165  52 115 187  82 160][244 115 120 104 218  83  90 216  99 168 189 234  91  95 205  52 126 221
 198 242 186  35 204  92 122 201 161 255 231 163 238 161][ 37 113 125  69 118  15 103 216 126 232 121  96  83  83 137  48  62  92
  86 106 193 240 121  30 101 140  37  36 105 251  66 177][211  61  27 135  50 142  43  48 124 192 203 196 244  54 144 112  38 237
 124 239 225 144 181  78 164  60  42 128  12 162  35 120][ 77 212 125  75 117 246 123 154 118  81  79  20 217 127 155 104  23  20
  49 188 179  20 125 255  79 239 171 196 158 135 115 112][181 239 108  69  52  11 199 249  84 160 246  74 115  65 149  37  24 224
  70 110 232 176  77  31  98 138  37  20 119 186  80 168][239 177 250  86 115 222 122 112 123 204 117 189  78 255 222 149 183 253
 213 102 180 242 172 111  30 125   1 235 239 167  74 215][119 122  67 172 122  18  90 216 173 192 218 239 109 198 183 244 126 237
 223 231 205   3 140 250 178 116 139 190  47 183  43  85][178 117  22 168  73 231 156  79  31  13 249  27  14 158  36 152 252 155
 135 176  90 171  82 220 179 208 154  63  81  92 174 210][173  69 103  79 244  27 238 248 117 224 250 198 219  96 157 229 122  76
 118 238 225 240 109 253  36 122 231 132 111 191 112 180][ 80 155  59 188 186 192  29 103 188  77 212 177 189 142 162  81 102 187
 143 129 126  11  38  93 240 163 186 203  52   0 167  91][194 153  63 220 242 196  53 119 188  73 126 100  60 247 164 113 166  59
 191   0 243 203  50  93 123  34 126 202   8   0 165 123][180 213 123 235 210 199 127 244  53   4 102  10  87  87  40 113  54 153
  21 234 122 178  56 127 251 171  36  68  97 147 166 242][253  94 221 252 168  10  71 190 145 226 132 252 115 225 161 123  87 228
 108 110 105  71 234  42 240 235 101  60  58 249  80 121][ 26 205  14 189 140 128 174 239 132  19 218   2 233 202  56  65 104 131
  63 227  74 143  67 245 180 227 254 200  21  24 177   8][ 41 109 115  71 116 206 235 112 125 192 126   8 115  85 148  52  56 252
  82 106 193 184 177 111  55 188   0   0  67 170  66 232][ 34 221 114  94  87 221 190 228 221  70 124 139  40 220  55  49 190 251
 131 195 228 187  54 255  55  28   4  11 119 158 102 223][ 53 221 119  75 209 198 103 245 117   0 238   0  82  87  44  53  88 186
  18 250 121 186 120 125 233 186   4  64  75 146 226 178][ 79 231 233  67 240  63 239 185 122 251  31 220 217  96 220 190  23 204
 116 191 241 208 253  66 108  31 173 228 206 246 219 181][ 34  72 110 155 117 231 249  68  29  81 215 151 184  31  54  13 234 163
  31 221  26 188  81 252  86  26 218 193 221  13 249 210][ 67 137 147 243 240 141 107 151 191   9  90  64 188 163 224 116 167  43
  63  24  83 152 160 243 173 188  62 192 136 128 131 169][108 225 184 122 221 237  83 156  99  53  44   8 219 243  73  56 153 218
  64  90  26  98 250  51 239 221  21 125 210 211 198 162][ 41 188 241  91 245 191 234 215 123  75 120  92  58 248 212 180 217  42
  22  28 147 190 244 247  47 126  20  98 219 206 210 173][181  69 101  77 180  27 237 191 125 226 250  70 211  96 157 167 122 196
 126 172 233 240 101  30  36  46 231   4 111 248 208 180][161 104  97 105  20 219 226  66  86  32 240  88 179   8 149 160  88  40
  66  79  43 188 101  63 132  14  19  16  85   9  83 172][221 140 172  85 133  60  72 130 115  55 134  16  75  43  87 123 161 198
 120 156  60  93 189 130 219 251 213  85 162 229 218   6][205  88 233  89  84 150 235 152 118 121  86  20 217  87 223 124 117  12
  53 223 163  52 125 250  79  47 179 196 159 145 115 112][ 76 209  95  95 204 200  99 184 246 148 103   0 243 243 232  97 113 122
  42 218  67 240 187  53  77 171 103  68 160 147 100 160][ 67  11  86 221 114 160 184  55  61   9  82 224 172  58 132 121 166  63
  63 129 132 152   7 237   4  58 122 130  12 128  43  13][ 98  41 106 232 124 141 122  82 175 200 124   1 191 223 113  80 206 169
  55 220 138  26 210 221 223 253 171 232  24 131 114 218][ 21 117  93 101 114  75 107 248  52 160 115 224 215  23 137  49  54 220
  84 106  97 240  89  12 229 138  37   4 109 179   2 177][120 125 185 116 109 207  87 182 177 230 174  40  50 181   3  48 136 246
 241  64  72 186 240  42 115 207  20  51  98  88  86 122][160 237  16 153 244 139 166 231  30  57 112  18 140 136  32   1 235  42
  19  80 114 184  64 255  44  16 159 100  85   8 209 136][ 65  37  63 101  32  14  47  49 236 202  95 224 213 151 152  99  54  52
 127 174 225 213 161  78 228 171 110 128   0 162 161  33][ 22  97  41 204  94  69 143 105 142 160 152  10 212 214  84  32 254 185
  91 235  65   3 122 222 177   4 143 188  20  50  55  32][ 40 195 119  77 126 139 235 121 230   0 243 226 121 221 188  36 126  56
 127 106 192 177  39 221 102 169  35 132 119 170  96 161][197  33  19 140 104  77 171 120 254  64  64  64 156 210 169 125 114  72
 122 238  67   1 190  81 132  40 107 108  24  35  35 160][ 94 126 227 103  50  50 123 216  49 198 246 231 123  79 159  63  62 221
 213 255 169 212 173 232  18 105 173 132 239 247 102 117][ 77 175 208  33 242  59  46 154 123 243  59 253 207  32 206 154  55 205
 236 126 181 240 205   2  14  70  37 244 239 229 139  21][ 79 221 120 107 226 208 127 212 169  79 125 181  29  63 222 121 102 211
 151 214 215  24 172 226 118 253 190 203 175 215 175 251][ 18   2  75 168  42 240 184  78 172   4 216 227 141 206 160 208 230 177
 239 193   6  11 134 213 144  97 186 203  52   5  37  77][ 64 156 159 247 180 140  61 183 190  11  90 112 188 179  32  72 231 111
  63  24 115 217  35 111 205 191  62 192 128 192 161  41][  3 167  86  11 246 159 170 237  93  97 123 231  76 200 190 164 126  11
   2 245 151 185  13 223  60  28   3  70 221 142 249 140][190 121  97  13  69  91 247 192  81 228 228 143   3  12  87 180 120 236
 211 230 205 182 244 138  87  73 129  47 111 189  86 214][ 88 156 158 182 186 232  57 135 190  31 142 177 253 247  41  88 167 119
 237 144  50  73 139 127 251 231 127 211 160  67 165  91][243 111  66 174  95 145  78 232  51 196 252 143  41 202  55 212 126 233
 151 239 206   7 142 255  50 108 139 169  55 183 122 204][ 92 120 186 229  61 172 122  82 171 168 190   8 191 223  81  26 166 245
 125  81 138 103 144 200 223 221  47  56 224  51   3   3][137 207 210 221  32  18 110 182 124 130 122 230 189  34 176 228 102 110
  54 204 229 156   5 235 164 168 246 128  46 240  41 140][220 114  28 179  40 141  88 152 190 184 183 253 223 195  75 219 134  85
 237  86  42  69 203  48 200 241 121 252   8 131  11  17][ 79 223 225 182 191  17  31 252 139 222 157 239 237 237 251 166 151 115
 223 231 228   3  46 255 250  85 239 191  54 255 157 117][134  11   6 155  40 128 168  16 172  25  83 247 165 194 185  73 230  43
  63 223 210 148  71 241 132  32 250 200  28 129  49 145][ 69 241  59  77  76  77  99 248 230 220 110  68 240 215 233 101 112  24
 106 250 195  97 187  85 125 136  39  44  24 176 101 240][ 74 137  82 159 119 152 184  71 237   5  98 147 173 138  52 212 162 171
 179 133  22 184 134 229  20 121  26  11  69   4 239 140][ 64 157 155 254 176 140  59 183 190   9  94  64 252 243  32  96 183  59
  63  24  19 153 186 127 237 191  62  74 128 128 161  43][179 117 107  78  77  95 148 117  17 234 240  79 114 157  55  49 252 188
 211  99 237 183 240 142 119  89   5  59  83  62 118 255][ 30 253 120 227 226 192 126 212 169  82 125 163  61  95  95 114 110 219
 151 210 195  16 140 240 246 233 174 161 175 211  47 155][197 113  19  12  72  77 163 248 254  72 192  76 212 210 189 245 112 104
  90 238 193   3 190  89  21  56  35  44  24  51  35 164][ 50  98 227  69  82   3 233 122  53 164 118 230   1 135 148  20 126 140
   7 172 200 146  37  78  20 172 179 132 103 160 102 233][ 34 217 118  94  87 213 190 230 221  68 124 131  40 252  54  33 238 123
 147 195 198 187  54 253  51  62  78  11  85  30 101 222][ 49 207  94 175  62 139 238 119 108  36 250 199 179   8 150   0 110 171
  78  77 198 184  69 125 244 141  34 128 125 138 209 137][ 53 197 119  75 201 207  71 237 101   0 238   0 114  83 140  53  88 210
  86 106  89 186 123 125  97 186  69  64  83  50 226 162][  1 173  91  91 116 153 234  87 254  73 122  68 176 194 180 112 238  43
  22 156 215 184  70 127  46  60 178 192  77 128 235 141][223  47 197  33 240  59 239 130  51 230 154 217 201  42 215 190  61 204
 252 255 189 216 237 234 140  79 237 228 167 229  90 196][ 35 169 104  18 212 153 170 229 218  97  76 136 176 196 214 164  24 106
 210  93 215  58 190 119 110  29  13 233  93 138 219 252][221  98 152 178  32  13  88 152  62 186 119 253 223 195 203  89 151 205
 125 126 238  86 203  48 214 251 113 253  40 145  11  17][163 254  93 190 122 201  26 246 159 122 112 253 165 222 160  17 135 123
  23  66 231  78  74  63 174 210 124 186  28 153  11 217][191 114 231  69  67  22 254 216  97 194 246 198  89  79 157 190  62 221
 213 239 205 215 181 202 114 105 197 132 103 183 106 253][185  92 125 109   4  94  71 176 116  74 242  64 243  20 145 245  88 212
 108 110 233 180 113  46 161 239  96  20  97 187  64 120][ 13  14  39  93  52 187 226  34 108  40 123  64 163   0 144 229  72  36
  78  41 168 180 101  31 164 254  33  16 210 137  80  36][ 35 168 242  91 245 189 224 215 127 107 124  92 170 248 246 188 157  42
  22  29 151 186 230 243  46  30  20 226 223 204 218 141][ 86  73 115 235 199 148 190 196  41  21 219 131  13 142 125 232 238 223
 183 211 222 146 187 225 151 249 138 195  53  23 165 244][ 23 164   2 154  95 179 138 202 223 133 201 139 232 200  62 132 249 171
  75 181  62  43  14 255  56  20 139 123 213  15  57 198][224  40 174 116 133 126  65 134 243 183 166  25  18 185  87 123 193 196
 105 152  60  95 177   0 219 187 212  85 192 113 246 106][ 50 205  98  94  89 209 254 236  21  68 248 131  40 207  55  17 248 235
 147 230 110  58  62 255  51  28 130 139 119 159 126 222][169 109 115  79  85 223 227  96 125   8 251  72 250  93 149 180  56 184
  86 106 235 179  49 255  55 252   0  16  67  14  82 172][ 61  85 199  79 213  91 238 248 117 224 250 198  81  96 157 244 120 204
  98 238 233 242 125 172  36 110 229 132 111 191 114 180][141  72 237  83  36  22 233 152 118 126  86  20 209  29 211 105  93 140
  53 223 235 244 125  92  71  11 247 132  30 145 112 112][ 82 170 150 184  59 233  16 111 191  53 128 185 174 166  98 214 231 187
 239 144  18  75 130 245 153 210  90 123 144   4 175  95][ 38  73 102 155 230 169 255 196 141  17 215 179 180  27  62  77 106 163
  31 211  22 176  75 245  84  26 218 195  21  31 241 130][ 60   8 132 152  29 243  64  74  86 117 160  31   2 192  35 156 201 136
 170 144  15 103  91 145 153  22 145 125 155  13 124 134][ 92 159 218 174 178 224  63 255  62  13  78 161 127 247 105  80  55 255
 173 144  24  27 139 119 250 231  63 201 164 243 165  91]