[116 233 152 126  73 201  86 232 243 168 164   8 114 241  69  50 152 252
 104  66  72  99 202  61 251 207  69  63  64  51  78  10][122 112 116 172 109 221 217  88 139 237 181  13  14 157  86 150 142 189
 255  69 137  35 242 208 147  88   9 187  79 140  90 223][125 117 124 102 173  31  87 152 105 232 189   8 219  89 221  63 156 212
 124 122 201  99 249 168 251 217 101  52  98 251  66  35][ 34 248 123 218 118 197 191 228  94  25 113  79  48 222 124  32 254 187
  19 211 194  62  26 247 125  12 174 234  85  27 230 187][236 243  87 114 233  12 117 253 171  29 117  92  30 247  72 159 141  26
 231  56  83 122 154  81  95 249 116 110  74 128 199 177][ 90 152 154 188  11 228  16   7 171  21 166  25 174 183  98  90 163 179
 233 144  22  73 146  97 219 245  90  91 128   4 175  74][250 106 230 180 237  16 220 103 169 222 144 187  12  12 215  27 234 229
 253 197 236 103 166 192 210 113 222 159  69 116 127  79][  1 121  19  94 114 142 167 112 248 136 122 100  62 214 165 180 166 125
  66  74  65 187 176 111  53 164  34  10  73  51  35 189][109 174 132  17 205 187  68 138  87 191 172  24 130 160 215 158   9 238
 238  28  62 122 239  48  14  87 213 117 195 253  90 204][217 162 190  52 185 156  80   7 251 253 166  29 175 160 214 246 129   6
 236  29 191 109 231   3 154 255 117 121 202   4 203  93][191 148  40 154  93 215 211 120  23 238 213  63 121 125 186 165 221 152
 151 188 175 118 120 159  91  79 161 239 123 174 124 247][ 61 117 105 103 116  31 239 248 115 232 247 204  83 125 157  48  30 220
 117 239 233 242 237  62 119 239  37 180 111 187  82 241][ 96 225 112 168  93 141 232 105 111   0 161  10 174 136  92  16 200 137
  91  65  74  42 208 213 149 216 130 120  81  10  83 138][250 120 250 116  35 220  29  87 169 206  54  41  46 189  39  54 166 243
 213   1 196 237 178 234 243  93  92 131  71 116  39 127][ 50 178 103 117  19 223 112 127  55 237 118 183  35  29  22   5 124 188
 181 145 172 252 113 159 203 223 208 195 103 140 212 223][253  68 124 108 108  63  84  24 241 170 181  92  91  91 155 187 222 196
 108 110 236 103 243 138 211 235  97  28 107 249  74 131][ 36 185 122  89 244 141 233 223 126  25 116  32 148 211 245  56  31  10
   6  24 146  58  42  81  78 157  55 236 208 136 227 169][166   8  18 154 109 133 184  64 156   8  81  18 236 218  48  73 216  40
  51 195  34 183  18 212  17  49 138  74  16  43  49 130][115 205  35 142  93 214 174 229 221  64 218  67 236 220  52 228 248 237
 186 231 237 187 125 255 181 118 142  27  23  62 241 204][179  20 115  76 118  55 201 121  93 234 247 122  91  28 181 117 126 148
  22 170 169 183 101 206  18 188 162 150 119 170  98 165][184 251 122 104  50 193  95 245  37  12 244 161  55  23 162  17 114 153
 133 240  78 142  32  61 242 193 164 233  52 146 174  75][190 245 165  18 139  93 151 237 143 255 165 189 106 124  78 143 153  82
 249  99 126 101 123 247  43  82  93 255  83 127 214 118][ 75 175 142 182 168 189  92 167 175 251 143 253 239 234  82 210 167 103
 253   5 214  75 138 247 154  87 127 251 136  70 139  31][ 97 121 185 101   5  79 231  22 104 224 226  72 151  24  17 178 168 228
 120 105 201 184 241   8 165 249   5  16  72  56  67 168][  3 148  50 218 113 188 120 115 189  93  95  85 172 254  46 244 167  59
 191  28 183 153  50 247 143 126  26 194 138   4 169 247][137 202  55 125  36 158 236  55 252  74 114  84 191  56 180 225 198  39
  62  13 229 188 101 255 166 251 114 128  92 152 201  45][ 32 249 121 106 219 205  87 253 107   1 108   8  54 215  68  48 152  58
  83  88  83  42 120  53 109 156   4 120 112  18 198 186][105 228 150 119 201 189 100 183 235  27 162  88 190 179  64 191 129 102
 108   8 107 237 211  97 173 250  86  16  74  80 202 136][242  28 239 109  26 102  88  59 113 234 250 119 114  61  21 115 253 245
 125 161 169 207 241  78 219 174 225 150 109  96 118 123][  8 189  58 126 249 205 117 103 237   5 108   9 190 155  34  16 160  59
  74   0  86  43 146 117 243 249  22  11  80   0 199 202][ 76  56 188  50 169 252  52  19 235 191  63 120 142 184  71 155 129 118
 236  16  22 109 138  96 207 219 117 255 194 113 207   7][ 85 127  95  97 160  47 103 146  32 170 106 236 215  35 129  25  38 118
  76 110 225 145 161  56 224 235 101 176 232 243 131  49][ 53  12 235 101  52  42 107  16 100 160 251  66 211   1 145 120 122 236
  22 106 137 176  69  10 196 172 160   0 237 251  66 160][240 107  83  12  10   8  70 101 169 136 226 109 110 226   4 214 176 231
 236  98  76  75 130 105 176 176  68  27 104  50 106  15][ 19 125 115  93 182 159 190 230 252 200 122 230 189 184 181 160 238 123
 150 193 229 185  36 239  38  77  38 130  77 152 169 157][120 107 210 100   1  25  86 101 113 172 168  41  35 233  69 144 152 236
 196  98  76 163 192  42 242 213   5  59  99 250  78  10][105  40 148  87 205 189 102 146 255 186 102  72 170 176  81 190 137 238
 106  28 135 248 195  48 141 222  85  48 202 125  74 140][201  92 191 189  37 188 184  22 252  74  82  84 188 186  49 235 230 103
  62  77 165 253 178 235 135 127 122 130   8  85  41  29][ 72 157  26 250 251 209  20 103 175  17 236  48 190 255  34 112 162  51
 202   0  86  11  18 245 243 245  18 107  80   0 175 139][186  37  98 232  93 191 218  72  65 164 253  11  11 221  55   4 248 169
 219 245  12  35 116 222 211 221 137  63 119  14 126  70][245  20 253 101 164  46  77  57 113 234 247 118 211 113 153 111  85 212
  60 170 185 244 117 138 193 235 245 132 173 251 240 113][248 184  26 248  11 201  16  71 171  21 164  57  46 159  98  16 162 179
 205  16  26  47 130 245 219 209  16 123  98   4  47  11][  3 148  62 248  49 236 184 210 191  27 127  48 188 223  44 104 167  27
  63  17 182 173  50 247 207 190  26 202 208   1 161 135][250  97 114 236  27 209  94 105 173   0 237  10 111 219  63 116 250 185
 217 227  72   7  58 223 243 217 139  59  51  38 102 130][134 132 134 159 220  35 170 234 150 179 211  18 192 232  56  75 121 110
  59 177  48 247  75 222  28  38 223 196 149 105  48 128][114  65  98 236  76  11 198 104  65 160 240  10  99   8  53  17 120 228
  87  99 200  35  64 156 178 232 129 188 117 186 114 136][121 174  10  60  61 189  80  55 251 237 174  13 174 168  22 148 128 174
 236  13 158 107 198  63 154 253  17  59  74   4  90  76][ 68 150  24 171 186 168  59 158  62 125  25 245 212 119 202  89 151  19
  61  53 178   0 203 119 236  37  62 236 156 211 129  81][104  99 113 101 112  14 107  56 105 168 127 104 219   7 137 180  30 156
  68 104 201 176 225  12 230 253  32 128  66 162  70 169][ 99 140 231 215 116 174 104  51 125  75 123  80 174  40 148 112 195  46
  63  12 180 252 225 239   6 190 210 192   6 140  80  76][106 239 244  52 219 137  31 143 171 181 172 169 175 231  67  18   7 251
 237  80  74  75 202  49 255 212   5  63 226 212 135 107][244 101 244 199 221  79 238 232 121 226 251  10  75 105  29  16 249 207
 127  99 232 243 221 206 191 254 199  53 231 255  82 130][186   1 106 236  93  87  91 104   5   4 237 139  11 207  54  84 250 185
 151 231  76  35 116 222 211 217 139  59  55 174 118 102][ 33 249  57  74  84 205 231 244  76  64 108   8 178 213  52  48 152  58
  82 106 195  58 120  63 101 156   0 104  81 155  66 168][203  63  39  21  51 218  56  55 185 232 214 253 173   6 146 247  38 189
 253 149 253 221 181 206 174 113 190 130  46 132  31  93][  9 133 120 203 180 185 187  59  94  97  93 214 157 106 190 100  95  11
  22 157 147  56 109 215 108 221  58 228 158 138 129 225][252  59 105  97 228  79 111 184  37 232 255 238  83 125 217  48  62 220
 125 106 201 178 253  44 255 201 101 212 111 187  86 113][ 98 104 238 156  75 224 188 198 137 214 216 163  40 174 119  11 234 243
 243 193  68  79 150 233  54  48 222 139   5 117  63 222][ 95 158 140 158 155  18 158 168 150 247 132 247 104 230 187 197 127 231
 185 181 190  75 175 255  56  39 239 207 191 100  57  85][216 225  28 225 137  73  85 103 160  61 162  25  23  19   0  83  32 151
 109  64 120 107 193   0 241 193 116 113  96  80 135  10][214 187 231  18 179 208 191 224 187 245 179 187  76 254 207 159 167 247
 253 211 126  77 174 224 186  82 207 247 231 117 167 119][ 45 253 125  71 244  14 111 184 125 168 127  64 211 119 137 116  22 220
 118 106 225 240 121  46 237 191  37 132  66 179  66 161][103 125  83  70 242  14 206 188 121 234 120 236 115 120 157  49  54 237
  84 238 225 242 156 110  48  62  37 148 109 243 195 149][138  30  86  55  35 203  48  54 189 126 102 245 175   7 130 151  38  37
 206   4 101 220  65  78 134 210  80 131  74 132  15 221][ 45  85 125  71 116  15 103 184 117 234 119  72 211 113 153  53  30  84
 126 106 225 240 121  44 111 191 101   4  98 187  66 161][ 32 205   2 158  84 131 142 230  22   0  88   2  32 202  48  64  88 106
  19 195  66 186   8 255  48  36 138   8  21  26  48 136][ 84  98 250 112 106 108 113  82 160 191 165 185  23 135  74  26 167 157
 109  16  24  87 162   0 215 229 112 121 224 129   6 227][165 104 212  67 100  31 234 216 123 242 119  92 219  72 221 191 219  76
 114 126 229 246 221 226  14  26  69  36 207 191  90 132][ 56 187 222 115 187 239  89  83 175 189 191 173 111 247  70  26 167 247
 237  16  26 201 203 117 219 223  85 211 226 194   6 179][201 156  31 125 179 238  53  55 252  91 102  84 254  51   0 115 167 119
 124   8 177 253 179 111 239 251 118  66  72  64 163  43][241 120 186  54 109 157 208  64 235 233  96  13 182 216  95  58 136 105
 118  71 199 119 210 161 147 217  16  59  72  31  91 142][172 229 123 242 240 203 119 189 187  30  37  56 215 215  72  49 147 218
  76 106 122 108  42  55 237 223  53 124  64 146 198 163][120 235 156 118 185 201  84 175 167 185 172  40 230 243  64 210 129 246
 237  80  90  75 203  53 187 211  53 123 176   2 142  43][141  52 168  51  53 191 176 218  94 255 113  23 139 168  95  10 205   9
 215  21 166 244 221 242  78  95 187 167 221  93  91 215][  1  36  15  19 208 171 226  67 102  49 107  82 145 128   8   8 105  42
   2  24  19 184 197  49   4 164  50  64 233  75 129 160][154  90  62 188  50 208 176 102 188 204 214 163 173 158 163  97 166 123
 175 193  36 137  38 237 210 227  58 131  36   5  37 219][222  91  87 172  34  82  62 248 173 196 246 239 111 103 167 211  54 245
 237 230 109 131 167 204 178 227 111 159  47 182  47  83][194 176 150 152 203 228 176  71 191  91  64  17 172 158  96  75 167  51
 251 145  50  77 146 211 141  82  90 107 144   4 167 219][112 184 188 250 137 205  21 231 191  63 164  25 174 255  98  27 137 179
 239  16  30 107 210  49 251 215  84 123 208  72 143 202][222 198 228  27  34  50 171 248 119 191 210 247  73 106 159 221 119 205
 175 255 172 244  77 254  28  46 255 196 247 245  37  69][ 34 226  98 140  79 219 154 104 143 228 192 139  74 204 118   0 120 169
 203 231  78  39 238 221  55  16 137  63 117  30  94 198][ 71 109 134 158  89 149 190 236 190 192 202 141 236 234  35 210 244 105
 251 231 100  67 154 254 176 119 143 187   8 119  43 158][  8 249  27 171 112 197 171 244  30   1 121  70 181 215  40  64 254  59
  19 209  83 186  24  63 237 132  42 104  88  10  37 185][151 110 239  69 102  10 238  20 112 226  82 214  89  40 149  43  54 236
 117 239 229 212 165  74  84  42 254 128  45 241 115 253][164  13  63 110 236 111  71 121 237 140 253   8 211 113  41  51 152 112
  78 106  56 161 106  44 231 185  97  16  80 251 198 163][ 34 164 144 185 253 237 252 103 191  19 225  24 174 250 100  25 137  59
 219  17  50 107  82 215 189 222  90 123 208  72 131 130][ 41 173 241  91 244 187 239 255 119 225 126  66 251 225 148  36 123 234
   6  24 155 184 109 191 110 159  53  64 247 202 210 168][ 82 217  87 218 107 208  20 172 175  24 167 104 110 215 236 247 230 177
 236 194  67  11 170 245 147 240  66 255  18   6 167  63][124 229 120 101 244  11 127 184  97 160 254   8 211 105 153  48 122 196
  76 106 232 178 237  14 230 239  37  52 103 251  66  33][195 175 142 182 172 184 124 167 175 179 138 181 173 170  82  75 131 231
 253 149  62  73 207 227 254 115 223 217 140 100 153  14][144 128 142 173  36  10 108 121 174   2 211   2 247 106  56  64 250   1
  63  33 104 181   1 159 192 231 170 148  52 170  33   9][237 106 225  65 236  63  71 144  65 234  52  72  19  25 213 191  24 204
  84 126 141 118 236 168  78 217 229 188 239 249  82 165][ 19  30 102 156  82 144 186 246 149   4  94 231  41 238 183  65 110 235
 183 197 166 152   6 255  34 110 154 131  63 132  57 221][ 40 164 180  91 249 189 241  47 255  63 125  24 170 186  76 180 137  26
 226  24 178 120 114 215  15 222  22 127 210  72 207 175][131 142  10 221  53 188 120  55 189  15  94  52 174 160 182 228 161  42
 158  12 182 153  32 231 138 127  16 195 138 196 185  93][220 176 186 248  17 236 113  74 255  31 167  25  30 147 106  88 161  29
 105  16  54  79 146  83 219 255  18 111 128  65  47  66][130 180 148 159 234 169 188 111 191  51 242 178 236 246  72  75 167  31
 255 144  50 205 195 241 156 178  94 218 148  64 161 153][ 32  96  66 136  92 141 232  68  13   0 248  10 170 136  52   0 104 168
  91 193  74  43  80 221 149  24 138  56  85  10 114 136][195 228 164 147 233 189 184  79 190 123 211  25 204 254  90 123 183  31
 255 149 182  70 251 211 141  22 223 238 132  68 163 215][ 36 237  55  95 221 207 199 236 118 160 237   8 114 245  29  53 217 254
  98 106 123 243 121  63 121 190   5  52  81 123 230 226][ 45  85 125  71 100  15 103 184 101 234 255  72 211 113 157  51  29 196
 102 106 233 240 121  44 103 255 101  20  99 251  82 161][165  96 241 211 164  43 107 216  63 187  55  88 223 199 221  60 191 220
 127  58 187 244 105 178 206 222 117 244 198 251  66 161][125 197  68  77  13  59 198 168  86 166 174   8 195  96 141 135  89 196
 104 106 104  96 207  63 164 250  69  29  83 123  88   4][215 126 238 180 234  50 188 186 184 254  18 255 204  46 215 143 167 117
 245 247 165 215 165 200 152 114 111 134 141 245  43  85][ 96 174 105  85  52 235  65  55 125 239 254 157  34  44  22  48 137 166
 108  12 189 248 117  15  79  62  16  17  65 204  86 126][ 10  24 124  89  91 245  49  66 191 117 228  17  44 159  38 252 231 187
 251 128   7  15  51 245  87 253  26  43  91   5  47 222][210 180 255 240 170 172  24  95 187 187 178 121 159 191  64  91 167 151
 125  16 187  79 194  80 217 218 122 254 128 192 163  59][244  96  67 140  76   3 202  72 133 128 241  74  98 200  33   3 120 232
  78 226  73  39 194 200 176   0 139  56  21  59 114 128][ 79 178 252 163  63 221 249  88 239 253 183 143 207 204  94 182  62 149
 255 115 135  97 255 213 223  81  35 255 111 167  79  87][ 75  22 231  23  99 248  57 115 189  79  91 245 236 230 166 253 167  35
 238   5 181 152  38 207   6 118  90 130  14 196   7 253][  8 149  56 250 251 201  21 239 175  21 237  49 190 255  42  80 131  51
 203   0  86  11  26 119 231 213  18 107  80   2 175 139][126  90  86 174 107 177  90  88 129  14 209 237 109 202 163 219 230 241
 205 227 140   3  10 185 146 241 235 171  62  55  47  23][130 106 234 156 110 224 184 194 184 198  80 163  36 206 119  11 238 123
 179 215   4 223 134 232  20  32 254 171 133 117  55 218][104 149  69 165 117 106 169  55  40 227 250 248 189  61  16 163  74 183
 241 129 113 250 209 142  93 247 254 128  79  96 151 186][ 21  38 233 161 214  43 235 218  94 243  25 214 145  72 219  40 127   8
  23 157 131 180 109 210  76  13 187 228 253 203  81 224][222  28 183 222 147 244 187  67 253 195 207  50 188 254  37 238 231 123
 187 144  51 205 178 234 145 246 154  74 138  97  37 119][120 107 210  36  35   8  70 101 105 136 248 237  46 192 197 148 182 237
 204  98  77 163 128 107 176 244  36 187 107  54 106  13][ 80 180  56 248 219 233  49  75 175  21 173  25 158 191  74  80 163 155
 203 144  22  11 154  87 219 229  26 127 176  64 175  66][135 250 109 155 108 149 171 152 142  92  21 198 240 204 255  39  78 112
  63 223 131 101 110 245  78  25 171 252  29 139  21 253][106 174  42  48 121 253  81  87 243 125 164 157  46 140  82  20 129 170
 237  21 142 111 230  23 210  87  16 251 234 140 222  94][106 156 101 245  84 239 161  55  60 171 218 255 178  61  20 145 237 183
 255   1 169 190  81  95  29  38 184 144  77  12  82  59][ 72 221  58 254 255 204 117 103 237   4 108   9 190 217  34  16 162  58
  75   0  82  43  50 101 243 253  22  11  80  24 231 234][ 15  59 196  81 195  27  96 144 123 240  54 236  74  64 215 191  54 236
 244 126 149 240 253 200  14  90  69 230 239 167  74  53][ 66 132 183 221 116 172 168  51 252   9 123  80 188 250  60  68 167  43
  59   8 179 184   2 231  13  62  58 194 136   0 193 161][ 66 170 142 156  10 128 184  71 174  21  74 167 172 166  34  70 103 111
 235 149  22 201 134  97 156  38 158 203 132   4 173 221][185  20 115  76  38  59 237 123 125  98 247 122  91  56 188  45 126 156
  22 168 185 183  37 206 144 235 114 132 103 232  99 165][129 220 183  93  33 188 181 182 253  75 126  84 188 178  36 228 229 115
  58   8 163 189  50 255   7 254  82   2  90  80  33  63][104 227 128  22 237 217 196   7 235  53 174  25 170 168  94 158 201 130
 234  12  14 107 226 161 190 221  84  59 194 220 222  78][105 161 150  50 169 185  68  45 235  55 175  24 207 224  74 158 217 134
 236  56  30  99 202   1 158 243  85 127 194 206 202   4][125  20 253 101 164  46  77  59  97 234 255  84 211 113 153 127  85 212
 124  42 185 240 113  10 199 239 117 148 235 250 208  33][ 19 221 127 253 150 150 190 247 252  64 250 194 189 222 180 224 238 251
 150 195 199 185  52 239  51 109  14   2  93  24 169 157][102 241  48 152 237 197 150 200 143  92 184  47 172 220 111   2 205 145
 223  83  66   3  90 241 185  16 143 255 144  95   7 211][112 251 156 126  58 137  82 188 171 189 188 109 102 242 202  18 134 247
 236  66  78  75 203  53 250 181 117 255  72  18  14  27][ 65 104  59 101   5 206  97  38 108 232 106   8 183  17  17  50 160 116
 108  72  73 184 241  40 133 252  48  16  72  24  67  42][237 106 234  87 100  30 239 148 192 234  54  76 147   8 215  43   8 100
 118 110 229 244 228  42 102  25 229 176  77 249  90 237][166 249 123 218 212 133 174 236  94  16 113  66 112 216 124  32 252  91
  19 251 211  50  26 117  61   8 143 108  93  27 243 160][ 60  76 106 238  85 247  83 120  21  12 253  10 123 221  51  49  88 184
 151 234  10 179 120 189 115 205 161  57 115 187 118 226][164  72  30 190  77 133 202  72 142  16 241   2 180 200  49  73 200  40
  27  67  66  39  90 185 213 177 202  56  16  27 112 136][ 56 215 108 107 246 131 191 255  20  45 124 231 113 103 186   0  63  90
  23 232 242 184 109  63 108 143 175 196 119 154 213 233][251 115 113 224  45  93 217  80 171 108 188 109 142 156 214 150 142 181
 221  65 205  39 240 208 147 217  40 187  79  15  95  95][222 250 102  16 235 209 189 235 187 254 182 171  12 206 215 159 167 245
 255 241 228  79 174 222 154  82 207 255  71  36  47  87][ 37  97 109 103 112  15 111 184 112 224 255  72 211  93 157  48  28 220
 117 110 201 176 253  44 231 233  37   4  77 179  82 224][ 13  85 125  71  52  14 103 184 109 232 126  64 211 115 157 116  28  84
 108 106 201 176 121  44 111 191 101   4  66 187  66 161][  9 185 121  91 244 141 233  91 126 169 125  96 177 211 240  32  31  42
   6  24 211 184  42 117  76 137  39 236 208 138 195 169][ 51 205  35 158  93 215 198 229 221  96 216   2 238 252  52 228 232 255
 250  67  77 171 242 255 177 118 142  59  16  62 189 206][223 204 173 179 160  60 111 183  53  95 151 213 159  46 147 123 229 199
 125 159 189 220 237 162 174 251 254 132 172 213 186 125][120 178 170  48  41 220  80  19 243 125 166 189 175 140  82  94 129 142
 236  21 158 111 230 131 218 119  48 251 202 132 222  95][101 177  95  66 232  61 233 249 169  57  61  92 202 237 204  63 143  20
 102 122 147  99 250  68  30 216  65 110 203 163 203 181][124  37 246 110 253  91 214 232 115 170 253  10  74 249  29  16 249 220
 238  98 104 227 235 222 187 255 197  63 227 123 118 130][ 94 187 214 238 187 207 122 113 175 173 175 173 110 247  70  20 166 183
 239 144  26 137  27  85 223 247   3 211 202   2 175  19][  3 155 131 137 114 130 168  87  46  73  74 231 173 130 162 192  38  43
 178 149 151 152   5  85  36  36 186 192  12 132 169 157][ 95 223  48 187 187  20  30 189  54  90  29 229 253 119 202 240 215  91
 189 247 223   8 219 183 234 229 175 255  62 150 137  83][165  98 168 179  44  45 241  88  94 255 181  61 151 200 219  11 221  73
 127  31 174 246 238 130 198  91 127 181 197 253  87 195][153 121 146 190  47 141 242  72 239  72 241  41 190 216  79  24 186  41
  94  83  70  39 154  33 144 217  32  58  72  31  75 139][ 51 141  98 143 212 147 234 253  87  65 222 199 104 236 182 228 120 170
  31 253 159 187 109 255  62  46 143 208 191 142 248 220][208  66  30 189   8   2  89  52 164  22 194 145 247   7  32  75  70 149
 125 227 104 133  65  29 209 227 250 145  48 144  37  10][126 186 172  18 139 125  21 219 139 255 149  61  14 252  79 191 133 215
 253  17 158  79 251 144 219  83  93 255 130 108 158  95][216 251  30 179 137 205 100 245 164  63 162  29 175 131  64 211 160 231
 236 194  90  77 146  33 241 225 118  49  40  17 143  10][201 156 151 127 163 238  53 183 253  75 102  84 254 183   0 255 167 119
 236   0 113 253 179 111 239 255  86  66  74  96 163  59][  0 156  31 248 242 228 185 234 190  27 122 112 188 255  32  72 167  27
  63  16  50 137  19  87  77  54  58 206 144  65 165 179][253 125 105 101 228  79  79 184  33 232 254  74  83  85 149  53 126 252
 117 238 201 178 249 172 247 233 165 132 111 187  82 241][ 56 236 122 126  85 213  83 232  85  12 252   8  51 217  35  49 216 184
 135 106 106  43  42  61 243 201 161  41 115 139 118 170][253 106 236  23  45  31 198 220 123 248 176  77 195 200 223 187 216 236
 110 111 236 246 207 168  54  91 101 180  73  61 218 140][164  45  61 126 236  79 103 248 253 142 117  24 247 113 137  59 144 114
 110 106  48 225 107  46 231 186  97  24  82 251  70 163][ 32 205   2 138  84 131 130 228   6   0  88   2  96 200  56  64  88  42
  19 195  66 170   8 189  48   4 138  40  21  26 112 136][194 180 132 185 170 169 188 143 190  51 210 177 173 166  72  91 231  31
 255 148  50 221 195 209 140 243 254 242 148  68 161 153][ 55 217  69   7 118  14 238 184 105 232 115 206 115 104 157  52  62 236
  20 239 201 176  29 108  52  42 229 132 109 179  83  21][132   4 134 157 156  35 168  74 150 179 211  18 192 234 121  75 121 108
  59 177  48 245  75 222  28  34 223  68 148 105  48 128][ 44  33 113  69 117  90 107  56 101 160 127 136 219   3 157 180  90 156
 198 234  73 176 125 140 102 237   1   5 103 163  78 164][  3 156  51 216 113 172 184 198 191  89  90  81 172 254 188 120 167  27
  55  21 183 157  50 247  15  62  26 202 130   4 161 247][164 237 191  95 157 207 199 232 214 168 232   8 242 245   5  49 217 126
 106 106 121 235 251  63 169 190  69  58  80 123 198 162][207 183 189  50 171  29  30 184 187 251 157 253 206 252 207 175 151  83
 253 119 247  65 251 182 171  91 109 254 138 119 143  87][147  30  70 156  18 146 190  98 188 198 210 247 104 238  55 195 110 231
 191 231 228 205   4 239  48  42 218 128  13  37  57 221][ 88 188 188 178 169 237  21 199 187  63 172  25 174 247  66  26 129 187
 237  17  58  75 154 115 217 215  95 123 128  64 135 107][116 107 152 110  89 203  83 104 226 172 245  40 114 209  65  16 152 252
 100  98  76  99 202  13 209 193  33  57  64  42  78 131][152  55  75 101  18  66 107 113  52 132 110 224  81   7 128  16  54 188
  21 232 105 145  37  14 242 165 160 128  99 162  38 241][136 188 149 241 176 172  57  23  62  59  82 112 188 183 192 217 167  63
 127  16  51 220 211  87 205 182 126 192 136  64 129  57][133  60 255 245 230  42 235  18 120 194  90 244 157  47 209  43  55 111
 117 191 177 244 165 106  76  46 127 128 172 241   3 241][124 247  60  42 153  95  22 184  23 252 156 109 206 244  75 151 149 212
 236 115 223  99 251  61 251 215 101 255 250  63 158  87][ 45  56 241  64 245 111 211 208  75 248  61   8  30 153  69 188 185 124
  70 122  17  55 184 146  31 220   5 118 203 107  66 163][118 219  83 106 107 209  30 232 169  24 185 232  46 222 236 246 230 177
 238 226  77   3 202 245 179 240   3 255  26  51  47  31][ 83 109 134 190  25 214 158 236 191 224 202   1 236 254  35 194 216 109
 251 231 109  67 154 255 177 118 143  59   8 119  59  94][ 82 167 134 187 154 162  40 171  62  29 219 247 229 234 168  80 247 143
 239 149 190  10 207  87 156  54 186 204 156 192 169  21][161 216  47 219  77 197 193 103 212  91 228  16 178 217  52 105 201  42
  58   8  43 238 114 183  67 186 210  10  88   8 116 170][178  96  98 140  77  91 210 104 141 164 224 139  10 204  55   1 248 168
 203 231  76  39 174 220  19  16 139  63  85  46 126 198][  2 176 146 152 195 228 176  71 191  27  64  17 172 158  96  72 167  59
 187 145  18  77 146 211 141  86  26 107 144  68 167 155][156 131  85 233 178 195  11 249  20  56 209 240 213  71 168 197  94  26
 143 250 123 156 105  31 236 194 171 196  50 129 164 161][184 129  66 232  93  71  66 104   5  36 233  10   3 217  60  16 216 136
   2  98  72  35  80 159 243 221 129 125 115  10 118 130][189 104 241 243 164  59 111 216 127 170  55  88 219 223 221  60  63 220
 126 122 169 244 233 162 142 223 117 180 198 251  67 165][200 159  55  52 117 236 181  55 248  77 122  61 190 189  54  81 128  43
 103   5 240 248 162 109 101 121 114  11  66  68 199 235][ 68 179 158  50 251 253 176 215 251 253  51 124 206 248  78  27 165  95
 236  17 151 105 154  96 141 210 117 255 200  64 143 151][ 71  58 171   7 162 122 189 183  42 234  27 237 221 172 215 170 183 111
 255 135 149 208 173  64  12  23 255 166 204 246 151 253][185 135 237 207 164  22 207 191  84  78 223 214 113 109 154 101  93 198
  55 175 253 184 109 175  98 111 238 128  63 246 240 249][ 84 162 186 161 114 173 121 214 162  61  44 153 151 135  66  26 167 155
  77 144  26  88 130  32 223 197  48 237 160 193  15 195][149 150 159 247 146 102  63  59  56 203  83 116  85 247 168 105 183 127
  53 184 177 216  57  14 201 167 127 196 136  96 161 113][216  28 156 189  42  42  56  35 188  19 146  48 191  58   0  75 231  55
 253   1  48 205  67 192 132 243 122 146  20  64  33  11][ 60 108 106 238  85 215  83  96  85  46 253  11 123 221  51  48 216 184
 151 234  72 179 104 189 211 205 161  57 115 187 118 226][  3 156  51 216 113 188 184 199 255  89 122  85 172 222  62 248 167  27
 151  21 151 137  50 245  15  62  26 202 154   4 161 215][ 67 228 164 153 233 173 184 143 191 123 153  25 140 222  90  90 183  27
 255 149 182  69 218 211 141  22 222 254 144  84 131 211][ 38 173 224 122 213 163 230 207  95  19 249  19   0 232 124   8 217 203
   3 145  62 250  92 246  47  94 150 103 213  92 248 142][202 168 148 185 168 136  60 175 190  51 210 144 189 166  64  91 231 151
 127 144  50 221 195 243 140 243 254 192 164  64 129   8][164 237 157 127 156 207  70 172 214 186 224  24 246 241   1  49 153 126
 106 106 105 239 219  63 233 171 101  56  80  57  70  42][195 124  39  20  32  44 109  50 185  90   2 221 188   7  19  91 167  37
 125 175 225  69 144  78 213  58  90 136   8 241   3  89][110 191  83  98 115 205 123 112  43 141 253 109  46 215 228  20 190 187
 199 208  26  59 136 125  63 220  33 235 235 131 102 115][ 72 157 151 245 177 238  53 183 173  89  74 100 188 183  32 118 167 119
 125   0  83 153  51 125 237 182 126 194 138  64 129  59][215  50 131 152  42  98 137  72  57 206 209 245 220 198 239 125 214 153
  29 247 149  71 174 192 144  48 235 254 156  37  35 245][189  21 254 199 198  50 237  87 116  51 255 178  91  45 156 111 127 158
  22 168 184 246 117 194 246 235 242   4 231 248 224 160][176 197  13 238  12  13 207 236 141  42 185  10 243  73  57  17 216 192
  95 107 106  39  90 191 241 217 129  60  81 123 208  42][ 15  23 227  31 227 248 184  91 191  87  95 245  76 238 174 252  55  43
 179 149 151  16 174 195  22 126  90 202 142 199 163 245][251 218  84 126  59  23  90 184 151  88 148 237 239 127 139 247 214 213
 253  98 239  67  91 189 226 243 233 191  58 183  10  31][199 156 173 247 160 172 127 178 187 219  31  49 247 254 223 123 167  99
 125  31 255  76 250 227 239 251 255 232 132 241 211 123][ 87 233  97 131  60 209 143 236 207 120 145 238 176  76 223  39 110 193
  95 239 207   3 109 253 176  24 143 188  29 159  81 125][104 109 250 102 244  31 119 246  97 168 252   8  51  57  21  48 152 238
  87  74 200 186 240  44 247 221  37  56  99 250 194 138][ 67 151  13 175 184 134  47 191  38  77 203 197 245 102 154  80  85 135
 127 173 223 152 127  95 236  38 170 196  28 130 169  81][253 235  44  53  44  31 198 252 233 252 182  77 235 200 215 147 200 228
 108 111 204 103 207 168 242 217 101 189  79 188 218 205][ 32 201   2 138  84 129 134 236   6   1  88   2  96 200  48  64  88  42
   2 195  66 170  10 189  40   4 138  72  85  26 176 136][101  97 125  69  52  78 111 184 101 232 126  64 211 113 157 116  26 212
 108 106 201 176 249  14 231 190  37   4  66 178  66  32][ 33 135  72 137 252 159 206 191  86  40 220 207 211   8 158 128  88 138
  22 237 254 186  77 159  46  29 165 244  93 142 216 204][ 12  38 172 177  60  43 249  26  95 255 151  59 207  73  91  11 155   1
 127  29 170 245 107 130 204  95 121 181 198 205  21  67][131  12 103 157  68  50 172 103 252 194 210 215 200  46 182 239 111 103
  59 165 229 221  37 204   4  42 218 128  13 100 185 220][ 95 109   6 190  25 214  30 236 191 232 202   1 238 254  35 211 216 229
 253 231 109 195 218 254 179 247 143  59   8 119  59  94][156  21 159 231 178  38  63  17 172 138 123 112 221 119 169 107 246 125
  29 186 113 145  17  74 233 237  46 128 136 243 161  49][ 32 204 121  75 109 193 215 254 199  12 252  40  50 213 164  36  73 122
  18  74  66  42 106  61 103 156 160  59  83 155  86 235][161 240 253  85 108  29 165  87 250 251 118  84 176 180 212  47 141 110
 114   8 225 252 247  64   5  26 119  32  73 232 195 253][ 92 188 120 176 219 225  49 194 183  53 172  57 142 183  98  88 227 155
 203 144  58  11   2 119 219 197  26 127 176  65 167  67][124 177 232  50 201 253  83  33 171 253 189  29 202 253  78 150 153 182
 236  18  30  99 250  17 223 213   1 127 227  79 222  87][ 24 215 104  65 182  11 175 254  22  37 126 231 113  37 154   4  63 218
  23 237 226 184  45  63 110  15 165 196 127 158 212 249][ 26 157  27 189 178 194  63 167  22  77  88 179 189 183  32  64  87  59
 151 129  90 152   0 127 233 167 186 193  48   0 165 251][123  54 113 224 111 125 217  83  41 110 180 237 158  28 151 180 174 145
 223   1 205  39 240 194 151 221  40 187  79 140  79 127][ 27 151  70 161 182  35 170 253  36  97 154 231 221   8 154   0  62   7
  95 253 183 153  13 220 236  12 175 196 173 134 185 153][ 37 229  96   9 220  29 206 189  86 121 185  94 211  72 222 160  89 138
  86 127 255  42  95 151  46  93 165 124  93 158 218 148][138 143  51 191  37 204 181 119 189  78  94  81 174 189  48 197 160  59
 175  13 113 185 130 239 129 114  90 131  66  68 167 235][188  13  98 231  20  26 110  48  85   2 247  18  75  41 181  97 122 164
  23 234 232 180 101 142 246 239 192   0 103 191 112   4][ 24 157 120 248 219 233  19 235 175  21 172  57 158 183  42  80 163 155
 203  16  18  43  58 119 223 213  18 127 241  65 135 226][ 79 175   2 188 120 173 122 107 171  25 219 237 236 234 122  80 183  47
 127  37 150  11 138 223 156 116  43 255 136 102  43 131][ 61 121 123  78  85  87 195 248  69 236 253  78  82 220 183 180  92 204
  18 110 205 179 124 252  51  28   1  44  95 191 122 244][116 119 244 238 253  75 214 232 123 174 249  42  74 121  13  16 217 221
 239  99  40 227 201 222 191 254  69  63  67 123 118 131][147 159  67  13  50 130  43  50  60  72  90 228 253  70 176 100  54  45
  28 236 229 156  37 111 164  46  42 192  46 135  33 125][101  52 125  67 124  45 235 248 233 248 185  76 210 200 221  51  15 196
  70 126 149  50 254 100  28  24  33 124 201 171  67 180][ 66 122 226 148 107 241 185  66 187 254 180 191  44 174 214 158 175 181
 255 129 132  79 166 216  22  22 219 171  71  36  47 223][ 79  51 163  39 176  94 191  85  42 233  27 237 253 252 218 162 182 127
 221 223 149 209 189 104 238  77 175 160 142 246 147 249][ 93  17 249  69 164  46 111  25 113 239 255 116 211  53 152 126  86 212
 124  56 153 176 225  66 207 191 117 212 230 234 208  97][244 228 117  89 172 121 213 168 203 122 181  56 210  92 221  47 155  64
 252 115 234 103 111 149  79  90 101 255  87 125 212 103][134  44 134 145 172 162 168  67 158 179 218  18 141 170  80  75 107  46
 127 145  50 217 195 208 140 242 223 212 148 104 177 128][125 125 123 229 100  78 127 112  33 232 254 106  91  63 145  49  62 252
  87 106 201 176 241 204 247 169  37 128 103 251  86 251][127 183  60  32 187  95  22 184   3 248 156 237 222 125 203 182 151 213
 253 119 205  67 235  28 250 223 101 255 202 182  10  87][ 78 244 186 179 233 173 184 206 190 123 153  25 156 190 106  74 199  91
 255  21 146  93 154 243 221  87  63 254 144  85 131 195][ 21 114 146 171  42 137 178  72 238   8 177 104 191 218  73 186 166  57
 206  83  78 167 138  81 144 212  42  27  72  19  43   5][ 33 175 105  13 244 171 238 247  92 160 120 206 179  40 148  33  88 238
   2 111 245 186  69  63 108  40 230  32  93 216 211 136][234 178  98  16 105 253  81  83 187 125 164 189  10 141  86 156 133 138
 239  20 158  79 182 209  95  81  16 251  66 132  70 127][140 165  49 123 180 143 107  88 118  41 125  80 255 211 248  32  31  42
   6  90 251 176  41  63 207 223  35  64 122 139  65 161][180 183 125 195 238 107 179 216 139 181  53 251  79  77 204  27  63 149
 199 114  50 117 168 208  94 129  37 247 231 139 199 163][ 51 141 102 139 220 147 234 121  87  64 221 135 104 204 182  96 120 170
  31 253 159 187 109 253  62  62 143 192  63 142 248 220][  9 157  19 217 242 236 169 119  60   9 106  80 188 179  32 100 183  27
  50   8 179 152  18 103  77 190  58  74 152  64 161 169][ 72  59 187 117  32 200  51  18 236 140 118  32 190 151 129  50 162  54
 108  82   0 185 162 104 197 185  34 129  64   1  71  43][ 39 249 119  74 108 157 222 216 203  88 240 106 114 220 253  53 158 249
  86 111 207  39 110 248  51  24  37 190  93 187  82 181][148  72  23 254  14 195  67 120 150 130 195   2 117 211  33  65  88 248
  46 106 104 135  10 191 209 166 227   8  48 187  52  32][ 34 175 146 154 251 240 144 199 155  73  92 169  44 190 102  20 195  59
 147  17  22  11 134 243  62  20  30 235 150  68 191 207][157 181 183 243 178  38 191 183 120 235  27 112 221 127 200  35 183  87
 117 187 241 220 185 110 237 143 111 196 140 243 163  49][195 146 132 145 169 156  56   7 190  83   2 213 172 134  66 207 167   3
 251 149 183  76 147 211 140  50  90 194 136   4 137  29][ 82 171  18 152  18 128  57  71 174   5 202 161 172 134  98  84 166  59
 203 133   6 139 134  93 144  48  26 203   0   4  39  77][102 240  49 184 121 133 154 204 139  56 176 105 174 222 109   0 223 241
 223 115 202  35 202 243 185 212  15 254 208  63   7  83][138 175 179 247 165 220 252 119 185  75  94  81 174 167  16 134 162  63
 245  13 113 216 130 227 133 246  94 131   2 196 159 249][ 40  30 190 250 108 241  17   2 222  31 252  48 166 251 160  73 201  50
 166   0  42 174  98 183  71 247 242 203 208  73 124 171][ 41 181  18  67 245 191 230 247 255 105 121  76 146 184  60 180 153  10
  82  60 215 184  88  23  47 220  21 100 202  74 218 141][  5  38 237 161 188 175 235 154  78 249 159 198 145   9 219  42  47   8
  95 189 155 160 109 146 236 141 175 244 189 203  17 225][ 98 175  80  86 219 153  62 105 171 180 169 169 174 231  68 150 171 187
 235 146  90  75 202 127 190 212  13  59 115   6 143 170][165 117  45 101  52  79  79 184  96 232 239  76 211  89  25  49  24 204
 125 110 233 176 249  12 231 233  37  20  72 179  82 176][ 59 111  82  12  51  26  86 101  49 140 252 173  47 224 166 148 190 237
 196 103 204 171 132 173 178 245  36 147 111 182  42  77][  3 152  51 216 211 228 176 199  62  89  88  83  44 158  36 236 231  59
 179 145 147  24  18 213  29  62  26 202 152   4 161 255][118 241 176 162 185 205 158 237 139 232 145  45 142 254  71  18 159 241
 221 113 206  99 202 216 187  84  15 191 212  62 135 215][116 104 122 110   8  75  83 216  96 128 229   8  83  81   9  48  26 244
  76 106   8 163 201  44 211 169  33  28  97 179  70  34][223 150 148 247 169  62  92 152  59 123 191  92 207 126 202 255 215 215
 252  34 189  69 251 195 159 255 119 183 138 255 137  85][156 185 158 176 250 173 121 208 162  29  36  29  23 147  67  27 167 187
 199 208  22  89 146 113 222 193  59 109 168 129  15 147][127 112  96  82 107 157  88  81 171 117 181 136  42 222 214 190 142 177
 223  20 143   3 246 209  23  89   1 251 103 134  78 245][249 107  36 180  45  29 196 182 233 174 178  77 175 137  83 147 200 228
 108 111 204 103 195 169 242 217 101 185  74 188  90  77][109  73 115  69 116 206 107  48 125 232 127  64 211  83 149 116  50 172
 110 106 193 176 117  14 231 188  33   0  98 162  66  33][  8 143  88 248 250 233  51 226 175  21 188 185 141 183  34  16 163 155
 207 194  18  43  10 119 254 213  34 127 112 129 143 131][ 31 251 181 119 178  70 191 188  54 251  18 229 221 127 200  49 183  95
 253 241 243 216 185 125 233 199 255 198 168 115 167 123][ 28  50 228 177  44 107  89 154  47 254 150 191 207  13 219  14  47 204
 239  29 136 229 199 192 198 215 113 181 230 253  87 113][118 161 112 238 249  13 222 109 139 168 177  41 110 223  92  16 158 243
 213 103 218  67 138 221 187 220  13 251  86 166 131   3][161 173  75  63 244 139 239 247  84 162 122  80 243  32 144  33 122 106
   2  79 241 184  77  63 108 174  54   0  77 216 211 136][ 15  60 227 154 211 240 186  67 127  67  93 151  12 254 182 236 183  59
 179 149 151 152 190 227  30 126 154 203 143  71 191 212][157 166  83 123  52 175  75 248 119   9 119  80 255  67 184  37  23 104
   4 122 187 180  41  63 202 223  33  68 122 137  64  33][214 233  16 178 153 137 110 197  47  49 169   8 167 194  73  80 163 139
  74 210  90  10 218 115 189 148 143 125 176  19 131   2][127  56 184  82 251 253  19 208 171 253 189  45  90 221  79  58 141 253
 253  87 159  99 250  49  95  93  33 251 195  47  14 247][249 163   8  44  56  26  64   9  51  45 167 237 135 128 138 208 208 132
 236 108  78  15 193  29 242 241 161 189  34 134 218   1][ 91  30 191 158  50 244 189  51 184 202 223 228 252 254 183 103 230 119
 253 135 225 201 182 239 177  63 250 138  14 100  37 125][103   0 167 197 141 102 237  10  68 243 139   2 211  60  61 110  89 196
  59 173 157 179 245 128   1  62 219  20 133 123 112 100][103  97 112  68 124  15 234 200 105 160 176  74  82  72 221 184 124 196
  78 127 201  35 196  76  52   8  37  60 109 187  82 164][ 74 168 132 185 168 136 108 151  63  51 210 144 143 166  64  91 227 143
 127 144  90 220 195 241 140 243 254 196 164  64 129   9][  2  58 226 148 123 181 184  66 187 239  92 191 172 174 246  12 174  43
 247 133 132 223 166 227  22  20 218 171 135  69  47 223][ 58 171  98  12 115 211  94 101 169 196 252 171  46 238 166  20  46 233
 199 231  76 139  36 237  50 113   8 171 103 166  46 223][200 200  31 186  43 200  21 133 190  29 130  49 254 215  72  91 193 179
 237 194  74  77 194 113 193 243  90  75   0   0 165  43][ 46 178 188 249 237  53 212 155 223 191 157  63 136 249  79 138 201  90
 235  17 154 102 219 146  79  87 213 127 222  76 220 131][ 28  64  71 188  14 163  65  88 148 130 211   2 119 195 161  72 120 172
  46 170   8 135   2 152 208 166 227   8  54 187  48  32][ 35 191  83  74 112 161 250 210  59   9 120 237  61 207 229  16 190 251
 198 212 147 186 136 127  62 156  34 234 219 131  98 189][ 43 249  97  78 125 157 207 252  79  72 125 204  42 204 183 180  28 234
 150  79 199  58 126 253  54  92   5 186  95 191  90 253][ 26 253 247 158 115 208  52 103 189  69  77  55  44 247  42 196  38 187
 155 129 114 201 178 239 179 118  30 139  39  68 165 127][228  76 159 127  40 207   6 160 246 154 226  88 247 241   1 123 129 116
 106  98 105 229 219  47 225 163 101  16  64  57  68  34][ 70  44 150 244 203  45  44 203 191 178  40  72 108 227  65 219 163 111
 106  18  96 127 139 240 157 146  87  46 128 113  35 138][140 182 220 249 106  61 184 218  30  55  53 159 205  79  74  11 151  27
 131  22 162 100  91 147  70 211  89 127 216 217  13 209][118 109   6 190  57 214  86 236 191 232 192   9 238 254  39 211 216 229
 253  99 108  67 218 254 179 246 207 187   0  55  63  94][118 118 246 238  95  15  86 232  63 166 249  15  78 236  13  18 254 221
 239  99 104 115 217 222 187 246  71  55  97 123 103 146][ 94 126 251 102  98 120 187  16 169 206 191 237 125  47 223  26  54 245
 221 247 133 199 172 234  82 125  43 147 239 247   7 115][194 153  23  92 243 204  53 247 173  88 102  96  60 183 164 245 166 115
 254  64 113 217 178 125  63 184 118 138  10  16 165  63][ 91  48 113 225 111  93 249  81 105 105 181 175 159  30 214  61 174 145
 223   5 135  43 244 192 215 217  58 186  79 140   7 255][ 54  53 122  74 219 243 147  72  67   5 189 170  73 223  44  48 122 153
 199 242  26  35  40 221 123 205   3 127 245  35 230 162][186 151 158 190 169 182  20 247 157  31 254 117  76 250  46 205 205 163
 175 128 124 203  18 231 186 247 222  75 154  84 172  31][ 67 156 149 155  41 252 184   7 190  91  74  80 172 190  68 238 135  35
 123 149 183  72 179 241 141  54  90 202 152  68 129 125][156 245 151 231 178  38  31 253  48 138 155 114 221 119   8  99 119  87
  29 251 249 197 153 238 249 239 175 196 174 243 161  51][204 127 213  94 249  95 103 184 251 250 191 120 222 119 141 183 151 214
 110 106 225 229 249 254  47 250 101 150 202 243 198  49][ 20 133 252 243 132  42 124 173 117  51 247  18 211  43 156 107 123 198
 126 186 120 246 101   0 255 235 214  84 229 216 224  40][178  98   2 140  15   3 144  72 140 164 192 139   4 200  36   0 248 185
 203 227  76 167 130 220 145   0 139  63  85  60  55 130][255 221  65 174 110  19  78 248  69  96 152 238 123  94 153 177 254 193
  95 239 205   3  93 189 176 200 175 188  63 191  48  92][153 217 101 227 166 151 237 181 100 112  86 194 249  28 144 165  38  52
  62 239 241 188 125 253 173  75 239 192  63 130 241 120][ 26 157  19 237 178 194  63 247  20  13  90 162 189 183 160 196 118  59
 151 128  83 152  32 255 229 228 170 192  50 130 165 251][ 41 181 113  75 247 219 198 239  95 105 121 122 210  88 252 164 155  10
  22  41 215  56 108 151  47  30  53 103  85  10 216 173][ 51 141 110 169 188 131 234 232  77  68 218 135  97 204 182  96 120 171
  31 247 222 187 109 255 186 125 171 208  61 143 240 212][ 73 151   9 169 176 134 111 191  38 109 206 197 245 103 154  80  84  15
 126 236 219 152 253  61 236 165 175 196  24 130 131 121][ 66 191  91  54  90 201  63  97 174 236 189 173 228 230  78  16 175 187
 239 130  87  11 250  95 158 149 171 187  33   2 143 211][105 237 250 102 244 143 111 247  97 137 124   8 115 249  20  48 152 238
  70   8 216 186 240  45 127 189  36   8  97 218 194 171][160 233   0 154  84 129 138 228  22   0  80   2  32 200  48  64  88 106
  19 195  98  42   8 191  56   4 142 104  21  27 112 136][151  50 163 128  40 102 139  88  62 251 145 244 156  22 249 124 215 157
  31 255 177 199 109 194 145  22 171 254 156  53  35 117][ 73 148 208 157 235  48  52 139 123  83  97  54   8 178 238 251 115 207
 166 130 247  86 223 193  22 127 114  14 190 229 233   5][194 141 150 149 164 170 168   7 190 179  82  16 143 170  80  75 227  47
 127  17  50 252 195 198 140 242 222 192 132  72 145 136][ 26 149 183 158 147 220  52 103 189  71  79  19 108 247  40 196 166  51
 155   5 114 137  50 239  51 119  30   3  34  70 173 127][133  45  61 227 188 175 235 152 206 249 159  78 215  41  89 107 133  67
 127 127 147  97 123 180 237 153  47 244 152 219 145  33][180 141  29 232 172 111  71 249  20  58 184  24  83 121  24  49 217 194
  76 106 121  39 121  63 241 203 229  52 113 123 214  34][ 93   3 243  71 180  26 107  17 121 229 119  48 219 113 221 124 118 252
  52  60 153 240 237 138 206 254  37 192 230 171 208 101][ 84  98 154 170  42 137  86  72 108  10 249 104 143 202 107 144 254 185
 206  99  78  39 202  10 144 197  35  57 120  51  43   1][ 24 214 102  65  22   7 175 253  22  45  94 230  81  69 186   4  63 140
  23 188 226 176  45 159 110  15 175 196 127 158 244 249][129 176 189  85 172  93 165  23 254 251 118  20 176 188 214  47 141 110
 122  12 243 252 247  67  69  26 118  32  72  72 195 253][ 42 193 112 250 125 137  94 237  27 160 112 138 111 219 105  17 222 249
  23  99  74  34  74 221 243 221  13  63 118 186 131 138][ 37 175 136  19 244 189 226  19 126 173 125  92 243 104 222  32 153  42
  70  29 150 184  77  51  14  29  53 224 204 203 218 133][158 253  53 247 179  71  31 184 182 250 154 112 253 119 201  39  55  87
 125 227 233 197  57 255 249 199 111 214  38 115 167 115][ 90 144  19 160  19 226  56  71 189  69 226 181  13 135  32 216 166 149
 237 144   7 157  16 199 154 247  26 195 170   4 175  27][ 44 188 152 249 157 189 144 143 158 183 140  31 142 169  66 138 205  90
 235  17  22 108 219 178 207 215  21 127 218  76 156 146][ 26 181 218 216 219 244 176 235 191  87  77  51  44 254  46 196 247 155
 147 128  55  11  58 247  27 119  26  75 183  68 173 247][ 60  73 230 239   5 146 226 224 197   0 246   2 107  89  57 194 104 224
 163 202   8 178  71 168  87 233 192   1 119 187 124   2][  7  60 226 154 211 244 186 194 191  65  92 135  12 190 119 236 239 123
 147 149 151 154  22 242  31  60 154 203 159  85  59 214][ 12 136 156 185 136  45 153 155  30 119  44 157 143  47  67  10 135  19
 235  20  54 108 123  19 207 199 121 117 216  73 141 210][ 13 226  99  67  86  23 175 253  22 165  87 214 209  69 184  36 127 140
  19 175 195 180  45  95 108  15 175 196 119 138 245 240][  1 180 191  87 172 253 181 151 254  91  95  16 182 188 222  42 129  26
 122  25 147 252 243  99  77  15  54   0 192  72 197 235][ 26 249 122  74  83 209 178 228 167  77 252 163  40 223  38  36 174 187
 215 192  70 171  32 253 115  93   0 203 119   6 111 255][ 94 252 245 229 187  70  31 186 183 250 158 236 253 119 129 183  55 213
 253 234 233  65 217 255 235 215 239 150  46 241   7  51][ 65 123 146  52  45 157 244  86 237 202 186 109 174 184 119 144 164 103
 110  69 197  41 144 232 144 124  34 154  72 124  75  31][ 18 139  30 186 107 133  62 249 174  20  73 197 204 195  42  81 246  41
 139 198  86  17  10 117 240 241  11  47  24  34 171 147][111 253 213  87 249 223 111 190 187 250 190  76 254 119 133 183 151 246
 254 106 241 105 251 254  47 250  69  22 202 245 195  61][205  33 243 103 246  90 107  25 113 192 119 130  91 197 221 252 114 236
  54 126 145 240 237 138  14 237  39  64 231 171  82 228][ 87 122 235 118  34  34  95 144  57 198 246 231 123 111 159  62  54 253
  85 239 137 212 164 234 210 255 109 128 239 247 102 113][223 221 213 231 170   6  78 188 129 186 154 230 221 119 137 231 119 215
 125 250 121 197 217 238 169 243 239 148 174 243 169  49][149  10 127  89  52 175  73 218 119 186 118  80 147 195 181  57 151  40
  46  60 171 244  33  31 138 218 113  68 242 168  64  33][116 157 189 236 172  79  71 191  83 170 188   8 215  49   1  51 217 214
  76 106 121  35 121  63 241 223 101  52  80 122 212  35][ 90 148  27 132  83 240  57  71  45  69 238 181  60 182  34 116 166 151
 253 129  23 155 177 199 145 117  26 203 138   4 175 127][ 60 137 120  75 221 221 239 225  71 172 189  10 123  89 116  32 104 250
  19 202  90  58   9 253 127 141 165  97 115 139 204 170][159 165   6 130 149 182  74  85 245 193 223  18 201  98 186 229 120 164
  31 189 189 145  13 204 184  90 143 196 175 206 184  68][156 107  90 174  64   9  78 232  48   6 233 137 127 195  43  16 122 233
  68 227  76  18 204  59 240 197  33  41 112 179  42   0][ 89 221  43 175 176 206 111 181  36 108  78   5 247 119 146 112  84 110
  93 110 217 152 121  63 229 237 174 196  58 146 129 120][233 125 119  69 116 222 227  48 125 232 255  72 251  85 149 181  56 252
  76 106 233 176 241  12 103 248  33  16  75 170  70 176][183 112 193 168  42  38  76 216  29 250 144 228 223 198 249 255 222 205
  28 255 141 198 239 192 144 208 235 190 188 241  43 117][197  93  53 224 188 173 111 190 204 248 154  78 215  49  81  99  37 194
 127 126 171  33 121 190 253 152 165 124 136 219 209  96][ 26 149 150 222 219 244  48 107 189  83  77  18 108 254  46 228 183  27
 187   0  55 139  58 247  19 119  90  75 154  69 173  23][127 120  58 112 123 221 179 208 171 204 180  45  30 221  71  56 174 249
 255  83 134  99 186  88 223  29   1 251 195  39  15 215][ 41 173 227  79 244 191 231 247 123  73 124  72  58 233 180 180  89 234
  22  24 147 186 236 255  47  60  52 224 199 202 210 173][ 91  20 191 220  59 244  57  51 169 203 207  52 252 254 182 118 230  55
 253 141 145 203 182 207 211 127 218 138 142  36  39 119][ 52  66 194 140  14 162  66  89 133 136 219 226  67 195 169 204 120 172
  46 170   8 131   2 136 208 228 162 136 182 251  48  33][ 49 205 111 169  60 139 239 231  76  64 218 195 241  76  52  96 250 164
  95 231 217 187 101 189 244  44 170 208  53 138 241 216][ 54 127 121 104 218 227 146 200 195 140 184  42  34 219  37  16 250 217
 199 242  10  35  72 252 115 140  33 191 241  59 102 163][188 125  89 106  91 219  83 104 131 100 173   8 107 215   7 144  88 184
 196 226  47   3 120  61 243 201   1 127 115 135  78 242][153 207  91 127 180 139 102 183 116 138 126  64 243  97 185 164  51 106
   6 110 233 188  13  47 228 239  37   0 110 250 216  40][160 237   0 154  84 129 134 236  22   0  80   2  32 200  48   1  88 106
  19  83  98  46  74 191  56   0 142 104  85  24 240 136][ 37 175 233  35 244 171 235 152  94 109 123 205 243 104 222   0 153  74
  70  31 150 176 109  55 236  29  37 224 196 203 214 193][ 35 239  96   9 244 153 238 255  91 101 124 207  40 172 222 164 127 138
 151 221 215  58 108 247  46  28 141 236 127 222 218 221][120 233  56 250  89 205  16 238 131  21 172   9 174 223  64  16 137 251
 201  64  74 107 210  53 235 209  20 123  82  24  14 138][ 32 200  24 188  76 133 194 206 142  24 176  73 182 216  49  17 200 227
  74  67  74  47  74  61 209 144 152  56  88  25  82 138][  5 172 217 231 244 138 107 184  50 129 125  96 247 227 217  48  23 234
  21 126 155 152 136  63 236 143  37 228 164 227  82 160][ 35 230 113  75 120 185 234 222 127   1 120 234  57 207 157  48 127 155
  86 188 167 190  78 255  54 156 176 168 255 155  98 157][ 60 105  98 110  85  91  70 120  65 140 241  11  99 201  53 148 120 236
  68 235 204 163  76 140 179 252 129  63 111 174 122 134][117 101  97  64 159  91 198 109  65 160 169  10  83 120  92 164 120 196
  88 251 121  35 125 142 185 204 133 124 101  58 210  36][ 94  58 242  28 107 242  56  66 171 196 246 169  12 206 231 222 166 181
 239 144 132  71 166 200 154 119  11 171 183 165  47  87][230 160 132  19 169 125 148 136 203 191 165  25 194 124  79 159 137 212
 232  51  62 103 219  16 143  82  85 127 194 125 222  70][ 90  77 230 254  43  22  30 100 165 130 198 131 109 239  35 243 230 247
 249 231 108 195 151 168 243 243 206 139  38 247  44  90][ 59 105 106  64 123  93  90  80 105 108 180 139  11  28 151 180 174 145
 213 238 206  35 244 221  83 217 128 191 103 151 110 206][ 28 175  94 111  16 143 123 248 100 172 239 204 243 103 138  17  62 254
  76 238 248 184 121  61 235 233  33  80  97 163 110 121][ 90  94 255 220 114 194  63 246 177 206 118 167  61 183 163  81  38 253
 181 192  96 223 160 111 115 231 122 131  39 176  39 251][ 55  29 115  69 118  10 239 112 105 136 250 226 115 127 181 117 126 252
  23 234 193 179  37 236  54 168  99 130 109 187  99 181][232  62 216 101 160  46  85  23  48 174 190  25 151  55  67  26 133 156
 109  24  40 248 209   2 207 237  52  49 224 224 206  75][175 179  96  27 205 157 163 105  83 109 245 159  32 204 222 164  92 138
 211  95 222  58 254 183  30  88 128 234  95  14 210 212][ 81 221  43 107 180 206  79 181 116  72 206  64 243  87 144 112  80 110
  29 110 251 152 121  63 235 237 165 192  40 130 210 120][120 157 189 231 180  78  87 181  66 172 190   8 247  61   0 114 128 246
 125 104 217 169 249  45 235 239 101  80  96  42 212  43][197  93  49 228 172  77 111 186 200 234 138  76 183 179  97 115 161 119
 121 106  97  13 184  62 253 136 101 124  24  59   1  56][ 26 200   6 190  12 129 142 238 148   2 208   2 241 202  49  65  72  98
  63 195  72 173  67 189 160 227 254 136  21  25  48 136][ 41 173 115  91 244 191 231 247 127  73 124  72 184 249 180 164  91 106
  22  24 147 186 108 255  46  60   4  98 215 206 210 173][ 65 121 187  21 114 220 181  87 238 200  94 102 188 156 167  96 166 125
 126  65 133 185 176 104  52  40  46 138 200  48  33 255][ 16 253  26 236  82 195 146 103 237  65 248  42  63 159  34  48 254 187
 214 225  95 171  16 125 243 197   2  75 121   2 171 154][199 213 220 245 232   6  78 190 145 186 158 230 221 115 137 247  87 247
 126 232 233 193 217 206 174 251 239 148 174 240   8  41][183  96 201 161 168  51  77 136 127 250 144 200 215 194 211 123  94 205
  60 255 141  70 231  64 128 152 239 188 172 241  58 100][ 91  52 187 252  59 244  25 119 233  73 206  16 188 255  54 112 230 191
 253 141 155  11 178 199 211 125 154 202 134   4 167 115][227 249 245  92 249 221 124 183 251 240 182  12 170 254 215 183 143 247
 254  76 247 107 255 253  63  94  85  58 203 180 202 124][ 91 188  59   8  19 244  57  87  41  69 206 181  60 150  38 112 166 159
 221 129 159 155 180 197 219 117  26 203 130   4 167 127][ 85  75 245 101  54  18  79  57  97 132  91 226  83 108 149 243  54 245
 124 235 201 208 237  12 162 234 229 128 101 179 100 101][147 211   3 190   2 135  46 125 190   0  65 197 101 194  40 209 246  41
  42 230 103 149  26  93 176 162  11   4  56  50 161  80][110  56 122 120 123 219 178  64 171 192 117 171  28 221 103  56 166 185
 215  83   4  11 146 216  95  77  11 235 101  39  47 211][ 87  52 227 228  82  38 251  24  41 192 184 207  93  63  85  58 190 213
  85 255 129  66 145 200  93  12 171 140 173 243  35 241][153  21 119  69  53 206  97 112 237 200 246  64 251  85 148 181 184 180
  76 106 233 181  49  12 183 248   0  16  67 170  70  48][ 74 121 213 196  58  22  94 190  47 168 150 236 253  55 133 247  22 213
 253 232 201  73 209 253 191 255 237 150  46 176  10  57][ 81 156  29 253  90 174 177  54  60  59 106  92 148  51   0 121 165  55
 106   0  48 222  81 126 213 174 114  66 208  64  33  43][ 32 217  91 126  80 195 103 252  49  12 116  40 115 215  33  21 120 248
   2 234 107  58 106  61 119 135  37  40 115 155 102 250][ 13  41 123  69 214  90 234  64 112 192 110 130  17 205 177 113 122 236
  18 254 149 178 180  76 127  41 163   8 229 171 122 160][ 25 207  82 109  54  14  70 127 116 138 254  68 115 113 177 228  54 238
  12 110 233 185   5  47 160 239  37   0 106 242 224  41][173  41 233 122 244 217 198  67  86 200 116 122 178 216 244 160 216 106
  22  89 255  58 230 171 111  29 164 105 213   8 216 143][ 35 237  96  65 213 159 238 247  91  97 124  15  40 172  86 180 189 170
  19 157 215 186 116 255  47  28 149 100 223 222 218 220][ 33 133   8 171 244 233  66 142  87 105  92  43  54  49  58 100 217  10
  19  13  63  58  73 191 110  28 176 255 158 203 216 139][154 152 120 216 219 244 185 206  31  85 228  55  12 190  38 253 239 155
 179 145  54  74  58 215  95 103  26  79 187   4 173 215][ 12 180 187 123 172 236 181 159 254  95 127 112 215 253 200 104 151  94
 127  26 147 252 251  51  79 175 118 196 192 193 199 243][180  63  93 232 250 131 150 234 132 160 184 235  51  27 165  17  78 241
  78 243 104  43  64 124 248 128  39 190 117  57  38 171][ 84  20 158 119 176 106 101  57  52 174 239  40 215 115 139  91  49 244
 108  42  57 209 185  14 217 167  97   4 224 227   7  33][ 35 241 162 154  77 148 184 204  31  93  84   7  44 222 127   8 252  43
 147 213 198  11 154 241  23  28 158 171 159  22 251 222][ 11  51 195 163 242 179 186  87  63  77  90 247 141 142 246 132 254  43
 151 149 151 152   4 242   4  84 186 194 175 215 171 221][ 74 220 190  94  27 208 177 238 182  21 206 176 252 247  40  98  99 119
 249 128 114  73 179 119 123  39 222 203   2   0 165  42][ 52  70 194 236 126  34  78  81 133 138 255 230  67 195 169  64 126 172
  14 170  72 147   4 138 178 229 163 136 191 251 120 129][ 36  72  29 191  12 169   2   0 214 128  65  64 215 208  33 232 216  56
  10  90   1 182  90  24 133 160 171  40  24  43  17 162][147 178 248 209  50 146 184  91 122 249  85 246 149 142 246 224 247  29
 148 156 183 216 172 210 142 205 187 229 156 128  11 213][ 91 156 182 216 219 244 185 202 191  95  76  23  12 254  46 108 231  27
 187 145  54  11  50 215  91 119  26  79 147  69 173 215][253 141 110 103  56  14  91  57  36 172 239   5 243 103  10  81  20 164
 109 110 248 177 121  13 243 235  97  16 104 162  98  82][ 49 198  92 187 188 139 255 255  22  39 252 159 247 107  58  65 127 139
  95 173 126 190  73 191 254 207 191 244 125 202 137 137][101  98 224  71 100  30 206 152 115 186 179  76 211  72 221 191  24 204
 116 127 205 118 221   0   4 152 229 180 239 251  90 133][ 38 252 232   8 221 249 155 206 139 243 188 143  10 220  87  56 137 249
 211 213 159  39 254 243  63  28 157 255 221  93 222 214][ 60  93 124 106  91 223  87 120 197 108 189  41 123  93  39  49  56 176
 206  98 108  35 120  61 115 201  33  59 115 187  78 243][ 34 242 224 220 109  29 245 206 223  55 116  31 136 237 126  14 217  72
 163   8 194 118 250 209  23  26 213  63  87 156  84 230][120  61 152 181 177 237  84  23 160 173 174  29 191  63  66  18 134 183
 205  16  24 216 208  14 251 237  52  49 232 192 206  27][ 18  43  27 187  18 224  57  71  60   5  74 161 189 150  32  80 166 187
 131 145  26 152   2 117 209 165  26  67 160   0 167 138][223 201  98  94  87 146 238 240 225   4 198   2 105 104 183 231 122 228
 176 239 236 187 172 237  51 107 194   9  39 183 122 228][ 53   7 202 236 214  34 239  91   5 128 223 230  83 227 191  64 126 174
  14 174 152 179   4 206 178 237 162 140 189 250 248 129][ 16  94 123 101  50 202 187 118 180 196 126 230  57 143 165  96  54 253
 141 208 193 157  37 110 250 231  34 193 101 128  37 121][ 82 157 182  30  51 210  62 167 189 143  74  49 108 190  38 212 167 127
 189 129 228 217 129 239 187 118  94 131   2  68 175  95][133 122  11 161  32 143  77  54  60 234  82 228 151   7 145  73  68  44
  14 110 201 148  97  28 196 146 235 132   8 184  18 241][237  38  64  99  52  26  74  56  97  42 189 204 219  67 154 181  94 132
  76  46 237  54 109  30 198 221 161 180 111 162  90 133][ 89  95  86  77 178  38  70  55 101 128 254 100 115  51 128 244 118 230
  76 232 233 184  85  15 178 238  36  16 107 242 232  41][124 249 189 230 173  76  87 180 227 184 182  72 255 119  64  50 128 116
 108 106  73 107 250  40 243 249 101  60  74 186 198  59][ 42 163  98 234 253 197 254 237 139  29 125 139   8 207 126   0 204 155
 151 193  82  10 202 241 127  81 142 239  23  14 246 211][ 12 188 185 105 176 236 119 155 118  15 126 112 151 253 200 104 151  95
 125  16 147 184 187  51 239 239  55 196 192 209 133 115][ 35 173  98 147 245 191 238 231  95 109 120  23  40 172 118  32 249  42
  19 149 150 186  52 255  47  28 158 226 199  76 210 222][ 56 219  75 125 112 203 119 244  52  76 116  45  51 215 163  17  88 248
 134 106  73 186  96  61  99 199  33 161 115 187 102 251][249   4  55  77  53 222  97 120 237   8 243   0 250  83   4 245 184 180
  76  42 105 165  49 207 147 250   2  18  66   2 103  37][ 74 206 142 254  56 208 186 174 182  29 222 161 233 239 168 194 215 119
 237 192  34  75 139 255 122 247 250 219  22 133  44  27][219 201  14 172  27 148  60 103 173  80 206 135  45 138  34 199 230  39
 249 197  68 137  23 253 242  97 202 131  46   4 169  30][ 33 253 115  90 246 155 235 246 127   1 120  98 104 248 188 164 127 122
  18  88 147 186  44 255  62  28   6  74 215 155 227 173][ 57 221 107 109 180 206  79 177 117  72 126  64 243  87 152 112  80 174
  21 110 249 152 113  63 227 237 165 192  58 162 210 121][ 57 196  72 187 180 143 111 255  22 109 254 143 211  99 186  64  95 206
  47 173 122 250  73  63 236 143 183 244 253 138 216 208][245 107  76 164 104  10 111 184  33 246 150 237 215  99 219  91  62 196
 125 238 200  87 207  40 246 233 229 188  44 179  26  81][123 233 164  53 205 221 252 231 251 249 180   8 174 184  86 183 233 239
 254  69 223 110 247 245 191  91  87  59  75  12 203 206][199 175 140 150 186   0  62 175 187 251   3 253 196 227  74  95 135 103
 121 215 118  76 139 115 238  54 223 255 136 245 137  23][ 26  73   4 189  44 131 206 236 151   2 208   2 227 104  49  64 200  96
  63 195 104 161  75 189 160 247 203 144  52 121  48   8][ 30 121  83 161  82 139 186  64 172 129  91 227  13 222 225 128 174 185
 151 211   4 146 130 236  20  68  43 203 165   3  35 131][ 89  70  75  77  18 114  42  56 100 224 206 194 241  39 153 240 118 196
  56 238 137 145  37  14 242 237 170 132  45 243  41  40][ 90 184  42 248  17 244  25  71  41  85 206 129  60 159  38 112 228 155
 149 145 158 155  48 213 219 253 154 203 130   4  39 122][216 149  94  53  42  74  84  59 189 250 247 121 215  59 130  83 178 165
 125  34 125 197 193  14 210 235  97 149  44 160 202  67][ 21 239 235  33 180  59 238 216 119 233 126 226 195 101 217 132  59 206
  70 127 139 176 205  42 172 205  37 164 231 255 251 225][167 124 252 144 207 145 148 199 203 246 176 191   8  24  87  11 207 161
 147 145 172 102 118 208  62  91 223  63 213 124 220 206][189 105  35  65 149 135 231 113  84 172 199   2  81 209  49  36 120 236
  27 238 121 181 125  30 117  15 167  64 111 171 112 224][  9  73  91 237 118 138 111  53  36  64  90 194 247  35 177  97 122 238
  23 239 193 152  68  45 228 169 170 128  60 186 113 169][229  98 168 161 172  47  74  24 122 186 146 120 151   2 209  58 217 196
  92 191 172 214  69   2 200 143 255 180 132 241  83  33][ 67 215 222 196 236  14 109 191 185 168 126 230 253 114 161 115  87 228
 126 168 237 216 227 204 190 190 231 132 140 248 128  45][147 149  63 188 130 102  61 255 120  91  74  84  52  62  42 113 167  31
  21 165 245 219  48  79 177 170 122 194   8  64 163 127][ 18  95 111 228  50 194 123 118 165 196 250 231 113 175 163  80 110 245
  21 196 152 155  36 110 250 166 174 128 173 162  38 249][116  77 232  46 215 114  70 175  81 230 238 139  99 108  23  17  88 230
 164 227 236 242 253  46 186 239 197  17 229 254 254  94][  6 148 148 155 157 229 150 143 158 187 139  16 196 250 105  74 217  66
 123  17  50 101  91 183 173 215 223  94 144 121 145   3][ 53 235 202 101 180  10 110 254 118 228 254 162 211 105 211  48 123 204
  68 125 206 178 237  42 234 173  37   5 237 250 122 216][252  14 189 254 139 224  17 170 147  23 133  49 230 247  41  95 193 115
 233   2  58  71 202  55 201 247 218  91 146  97  38  43][ 73 195 211 229 100  30 109  53 106 169 122  68 253  34 144 244 246 238
  62  76 192 216 229 205 236 255 247 128  10 178 225 137][ 57 149 119 109 180  94  71  59 101  72 126  64 115  23 144 245  84 160
  20 104 249 184 113  29 227 255  32 128 122 160 210 121][253 223 121 100 188  76  87 189  97 232 190 108 127 117 136  54 150 214
 108 106 249  43 249  47 251 249  37 248 106 170 194  57][ 35 237 115  75 118 147 170 252 127   1 120  66 104 200 188 164 126 251
   2 248 131 186  44 255  62  28   7 202 215 155  99 173][ 92 191 187 233 178 238  83 179  63 105 190 100 159  55   0 112 183  55
 125  24 155 153  49  31 233 237  37 212 234 192 133 115][168 191 113 232 240 195  81 119 125  13 124 232 188  23 162  52 206 187
 134 128 250 170  96 255 238 212  50 234  82 128 166 233][219  21 110 165  98  22 253 115 168 206 214 183  93  46  50  83 166 165
 191 165 244 221  53 205 242 107 234 128  45 164 187 211][233 120 119  68 109  94  77 252 225 234 180  72 122 121 149 191 136 228
 116 106 233 231 240 136 119 251 229 144  75 189  82 173][ 22 107  67 163 114 131 170  64  45   8  83 226   5 194 177 132 126 185
  23 211  64 144  12 236 180 128 170 192  37 131  35 129][181  73  43 140  76 199 239  96  84 136 210  66 114 192 177  97 248 168
  18 239  73 179  50  12 177   8 235   8   1  43 112 160][ 25  88  31 237  52 142 111 244 237  72  86  98 191 147 177 100 102 124
  30 234 193 153  33 237 225 237  38 128  34 178  33 169][221   5 101 101 146  30  79  56  97 224 203 194 211  37 145 243 118 196
 124 238 249 148 245  14 183 233 160  16  39 163  82  36][109 107 205 165  36  10 110  24  34 248 186 205 151   3 209  90  22 204
 125 110 201 208 205   8 198 233 229 180  44 243  82 209][ 26 177  51 232  85 196  89  86  97   9 236   0  30 155  48  52 200 153
  21 153  26 154  50 213 211 252 154  74  34   0  38 170][246  76 198 180  44 130  78  16 181 138 150  18  75 199  49  91 228 229
 125 250 104 199 193 206 178 250 207 144  38 177  48   0][241  69  84  77 218  26  78  63  97 160 234  72 115  96 149 247  90 230
 108 238 237 187  69  15  52 168 100  16 107 242 234  12][ 86  94  31 126  58 224  26 232 166  12 219 161  97 239 161  80 246 255
 237 194  14  11 139 127 242 166 171 155  52 179  38  19][121   0  55  76  45  95 192 104 237  72 247   8 122 220 133 245 184 180
 238  42  13 167 115 205 147 251  66  19  66  43 110  37][  3 179  33 136 248 180 139  91  14  77  88 229 160 238 190  64 220  11
 151 149 159  10  98  85 172  52 170 238 152 134 181 213][123 161 184 182 109 221 208 104 107 249 241   9 190 220  94  48 184 143
 245  17 206 122 251 145 223 223  26 123  69  14  87 206][216 218 190 127  42   8  21 151 248  31 182  53 238  63 131  91 167 119
 237   3 224  77 163  97 240 243 126 147   0 112   5 123][ 92  21 254  37 177  94  86  57  49 238 239   9  95 119  10  82 182 213
 253 160  60 193 241  14 251 231 101  21 162 246 174  83][222 122 238  36  10  83 159 200 170 246 149 175  77 220  95  11 174  85
 253 231 196  71 190  96 218  65 111 191 101  55  47 215][  1 220  59 251 244 133 239 215  94  65  72  82 181 147  48  96 231  59
  19  24 227 188  50 127  97 156 190   0 144 152 177 168][ 56  26 106 109  50 223  81 115  52 204 244 165  51  87 163  48 124 184
 133  32 172 147  49  31 211 231  33 145 113 168 110 251][209  77 101  37 140  15 198 191 100 224 186  66 211  40 149  99 120 196
 124 239 205 249 213  12 180 170 231  20 109 248  81  40][ 39 165 224 147 244 181 232  79  95  89  89 159 200 236 222  40 221  11
 147 149 182 250 110 215  14  30 158 236 197 204 210 213][ 73 135  84 111 172  31 109  63 125 162 107  68 251  34 144 247  87 198
  46  44 240 248 111 140 236 255 103   0  10 234 192   8][ 90 186 182  28 115 214  56 103 185  13 194 161  44 254  38 212 182 191
 189 129  38 219 130 237 147  54  26 131   3   4  47  95]