[225  76 110 127 108  14 111 178 252  78 118  12 243  97 151 115   8 100
 108 110 233 252 111  47 102 187  96 128 108 185  82  56][ 51 179 108  13  30 159 200 121 135 236 148 239  98 200 158  21  60 160
 125 173 204   2  70  93 190   8 137 190  61 172  90  85][ 90 251  92 190  58 153  26 254 171  28 176 237 175 139   2 146 167 247
 237  70  70  73 131  61 178 231  56 187  40 149  11  27][  1  89 123 253 118 139 251  54 124  64 122  98 179 153 180  96 102  43
  55  73 197 184  36 255 102 237  50 128 116 136  81 169][ 11 176 146  19 241 189  48  19 187  61  37  60 174 146 198 188 133  58
 196  24  22  92 186 247 142 215  16 235 202 132 139 159][ 97 201  37  94  29 198  65 166 228  88 226   0 242  48  20 245 192 226
 120  76 235 169 115  61  33  58 208  16  91  16 112 124][  2 153  90 254 114 129 187 118 189   9 126 163  60 223  32  80 246  59
  23 192  66 153   2 255 246 191  58 130  20 130  33 217][ 88 187 154  38 186 136  22 149 163 173 191 237 207 227 202  18 182 247
 237  64  24   3 138  64 250 245  37 187 232 226 175  19][ 86 149 146 158 157 198 190 232 190   6 203   3 236 246  41  64 241 247
 251 227  48 131 155 239 185  54 143  31  20 123  61   6][ 63 115 112  66 115  26 190 240 121 228 183 239  72  12 159 180 126 213
 215 231 204 178 101 236  54  92   6 151 111 183  47 215][ 18   9  18 137  44 137 232  71 173  33 146   2 174 138  48  64 106 163
  95 129  24 169  65 192 148 144 154 144  52   8 177   8][120 173  18  60 217 207  22 239 147 164 168   9  98 249  64 144 152 254
 232  96  94 107 218  63 251 215   5 127  66  46 222  10][154 184 146 250  27 225  24  71 191  21 225 177  44 223  96 220 231 187
 175 144  26  15   2 241 219 215  26 123 146   4 167 154][105 117  57 101  61  79  71  60 114 232 173   8 242  53  73  48 152  92
 124 106  73 114 249  31 239 223  37  52  64  59  70  42][ 86 244  82 167 147  78 126 236  61 130 251   3  79 246   8  84 255 221
 223 226 108 147  25 239 185 246 143 135  33  55 167   6][ 79  91  99 135 116  24 110 144 233 196  23 231 201  79 255 246 118 196
 159 238 197   0 172 232  54 124 167 140  46 183  88  85][  9  16  27 101  97  14  97 119 105   8 102  68 190  19   0 112 182  60
  86  40 193 184 145  77 199 253  48   0  72   0  99 169][  2 141 106 205  84 128 175 103   4   1  90 130  32 174  52  64 122  43
  19 129 210 154   0 221  36  44 138 192  21  10 241 136][ 82 205  19 191 150 128  62 231 188   1  90  66 189 234  48  64 102 107
  63 193  82 153   2 239 188 228 190 192  20   2 161 137][ 34 201  98 136  84 129 174 231  12   0  88   2  44 136  48  64 122 171
  19 193 194 186   0 253  52   4 138 136  85  24 241 136][  2 205  15 158 148 131 175 239  30   1  90   2 120 234  48  64 126 107
  19 225 112 152  10 255 104  38 190 192  21  26 177 136][  0 128 213 223 108 105 161 142  14  51 108  16 181 179 237 110  67  90
  34   8   2  88 195 241   4 182  82  44 150 216  69 168][ 14 163 102 145 247 155 184 200 175 180  27 167 204 206 127 132 191  57
 187 245 150 209  14 208  12  80 143 231 135  47  45 215][ 33 220 121  95 116 239 235 254 126   9 126  32 243 113 176  48  31 122
  22  72 227 184 105  63 103 191  52 128  81 216  70 169][ 70 173 215 246 252 170 238 169 251 178 186 202 239 235  29  19 187 247
 127 163 112  99 138 238 188 190  79  62 197 242 195   0][  6 154 158 186 169 161 144 199 142  23 128  49 228 234 102  10 193 115
 235  17  22 105 138 117 200  18  95 123 208  65 173  11][ 69 123 123 101  36  30 127  16 105 200 126 100 243  25 145  50  30 197
  84 110 205 176 229  40 230 249  32 128 109 179  66  57][ 57   6  82   8  31  59 192  91  77 164 254 215  11   0 162 196  90 140
 134  60 156 179  85 140 146 237  32  68 127 140 104 148][203  50 126 233 106 247 121  90 175 109 215 229 157 159 194 116 198  29
 255 157 131 135 243 208 214 249 168 218  62 132  44 115][212  52 157 118 169 108  81 154 234 251 171  24 214 247  73 123 129 215
 124  26  57  71 219   0 217 251  85  62 200 113   3  51][216 232 181 116  43 200  21 166 170 122 130  40 190 182  65 251 135 119
 248  64  67  77 227  49 249 243  94  59 130  85   7 123][242  76 214 190  79  42 102 172 185 130 226  27 102 106  45  91 249 231
 104 227 104 231 203 235 177 178 207  27  33 123 112  10][120 176 177  97 137 107  81  15  99 167 175  41 198 213  72  62 145 222
 232  16  26 119 251   2 217 246  21 127 194  70 198  98][148 165 148 147 214  43 230 201  62 179 163  26 198 226  72  11  59 207
 106  51  50 119 201 210 188 134  79 116 193 107 211 130][200  28 191 253  32 172 125  23 189  27 118  48 188  55 160 123 167  55
  63   8 177 205  50 192 199 251 122 128 128 192 161  59][  2 159  66 153 242 224 184  71  28  13  88 167 172 174  36  64 238  59
 147 149  18 152   2 255  37  54 154 195 149  68 165 219][ 33 104 186 101  21  15  71 134 104 226  42   8 178  48  21  50 152 108
  64  74 205 244 209  42 229 189   5  48  72 123  74 138][129 204  29 223  62 143 111 254 220  26 118  70 191  83 161  97 110  96
  14  78 227 172 115 255 228 170 114 128  26 153  97 169][152  80  56 232  42  68 159 120 188  14 245  41 191 223  43  81 222 153
  31 227 110   7 122 223 243 241 170 157  16  19  47 211][  3 141  35 137  20 163 171 103  84  65  90  66  48 226 180 100 120  43
  19 141 179 152  37 255  44  46 138 192 149  10 177 236][172 141 104 251 221 187 250 254  86   4  93   3 121 105  52  64  88  42
 147 249 178  40 106 191 111  77 165 241 119 139  84 138][ 66 188 153 178 187 201  29 174 191 113 128 189 188 183  64 247 135  83
 253  16 115  72 251 241 173 208  31 250 152  20 135 123][ 45 112 189  99  45  63  67 152  99 250 181  88 219  89  89  58 153 196
  93 122 171 102 249 130 199 221   5  52 203 251  82  34][107  50 254 109  41 223  89  91 175 253 246 237  31 159 150 190 134 181
 253   4 133 233 243 213 199 249 112 211  79 132  79 127][229  87  89 101  52  14  71 184  97 232 191  76 211  49 153  49  20 196
  76 110 233 176 249  14 230 237  37  20 104 243  66  33][ 72  28 190 117 164 174 121  23 233 155 118  48 191  51 129 123 135 118
 108   8 177 252 161  98 199 251 114 128 192 224  67  41][ 14 115 114 128 127  27 186  72 143 228  25 175 140 206 119 132 182  25
 223 247 196  97 142 210  62  84  15 239   7  15  13 215][123  73 229 196  79  22 236 112  83 226 223 202  88 188 244 238 124 204
  55 235 141 114 247 192  22  42 218 184  63 255 112 180][157  78  75 173 102   2 111 240 196 226  94 230 117 226 179  96 114 108
  42 238 229 145  36  46 244 231  99   0  60 187  49 168][ 69 245  25 227 176 143 103 189  54 169 107  76 215 115   8  48 149  94
  92 122 107 144 217  63 237 142  37 116 136 211 131  57][ 44 168 140  81 165  93  97 139 123 255  36  12 142  33  83 158 145  78
 224  24  23 124 251  34  79 223  21 117 202  44  94 202][  7 249  17 186  56 201 146 232 143  88 153 169 166 214 102 128 199  43
 206  87  71  11  74  53 184  20  11 250  16  11   1 223][120  79 126 204  21 214  87 119 197 132 206   2 115  37 163 114 104 246
 205 104  72 187  33 172 243 235 164   1  34 184 244  42][179 176 237 117  50  15  81 123  55 250 242 125  82 125 197  57 189 157
 117 161 172 252  99  29  79 218 117 166 225 160  70 255][ 26 177  48 168 243 213  26  75  31  77 253  41  44 223  98  80 223 155
 151 145  30  11 114 215 219 213 154 255 146   6 167 215][ 36 168 188  83 201 109 117 142 251 191  37  24 194 241  77  31   1  94
  96  24  50 126 250  48  79 146  85 127 194 113 198 162][ 45  61  42  90 116 191 147 218  86  77  93   2 242 220 183  33  92  56
 147  61 167 179 124 191 107  13  33 192 213 207 117 229][204 108 181  86 139 104  21 166 171 190 166  24  94 119  77 255 131 214
 236  10 113  69 235  96 155 178  85  31 194 113 134  43][221  94 125   7 178  46 127 184  53 250 222 228 223 103 139 115  55 213
 252 238 233 208 109 108 246 171 101 132  44 243  33 113][233  21  17  69 241 110 103  55 105 234  40  72 210  49   5 183 144  86
  80 106 113  58 240  14  37 188  69  60  74 114 194 184][ 61  12 231 117 197 118 109 246 113 227 102  18  91  63  21 253 121 206
  48 190 189 250  53 174  95 239 212  69 227 245 242 238][ 75 145 183 251 211 212  56  47 191  81  75 145 252 255 108 194 167  31
 187 148  23 216 147 243  15 127  94  67 138   4 169 146][ 15 115 114 133 107  19 186  72  41 228 249 239  12 158 215 134 174  93
 215 247 196 243 164 194  54  28  15 171  79 135  43 213][116  48 249 101  40  76  81  24 107 248 180   8 151  21  65  58  54 212
 125 120 137  98 241   0 223 153  37  52 224 179  70  99][113  15  92 229  50  14  72  55 113 173 254 110 183  34 146 114 102 167
 108 172 220 248 101  14 214 239 112 144  41 192 200   9][252 104 156 240 237  89  84 204 131 182 176  57  15 153  75 155 137 217
 228  82  78 103 202 128 219 209  85  63 243 121  78 130][  0 233  27 248 221 197 181 231 142  17 200   2 180 155  96  32 201  59
  19  81  82  43  18 117 253 148  30 122  80   8 165 170][ 35   7 106  15  85 154 226 103 125 193 127 199 106  44 182 164  58 174
 210 173 245 185  53 207  54  62  16 131  79 142 251 220][ 48 188  56 122  88 237  83 251 182  13 108  40 114 247  72  16  29 186
  69  24  58 106  58  63 121 143  33 121  97   2  70 171][ 47 221  98 218 215 214 239 252  87 205 124 135 104 239 190 116 125 235
 147 255 243  26  60 255  59  14 143 204 183 247 244 254][ 35 203   2 158  84 145 142 230  86   0  88 131  32 202  51 192  88 234
 130 199  70 170  14 255  48  36 138   9  28  31  56 140][145  91  74 175  18 131 111 244  20  64  86 230  49 195 161  68 126 234
  14 206 235 153   4 191 240 236 170 128  60 153  33  25][ 48  69  66 136  92  11 194 104  13  32 248  10  66   8  32  16 120 136
  78  98  72 179  65 220 176 132 131  52 117  11 112 128][105 143  84  70 253  31 102 189 233  40  62  76 106 104 158 183 134 230
 110 110 245 233 125 253  62 122   1  82  74 174 202  13][101  49  25 101  53  15  99  51 104 232  46  76 150  17  17  48 144  44
  88 108 129 240 241  12 237 221   1  52  72  41  66  48][ 48 101  82 160  86  11 226  96  41  32 248  10  15   8  52  16 122 141
  70 225  72 179   0 206 176 236   2   4 101 138  98 128][115  89  83 238  69  68 110  37  33  64 234  14 123 243  36 116 114 239
  53 204  73 154 146 233 179 252 198   8  43 178 226  56][  8 116 122 119 114 204 117  21 185   7 103   0 191 215  10  16  38  56
  69   8  66 180 178  75 231 237  52   0  98 146 199 171][  1 125  91  76 114 219 178 115 125 200 122 108 190 216 133 180 182  57
  94  96 133 187 132  78 182 253  39 162  76 130 107 157][238   0  37 234  13 245  65   9 206  20 131   0 130 140  61 239 200  16
 233 145  10   7 115 145 129 241 218  27  16  10 116 102][197 176 157 247 168  12  97 152 122 187  35  84 245 115 200 123   7  86
 124  24 131  84 219  49 205 170 119 228 136 130   1  41][  2 156  18 157 114 160 184  71  60   1  88 162 172 150  32  64 247  59
 147 128  18 152   2 255  36  54 154 130  20  64 161 153][195 253 189  83 171  12  61 151 234 115   6  84 156  51  72 123 167  71
 120 156 211  76 251  97 237 187  94  70 136  80 131  43][ 17 205  22 141  53 146 164 103 237   0 248 102  46 178  36 197 232  42
 142   0 111 169  16 253 160 176 134   3  16  28 233 140][185 213 108 111 116  95 127 188  85 110 118  26 115 125 158  49  30 204
  87 110 232 180 125  63 103 203 101 132 103 184  86 251][ 76 189 156 113 179 239  21 151 191 247  46 157 223  55  66  26 135 127
 249  16  18 216 243   0 207 215  85  87 194 240 134 115][ 81  92 115  69  17 126  70  50 121 226 234  76 114 124  21 244 144 244
 120 111 173 176 181  47  33 190  64  16  75 115  66  60][239 246 253 118 233 124  95 187 171 254  61 253 223 255 223 191 151 117
 253  46 229  69 186 219 227 251 101 190  78 247 207 119][ 11  99  97  99 226 249 237  20 236 116 127 197 153 143 223 174  46 171
 255 222 199  48 255 240 102 121  34 161 110 215 199 244][183 123 114   2 123  22 186 224 105 100 183 175   8  14 151  54 238 213
 223 231 196 179 245 236  54  24  10 151  79  55  43 215][  3 141  37 159  26 227 171 166 156  64  76 130 244 118 178 101 115  35
  59 207 179 136  63 253  45  54 202 200  20   4  49 108][ 94  71 134 164 223  38  95  25 161 132 143 143 111 231  67  94 118 228
 253 238   8  67 154 200 248 244 205 152 166 247  52  82][120  49 185  96 105 237  83  80 163 101 173  12  31 183  66  50 166 157
 245  80  27  11 178  17 251 221   0 121 226 130  70 115][  2 197   0 136 132 129 140 231   4   0  88   2  32   8  48  64  72   2
  19 193  64  40   0 157  32  32 142 192  20  24 176   8][  9  28 157 191 162 235  48 146  30  67  74 246 252 119  33 232 215 123
 186  16  23 152  91 243 198 183 122 130 152 201   1  27][225  49  25  82 201 204  17   1 169 153 165  24 190 147  76  59 128  23
  96  16  19 110 210  65  15 248  80 122  74   0 195 170][ 60 239 224 238 220  83 206 236  83 164 188 138  67 104 255  32  89 194
 151 251 254  35 109 190 186 207 133 125 247 255 244  76][ 92 121 153 254  42 204  87 184 178 138 234  72 255 215  73 114 178 252
 124  74  75  71 187  43 241 237  39  24  40  51  39  59][  5 122 217 117  32  47  71  50 118 170 118  88 211  49 145  56  21 252
 116  10 233 244 249  42 197 175 117   4 224 241  66  33][252 117 189 101 168  79  71 188 114 186 166   8 211 117  65  51 145 212
 108 122 105 118 249   8 239 203 101  52  96 243  70  42][ 57 123 226 100  80  28 238  84  97 128 120 204  43 139  85 144 124 236
   6 206 200 186 132  42  54 237 164  32 107 182 106 137][  2 157  18 141  22 195 186 175   4   1  90  34 232  42  32  64 122  35
  19 224  82 184   1 255  44  38 154 192  20  10 177  10][ 68 204  87 159 212 138 230 164 252  19 227  18 228 226  40  81 121 231
 106 202  48 249  79 127 188  38 222  64 128  91 225 136][108 181 252 100 185 127  86 191  59 243 172  25 223  53  74  59 151  87
 253  48  56  75 217  31 235 223  85 119 202 240 143  91][ 73 185 217 101 176 206 115 187  99 225  46  72 223  55  64 114  22 214
 124  88  19 216 241   4 239 253  37  84 194 130 198  33][  9 120  50  95 117 159 242 112 253 104 102  76 190 152  21 180 160  40
  82  78 197 188  16  63   7 253   0   2  74   9  75 143][  9 205  26 168  86 217 118 247  71  65  92 106 182 216  50  96 251 187
  30   1 215  56   7 119 255   5  52  73 124 138 184  11][144 210  63  58  40 205  21  53 188  30 178 117 183  31 170  11 134  51
 205  64 106 237  35  61 224 227 126 147  80  16 167  91][  2 203  90 203  26 131 187 246 142   4 252 135  48 135  39  68 126 114
   3 206  66 169  19 253  98  28 130 145  27 139 105 186][123 166 108   1 180 187 202 174 127 239 190 153 107  72 150 148 155 134
 204  60 190 175 109  63  58  95  37 213 231 142 222  68][169  64 166  68 237 118 228  23 228 219 230  16 216 249 126 238 201  68
 250 156 157 231 179 192  75 123 214  69 195 116 248 162][ 77  26 253  69 234  30 127 184  40 254  54 236 223 119 147 123  54 117
 253 110 193 208 237 104 198 251 101 132 238 247  15 113][225 189  21  69 225  94 103  55 105 234  40  88 214  49 132 183 128  86
  80 106 113  56 240  14  39 188  69  18  74 114 194 184][ 32 189  60 126 120 239  83 251 182  12 109  40 114 247   0  16  29  58
  69  40  50  43  58  31 123 143  33 125  65 194  70 187][ 64   9  66 137 108 137 232  71 173   1 218   2 172 138  32  80 106 163
 110   0  82 185  65 226 148  52 154   0  20   8 241 136][ 86 213 146 142 157 198  62 232 191 134 202   3 204 246  41 192 241 253
 255 227 104 131 155 254 185  54 143  31 148 119 181   6][111  32 226  68 107  88 185  72 171 240 148 169 157 221 211  62  14 253
 253 157 134  67 166 192  82 121  41 191  70 166  39 247][ 92  50 214  37 130 106  16   3 163 163 235 169  78 167   2  90  55 245
 237  48  24 209 137  64 216  38  21 215 170 230 166  19][249 119 249   0 107 124  85  86  41 236 189 189  26  22 198 182 172 141
 196 150 141  47 224  66 119 201  32 187  67  87 206 245][  1  18  27 109 112  14  97  61 108   8 103  68 254  19 136 112 180  12
  70  44 129 176  49  77 199 189  32   0  72 128  99 161][ 34 201  10 154  93 193 150 230 150   4  72 131  32 138  34  64  72  42
 130 197  70  42   6 191  48   4 154  43  21  28  60 206][ 92  48 179  76 171 250  18  75 235 163 237  40  14 213  68 188 177 252
 232  16  24  51 186  66 155 180  21 127 194 102 134  39][126  99 227 206 221   6  79 121 161 132 143 143 105 231   9 214 116 228
 249 254  72  67 250 200 179 253 133 187  38 183  54 114][ 67  50 135  21  42 138 171  56 172 200  19 228 244 230 143 118  54 101
 124 111 133 193 231  76 132  50 107 154  12  39   3 117][ 79  50 250 101  99  62 123  16 105 238 191 172 223 159 199 190 182 221
 253 174 133 246 225 192 215 249  33 135  66 231  15 247][ 16  93 123 238  54 134 187 112 236  72 123  98 125 223 165  96 246  57
  31  99 193 177  32 205 240 237  42 128  53 131  37 187][ 86 229  82 174 147  78 126 232  61 162 251   3  79 242  41  84 251 221
 255 226 104 147  25 238 185 246 143   7  33 115 167   6][  1  63 123 101 114 219 182 117 124 224 122 228 255  30 132 240 182  63
   6  98 229 184  37  78 164 237  34 130 108 130  35 189][ 18  29  95 190 114 130 187 113 172   0 218 227 125 223  32  64 118 185
  31 229   0 139   0 125 240 165 170 136  53 130  33 217][112  49 249 101 104  78  97  24 105 160 162   8 151  23  65  58  46 148
  92 120   9 114 241  64 221 152  33  52  97 162  70  35][  8 116 250 119  82 204 117  21 169   7 111  24 255 215   8  16  54 184
  64   8  66 180  50  73 103 173  20   0  99 210 199 170][ 35 132 106  26  87 146 250  96 253  65 123 151 104 200 190 224 250 169
 147 133 182 191  52 255  22  62 146 195 207  15 120 214][ 97  89 147  69  85  94 102  52 121 192  98  72 114  56  21 244 144 244
 120 109 165 176 181  47  37 190  64  16  72  51  66  60][104 253 149 118 153 223  22 167 187 249 174  25 222 183  64 146 135 119
 253  80 112  73 248  63 235 223  21 119 194  84 143  90][ 35  17 110  13  86  27 224 115 108 224 210 255  17   8 150  49  46 140
  94 173 197 186  85  92  22  40 176 144 109 140 218 220][104 172  26 122 217 237  16 239 179 149 172   9  38 241  66 144 137 187
 232  16  26 107 218  63 251 215  21 123 210   8 142  10][253 107  97  65 100  27  71 248  97 232 244 108  67  65 157 181  88 204
  68 110 201  50 237  60  54 216  37 182 107 191  82 229][141  28  93 255  42 231  57  58 220  82 119  82 253 115  33 107 102 113
  62  42 161 228 123 127 199 187 114  18  56 249  41  35][109 221  21 111 176  15  71 188 100 168 235  76 255 115   9 244  20 214
  92 106 233 176  89  63 237 239  37  20  90 243  66  41][126 253  82  76 233   5  86 255 171 154 184 104  74 243 109 147 159 211
 196  98  73   3 154  90  59 153  69  63  75 114 238 179][203  50 127 105  41 253 249  83 173 109 246 189 159 159 150 254 134 149
 255 148 135  47 243 208 215 249  58 219  95 132 111 127][237 116 189 227  45  63  91 152  67 250 181  12 219  89  93  59 153 196
  85 126 169 118 121 176 207 219 133  52 202 251  82 114][ 68 164 215 148  92 136 232 235 186 146 162  74 228 226  29  19 123 229
 106 169  96  99 134  77 156 182 207  40 197  96  99 128][ 90 156 182 250 139 228  52 199 175  83  14  19 172 255  97  90 231 115
 187 145  18  73 146 227 219 247  94  75 146  84 165  91][237  71  77 101 116  14  71  56 112 170 127  76 211  97 153 113  16 196
  68 110 233 240 109  14 102 191 101  20 106 243  66  33][154 152 146 186  27 225  16  71 191  21 225  49  46 223  40 220 227 187
 175 144  58  15  18 243 155 215  26  91 210   4 167  74][  1 207 121  79 116 143 235 190 127   9 126   0 243 113 181 116  31 122
   6  72 195 184 105 127 103 191  50   0  80 155  66 169][105 135 106  78 212 150  78 121 113   9 125  76  81 235 188 240 124 142
   6 238 218  58 252  95 119  45 160 204 115 130 234 128][  3 141  43 137 148 163 171 103  76  65  90   2  48 162 176 100 122  43
  19 157 147 152  53 223  45  44 138 192 149 138 177 236][105 125 123  96  81 205  83  80 227 101 172   8  31 151  66  48 148 188
  81 120   3  35 176  30 251 253   1  56  99 130  70 242][ 79  73  99 148 117 220 111 176 233 200  86  69  12 206 247 246 230 229
  31 111 197  17 188 232  55 124 135 174  14 183 121 117][ 46 176 242 203 117 245 123 218  15  73 125  10  24 159 110 180 255 153
 147 152 147  58 186 209  79 221  16 111 211 143 102 247][161  52  29 181 114  47 168  55  56 171 210 120 181  61   0   0 141 181
  87 129 177 254  81  30 205 134 250 144 204  64  19 171][104 184 152 122 137 237  17 143 187  31 164  25 174 247  74  26 129 123
 233  16  18  79 218  49 219 209  85 123 208   0 143  10][ 77 245  17  99 176  15  71 189  98 168 171  76 223 115   9 240  21  86
  92 122 249 144 217  63 237 255  37  84  74 243 194  41][208 153 127 101  48  78 103  49 116 136 102   8 247  53   0 113  48 116
 108 106 121 185  49  45 231 233  96   0  96 160 198  43][ 65  29 186 244  32 140 125  55 232 136 122  76 183 186   2 114 134  55
 124   0 212 153 176  15 229 191 122 144   8   0 131  11][ 42 160  32  24 125 241 176  79 255  85  52 185  44 204 118 156 139  27
 195  21  54 111  58 215  31  85  27 111 215   4 127 222][ 50  69  66 236  84  11 206  96   5  32 250  10  67  40  53  80 120 140
  23 226  72 179  65 158 178 236 130 144 117 187  80 128][ 18 141  19 190  22 130  47 231 188   0  90  66 125 226  48  64 118  43
  31 193  67 137  10 255 176 228 170 136  60   2  33  41][173 180 241  67 197 111  97  25 115 243 101  24  82 117  72  61  25 156
  98  58  59 246 249  18  79 158  85 116 195 235 214 160][183 121 106 162  88  22 158 224  41 108 240 143   9  14  23 129 254 213
 223 231 204 167 213 236 179 121 138 145  77  55  43 223][124 112 156 230  41 108  81 216 171 190 165   8 223 223  73  27 133 213
 253  82  10  71 218   0 219 241  69  63 192 115   7  18][  8 141  11 190 148 130 175 253 150   1 218  66 121 234  56  64 120 107
  51 233 115 137  11 255 104 167 174 192  21  10 177 168][128 217  19 250  93 197 165 231 158  17 192  18 180 147  32  97 200  59
  10  64 115  43  18  63 189 128  30 106  80  24 165 170][108 120 181  86 233 104  53 143 171 191 164  56 204 247  77 159 131  86
 233  16  16  71 234  96  31 242  85  63 194 112 135 167][ 12 141 108 219 156 179 250 248 214   4  93   3 249 105 184  97  89  42
 147 251 178 168 106 191 111  79 173 201  55 139  84 130][206 160 186 218  25 212 184 192 190  17 133  17 156 219 126  75 225  41
 251 221  50  79 154 243 219  57 154 111 144   5  41   2][153  15  67 237  38   2 111  50  52 192  94 230 185  39 177 229 110 236
  22 206 233 184  37 238 230 237 234 128  47 177  32 185][ 73 253 153 109  56  76  71 184 115  74 236  72 247 119   1 112 150 220
 124 106  75  98 251  63 245 253  33  56  72 179  34  57][200 189 190 113 169 172 117  23 171 155  46  16 190 191  64 122 165 119
 253  16 178 233 178  98 207 255 118  66 194  64 131  43][ 40 173  10 138 213 135 134 239  22   1  88   2 112 232  56   0 217  42
   2  97 114 186  24 191 121   7 143 108 209  10 176 136][ 48  77  98 225  84  11 234 114 109   0 250   2  75   9  21  16 122 141
  23 226 200 186  65 206 182 220 130   0 103 139 114 136][  1  19   7  13  24 151 160  88 198  32 194 231 208 148  32  96  76  52
 234  36 133 145  87  28  84  35 131  24  24  10  49 144][ 36 232 180  83 137 237 181 206 251 191 164  24 138 245  77  63 129  94
 232  16  18 109 234 112  15 154  85 127 194 121 199 166][242  76 198 190  77  10 102 168 185 146 226  11 102 234  13  91 249 231
 104 227 104 231 203 235 177 182 207  27  33 121 114  10][213  99 193 130 180  10  70 136 105 160 163 200 195  66 217 223 115 196
 104 250  56 231 205  66 184 176   7  84 172 179 194   4][212  20  56 170  42  64  27 120  60  14 213  33 159 151  43  81 214  25
  95 227 104   7  75  91 209 245  42 189  16 163  39  83][101  91 123 103  36  14 111 176 104 200 122 108 215  91 145  50 214 245
  92 110 201 176 225 108 228 185  34 128 104 179  67  49][145  94  75 254  22 131 107 240  20  66  86 198  49 199 161  97 126 232
  22 238 233 156  36 191 240 170 170 128  61 187  48 121][205  14 255 127 108  46 117  48 252 202 127  80 247 113 179 123 114 100
 126  46 161 229 123  13 199 235  96   0 242 227 107   1][ 12 154 150 190 139 177 176 235 158  17  65 181 236 234 106 203 133 107
 235  21  54  73  26  53 136  99  95  91 152 108 169 146][ 73 252 188 115 139 220  61 182 234 123  38  20 188 243  66 123 167  87
 124 216 211  72 251 113 207 187 127 114 136  65 131 123][ 13  73  46 202  54 155 147 248  86  69  93   2 240 217 191  32  94  56
  19 125 162 177  46 189 107  15 161 193 215 143 117 225][237 179 169  71 109  93 113  24 123 237  53 108 218 212 202 190 149  76
 228  50 135 112 251   2  79 221  37 191 202 174  94 247][129  74  86 156 110 144 174 230 204  10 242 102  44 130 165 229 106  99
 142 194 101 141   6 239  48  34 250   2  29  16  41 141][248  73  87 252  69 194 117  39 181 132 226   3  43 173  36  81 232 182
 175  64 108 187  18 172 243 243 212   3  35 188 244  74][  2 157   2 153 242 160 184 103  28   1  88 179 172 174  32  64 238  59
 147 149  50 152  17 223  44  52 154 194 149  68 165 219][ 72 255  26 126 251 137  23 245 186 157  45 173 110 231  96  16 167 123
 233  66  82  75 138  63 251 215  53 123  98  18 135  11][105  57  27 101  21  15  97  51 104 224 110  76 150  17  17  48 160  44
  88  44 193 248 177  12 229 217   1  48  72  40  67  42][191 123  98   4  83  18 190 224 105 228 246 175  11  12 151 180 254 221
 215 231 204 179 101 236 178  88 142 135 111 183  47 215][ 76 177 153 112 169 108  81 155 107 251 171  24 222 243  72  58 129  87
 108  24  27  99 251   2 221 222  85 126 200  97 135  50][245 144 153 194 207  73 148  41  90  51 161  26  82 122  76 123 249 149
 106 162 125 103 219 210 221 130 219 125 217  43 201   2][180 164 148 145 214  43 230 232  62 179 163  26 198 226  76  11  57 205
 106  51  50 115 201  86 189 134  79 117 193 121 211 130][ 49 113  57 101  52  79  71 184 123 224  47   8 210  21   8  48 144  92
  72 106  73 240 249  31 247 207   5  54  96  59  70  34][  8  23 115  77 114 122  49 119  61 141 126 240 159  23 164 244  38  61
 198   0  48 184  37  78   7 182  50 131  98 128 167 163][ 32 167 106  78 116 144 239 117 112  12 125 226 113 233 190  48 126 174
   6 238 208 186 172  79 118  45 160 136  69 138 254 169][118  32 246 118 236  42 122   8 123 162 179 137 235 235  85  26 187 253
 125 251  40 243 203 200 158 218 199  35 229 243  98 134][ 39 253 102 218 215 215 238 253  87 233 124 130 104 254 190 228 125 107
 179 255 247 250  63 255  43  14 143 238 151 126 240 253][201  57  23 101   5 207  97  55 104 232 102   8 182  17   0  49 160  36
  88   8  65 184 177  12 197 217  16  18  74   8  67  58][ 33 203 121  73  52 143 239 190 127  45 126   0 243  97 148  52  30 122
   6  72 195 184  97 127 103 159  36   0  83 154 198 169][152 204  30 255  26 195   3 224 148   6 198   2 247 195  33  65 104 120
  42 194 106 141  11  63 225 163 226   1  48  25  37  42][144  81 127 236  34 130 187 112 180   0 215 226  93 151 160  65 118 181
  63 227 225 149   1 206 240 163 106 128  53 131  37  49][ 35 105 167 221  77 150 174  70 217 224 208   2  40 152  53 228 200 111
 179 199 197 250 242 224  39  56 154  34  15  61 120 142][  1  50  25 109 116  14  97  29 108   9 118  92 246  17 152  48 180  12
  68  44 129 176  49  13 197 189  48   0  72 128  67 169][237  97 253 103  44  15  79 152  67 170 181   8 211  89  89  59 152 196
 124 110 201 246 249  40 231 217 101  52  98 187  82  32][ 77 122  59 231  32  14 111 144 108 200 114  68 215  83 129 114 182 125
  92 110 193 208 185  40 229 169  35   0  72 179   3 177][105 125  25 111 120  78  71 184 115 232 236  72 247 115   1  48 148 220
  92 106  75  50 249  63 229 253  33  60  74 179  66  57][154  17 111 173  18 130  59 112 180   0 211 227 125 207  48 193 126 185
 159 229 233 143   1 223 240 227 170 128  53 130  33 177][104 188  26 122  89 237  19  79 146  13 172  25  38 209  98  16 153  59
 192  16  26 107 218  55 251 215  17 123 208   8 206 138][ 56 183  94 124 248 235  19 123 182 140 253  41 127 247 130  17  23  50
 197  32  48 203  10  31 227 199  33 249  98 226 142 243][ 12 109 110 219  30 155 179 216 222 197  93   2 241 217 189  32  90  56
 147 121 130 176 110 191 111  13  33   9 215 155 117 162][ 37 113  57 101  85  79  71 248 123 224  47   8 211  17   9  48 144 220
 120 106  73 240 249  30 247 221   1  52  72 187  66  32][252 108 199  32 133  26  70 168  97 162 163 200  67  66  89 159  49 196
 108 254 108 215 205   8 184 226 197 116 160 119 106   4][ 97 181  17  69 225  94 102  55 120 234  42  72 214  49   4 183 144  86
  80  42 113 184 241  14  47 190  69   2  74  98 195 189][ 73 248 185 115  43 221  59 182 238  89 164  40 188 247 195 114 167 115
 253 210   3  72 251 113 207 217 127 251 138  18   3  59][145  29 123 101  50  14 174 117 124  64 122 226 255  22 176 240  54  63
  22 234 225 184  53  79 180 172  34   0 109 162 161 185][188  33 216 240 109  73  80  72 131 180 181  41  15 129  75  27 136 152
 229  82  74  99 202   0 211 193  97  61  99 170  78 130][ 72 189 186 114 153 236  52 215 187 155  46  16 190 191  96  91 165 119
 236  16  50  73 146 226 251 255  22  75 194  80 167  11][248 126 255 101  34  75 119 116 176 174 166  40 119 183 193  19  50 244
 109  98 104 245 161   8 243 195 101  49  96 243  70 107][130  99 241  99 232  41 248  70  43 169 153 249 133 157 212  58 174  29
  93 211 130  94 193 224  22 216  24 170  68 147 131 143][108 182 248 116 241  94 215 187 251 158  52  12 106 106  15 179 159 241
 196  32 161 106  58  79 106 223 101  63 203 224  78  95][152 141   7 190  28 130 139 125 150   0 222  66 249 195 176 196 120  42
  63 233 107 137  43 255 248 231 170 200  55 138  49  40][ 16 201  10 173  20 130 233 117   4   0  86   2  49   3  48  64 104  40
  23 201  72 152   0  29 224 161 170 128  53 136  48 136][183 122  98 149  71 150 190 224 185 204 246 135 137 142 151 165 238 253
 215 199 236 191  52 238  54 121 142 131  79  53 123 213][210  72 215  92 131  64  20  39 169 130 226  32  45 182 165 127 226 119
 108 130  65 205 162 232 179 242  86   3  32 112 167  47][ 74 251 148  84 137 221 149 207 171 191 160  56 174 247  69 159 133 119
 236  80  82 111 250  96  27 208  85 127 194  84 199 175][ 52 160 212 145 220  11 160 200  62 179 163  26 198 226  77  27 249 205
 106 179  24 115 203  80 157 130 199 119 193 107  82 130][118  77 146 140 157  71  22 239 191 134 218   3 206 246  35  68 248 253
 239 227 108   3 219 222 185 246 143  63  20 126 188  14][ 77 180 145 112 249 109  97 154 123 251  41  88 158 243  72 190 145  94
  96  24  19 122 250  66 157 220  21 126 202  65  66 178][ 34 201   2 152  95 193 151 230 150  69 200 131  32 140  34  64  72  43
 131 193  70  43  18 189  49   4 154  43  85  28 188 206][106  40 146  92  75 249  48  70 251 138 100   8  46 178  69 188 162 251
 224  16   6  91 130 123  27 245  16  43 194  84  15  14][189 161  51  79  64  76 103  57  97   6 231  24 243  87  12  52  56 156
  64 106  91 182 249  35  71 249  64  64  67 131 230 224][  3 141 107 201 148 163 171 103  76   1  90   2 240  34 180 100 122  42
  19 185  18 152  53 255 109  44 138 192  21  10 177 168][ 57 117  59  96  81 207  83  80 113 104 228   8  18  23   1  48 152 184
  80 120 107 178 176  14 243 157   0  48  64   2  70 250][114 200 134 158  13   0  70 236 187 146 226  11 102 226  37 215 249 230
 104 195 104 103 155 233 177 178 207  27   1 122 114  14][120 168 232  49 180 251 210 142 115 229 166 185  35  12  22  24 219 174
 237  21  62 239 229  31 218 103  21  81 229 140  94  90][ 90 157 150 250 139 224  60 199 191  23 136  51  44 255  96  74 231 115
 187 144  50  75 146 227 187 247 222  75 146  68 165  90][118 101  82 172 155  78  94 232  61 164 250   3  79 246  41  84 250 221
 255 226 104 147  25 206 185 246 143   7  97 115 231   6][220 112 157 242  41 109  81 200 171 182 161   9 159 223  73  27 129 213
 125  82  10  71 218  32 219 209  65  63 224 113   7  50][ 77  21 255 253 171 118  61  19 189 155 255  50 221 247  40 123 247  55
 255  32  49 193 115 192 199 235 114   3 186 232 165  51][ 92 253 152 178 153 205  86 207 179 191 168   9  79 247  75  18 177 223
 237  16 126  75 218  51 251 199  53 125 160 114 143  26][ 34 128  98 142  84 129 168  97   4  64  81 131  40 204  52  64 124  41
  19 133 194 186   4 221   0  40 138 136  21  14 113 136][227 113  56 172 125  29 158  77 202 232 177  15 150 216  54  66 216 109
  91 103 196  35 218 157 247 249 139  59  24  58 219 210][101 125  25 103  57  79  71  56  97 232 173  72 247  81  65  50 144 252
 120 122  73 226 251  14 237 221   5  60  72  51  66  32][ 88 183 220  33 170  57  52 159 170  59 174 237 143  35 202 154 167  87
 236   0  22  89 131  81 206 199 116 183 234 197 139  27][ 79  32 246 101 104  58 122  64 105 162 255 169 203 159 213  62 182 253
 125 174 140 243 233 192 215 249   3 131 231 231  99 135][173  71  69  71 116  10 103  56 113 170 127 204 211  97 153 181  24 196
 100 110 233 240 109  14 100 190 101   4 111 187  82 160][151  90  67 223  70 166 107 112  20 194  83 198 113 227 177 101 126 232
  54 206 233 148  62 238  16 174 234 128  61 251 112 176][124 253 152 162 153 205  86 238 163 189 136   9 239 247  74 210 177 223
 237  82  94  75 218  51 249 213  13 127 162  87 142  18][  2 129   2 136  84 129 168 101   4   1  80   2  40 138  48  64 104  43
  19 129  18 154   0 221  32  32 138 192  21   8  49 136][ 40 173   8 187 221 135 131 235  22  41 120   2 180 232  48   0 217  42
  19  17  18 186  90 191 109 213 143 108 209  10 240 138][ 94 255  26  62 219 133  30 232 179  13 237 173 110 231 106  16 151 251
 201 198  66  75 154 127 250 215  13 251  58  55 175  83][165 226 152 250 108 165 192 200 222  27 113  88 182 216 120  73 217   8
  34  94  30 102  74 177  12 152 241 122 216  25 208 130][195  50 175   5  42  94 185  24 172 204 214 228 220 134 134 118  54  85
 126  45 129 209 165  72 196  43 106 132  12 166   3 117][190 176  18 250  11 241  24  72 191  21 225  49  46 223 104 221 251 187
 143 144  30  71  10 241 155 209  26 123 146   5 175  22][248 241  28 124  57 141  80 255 163  25 164  25  63 147   8  17 132 147
 204   0 106  15  82  53 243 193  48  59 122   0 138  11][ 12 141 116 219  85 195 242 232  86   5  93   3 121 105 176  64 121  58
 179 250  50 184  75 191 111  79 165  65 119 139  84 138][101 122 121  65 116  27 103 152 105 232 127 236  82   5 149  48  22 196
  70 110 193 182 237  24 118 189  33 164  75 187  82 241][208  74 142 180 100 128 103  70 169 142 242  35  44 163  35  83 232 229
 111 199  96 239 130 232 240  32 250  11   1 113 103  74][183 113  42 170  12   6 223 244   1 108 209  15 211  30  59   1 220 205
  95 231 236 167 208 140 241 249 238 157  13  58  58  90][221  20 255 125 175  46 117  27 249 155 115  84 223 121   9 123 183 103
 108  44 177 244 147   8 199 251 115   0 232 240 227   3][ 11  93  10 182 115 220  62  38 185  72 110 133 188 183  35 144 166 107
 193 198  71 152  16 111 230 245  26 131   8  21  11 219][130 141   2 137 148 131 174 103  30   1  90  18 168  42  48  64 106  43
  19 129 114 152   1 223  44  36 154 192  20   8 177   8][ 48  77  66 225  84 139 234 102  61   0 250   2  11  10  53  16 122 173
   6 224  72 186  65 206 182 220 130   0 101 152 114 136][167 200 225  88 252 211 203 204  95  69 240 226  66 200 253 124  91 136
   6 254 143  38 111 243  62  30 133 254 215 159 116 228][121  13 168 190 141 120  69 138  83  22 140   8 163 124  95 235 201 194
 248  11  46 110 247 177 151 251 216  57 208  77  92 110][  9 181  19  67  81 223  99 125 109  64 111   8 255  87   8  52 176  58
  82 120  83 176  56  95 111 221   4  64  74 130  67 176][237  51 233  65  96  63 123  24 123 236  53 236 223  93 218  52 158  92
 245 126 135 116 237   2  78 221  37 188  70 175  86 241][ 48  69  66 172  84  11 198  98   5  32 250  10  67  40  37  80 120 140
   6  98  72 179   1 142 178 236 129  16 117 187 112 136][ 32 140 127 249  84 227 233 239  22  37  96  18 117 231  32   9 121 186
   3 184  58 254 107  31  77 134 155  68 181   8 244 232][ 61 121 122 110  83 214 219 120 113 192 253  42 123 216 191 180 126 248
 148 226 205 179 188  46 115 205   1   9 107 163 106 182][ 70 186 180  87 141 252 149 143 235 183 166  24 174  56  68  46 129  86
 232  16  50 105 251 225  15  22  85 127 194  88 197  46][ 17 140 215 237  22  98 111  47 116 131  74  18 241 119 160  96 114 126
  50 168  49 184  33 111 165 174 246   0  52 224 165 168][153 141   6 254  29 150  75 121 151   0 199   2 251 195  48 229  88 160
  58 232 105 139 123 159 243 251 139  88  18 138 112  40][181  12 239 206  86 166 107  81 244 194 223 198  81 231 177  96 126 236
  22 174 169 151  61  78 112 174 163 128 189 227 112 240][ 92 145 255 245 170 102  61 159 173 155 246  50 221 191 104 107 231  87
 255 144  49 217 243 192 207 251 254 199 160  80 165  51][ 50 217   2 152  95 197 148 231 134  69 232   7  36 156  38  64 200 187
 131 193  66  43  18 253  49   4 158 123  17  28 180 218][242 200 150 190  77  64  70 236 171 146 226  75 102 226  45 210 248 229
 104 195  76 103 203 105 145 178 199  27   0  59  58  14][ 92   3 222 229 130   2 109  53  36 149 206 130  79  35  40  74 114 196
  41 168  24 152  17   8 242 231 214   5 162 242 168   2][124 253 144 162 153 205  86 254  51 173 168  41  79 247  75 144 149 223
 205  48  94  75 216  51 251 197  37 125 162 118 142  19][ 67 187 197   7 226 157  44 133  43 241 106 237 175  38 196 182 166  71
 116 213 151  88 191 113 172 116  31 226 140  22 131  93][ 86  40 242 100 105  10 122  64 105 160 178 137 203  75  85  62 186 245
  93 234  12 227 197 200 150 248   3  15 231 163  98 134][194   0   6 157   6 128 168  96 140   0 210  18  44 138  48  75 102  37
  59 129  32 133   3 204  16  32 218 128   4  40  49   8][101 120 145  80 249 189  96 154 123 187 100  92 158 147  69 190 145 236
  98  24 131 118 250  66  31 220  21 110 202 241  74 165][ 28  15  30 254   9 227  85 105 132 134 207   3 103 227  35  89  80 160
 171 170   8 129  11  29 211 227 225  17  50 251  44   2][ 92  86 123 239  34  98  63 112  36  66 223 231  93  55 169  96 118 213
 191 234 201 149  37 206 246 167 170 128  45 243  37  49][101  96 253 101 108  15  71 152  67 162 182   8 211  81  93  59 152 196
 124 110  73 246 249   8 231 217 101  52  64 187  82  32][228 175 112 248 252  41 198 171 203 190 184  24 198 105 221   3 153 194
  78  43 122  99  74 187 174 158  69  61 212 248 214 130][ 17 133 123 109  18  10 111 101 116   0 106 130 119  39 176 113  54 191
  18 238 105 184  53  79 181 174   2   0 101 162 161  40][ 54 184 150 248 203 241  16 194 191  21 164  57  44 223 102 221 235 187
 251 210  30  79  26 241 155 208  91 123 146   5  47 150][101 125  25 103 124  15  71  56 105 232 237  76 242  81   1  48 144 108
  88 106 201 242 249  44 231 221   5  48  72  51  66 160][ 27  68  79 238   2  22 127 112  37   2 223 194 125  39 176 240 126 181
 189 239  73 147  33 205 240 231 234 128  63 179  32  57][116 161 150 144 205  43 224 201 191 176 163  11  70 226  77  26 249 205
 106 145  26 115 219  80 153 130 199 127 225  43  82 134][  1  16  25 109  52  46  97  23 108   9 118  92 151  17  24  48 144   6
  76  44 145 184 113  13 197 189  48   0  72 128 195  43][ 85 110 199  37   6  26  70 160  97 162 162 200  67  34 209 215 114 228
 104 234 108 215 205  40 184 226  71  20  32 179  74   4][ 65 149 149  69 241  30 102  61 121 233 106  76 222  48  12 181 144  70
 112  40 181 248 241  14  47 190  85  70 202  34 203  45][248 232  28 120  41 157  80 247 163  57 164  25  47 147   2 145 129 130
 204   8 126  79 194  21 243 219 112 127  98 128 138  11][ 88  62 222 102  34  42 122  80 161 134 230 173 111 231   3  27  54 245
 237 226  40 213 128 104 210 227  97 129  97 227  47  27][197 119  45  37  36  14 100  48 124 248  71  84 211  32 153 115 132  68
 124 110 229 240 125  12 228 171 101   4  72 177  91   1][  2 128   2 136  21 133 168 100   4   9  80   2  40 138  48  64 232  41
  19 193  82 138  16 253   1  32 138  64  17   8  48 136][134 239 113  99 224 168 254 199 169   2 184 249 133  43  93  18 175  91
  93 215 242  22 200  98  52 156  14 162 196 211 131 129][ 92 112 149 240  11 109  81 200 171 178 161   8 159 215  73  27 163 213
 125  82  10  67 218   0 217 208  93  62 160 113   7  50][ 73 184 189 123  43 221  57 152 234  88 181  40 252 223  65 114 167 115
 253 208 131  65 250 241 207 217  47 187  26   2   7  59][112 168 232  49  52 203 211   6 114 229 182 153 179  13  18  24 219 166
 237  21  46 235 245  31 219 231  49  81 229 136  94  90][105 245  25 103 112  15  71 188 123 104 110  76 247 115   9  48 148  92
  92 106 201  48 249  63 231 253  33  52  88 179  66  41][202 251 150  84 169 220  20 207 171 189 160 124 174 182  68 159 133  87
 236  80  82  79 250 225 155 240  93 127 202  84 143 127][173  81  85  75  92  95  70 156 101 104 238  72 211  17 157 189  88 212
  68 122 169 178 121  60  39 249  36  84 218 187 194 160][ 71 189 109 131 186  61 173 191  78 245  12 236 244 102 223  35   7  71
  91 253 179  72 255 125 108  10 239 252 156 210 145 113][ 40 188  24 122  89 237  17 207 154  29  44  25 166 215  66  16 145  59
 195  16  18 107 154  55 203 215  17 123 208   8  15 139][128 255 122  77 116 143 239 182 126  45 126   4 243  17 150  48  62 106
   6 104 227 184 113  63 111 191  36  64 114 154 198 249][  0 143  75 205 148 130 239 119  68   8  94  66 241  35 176  64 114  42
  19 232  81 152   5 125 108  45 170 192  61 138 241 168][104 187  48 115 125 157  90 186 123  57 117  77 191 219  65 144 133 250
 229  74 142 122 202 181 239 223  53  57  74 134  74  11][ 56 151  86  44 187  79  86 127  37 108 250 237  79  63 130 145 190 151
 237  96 124 139   1  29 242 247  97 211 106 134 174  91][ 60 253  88 106 208 207  87 250 119 172 124   8 115 241   9  16  25 250
 198 106 106  58  88  63 127 205  37 125 115 219  78 171][106 176 119  64 105 221 208  99 235 117 173  25  42 156 206 182 137 130
 224  16 151  43 182 213  27  88  16 127  67   4 206 118][ 81  20 159 125 170 110 117 159 249 251 118  52 223  51   8 123 183 215
 108  48  49 248 243  96 237 251 118  70 232 112 163  59][ 90 189 150 186 155 196  54 231 175  17 168  17  44 255  96  82 163 115
 249 144  82  75 154 229 187 247  30  75 130  64 167  26][ 33 113  57  65  21  79  67  48 113  72 108  72 178  21  20  52 152  24
  20 106 203 176 240  12  99 156   0  32  72   2  66 184][ 56 132 125 251 212 227 225  79  22  37 107  18 241  99  40  72 121  26
  34 152  58 188 105  63  77 134 179  68 181 200 244 168][ 93 121  27 229  34  78 127 144 108 224  98  68 223  87   1 112  54  93
  92 106 193 176 177  40 229 233  39   4 104 179   3  49][184  34 144 176  45 137  80  79 155 191 176  25 143 139  66 155 136 153
 199  16  30 103 194 128 211 209  80  63 226 140 206 131][  7  76  42 154  92 241 171 224 222  68  93   2 240 208 183 100  89  59
  19 171  67 154 126 255  53  62 139 136  20  27  53 236][124 184 220 232 139  98  83 234  35  53 189 185  95 255  74  26 123 213
 237 178  26  67 203  17 219 195  97 255 227 227 174  83][149  62 222 183 226 178  42  82 244 194  83 247  77 226 161 203 103 109
  38 151 181 212 142 106 152 163 239 128 172 227  41 129][  8 173 177  83 211 232  53 167 187  21  44 184 188 183  68  52 167  91
 224 144  50  72 170 119 111 150  22 107 194  81 167 250][163 104 183 157 101 220 176  70 221 200  82   2 172 152  53 228 232 105
 147  65  71 188 242 232  37  56 154   3  15  29 121 142][ 24 141 215 255  20  98 111  63  84   3  79  18 241  55 160 224 115 254
  34 168  57 152 105  47 229 175 242   0  39 226 228  40][221 143  86 239 180  18  78 173 101 132 238   0 107  98 182 245 114 230
 108 238 124 137  45 253 186 251  71  20  34 162 232  12][121 184 189 118  45 205  81 184 235 249 164   8 254 245  64  50 129 246
 124   8  11 107 250  49 219 219  85  59  66 106  70  42][ 86 175 166 186 155 192 158 231 159 149 152 163 108 238  98  66 239 251
 255 209  94  75 138 245 185 118 223 251 149  70 181 219][ 86 121  42 158  19 208  63  96 169 192  73 163 108 214  39 116 182 249
 217 227  68 131 182 237 177 116  10 139   0  55  39 102][ 63 237  97  76 205  81 214 237  79 240 248 203  10 232 255 165 216 202
 146 231 205  50 127 209  62  88 133  63 127 126 250 140][ 88 182 156 112 168 173  89  31 171  55 173 157 159 167  74  26 135 151
 237  16  26  77 219  16 219 195  85 125 160 192 143  18][118 125  82 172 153  70  94 239  53 162 250  11  79 242  33  84 248 221
 239 226 104 147  25 206 177 246 135  23  97 114 102  14][ 48 204  66 173  84 130 234 103  61   1 250   2  43  10  52  80 122 171
   6 128  72 190  65 238 182 238 146   0 101 136 226 136][ 65  89  22  77  85 158 226  52 108  72  98  68 242  24  20 244 144 100
 122 111 197 184 209  77  37  58   0   2  74  18  91  28][121 196  36 238  61 150  74  56 197   8 207   0 251 211  56  96 216 164
  44 234  73  11 123 191 243 255 138  88  18  10 112  34][ 92  51 214 166 131  62 120  81 169 192 235 205  79 239   3 154 182 165
 237 180  28 211 145  72 154 231  73 129 170 231 171  19][211 225 195  33 211  28 110 205  51  97  98 221  13 166  88 240 182 143
 120 213 247  29 181  98 188  96 142 228 169   4 163 220][100  96 217 101  76  15  71 152  67 162 164   8 211  17  89  58  24 196
 108 106  72 118 217   8 229 216  69  52  97 187  82  34][ 34   5   0 137 212 161 136  66   4   1  88   2 128   8  48  64  73  10
  19 145  18  42  64 213   4   0 138 232 149  72 112 128][ 36 171 193 185 124  73 192 169 219 178 176 171 226 104  93  19 217 128
  74  33 106  98  72 157 156 150  69  63 213 104  86 138][114  32 210 224  79  10 104  72 105 160 162  11  11 139  21  22 186 165
  77 240   8 163 193 200 151 248 131  31 101 162  98 134][ 22 184  22 248 203 245 144 194 191  21 160  57  46 222 103 157 235 187
 251 208  22 111  18 241 155 208  91 123 208   5  47 214][ 21   4 111 196 150  98 111 113 116 195 223 210  81 103 184  96 120 196
  30 190 185 149  37  78 120 175 166 196 165 243 240 112][213  84 189 117   0  78  84  48 116 242  99  20 215  49   9 123 145  68
 120  46 233 244 115  14 193 235  81   4  72 113  65  50][202 251 148  84 169 157 148 206 171 185 160 253 174 150  68 159 135  87
 236  84 198  79 218 241 155 209  95 123  74  20 139  31][212  32 153 240 170 233  17 136 174 183 161  24 150 215  73  26 131 153
 109  16  26  69 250  80 217 148  19 124 128  65   7  34][145 221 123  93 116 207 107 246 124  72 118 100  51 151 176 112  54 122
   6 110 227 188  49 127 103 175  36  64 121 144  67 249][216  69 123 101  21  66 103 101 116 132 238   2 115  67  48 113 120 228
  72 234 104 179  49  15 241 173 130   0  97 178 230  40][ 60 141 221 251 147 235  99 223  22  37 111  18 115 103  40  76 121 154
 162  58  58 248 121  63 239 199 181  69 179 203 196 162][ 89  69  75 238  21  54  79 112  53  72 207   2  89 231  57 240 124 181
  63 238 201 147 113 159 243 239 170 128  59 243  56  32][114  91 151 158  77  68  70 232 139 140 224 109 102 226  45  82 248 229
 104  99  77  99 202 105 177 178  71  59  24  59 102   6][117 105 109   7  30  75 167 168 118 224 235 138 211  64  29 100 120 196
 106 111  76 240 253  62  53  38 133  20 101  59  82   4][ 17 203  91 237  22 134 111  53  68  12  86  70 113   3 176  96 126 162
  22 238 217 152  37  61 228 233 170 192  61 138 240  40][ 72 184 152 120 105 205  17 207 186  29  36  57 190 215  66  24 133  59
 193  16  18  79 146  51 203 149  17 123 208   0 143 155][116  32  23 128  77  75 226  72 174 176 163  75  70 192  76 154 249 173
 106 243  24  99 219  80 153 128 135 127 201  43 122 130][ 33 113  57  67 116  15 227  56 125 232 123  76 210  88 156  48 152   8
  22 110 201 176 113  13  37 156  33   4  72 138  82 165][237 113  85  73 252  31  70 156  69 104 245  76 211  80 157 181  24 196
  84 110 237  50 125  60  38 248 101  20  74 187 218 148][ 28   9 158 238 137 197  87  81 134  12 207   1 242 231  35  66  64 114
 234  74   8   3 122  57 227 165 193  25 144 123  36  98][210 189 150 186 155 192  22 231 175 149 168  49  44 246 100  82 227 243
 251 208  82  75 154 247 187 247  95 107  16   6 167  26][ 44 172 218 114 240 139  86 255  51 167 108  25 119 243  72  16  19 254
 199  56 122  90 200  63 127 207  37 109 226 194 206 138][ 56 133 253 111 148  82  71 189  84   5 239  18 115  99 136 116 112 246
  40 234  56 152 109  47 239 231 132   1  99 227 228  40][211 251  21 190  42  31  29 181 185 126 146 253 238  54 134  23 166 213
 253 231 233 207 227 237 240 114  94 146   6  52 135 127][ 37 117  25 111 116  15 103 184 108 232 107  76 247 113  25  48 144  76
  84 110 201 176 121  60 229 189  33  52  72 179  66 161][ 94 152 223 247 170  68  63 158 175  49 166 179 221 191 104 122 231 215
 255 208  83 217 187 224 223 243  95 199 160 209 165 123][ 16 133 107 109  82   6 111  97 116   0 107   2 113  99  48 113 120 190
  18 234 120 185  53  79 241 174 130   0  97 242 228  40][ 65 145 148  69 245  30 226  49 121 169 107  76 222  48  28 180 176  68
 112  44 149 184 145  76  45  62  33  68 202  34  75   5][248 168  28  48  41 217  80 103 163  63 164  25  47 147  66 145 161 163
 236   0 126  79 130  53 219 211  80 123  98   4 142  11][ 50 209  48 152 223 197 148 231 142  93 200  15  44 156  38   0 201  27
 147   1  90  43  18 181  57  20 158 123  17  12 181 218][183  68  47 173   4   7 239 248  84 206 215  71 209 108  59  33 252 129
  23 239 237 183 125 206 243  79 239 132  61 190 112 210][155 238  65  33  19  15  62 253  63 224  34 221  47 142  66 145 183 205
 213 117 127 220 157  51 186 193  13 244 111 148 139 216][ 70 185 249 250  42 205  59 152 171 120 181  40 252 223  73 114 167 251
 255 210 131  65 250 241 223 217  43 187  18 162   7  51][133 181  21  83 185 221   1 173 110 121  33  80 158  23 200 191 131  18
  72  56  51  76 123  23 141 210  23 118 130   0 135  36][113 107 199  37   3  26  70  36  97 160 226 202  99   2   1 215 112 228
 104 230  76 211 197  44 176 226 199  16  33  55 122  12][193  16  31 105  48 108 113  31 108  89 102  84 182  19   8 121 160  22
  88   8  51 188  49   5 197 169  50  68  72   0 131  59][ 80  51 254 100  42  74  53 104 175 180 190 171  76 247 194  18  38 245
 237   0   0 193 131  65 214 227 111 159 101 226   7  99][ 45 185 174  31 249 223 179 248 150 252 196 237 244 244 235  47 221 120
 234  55 167 227 250  61  93   7 111 126 218  63  39 245][ 93 105  19 100   1  78 103 244 101 128 238   0 126 147  33 244  48 252
 120 106  73 145 145  72 243 173   5   0 106 179  98  40][124 185 216 104 138  99  83 136 163 189 172  41  27 183  67  26  75 213
 253 208  26  67 250  48 219 197  33 125 242 163  46  83][ 38 168 209 115 208   9 238 224  57 179 162 200 227 107  93  27  59 211
  83 129  48 250  68 232 156 158 223  17 229 224  99 128][ 92 212 191 255 162 106 125 175 250 147 230  16 223  55   8 123 183 215
 248 176  57 217 179  96 223 239  86  69 224 240 167  58][ 88 177 152  96 169 173  89 159 170  61 172  13 159 167  74  18 133 147
 237  20  26  75 218  17 219 213  53 125 232 192 142  26][ 30  86 235 229  70  70 111 120  21 206  94 231  93 111 185  64 126 221
  55 175 201 148  37 202 245  38 235 132  63 246  53 113][166 191  34 138 253 149 158 239 143  30 216 239 100 236 127   4 221 203
 223 231 246  35  10 247  58  84 143 191  21 126 245 215][130 152 146 155 117 229 184  71  30  25  64  18 172 158  96  72 231  59
 179 145  50 156  18 243  13  20 154  74 144  12 161 139][ 74 245 149  81 219 240  52 206 251  57  40  56 172 182  76 190 167  91
 226 144  51  72 170 119  47 214  22 111 194  80 167 191][  8 133  19 152 219 233 176 111 158  19  72  80 140 146  96 236 161  27
 170  16  55  25  18 215 141 150  26 111 144   8 173 142][114  83  19 172  41 205  66 104 171  12 161 109 102 218  44 210 216 165
 236  98  77  35 146 153 144 176 129  59  88  42  46  22][146  56 146 184  11 225 144 198 191  21 224  57 172 222 103  25 235  59
 235 144  22  79  18 241 153 210  26 123 208   5  47 223][ 28 205  93 127 148 251 103 188  22  37 111   2 227  99 169 100 121 222
  42 250 122 176 121  63 239 231 133  69 179 251 196  32][ 85  84 189 119   1 110  81  18  96 235 111   0 215  49   9 122 145  84
 120  10   9 180 179   0 193 175 113   4 232 115  64  34][210 253 150 190 219 192  22 237 191 148 136 163 108 246 104  83 227 243
 235 194 114  75 138 247 185 246 207 251  16   6 167  91][ 36 168 246  83 217 201 225 255 187 181 100  24  40 243 204  28  25 122
  98  24  50 126 234 115  15  30  21 110 195 128 198 170][253  97 209 101  13  15  71 120  65 160 161  72  83  17  81  55  88 220
  68 106  72 246 249   8 179 201  69  52  99 186  82  32][ 81  72 123 236   4  70  79 180  64  68 198   6 115   3 179 112 114 228
  28 238 205 131  52  45 243 233 162 144  60 179 112 120][ 45 117  17 101  52  15 103 184 108 232 107  76 211  81  25  48 144  76
  76 110 193 176 121  62 229 237  37  20 104 187  66  33][248  69  90 108  21   2  71 101 116 134 239   2  99  99  32  85 120 228
   8 234 104 179  17  15 241 231 128   1  99  50 230  42][ 75 248 148  50  41 157  28 198 171 179 160 237 174 154  69 159 135 247
 253  87  71  79 219 241 156 208  95  58  74  21  11  31][120 161 152  32 184 201  81 159  34  61 189  41  23 183  74  16 147 143
  77  16  26  10 202  17 250 197  53 253 168   2 142  19][ 90 186 134 178 139 176  52  71 179  83 162 245 172 234  66 155 167 167
 233 148  62  75 130  97 218 243  94 203 170  68 171  27][112 115  26 172  29  71  66  72 225 136 177  75   2 217  37  16 248 164
  76 226  76  35 128   8 147 224 129  59 105  42 126   2][ 24 220 127 127 114 207 123 242 116  74 126  68 127 215  33 113  55 250
  23  74 225 188  56 127 119 175  34   0 123 145 103 251][195 104 245 150 106   8  60 164 185 178 130 185 252 246 197  63 167 245
 251 135 224  71 198 225 148  50  94 186  12 244   3  61][ 94 232 255 243  42 192 123 136 175 181 167 131 253 247  73  98 231 215
 251 210  67  73 187 241 223 249 207 125 160 131  37 122][ 56 188  26  56  27 237  16  71 178   9  44  25  46 151  98  16 133  59
 193  16  22  79 146  63 219 199  17 123 218   0 143 155][101  38 198   7 116  58 226   0 105 172 123 205 195  40 151 150  16 100
 100  60 132 176 197  14   6  62  33   0 198 167  90   4][ 72  49 121 251  58 201  59  24 171 120 181  40 255 223  72 114 182 121
 255 192 131  65 250 217 223 217  43 189  48 162   7  51][252  57 248 104  56 237  83 216  35 228 164  41  31 151  67  80 216 245
 253 208   8   3 250  18 219 197  33 125 240 131  38 114][ 82 186 150  48  43 185  80 199 171  23 160  57 174 170  70  26 163 179
 236   1  14  75 130 113 144 211  90  59  64  68 143  15][ 47  20 227 205  85   6 107 120  21 202 214 198  89 103 189 228 124 220
  23 172 169 150 117 202  23  62 203 132  63 174 112 244][ 61   5 110 227 148  50 111 255  84 135 223  18  81  35 184  97 123 198
  31 186 184 177  61 142 122 239 166 196 167 251 244  96][ 36  38 221  67 252  63  98 154  95 189  61  94 194  65 205 157  25 128
 198  60 178 112 107 212  14 216   5 124 210 203  72 165][ 47  80  43 237 117  71 233 120  21 202 215   7 209 125  57  96 124 140
  55 173 233 182 121 206 215  63 235 132  63 174 112 242][ 95  33 131 164 147  86  94  65 161 232 171 205  79 238  74 146 182 165
 253 245  29 147 144 192 186 229  47 199 171  38 171  86][ 68  34 153 240 168 233  49 218 174 183 160 184 150 151  65  90   3  25
 111  16  18  79 194  80 221 148  51 124 128 193   7  35][120 157  26  46  25 139  19 232 148   4 237  13 102 243  42  80 208 250
 200  98 122 139  90  63 249 229   1  91  82  42  44  10][ 45   7 100  79 180  63 198 191  69 234 190  76 211 104 159 180  93 198
  78 110 221 186 109  62  46 221  37  52 223 254 218   5][ 61  85  52 234  61 223  87 248  85   8 221  34 223  91 169  96 216 160
  31 106  72 130 121 159 247 255 163 149  54 155  80  35][  2 149  16 184 189 133 156 103 143  25 120  16 172 158  36  64 199  27
 151   1  82  42  82 213 171 252  26  90  16   8 129 155][105  77  18  84 213 158 103 103 225 136 238   8 179 241  53 180 200 234
  64  76  73 187 240  44 163 252   4   0  74  56 234 172][ 40 234  92 115 125 157 122 190 127  61  52  45 191  75  74 146 143  78
 239  78  78 248 203 181 239 219  53 181  66 129  74 139][207 245 144  80 251 252  52 207 251 123  45  48 220 190  76 190 183  95
 234 144 119 107 154  83  63 215  23 111 202  80 171 151][ 82  51 222 165  74  10  57  93 174 164 238 167 205 167   2  82  38 221
 239 192   0 217 131  64 254 225  15 129  33 162  47 155][188 126 123 111  98  75  71 248  49 174 255 120  83  87 137  48  62 220
   4 234 105 182  41  46 113 239  37 132  97 179 230 113][ 13 102 146  35 161  46  99 216  99 190 171  76 198 195  75 158  17  76
  76  30 140 212 217  66 204 220   5  52 202 247  66 132][241 201  86 236  13  30  68  45 237  38 226  10 107  74  22 215  96 228
 108 238 108 231  85 205 179 250 195  17 113 176 234  12][115 121   3  36  25  79 134 236  84 232 194  73  98 216   5 144 216 237
 232  99  77 163 211  63 177  36  13  58  72  62  50  14][130 160  16 153  69 229 184  71 142  17  64  18 172 158 120  73 224  27
  19 145  18  92  18 241   5  16 154 107 144   8 161 138][ 38 161 196 129 252  43 232   9  31 177 177 187 195   8 220   8  91 140
 127  49  26 114 205 212 140  22 143 245 148 139 212 128][214 175 166 158 219 192 158 237 159  20 152 163 108 238 106  66 255 251
 239 211 122  75 138 255 184  54 143 251  20  14 181  75][189  21 121 102 246 127  71  88  80 234 181 122  83  85 153 177  26 220
   4 106 185 182 121  46 243 201  33  52 115 235  86 225][ 56 143  31 126  25 255  23 234 213  12 237   8 226 245  32 245 208 122
 128  98 120 171 106  63 163 247  65  27  82 107 110 102][ 82 184 151 154  11 225 176 198 191  85 224  57 172 222 103  12 227  59
 235 145   6  79  18 245 153 214  26 123 144   4  39  95][216 187  28 241 178 173 113 151  54  61  98  85 159 131  64  88 167  63
 109  24  18  92 219  23 205 229  49 100 168 128 135  51][240 193  86 172  77  78  68 109 225  34 226  11 107 168  20 215 232 228
 108 106 108 231 211 205 177 242 195  25  97  48 238  14][ 47 172 192   1 245 189 226 194  95  97 124  78   8 184 246 164 153  10
 146  29 151  58  92 246  14  28   1 110 223  79 218 132][ 66 170 146  28 171 168 176  71 170  25 136 125 172 194 102 154 167  35
 232   1  23  75 130 113 144  52  26  59 136  68 171  31][ 42 164 161  78 217 109 197  45  19 119 173  25  98 125  76  20 153 154
 209  33 122  98 251  31 123  86  21  63  83  78 214 234][210 252  22 188  11 193  22 234 191 150 168 171 108 254  44  81 179 251
 239 194 106  79 138 255 179 246  79 187  17 112  39 155][  0 166  25  89 248 205  97 191 118  27 100 120 183 147 136 112  17  26
  38   8  82  60 227  55 111 189  48 104  80 128 198 169][ 10 149  56 248 189 173 152  99 143  25  24  17 156 159  36  64 205  27
 147  20  18  40  82 213 139 221  26 122 146   8 129 147][ 43  20 231 205 117 118 105 115  29 202 215  18  88  63 182 229 120  60
 151 172 161 147 113 204  87 126 202 134  30 172 112 247][ 40 235  21  91 217 205  19 142 158  29  32  40 166 215  64 216 129  58
 194  80  66 104 106  55  77 151  21 123 208  25 135 171][233 127  88 100 124  31  71 248  80 168 180 104 115 121 145 179  24 236
  68 106 233 122 232  62 122 201 101  53 107 187  90 169][ 92   8  63 238  12  68  91   0 132 140 199   2 115 223  33 107 236 245
  61 226   8 131  34 168 211 233 234 153  36  59  52  98][168 254 124 121 109 157 124 190 255 190  52  13 191  27  67 145 143 107
 239  76 226 108  67 183 239 217  49 181  66 145  78 203][ 56 249 120 106 114 137  83 252  70  44 124  40  51 129 162  16  30 154
   6  74  74  58 104  63 127 141  36 121 113 154 198 187][124 113 249 234  25 205  83  92  35 228 165   8 179 151  65  49 220 252
 221 112  10  66 248  24 251 201  37  61 114 147  70 122][ 38 170 246  90 233 249 161 207 187 149 180  56 168 210 196 190 139 122
 226  24  18 111 234 113  29  26  23 122 195   4 199 172][121 108   2  36  25  31   6 236 116 168 202   9  98 144  33 144 216 236
 232  99 109 147 209  46 177 229  13  59 122  63  58  10][ 92 233 159 243  25 196 123 128 174 184 182   2 191 215  65 114 225 247
 255 210  10  75 203 241 223 225 175 245  32   3  39  43][ 90  41 138 165  24 134 122  69 166 132 238 141  77 199   2  82 108 229
 235 196  72 155 147  64 250 229 139 129  41   6  43 154][173  93 118 204 125 159 119 115  93  66 127  42  78 243 167 117  94 184
  23  42 224 178 113 223 119 254 129  10  54 248  80 167][193  61  27 117 240 142 103  55 120 138 106  92 182  51   0 113 132 126
  92  72 241 248 144  47 229 185  52   0  72 192 195 169][197 181 190  82 251 188 180  75 251 211  45  20 222 250  78  59 183  15
 106  19 182 103 186  66 127  31  87 111 200  66 171 134][ 67 249 144  62  43 157 188 198 175 120 136 205 174 218  69 158 166  99
 126  71  71  75 218 241 148 208  94 186  72  23  11  29][ 24  93 127 252  82 231 127 242 180  74 254   0 127 247  33 112 254 251
  23 202  41 187  48 127 243 239  34   0 115 241 102 251][127 113   3 164 177 214  94  81 161 200 235  77  79 222 106 208 248 173
 221 245  93 131 144 142 187 229 175 201  42  38 170  83][107  69  68   5  73  27  76  44  33 176 142 136 195  32 159 247  88 196
 232 110  77  64 213 140 166 113 193  21  46 190  90  12][ 40 129 132  73  93  91  65   9  87 117 229   8 195  64  30  28 216 140
  98  60  30  98 121  21  79 254  81 125 210  10 214 198][116 105 104  37  11  95  86  34  32 164 230 139   2  12  19  16 232 204
 232  99  76 179 197  12 247  97 129  19  97  61  94  70][120 243  88 160 242 137  86 189  34  45  60 237  31 151  74  16  54 159
 205  80  94  26 200  23 250 197  37 253  32 130 143  75][ 38 161  68 129 252  43 232  73  31 177 177 155 193   8  92   8  91 140
 107  51  18 112 205 212  12  18 143 117 148 139 209 128][245  88 235 254 100  70 207 112 212 202 243  66 115 221 177  96 126 252
  55 234 233 183 180  42 113 170 227 136 117 187 116 241][252 133 110 229 148 114 111 247 116 162 255  18  83  43  56  99 121 198
  61 234 248 251  61 174 251 235 231  69 167 251 240  32][182   0  98 226 101  39  74  88  65 138 241  10  75  73  61  25 216 137
  23 226 168 167  88 138 147 216 128 188 247 171 114 130][242 239  38 156  91 129 154 239 159 148 152 163 108 238 106  67 255 243
 239 197 122  79 138 223 184  22 143 255  20  12  53 202][ 67 186 151  25  10 144 169  71 174  85 194 244 172 134 230  79 167  55
 106 148  23 221 166  81  28  32  26  74 136   0 161 125][102  40 196 129 221  43 226  72  15 176 177  27 194 136  85  26 121 236
 106 243  28 115 221 240  29  16 143 117 197 107  90 134][148  92  31 246   2 202  55  97 188 130 227  48 127 247  41 115  50 113
  76  98  97 197  58 110 241 163 102   3  32 114 167  51][ 41 246  81  73 116 171 227  63 127  41 126 120 179   1 132 180  19  26
  70   8 243 184 101  63  36 190  48  64  91 200 194 173][181  69 101  78  76  19 207 252  68  64 253  66 115 104 189 101  88 192
  22 235 233 163 109 189  48  40 231 148 119 251 112 228][ 52  92 251 236  36  70 239  80  80 202 250  66  83 255  49  96 126 252
  55 234 201 183 177  10 241 173 226 128  37 251 116 243][ 66  38 156 145 167 176 184   2 191  23  18 147 140  46  70 207 167  19
 187 149  54  92 131 192 143  86 218 195 132  68  45 135][ 60 123  74 110 240 134  95 113  49 136 117 237 115 199 163  16  94 232
 151 254 218 146 200  46 118 237 160 136 107 163 106 147][ 32 233  29  91 233 201 181 206  78 113  40   8 190 150  68 160 129  27
 202  80  83 104 123 113  45 144  20 123  80  24 135 186][  8  36 184 241  52 237 233  26  94  49  60  18 153   9  80  40 201  10
  19  25 146  60 113 151 207 223 146 100 150 200  85 162][114  97  10 236  89 133  74 108  37 128 236 141  33 199   2  80 120 173
  95 238  72 139 209  77 243 165 138 217  41   2  42  26][ 56  93 127 124  83 246 119 246 181  72 238   0 127 255  33 112 236 243
 151 202  41 155  50  63 243 239  32   0 123 241 102 187][197 165 186  50 219 236 181 107 250 183  41  25 220 250  78  27 177  15
  98 181  54 127 154  66 253 143  95 111 192  96 163 194][111 248 160  67 253 157 218 152 203 240  36  12 220 216  87 190 129  69
 121  95 135  96 251 240  47  93   5 126 202  55  91  86][  2 186 246  91 235 185 177 206 238 181 184 164 232 192 196  14 139 123
 234  16   2 107 234 117  12  30  87 123 209   6 199 165][ 91 249  17 170  43 201  94 196  43 104 184 109 175 154  64 144 162 203
  95  71  79  11 218 241 180 212  14 186  72  23  11  31][173 235 105 117 252  27  71 252  83 252  52 237  51 109 211  49  30 202
  70 110 239 122 108  63 110   9 101 188 127 184  74 249][ 66 120 179 154  59 225 153  71 191  85 192 177 172 222 102  76 231  59
 219 145   2  79  34 243 153 150  26 123 144   4  39 254][ 89 221  27  40 147 238  83 183  43  97  78  13 127 151   0 208  55 255
 236  16  91 152 145  63 249 231  24  82 170   2 131 123][ 33 191 117  79 124 155 195 190  79 236 188 108 226  96 148  38   8 230
  70 104 201 168 109  61  44  28  37  50  95 142 210 173][ 19  61  23 190  91 133 124 115 169  66 225  93  46 210  36 209 166 187
 215 160 125 139  18 253 179 250  90  42  88   0 171 159][  9 249  53  27 217 221 177 191 126 121  36  28 190  21  74 172 129  82
 234  24  55 104 123  55 111  31  84 119  90   8 131 255][ 40 161  24  62 249 201  23 169 138 228  37  13 246 231  74 144 144  41
 201  98  82  74 218  29 233 145  37  57  26  38 142  82][210 244  22 156  91 192  20 238 191   6 168 163 108 246  33  83 247 243
 239 224  98  79 130 255 177 246  75 187  16 112  39 155][ 44 113 121 107  89 207  83  88  35 232 173   8 115  87  73  48  24 252
  84 122  73  50 248  60 247 217  37  60 122 147  70 186][ 56 243  88  35 114 139 126 252  33  36 108 237  63   7  10 144  54 217
 197  98 206  26 156  63 254 197  37 229  46 146 142 219][  1 143 149  31 248 169  42 183 190  81 104 245 253 226 144  48   7 107
  98  12 183 200  70  61  44  54 104 200 220 192 131 140][188  84 117 127 194  54 111 251  49 170 119 208  91 119 137  61  61 222
   4 170 104 246 121  14 103 239 245   4 227 241 230 160][  2 130 104 185 124 153 248 127 159  29 212 247 173 138 182  64 238 169
 159 133 150  58  70 213  94  94 186 235  23 140 125 205][116 105 106  37  23 203 102 130 180 164 226 137   3 137  19  16  72 236
 201  67  76 184 212  40 245  36 128  17 101  57  86  66][210 231  38 156  95 129 188 239 158 148 152 167 236 238  58  65 255 235
 235 165  98  79 203 223 184  54 207 255  20  44 181 218]