[ 93 152 151 119  33  94  70 177  53 187 231  80 127  51 129 255  33 214
 236  40 105 221  25 174 139 247  84  18 170 228  42  44][ 34 189 172 155 221 245 148 239 158  87 136  11 172 252  78   0 205 123
 243  17 150 107 250 247  45  23 223 123 144  76 151 222][187 119 104  44 221  31  94 120  65 108 252 239 107  72 151 177 220 136
 213 103 204  51  68 157 178 217 161 191 127 191  90 215][ 65  92 159 253  32  46 117 150 126 202 122  84 247  51   1 122 167 119
 124  10 161 212  17 107 197 175 114 128 136 241  33  59][206 180 181 115 233 109 145   9  59 123  37  24 222 125  76 191 151  19
 249  17  51 100 251 211 143 218  89 126 202  66 135  51][ 33 250 250  93 117 157 240  87 123 203 116  76  42 200 150 180 157 106
  70  29 214 190 214 211  46 125  21 106  91 188 202 133][248  56 191 124 137 237  81  87 179 151 164  24  63 183  64  27 129 179
 236   0  58  75 242  17 219 243  84  57 224  64 134  42][220 164 149 242 153 237  83 200 187 187 169  25 223 247  72  27 129 215
 237  18  58  71 218  50 217 211  85 127 192  83 135  34][107 249 121  68 120  15 151 253 123 232  52 232  62 221 212  48 158 125
 213 107 193 106 232  45 123  93  37 186  75 178 130 249][  5  28  63  95  44 111 167  56 236 202 255  64 242 247 165 108  60 112
 126  42 193 161 123 125  71 190  99  24  81 251  65 161][109  99 165  37 173  28  68 152 107 250 147  76 214 104  89 187 129 196
 124 127 205 100 251   0 143 250 101  60 202 251  82 101][ 85 125  19  36  19  14  86 232 125 138 234  64  94 242  41 116 182 237
  76 106  96 179  16  78 177 174   7   6  96 115  35  39][ 94 249 126 216 139 208  31 200 174  84 132 163 236 215 107 114  54 249
 251 243  66  67 190 249 251  97  15 251  54  53  39 114][151 237 143 191 218 130 174 236  62 226 219 199 245 234 187  97 127 239
 127 231 229 211 143 255 188  39 239 132 173 115 185 212][245  70 204  39 172  58  78 188  96 178 187 234  67  96 153 155  59 196
 108 110 236 103  77  42  48 235 229 148 229 251 250   0][129 170 159 253 160 170 105 150 126   3  98 208 181 227 145 120 115 111
  46  12  35 220 135  99 132 190 114   0 140 209 163 168][ 87 116 210 164  27  26  54 232  63 162 235  42  78 242  47 244 246 253
 236 226 108 211 153 222 185 230  15   7  32 115  43   7][ 98 172  66  88  89 249 112  99  19  49 238 186  32 162 230 244 105 190
 162 144  31 154 198 215  30  62 144 107 251 140 106 158][161 173 241  81 244 139 109 215 127  99 118  80 179  33 144  61 123 142
  22  24 179 250 101 119 110 190  52  64 239 136 194 169][205  80 181  87  41 110  99  24 121 234 183  88 222 115 205 255 148 116
 124 106 161 244 249 106 135 250  97  20 202 243  67  33][122 227  96 168  25 209 154 204   7  36 168 139  11 206  95   0  94 153
 203 245  78   3 204 157 242 213 139 127 119 158  46 222][236 164 149  99 169 109  81 136 123 187 169  24 214 113  73 191 145  84
 108  50  58  98 203  18 137 210  85 127 194  97  70  34][180  28 122 250  91 225  19  89 183   5 237  51 125 255  43  80 255 179
 219 144  58  15  58 255 251 213  11 123 176  67  36 243][ 24  84 187 252 115 110 113  71 189 199 119  19  15 253  42  25 190 185
 149  49  40 191  48 142 243 239  16   3 226   4 167 251][ 32 174 178  28  91 183 176 111 218 159 248  27  32 232 102  16 217  43
 226   1 182 107 130  87  89  30  19 127  81  76 103 207][ 44  61  90 114 243 217 114 242  62 168 108  40  30 147  97 144 177  59
 198  80  82 185  24  52  91 197  37  99 234   2  79 139][212 221  61 111  56 207  87 184 126 120  44   8 247 119   8 113 147  82
 125 106 107   0 123  63 235 207  37  52  88 115 197 115][210 249  22 156 107 192 180 103 173  12 224 161  44 158  32  83 238 177
 255 192  96  15 130 253 177 240  78 155  16  48  39 155][145 223  14 191 146 130  62 190  62  89 202 247 245 166  34  65  55 111
 109 197 102 153  15 127 232 167 190 193  60  16 169  25][ 90 233  18 254  27 205  18 224 171   4 168   9 110 223  96  80 162 123
 249  82  66  11 154 253 187 241  11 123  18   3   7  10][ 85  71  19 164 183  15 118 232 125 168 250  72  94 114  13  52 178 197
  76 110  72 177   9 110 177 254   7  22  96 123 227  37][ 35 170 224  25  93 157 232 106  95  55 224 159  32 168  86 132  73 140
 226 133 142 122 215 211  28  62 147  61 213  12 122 204][200 120 179  88 169 239 113 150 125  41 102  88 190 151 129 252   6  30
 255  88  35 205 177 226 199 248  16  18 138 145   7  41][205  71  29 165  52  10 111 184 116 164 107 100 215  35 153  81  18  76
 108 110  96 208 201  14 228 167  37   4  44 179  64  96][107 166  40  13  61  63 202  43 202 253 157  15 138 232 214 162  29 160
 255 173 156 106 238 223 254  29 171 189  95 236  91 204][201  18 205  37  34  14 109  57 116 234  87 244 213  55 152 103  54  76
 124 172 225 212 229  12 204 235 123 132  46 160   1 113][227 181 148  85 249 189  20 191  59  59  40 124 182  52  76 183 133  94
 248   0 243 124 211  55  47 150  85 246 202  92 138 159][237  52 181  67 237 127 225  27 127 251 127  88 214  49  93 191 145  14
 126  60 179 244 249  18  15 158  85 116 202  72 194 165][117 249 158  70  99 156 178 192 235 168 231   8  46 218 103 178 166 253
 228  82 199 155 186  96 155 249   3   3  73  35 107 143][ 41 237 113  83 245 159 239 246 127 121 120  72 186 129 212 180 121 202
   2  90 227 186 127 247  47  28 148  96  91 153 194 172][ 40 141  25 250 221 189 210 239  23   1 232  11 174 121  32 128 137  58
 195  65 122  42  90 191 175 213  20 123  80  74 220 138][109  34  96  67 125  63  66 152  83 172 189  13 202  73 223 148  24 204
 230 126 142 114 237 158  14  93   1  63 251 175  90 196][ 53 235 190  36 125 143 210 196 235 237 184  13 142 136  86  18 136 237
 100  95 206 187 206  96 250 220   5 119 192  47  87 206][ 13  87 156 101  48  14 111  56  52 174 127  68 215  35 137  80  20  76
 108 110 224 144  65  14 229 255  33 132  74 243  67 161][  8 148 150 255 233 238  52  55 189  27 114  48 252 255  32  91 167 119
 255   0  48 201  18 225 103 251 118 130 194  80 165 155][131  42 155 255 160 164  45  83  62 139 112 112 189 227 192 120 183 107
  62 156 179 220 131  99 140 254 126 192 136 193 163 169][ 73 185  59 105  48 156  41  55 172  73  87 228 189 151 146 112  38  61
  95 140 211 152 181  85 198  57  58 192  14 134   3 249][ 41 163  65  67 116 159 107  48  97 168 127 204 243  97 156 180  30 172
  22 108 153 184 237  31  46 252  33 192 110 139  82 181][129 237  71 127  20 170 111 190 118   1 106  80 243 227 144 113  83 238
  62 200 106 216  79  63 228 174 246   0  32 208 241  40][131 195 103  89 212 147 172 103  92  65 114 214 168  72 180 165 126  42
 146 141 247 184 103 223  46  26 158 192  95 140 249 156][229 112 157 126  41  45  84  24 251 250 181  92 222  83  77  59 135 213
 124  58 161 103 218  66 211 218  81  62  74 113  67 179][  0 160 143 155  92 235 161  66 150  55 195  18 180 225 104   8 233  40
 106  17  50 255  83  19  29   6 154  80 209   9  53 162][173 112 248  69 100  63 226 152 123 234 119  76 210  88 197 184 153  76
  70 122 133 244 221  10  78 159  33  36 202 243  74 133][ 86 125  82 190  27 192  54  98 173 132 234 163  44 246  33  82 166 245
 239 194  64 203 130 238 177 228  14  11   0  55  39  83][ 32 253 182  63 223 203 182 236  86 132 232  35  96 248  62   0 217 123
 194  99 118 251  31 191  60   6  79 107  85  62 246 142][ 83  41  83 230  49 253 104 102 169   8 250  72 191 178 132 180 166 183
  78 136  25 139 208 237 181 252  18  18  72  66  43  45][ 33 165 101  67 244 155 227 117  95  97 123  70 240 104 148  36 122  46
  50 188 179 248 109 253  44  30  38  64 207 138 210 172][197 117  20  86 201  60 118  56 233 184 163  76 220 242  77 255 164  69
 120 106 229  65 154 104 151 152  71  62   8 115  11   7][ 37 181  61  19 153 221 150 169 110 241  41   9 198  92  94 176 153  10
 192 115 151 104 123  53  45  16   5 127 192   7 207 214][ 61 237  29 114 184 143  71 244 180 168 173  72 115 113 137  49  24 230
  76 122 121 163 120  62 249 207  37 112  96 187 214  41][103 157 216  28 203 241 183 171 218 166 104 155 104 250 111 240 147 255
 162 128  52  74 190 115  60  38 223 111 153 116 143 206][125  41  82  32 181 157  66 113 105 224 173  76 139 200  87 148 152 172
 204 127 157  35 148 140 186 253   1 120 202 175  90   4][  3 166 230 157 214 179 184  71 126 119  82 183 136  40 150   9 111  47
 179 149 182 250  69 213  12  38 218 195 205  76 185 223][ 78 254 252 127 170 226  31 191  62 215  78 161 253 231 202 122  87 127
 249 131 211 216 239 107 236 119 255 136 134 244 167 121][  2 164   3 153 210 169 168  99  62   1 203 210 180 163   8  84 121 187
  74 144  19 152  81  87 157  38 154  64 152  64 163 136][ 77  99 148 101  41  30 102 184 105 160 167  76 223  83 201 246  16 196
 236 106 205 208 217   8 230 249  69  52  10 183  10   0][125 113 123 102  44  74  71 176  96 232 191 104  83 117 153  50  16 196
 124 106 201 167 237  42 242 237 101 148 104 179  82 113][174 119 236  61 205 123 214 207 211 247 188 191  75 236  95  11 217 231
 227 183 188  99 238 178 110  87 213 191 215 125 222 214][168 151  24  57 155 141  20 175  22  53 172  29 167  35  10  80 193 139
 200  64 126  10  91  55 235 197  20 127  80   0 142  74][100  32 132  50 233 109  64 139 171 191 161  24 134 242  73  30 137 130
 104  24  30  71 218   0 143 218 213 127 192  64  66  38][ 98  32 150 177   9 173 176  65 175  17 163  26 132 154  68  91 232 145
 107 145  26 103 195 208 149 144 218 127 128   8 171 130][237  46  68 101  36  59 102  16 121 226 127 220 211  33 147 188  26 172
  68 110 173 180 229  14 198 255  97   0 110 255  90   4][ 65 141  59 127 244 172 107  55 125  75 127  80 188 249 184 112 151  42
  22   8 147 184 160 119 111 190  50 192 202 194 193  41][117  77  30 103  20  14  71 184 100 160 238   8 243 113   9  48  88 244
 120 110  73 163  89  46 225 175   5  20 104 251  82  32][ 98 243  20 168 107 137 144  72 139 184 176 237 238 200  76 150 142 153
 239  81  70  35 202 209 152 208   9 255  88  14  11 151][201 203  95 101 164  78 103 180 120  72 118  96 255 113 144 113 182 118
 124 106 241 184 161  45 229 251  96 128  64 178 227  41][106 251 251 100 248  76  31 189 171 232 190 233 126 255 196 114 150 119
 253  97 217  75 170 105 123 125  45 190  66 178 135 123][ 82 191  58 170 114 165  19 255  47  76 200 108 188 158  34  48 182 187
 151 193 215  27  56 125 185 245  42 234  24   2  39 255][124 180 148 176 169 253  80  79 163 191 169  57  47 247  72 154 129 147
 237  16  30  75 218  17 219 215  85 127 162  68 142  19][124 101 133 167 140  79  71 172  38 162 171   8 215 113  89 210 121 206
 124 107  73 240 217  40 253 193 197  52  40 123 208  32][116 124 159 247  86 111  39 184  52 162 226  72 247 117   1  17  49 118
 105 106  33 245  89  47 253 166 101  20  64 121   7 160][137  48 127  93 106 251 241  25 238 232 127 232 251 221 148  48  22  60
 118  44 129 244 231  29  71 105  33 168 102 162  67 241][109 105 169 224  45  93 231 200 203 244 180  10 159 153  83  58 200 196
 110  91  79  99 242 224 247 217 135  61  68  59  86 226][ 83 161 196 221 172  42 172 239 254 179 202 146 197 170  84 235 235  79
 123 149  26 249 199 112 188 186 223  68 133 112 185  12][233 174 148  59 169 169  68 143 187  27 176  93 175 232  64 159 137 227
 108  20  62 108 202  51 140 210  84 122 200  76 202  13][ 41  63  81 101 240 143 111 115 119 168 124 104 187  19 128  52  30 190
   6   8 249 186  97  94 237 156  37  32 122 130 194 169][ 24 221  23 239  54 199  79 176   4   0 202  66 247  87 161 228 118 240
  28 234  73 137  25  63 225 228 162  16  58 187  32  57][ 77  45 211 229 181 143 126 113 253 162 251  72 223 187   0 208 182 237
 110  58  25 177 144 202 191 255   7   6 234 226 195   1][ 31 207 197 167 150   3 238 253  20 226 154 199 105 104 185 134 127 198
  31 239 233 145  13 239 184  78 175 132  47 254 241 204][202 188 148 179 185 228  24 191 187 187 154  57 172 191  72  91 199  87
 253 145 114  77 219 243 191 211 127 255 130  68 135  27][ 51 206 239 253  52 147 238 255  86  99 210 214 241  40 180 233 125 238
  54 141 237 252 101 191  44  47 254 128 253 188 248 220][ 63  54 243  14 251 127 151  89  59 206 253 237  94 252 175 180 222 252
 215  38 237  39 172 154 114 125  33 190 223 255 110 245][250  55  80 104 127 153  82  73 139 172 189 109  46 201  76 144 222 184
 205  32  78  39 192 159 178 209   1  63 123  14  78  19][ 82 104  22 152  75 137 160  64 141  16 194 139 164 138 101  75 234 177
 107 193   6  39 211 209 148  16  90  59  84   8  33 142][110 173 194  30 219 241 166 239  18 166 105 139 104 230 111 144  17 127
 160 242 118  74 158 187  56   7 141 109 147 119 159 142][161  94 127  95 100 175 239 242 253  74 118  68 242 113 149  53  28  96
  86 110 225 244 121 127  69  26  96 128  75 249  67 185][236 164 149 115 137 111  81 138 123 187 169  24 214 115  72  59 145 212
 104  48  58 102 219  18 201 211  81 127 194 105  70  34][ 10  16 126 251  59 240 185  16 191  81  71  32 189 223  46 104 198  57
 191 145   6 152  50 213  71 255  26 203 182   5   5 243][148  92  31 245   2  70  55 248  52 170 194  50 119  87  33  65 118 245
 125 226 105 213  57  47 241 227 111   4  32  49  37  59][224 104 150  52   9  74   6  76 168 130 226   9 198 226  33  82 144 100
 104  98  76 199 130   8 177 162  71  27  64  50  35  10][ 53  76 175 254  13 230 239  98 212  74 246   2 115 253  49 107 104 226
  59 206 105 167  58 237 115 171 194   0  25 121 112 250][ 52  97  66  78  89  27 194 104 100 172 233   8  67 192  61 148 120 236
 194 106  76 179  92  28  51 229  33  53 115  59 126 134][ 75 225 226 131 203 144 188 197 174  17 205 130 173 222  94 230 102  27
 251 157  86  73 190 193 255  89 142  41   6 214 175 236][ 50 175 106 137 214 179 186  71  78  69 216 131 160 168  54   0 122 171
   3 149 158 186  68 255  60   4 154  67 213  78 247 206][ 47 119 242 110  58 191 154 216 143 236 157 173 220 220 255 180 158 121
 223 119 133 131 174 218  98  93  41 186 222 247  15 247][237 181 116  67 189  63  86  57 235 248 189  92 202 120 222 183 156 199
 124  62 253  99 251 202 191 217   5 254 202 238 202   5][205  52 150  54  41  44  16  26 187 251 135 253 222 247  75 219 135  87
 236  20  43  71 218  66 209 243  89  62 138 117   3 115][ 32 189 113  65 241 207 227 115 123  37 109  24  24 151  68  52  25  58
   3  24 114 184 120 119 111 156   5 102 211 128 198 224][125 205  79 110  28  79  71 188  84 234 239  72  83  97 185 112  88 228
 110 106 233 163 109  63 240 239  37  20 121 187  80  32][ 34 172  50  56  91 231 176 111 222  69 240  19  36 152  54   0 217  43
 235   1  50 239 146 215  25  22  26 123 209  12  39 202][  9 151  79  47 240  11 111 125  61 232 123 229 255 111 154 145  62 239
  86 110 245 184 109  13 236 235 103 128 109 182 202 249][ 73 153 214  94   9  30  80  51 239  16 231  12 106 179 134 246  96 230
 236  26  77 233 243 193 155 251  80  83 106 164 104  12][107 251  59 100 240 142  31 245  57 232 116 108  62 223 132  48 150 127
 213  97 209  27 160  93 122 253  45 250  74 144 131 249][212 105  62  38 121 205 178  64 235 236 187   9 110 216 103  18 160  45
 238  87  70 179 146  76 217  81   3  51  65  39  15 207][114 249  40  58  13 221 208 200 195 124 165  13  34 204  94  18 200 160
 237  85  78  99 218 145 155  81 129 127  83  14  94  94][ 86 116  18 132  27  10  62 232  61 160 227  10  78 242  37 212 254 253
 238 226  76 211 153 204 177 246  15   7  33  51  43   6][ 56 236 234 108  84 205  67 214 115 110 236   9  51 137  19  16  88 168
  70  12  74 190 112  27 119 173 160  49  99 152  94 250][115 161  90 246 113 221  72  71 233  73 250  72 191 242   4 176 232 179
  78 136  29 171 240 237 151 252 146  18  72   2 106  12][  0 132  11 153  84 233 160  66  62  17 203  82 148 131 104  72 121  10
  42 152  51 156  83  87 157  38 154  68 144  73  49 160][169 171 104  31 100 153 233 127 123  77 116 189 171 200 214  25 154 170
 102  29 214 122 230 209  78 121 112 233  87 140 218 205][173 103  81  69 112  14 111  56 117 174 127 204 211  35 153 180  18  76
 100 110 225 176 105  14 102 190  37 132  66 243  66  33][126 121 232 102 201  90  87 184 227 228 173 141  75 237  87  22  25 228
 237 114  76  99 255 168 251 217  69  63  99 183  94 118][ 94 121 118 252 139 208 189 205 175 212 140 163  44 223 101 118  54 241
 251 242  66  67 186 249 243 225  15  63  51  54  39 115][ 85  73 175 230 141  70 239 196 228 200 223   2  81 255  49  98 120 230
  63 222  89 161 187 234 249 173 175 128 169 115 241  98][ 32 172  24 121 221 173 208 207  94  49  44  25 182 153  72   0 137  26
  67  17  50  56  83  55 111 151  20 119 208  72 217 138][185  23 104  45 244  63  86 127  85 238 252 239  11  40 151 145 252 134
 215  37 236 186  69 158 242 207 161 149 127 252 218 223][229  54 157 116 233  45  84  24 249 250 177  92 222 123  77  59 135  69
 124  62 161 103 219  66 151 218 119  62 200 113  67  35][151 205 143 191 150   6 110 248  54 226 219 199 213 230 185  96 127 239
 127 239 237 209 159 254 252 167 239 132 173 243 179 208][101  99 129  33 236  29  78 152 107 232  57  76 211  72  93 186 145  76
 124 127 205 114 249   0 143 221 165 124 200 251  90   5][ 46 124 236  53 237  89 158 206 155 255 180 191 200 236  95  10 141 117
 251  53 190 103 254 162 111  87 253 191 215 124 222 211][ 43 251 123 100 240 155 159 253 233 232 116 236 191 221 148  48 150 127
  85 107 209 186 164  29  98 249  37 176  78 146 195 185][  4   4 135 185  94 233 161  74  54  19  75 114 212 193   8 200 121  12
 106  16  19 252 195  19 204  38  50  68 240  73  53 160][237  36 149  83 173 127 226  24 123 251  55  88 222 120 221 191 145  76
 124  58 177 244 251 194 135 222  65  54 202 239  67 165][ 45 103 193  69 116  59 103 184 119 226 127 232  67  96 157 180  30 204
 230 106 233 242 237  30  38  62  37  36 111 251  82 164][ 56 252 122 254  83 217  82 232 161  64 109  41 127 223  43  48 186 185
 133  66  14  39  58  63 243 205  32  43 114   3  38 219][ 37 165 103  75 244 187 227 248 118  97 123  66 240 104 156 164 122  46
  50 252 179 248 109 255  44  10  35  64  79 139 208 164][  9 200 239 253  52 155 236 191  86  97  82 198 243  40 176 224 123 238
  54 141 237 248 101 191  44  47 254 192 253 136 216 188][221  72 215 119  41  94 102 188 249 250 182  72 255 115 141 255 178 116
 124 106 233 229 235 104 179 251 101 148  74 179  67  37][ 73 184 111  99 116 220 107  48 237  72  87  68 189 159 144 116 166  60
 127  76 195 152 187 101  71 249 178 192  14 131  65 121][123 110  40   5  61 191 219  74 123 237 156  29 139   8  86  24 137 164
 205  61 156 110 228 222 214  95 153 253 215  13  94  70][  2 132  19 153 210 161 168  99  62   1 235  82 180 162  40  84 121 139
  74 144  19 154  81  87 156  54 154  64 152  72 163 132][201  18 237 103  32  62 105  56 116 123  87 244 223  55 154 125  54  76
  60  46 177 212 253   6 198 235 114 196  46 163   1 113][125  99  80 101   1  30 103 184  97 172 239   8 203  67 139 180  16 196
 236 110  76 210 237  12 247 249   5  21  98 183  74   4][120 176 156 118  41 237  81  23 163  31 165  24 191 183  64  59 129 183
 236   0  58 107 242  49 219 243 112 121 224  64 206  42][252 164 148 242 137 109  80 202 187 191 165  24  78 243  73 159 145 211
 236  50  58 103 218 178 153 211  85 127 226  97 142  34][161 143  79 127 148 138 103 174 116   2  98  80 243  97 145 113 115 238
  44 110 105 252  77  47 228 174 245   0 100 241 112  40][ 80  45  18 140 147   6  22 111 125 136 234   0  94 242  33 112 178 229
  76  32 104 139  17  78 177 166  15  22  65 114  35  43][  4 112 149  83  75 109  48 202  62 187  33  88 214 247  77  59 149  89
 226  16   3  84 235   0  13 146  85  62 192 121   7 179][106 188 169  30 219 245 181 175 218 255  44  29 104 254 103 216 145 123
 163 145 182  74 190 243  93   7 223 111 145 100  47 223][120 233  26 234  25 205  83 228 174  12 173   8 126 219 104  16 176 251
 205  66  74  43 138  61 251 205  36 123  80  18  39  10][ 33 111  72  75  84 155 234 216  86 160 124 202  35   8 151 180 120 236
   2 252 207 186 109  63  54  13 165  96 109 155  90 132][101 189 149 123 136 172  64 159 170 187 160  92 214 115  72 123 129  87
 104  24  51  72 219  49 141 178  85 124 200  64 131  32][  7 252 168  35 177 111 178 134 122 249  40   9 150  60  83  26 129  79
  81  21 150 248 217  34 237  21  21 119 200  85 131 218][  5  29  63  79  40 239 247  56 238   8 255  64 246 247 133  52  12 114
 126  74 129 161 123 125 103 190  33  16  90 243  67 171][193 219  59 111  32  14 103 180 104  10 114  68 247 117 144 112 182 116
 108 106 193 188 177 111 231 251  96   0  64 178 231  41][253 125 105 228 109  77 199 212 201 228 180  10 155 157  81  50 232 224
  95 107  73  39 240 234 243 217 133  60  70  59  86 250][169 174  81  79 116 187 107 118 127 233 125 124  59  33 148 181  27 174
   6  44 177 186 101  30  46 158  48  32  95 136  66 173][219 120 218  88  43  29 112  23 253  57 102  88 190 146 196 253 162 158
 252  24 199 205 178 192 147 249  80  58  74 128  75  45][216 189 158 247 168  12  93 183 174 186 182  56 255 119   0 115 167 247
 125   2 120 105 155  37 251 251 119 144  32 240 131  43][188  69  78 111 132 122  70 184 113 134 111 144  83  99  11  81  81 238
  36 106 108 212  93  46 227 239 229   5  32 243 238   0][ 79  48 148  18 169 172  56  27 187 251 163 253 222 247  72 191 135  23
 253  20  51  65 219  64 159  83  81 254 138  69 139  23][148 148 123 250 154 227  19 106  52  70 233  49  87 255  40  81 255 187
  15 160  56   7 122  31 249 163  99  93 113  98  39 114][184 173  21 125 157 205  71 174 118  32 106   8 243 113  16  48  17 110
 104  74 107 248 251  63 233 230  21  48  80  80 214  42][ 75 188 233 253 218 228  63 191  62 207  94 132 189 231 210 116  87 127
 253 156 147  88 255 115 239  47 191 232 166 244 135 121][ 96 248 157 127   8 207  69 189 182  18 226  72 246 241   0  48 129 118
 104  10  75 235 219  53 173 162  85  28  72  82 195  40][  1  30 127  95  36  47 239 114 253  74 127  68 240 115 149  61  12  98
 118 110 161 244 123 125  71 186  97 128  91 243  67 169][214 111  82 158  91 192  58  96 189 132 250 163  44 206  35  80 110 255
 239 194 104 203 130 238 177 164 138 139  53  55  39  91][100 176 149  51 233  45  64  11 235 187 161  88 134 242  72  26 137  10
 104  16  26 102 218  16 141 210  85 126 200  65  66 134][107 180 148  81 233 189  60 191  59  59  42  92 222 180  78 191 135  31
 249  20 183  88 211  19  47  94  93 246 202  68 139  29][252  96 156  99 137  91  87 136 115 178 165   8 219  81  73 187 145 196
 108 122  72 102 235   0 203 219  69  61 226 187  78  34][155 143 199 133 148  18 206 191  20 234 154 215 225 104 145 133 125 198
  29 175 253 253  77 175 168  79 175 148  47 252 248 108][ 35 233 119  91 125 157 238 244 127 113 124  66 168 152 220 164 233  74
  82  78 199 186 127 247  47  30  22  98  95 159 219 172][131 195 103 155 116 147 172 103  94  81  82 214 168 136 188 229 107  42
  50 141 247 252 103 213  38  58 154 192  93 140 249 156][ 82 106  22 156  75 192 184 103 173   6 210 163 172 134  35  67 230 191
 235 129  64 143 130 200 149  48 218 139   4  20  39 219][ 40  56  90 114 114 217  51 242 190 196 126  45  54 215  99  16  50  56
 130  82   3 184  18  62  78 141  49 107 106 131 111 155][ 46 191 136  30 219 245 182 236 178 191 109 185 236 246  75 156 153 123
 160 211 118  90 218  51 109  71 255 239 147 119 143 143][ 60 169 120 232 219 199  87 232   7 204 188  11  59 223  99  16 248 216
 151 226  90  11  58  63 123 205  37 125 115  43 102 242][173 106 232   5 100  31 227 152 122 238 119  77 211  72 215  24  29  76
  70 127 205 244 221  10  70  31  37  36 203 251  90 197][240  85  61 237  58  79  87  56 132 106 168  40 215 119  33 115 146 212
 125  98 105   1 121  31 241 235  97  20 120 122   5 115][252  81  87 236  42  70  79  48 165 138 195  66 115  87 161 255 118 244
  61 234 105 199  51  12 177 234 225 152  50 179 100  49][225 172 148  59 173 173  84 135 187  27  48  25 174 168  66 159 129  99
 108  20  62 108 202 113 141 210  84 123 192  76 203  13][207 180 181 115 237 127  80 152 123 251  37  24 222 127  76 191 145  85
 253  50 179 100 251 194 143 218  81 118 202  99  67  55][  3 171 198 155 244 184 184 135 126  85  83 247 168  40 150 200 111  43
 179 149 182 248  71 245  12  54 218 193 205  76 185 140][ 69  41 147 246 245 207 111  97 237 128 250   8 223 243  32 116 178 237
 110  88  24 185 144 236 189 252   7  66 192 162 195  32][146  26  79 245  50 130  41  16  62 132 214 231 237   7 129  88 118 189
 255 220 138 216 101  76 212 225 171 128  37 129  39 113][244 207 204  39 140  42  71 188 112 166 171 238  83  96 155  91 121 198
 104 239 104 227  77  42 248  39 229  20 237 251 240   0][ 30  80 119 250  59 208  24  64 175  81  71  49  92 223  44 104 230  25
 185 209  18 129  59 245 195 249  26 203 182   7 165  83][253 123 249 102 164  90  71 152 113 234 183 104  83  85 217  59  30 212
  92 106 233 103 236  42 242 201  37 180 103 243  86 113][ 60 123 122 100 116 207  83 112  65 172 252  40  83 221  35  16 120 252
   6 106  72 179 112  28 115 205  33  61 113 187  70 163][  1 172 147 251 176 170 110 151 126 131 122  80 189 195 160 112 179 107
  14  28  51 156   9 127 172 158  62  64 136 192 163  41][ 41 249  17  75 121 221  98 212 107 105 108  72  62 211  68 180 144  56
  66  88  67  58 250 117  47 220   1 106  90   2  67 187][ 84  29 159 245 178 110  55 150 188 203 234  64 247  55   1 123 167 119
 124 104  49 201 177  46 225 167 118   0 168 113  33  59][ 77  92  17  78  45  61 226 152 237  42 178  72 254  80 149 254 151 116
 126 106 129  37 251 106 149 186  99 184  90 123  67  41][ 64  44 154 190 185 236 119  34 253 134 234   8 174 242   1  84 162 107
 108  10  16 137 146 104 161 246  18  11 128 113   7  42][250 188 189 242 169 237  85 207 187 183 164  25  63 255  72  27 131 243
 253  16  58  79 250 179 219 211  85 127 226  64 135 107][ 26   0 255 236  19 230  81  75 189   5 109  27  31 255  40  24 178 185
 145  49  24 163  18 204 211 231  18  75 241   0 167 226][ 17 153  57 170  50 196  31 252  32  76 220 229 181 214 162 112 150 187
  23 195 219  11  56  61 240 229  42 232  60   2 167 251][159  52 232 110 122  51 223  88  27 194 157 191 125 255 159  48  63 219
 215 175 165   7 239 250 242 223  45 188 119 247  75 245][ 66 189 178 218 219 241 188 239 187  81 252 187  44 254 110 182 239 187
 243 145  55  75 174 247  63  22  30 235 215  84 175 159][ 41 174 125  87 116 187 235  50 125 105 127 116 251  32 158  53  26  46
   6  44 177 184 101  63 110 223  48 192 107 139  66 237][250 184 255 242 235 253  81 207 187  55 164  25  62 255  72  27 163 179
 237  16  58  79 250 243 219 211  85 123 226  68 134 107][197  54 149 113 236  45 249  27 123 187  49  92 158  59 221  59 135  69
 110  60 177 102 219  66 215 154 119  62 200 113 195 161][ 69 177 149  83 137 140  64 156 170 185  35  92 214 115  72 127 129  70
 104  26  51  72 219  49 141 186  85 124 200  67 131  32][212   5 175 165 136 106  77  41  52 166 139 145 215 103   9  91 113 215
 125 162 104 213 209  10 241 163 239  21 160 240 164 114][ 81 185  90 232  49 220 120  97 237   1 253   8 190 210   6 112 234 187
  78 128  31  43 242 221 149 252  10  91 104   2 107  15][ 22  46 114  58 114 243  27 112  53 140 121 225 111 198 162  48 190 185
 132 178 156 147  44 158 154 213  33 203 102 135  38 229][ 34 170  97  25 125 217 233  74 251 117 124 187 168 140 214  21  43 138
 195  29 150 122 230 245  94  24 145 233  87 140  86 252][ 34 184  31 186  91 231 177  78 158 109 209  23 164 220  34   8 217  59
 235  17  51 239  90 119 153   6  26 123 217  12  37 218][ 93 117 174  36 168 126  95 184 224 230 143 133 223 127 155 114  54 196
 125 238 205 193 189   8 243 239 111 149  46 243  43 113][ 43 251 123 100 114 155 159 247  57 232 116 236  62 157 148  48 158 125
  85 107 193 191  32 125 114 217  36 176  78 176 195 185][120 109 114 100  81 219  87 242 113 228 238   8  43 131 131 180 120 236
 204 106  76 187 244 174 243 253   5  51  99 183  78 110][ 68 105 154 254 249 136  54 100 236   0 234   0 238 243  33  80 162 123
 106  64  18 139 146 109 241 180   6  11 128  51 163 130][ 91 123 202 165  50  10 110  22  52 192 218 231 247 110 147 216 118 239
 253 199 205 208 197  40 230 229 174 128  44 244  56  25][ 60  93 122 126  82 233 119 216 246  72 125  34 123 223  41  48 122 248
 151 106  66 167  58  61 119 205  33   9 113 243 102 243][ 33 231 106   9 212  27 231 207  86 228 120 143  33 200 190  52 120 142
   2 172 238 178 237  63  54  12 133  33 117  94 254 204][  0 240 169  33 225  76 181 143  58 255  40  29 150 188  72  26 153  79
  65  21  82 252 208  98 109  20  20 102 192  80 131 218][126 125  96  68 217  95 214 232  67 236 188  11  74 252  87 180 156 252
 215  98 204  99 254 190  59  93   5  63  99  63  94 214][ 89 177 122  80  33 156 113  71 235  29 230  12  10 154  78 124 162 143
 236  24 222 235 182 193 211 249  18  43  75   4 235  79][ 90  49  60 252  11 213  29 125 167 196 140  43 124 223 101 114 254 177
 253 161  74  11 250 217 243 225 143 187  51  38 167 123][252  96 148 112   9  45  80 136 227 179 161  25 135 209  73 155 137 196
 236  82  10 103 218   0 219 217  85  63 194 121  74   2][126 243  40 106 121 205  82 248 131 124 177  45 238 221  78  16 156 145
 221 115 206  35 218 181 251 209   1 255  82  15  86  91][239  52 116  83 237  63 220 123 249 251 181  29 203 120  30  63 175 199
 254  53 189 111 255 222 190 219  85 118 207 236 202  87][ 86  33  19 140  27  70 147 104 189 164 235   8  78 242  37  84 248 253
 106 227  13 195 153  76 185  54 143  31   8  34  39   6][ 89  29 179 110  52 157 199  25 110  72 123  72 255 241 181 116 222 250
  22  72 155  58 249  59 177 253  32 136  90 170  65  41][109 103 192  37 252  11  79 184  67 228 185 237 211  33 219  18  88 204
  85 254 201 114 205 138 124  76 165 188 239 255  82 144][ 92 247 217 101 242  14 119 184  32 236 110 108  87 115 203  16  54 220
  68 122  73 144 249  14 252 165  37  36 104 243   6 113][214 110  70 158  90 192 190 106 189 132 209 163 108 206  35  80 110 255
 239 194 104  79 202 238 176  38 138 139  21  55  37  91][ 38 161  30 158  31 195 151 232 150 188 213  11 228 248 106 132 217 121
 234  99  70 227  27 189  57   6  15  63  81  47  61 198][ 75 176 148  17 185 157  48  63 191 121  34 124 158 180  78 159 135  23
 255  20 151  88 211  85  15  94  85 246 202   4 139  31][229  39 197  69 208  27 230  56 125 226 119 232 195  32 149 181 122 204
 226 234 229 246 109  78  38  62  69   4 111 255  74 164][169 145  97  89 109 221 193 113  81 112 117  12  50 157 148 181  88 184
  18 108 217 186 118 157  15  24 192 106  91 140  86 252][164 160 184 113 205 237 241  79  94  63  37  24 134 153  76   8 137  26
  99  16  50 124 250  18  77 150  85 127 192  72 199 162][116  79 187 238 180 192  71 246 213 140 222  34 242 241 161  96 216 254
  44 218  88 171 232 170 251 253 166 155 128 123 244 107][ 36 235 121 122 240 201  87 245  98  13 125  40  54 215  72  48 144 250
  70  82  90  58 234  55 239 141  36 105  96 130 198 171][  4   2 131 185  86 235 160  90  54  35  67 242 149 129 200 200 121   8
  42 152   3 180 199  18  12 134  50  68 248 201   5 160][ 45 237 241  74 252 201 199 223  91 201  60  40  58 213 204  52  27  90
  22  24  83  58 234 119 127 156  37 110 243 154 198 171][124 184 144 112 233 253  80 202 187 191 172   8  14 247  67 158 137 210
 236  18  30  99 250 176 155 215  85 127 226 245  78  70][ 32 181 185 186 220 237 149 207 138 113 169  25 150 253  72  16 137  27
 115  17  18 106 218  49 253   5  61 124 208  74 151 250][160 141  60 253 157 237 193 175  94  29 108  16 178  49  32  65 201  50
  43   8  58  40 115 191 237 178 208  89 144  72 212  42][241  74  80  68  36  25  78 188 121  34 182  72 231  64 157 252  19 204
 108 110 205  54 197 251 178 254  69  60 126 184  74  13][ 88 151  61 237 186  66  29  63  52 127 251 177 215  55   8  81 223 151
  77 160 120 139  65  29 241 231 250 213  48 194 167 115][187  55  96  45 245  31 220 119 105 238 252 239  43  40 150 145 238 175
 213  37 252 186  69 158 242 221 108 179 111 222 218 223][234 184 189  30 219 245 177 207 154 223  68  61 124 254 102 218 149 123
 243 145 183  78 250 243  93   7 223 239 145   4 159 255][ 81  21  23 204  27  38  22 103 237 136 170  64 110  50  32  84 248 183
  78 160 120 139  17  78 177 182  10  18  72  98 163  11][205  18 253  71  32  62 105  24 117 123  87 244 217  55 154 124  23  92
 117 174 177 212 237  74  70 127 241 196 174 167  66 113][144 115  58  36  43 207 178  64 236 204 242 111 110 216  99   0 182  45
 238  99  68 167 130  76 209  65  43 139  73  39  47 211][122  98  40  32  61 223 209  71 107 237 148  13  11 140  87  24 168 172
 205  29 142  59 228 148 211  87  17 115 199  12  86  94][131 130 100 155 236 153 168 109  94  81  83 215 232 200 190 225  89  11
 186 149 247 188  79 213  12  26 218 196  93  12 249 148][106 185 172 116 173  93 217 187 251 253 180 141 234 237  87  26 141 119
 253  69 196 107 242 225  91 123  93 187 199 108  87 219][137 209 111 175 160  30 111  61  53 232 119 228 255 103 154 183  62 196
 118 239 253 208 109 205 230 251 103 132 110 182 194 241][248  80 119 228  36  70  77  48  49 134 198  18  87  23 161  95 118 212
  61 234 105 215 177  10 209 162 242 132  34 177  52 112][  2  90 134 159  75 128 184  71 172   7 210 183 172 134  34  91 110 187
 239 133   2 221 130 225 148  48 218 139   5  20  37 219][ 67 159 238  29 226 154  45  39 169  87  78 228 172  38 150 127  39  39
 123 141 209 216 167 205  44  58 222 194 140 132 163 125][  1 160 243  89 244 139 233  23 127 113 118  80 179   1 148  61 123 174
   6  24 147 248 231  85  76 250 118  64 199 136 194 169][163 249 118  91  93 157 226 224 127 113 250  70 168 152 254 164 233  74
  82  79 199  59 127 247  63  28  22 110  95  15  91 140][219  26  78 181  48 130 105  19  62 192 210 245 249   3 146  89 118 173
 127 156 169 220 197 206 198 255 186 128  44 132  49  81][121 153 254  92  41 252  80  58 235 221 174  13  42 236  86 115 128 231
 236   4 132 107 243  97  91 123  80  27  75  36  78  95][ 48 105 123  76 116 203 195 112  64 164 124  42 115 213 177  48  58 184
   6 106  72 178  32  61 119 141  33   8 113 186  70 232][237 122 181  87  45  62 226 152 251 250 183 124 206 248 213 191 147  68
 252 122 165 101 239 226 134 218  97 182 202 253  91   5][205 122 215  87  41  30 102 152 249 186 182 120 206 114 205 255 182 116
 108 106 225 229 235 234 134 250  99 150  74 245  75  37][ 89 217  59 111  32  14 103 180 104  14  98  68 255 115   0 114 182 116
 108 106 201 176 177 109 227 237  96   0 104 178  99  56][133 133 103  73 180 187 163 251 126 113 122  82 208  96 156  37 123  14
  54 248 179 248 101 223  44  26 167  68 207 136 209 228][  5  29 191  79  40  47 247  51 236  74 255  68 246 115 165  46  36 114
 126  10 145 161  59 125  71 191  99  16 218 243  65 177][  1 132  10 153  80 175 160  66 126   1 235  86 132 130  40  84 121 138
  74 144  27 155  81  87 156  38 154  68 152   8  35 132][216 249 158 246 171 204  93 189 171 186 182  56 255 247  72  91 167 247
 253  66 120  77 219 161 251 251 119 153  34 176 135  43][248 176 188 122  41 237  81 150 163  31 165  24  63 215  74  27 129 178
 236  16  26 111 250  49 219 211 112 121 242   1 198  43][248 108 121 244 109 205 197 103 201 226 180  10 191  29  85  49 232 176
  95 104 105 111 240 232 243 217   7  56  64  56  86 250][ 21 205 199 175 148   6 110 252  54 226 219  70 209 231 185  96 125 239
 127 238 233 210 221 254 252 174 239 132  45 243 178 176][  2 189 182 152 219 241 188 239 191  83 184 187 172 254 110  34 239 155
 251 145 118  75 138 247  63  22 158 255 221  68 175 223][ 69 188 150 158 233 173  16 133 255  27  33  88 238 242 108  31 129 123
 110  16  54 109 154 113 153 146  87 122 208  64 131  15][  3 139 134 155 244 184 168 135  62  85  83 151 236 232 158  72 111  43
 187 149 182 248  79 245  12  54 222 193 157  12 153 220][  2 159 174 158 219 240 188 231 191   7 204 167 172 238  38  64 231 123
 171 133  86 139 130 255  58  55 222 203 144  84 173 223][244  69 204 100 176 106  70 171 113 166 170 169  83  99 155  80 115 196
 108 106 108 227  77  14 242 239 101  21 228 242 238   0][225 106 101   5 108  10 239  48 105 236 118 233 163   8 215  23  10 236
 100 111 200 246 229  40  36  56 101 176  69 189  82 237][138 184  63 154  91 247 179  76 158 109 213  55 252 212  34 136 221  59
 251 145  51 143  58 247 217   7  27 123 210  15 173 251][  4 177 189 179 184 237 183 205 142  57   9  24 215 245  72   0 145  91
  91  81  18 104 218  53 237 129  47 124 144  74 135 162][ 90 113  56 236  27  85  18 121 239 200 189  43  62 223  68  50 238 177
 221 227 200  11 251 217 243 213  11 191  51  38  39  27][207  50 229  71 100  62 105  24 127 251 119 244 217  69 223 255  55  76
 127 190 161 212 237 194  70 122 225 132 175 231  82 245][246 110  70 158  90 225 190 106 183 134 209 179 236 230  33  81 110 255
 255 194 104  79 203 255 177  54 154 155  21 119  39  90][ 76   8 218 183 230 108 121  18 168 151  15  17 151 183  67  90 103 255
  61 144  22 208 144  96 207 165 250 129 164 225  45  67][ 33 162  99   9  84  91 161 105  86 101 241 175   0 232 254   0 120 136
   2 165 222 242 238  29  28   6 131 101  85  14 118 212][116 121 248 112 233 221  81 206 171 253 172   9  34 255  71  58 137 251
 236  80  14 107 250 112 219 223  85  59 226 112  78  95][ 58 115  42 160  61 221  81  85 239 109 156  13  47 141  18  16 168 169
 221  85 202 187 176 144 243 213  16  51 102  30 214 123][125 117 234 100 176  78  95 184  32 236 206 140  87 119 219 114  54 220
 125 238 216 210 253  10 251 237  37 133 168 243 166 115][ 41 169 121 109 116 159 107  89 119 105 124  76 179 233 145  48  94 170
  22  76 139 186 100 127 102 141  32 168 124 138  82 169][122 185 172  52  45 220 152  59 171 253 180  13 190 253  86  26 140 119
 253   5 150 107 242 225 219 251  93 187  66  36  87  91][  1 133 101  69 180  11 225  59 126  96 254  66 211  32 148 101 123  12
 126 184 153 248 101  93  12  58 227  68 103 136  81 228][239  52 244 115 237  63 252 123 251 243 183  29 207 121  95  27 175 231
 127  21 188 111 255 206 159 251  85 126 207 236 202 215][125 245 121 101 240  78 127 184  32 236 110 140  83 103 139  48  54 220
  84 110 201 146 253  14 255 141  37  36  98 243  70 241][236 121 209  68 104  76  71 184  97 170 166 104  91  53 193 183  20 212
 108 106 201 118 249   8 119 249 101  60  99 178  70  41][239 114 245  87  45  58 242 152 251 250 183 124 206 232 223 191 183 196
 236  30 165 101 239 226 150 219 117 182 206 253  75  85][ 82  49  19 140  25  78 177 104  61 236 227  11  78 150  15 212 248 189
 234 225  77 131 177 204 145  52 139  27   1  34  39 118][124 245 120  99 120  79  91 248   3 236 189 141  91  93  91  16 159 220
 213 126 202  50 249  61 255 221  33 245 119 187  70 243][252 240 188 122 169 205  81 220 163  29 165  56  31 215  74  27 135 147
 237  16  26 103 186  49 219 193 113 125 226 145 198 115][ 91  41 203 165  52  26 104  27  52 192 218 197 183  46 145 240 118 175
 125 237 205 152 197  14 182 237 170 128  44 164  24  93][164 160 177  83 237 237 177  75 222 191 161  24 134 221  76  11 137  27
 106  16  18 108 251  16 205 146  85 127 192  72 135 162][ 33 227 104   1 116 159 227 245 105 236 124  77 131 136 222 148 152   8
  70 124 214 186 228  29  46  29  37 228  71 142 218 205][197  50 149 113 236  45 252  27 251 187  49 124 158  51 221 187 135  69
 110  60 177 116 203  66 140 154 119 172 200 241 195 161][162 145 113  89 101 217 161  97  93 108 117  56  50 149 132 181  72  56
  18   8 241 190  98 149   7  24  80  98  83 140 214 245][123 125  96  78 121 223  86 252 243 232 188   9 106 253  87 180 156 254
 213  96 204 107 250 191 123 221   5  59  99 158  94 223][ 68 105  18 190  49 137  98 224 236 128 106  72 238 211  33  80 178 105
 110  66  64 169 146 108 176 180   7  10  72  35  43   2][ 66  42 142 159  74 192 184  68 172  21 210 163 172 198  35  75 110 187
 235 192   2 201 130 225 148  32 218 139 132   4  37 203][ 11 169 231  95  67 148 184 166  42  65  78 133 188 175  20 230  38 111
 179 204 133 216 182 233  71  47  90   0  15 166  43 220][ 60  93 127 108 114 227 118 216  52   2 120  34 115 215  41  49 126 249
  23 226  66 179  10  31 119 141  33  13 117 243 102 163][ 14 251  62 158  59 209 147 232 158 188 149  43 236 244 234   0 221 121
 239  67  70  99 106 253 219  23  47 191  82  46  45 231][ 89 201 119 111  32  78 103 188  97   8 226  72 243 113 144 114  48 228
 108 106  73 184 185 109 245 249 100   0 106 179  98  40][113 151  31 142  25 230  19 115 172 108 175  76 126  50  34 210 236 183
 206 160  57 139 113 109 177 182 138  82   8  66 175 123][  4  32 131  73  82 171  33  26  54 163  67 242 145 129 201  76 123   8
  42 156   3 180 231  18  12 134  50  68 164 201   0 160][161 217  83  73  85 223 226 245  77  72 112  78  58 152 180 164 184  40
  18 109 215 186  52 253  46  24   0  66  95  14 218 156][216 250 222 246 169  12  94 188 175 187 179 120 255 247  72  91 167 215
 236  66 104  79 203 161 251 243 119 153  34 243 131  11][202 184 188 222 219 245 185 207 154 221   5  57 252 255  74  42 197 123
 243  17 150  79 250 243  79  87  95 235 146   4 143 251][163 252  50  26  93 157 182 230 255 113 252  31 170 152 118 160 233 203
 122  71 231 111  95 247 191  28  23 127  89  29 251 142][104 104 187 244 101 201 245 102 201 134 180   8 190 191  97  59 138  49
  95   8  64 111 242 200 247 217  86  59  64 120  87 234][198 183 237 155 186 224 185 187 191 215  25 247 236 238 202  71 183  83
 255 149 179  73 143 243 156  22 255 239 156 228 133 121][166 164 228 187 205  47 236 239  31 183 185 159 202 236  94  11 221 207
 127   7 122 119 219 211 191  30 223 252 213 124 215 210][ 67 171 166   5 195  20 173  39 234 181  78 134 168 170  86  38  38 119
 123 133 208 217 183 193  61  54 222   2 141 100 191 252][124 116 187 100  56  79  83 248 162 172 188  12  87 247  73  18 148 117
 109 114  72  99 250  14 251 205  37  60  64  50  70 115][ 75  30  78 177  52 170 104  19  61  75 222 245 157   3 146  89 102  37
 127 156 161 216  69 204 198 255 186 192 140 132  57  25][  2 189 182 152 219 209 188 231 191  85 216  51 172 190 102  64 239  59
 251 145 118  75 146 247  61  22 158 239 145  68 175 223][ 32 227 104   1 116 219 235 236  79 100 124 169 131   8 222   0  24 136
  70 125 206 184 101  29 110  28  37 245  69 158 214 220][ 80 156 159 123 178 234  83 159 118  11 238  48 247 119   8 120  51 247
 108  24  59 153   9  63 233 230  55  80 176 194 165  43][ 75 176 148  17 121 221  48 191  47 121  34  92 156 150  78 182 135  31
 251  16 151  88 211  85  15  90  92 230 202   4 139 159][154 115 126  37   2  82 184  80  36 196 215 231  13 158 163 200  46 189
 239 227 196 151 165 204 210  97  42 131 111 151  45 215][118 249 191 118 169 124  85 135 187 247 164  25  62 255  71 123 161 247
 253  16  94  79 186  32 219 243  85  63 160 116 134 122][161 202 125  83  52 155 235 176 117  97 118 240 179   8 148  52  58 168
   6  76 175 188 101  63  70 222  48  64 103 137 194 172][220 190 158 181 139 235  63 246 190 254 198 189 223 247   3 219  55 247
 237 146 113 221 187 126 249 231 127 215 170 117 175 115][124  50 253 244 170 104  85  26 162 191 174 184 215  55  65  26   7 213
 237  18   8  71 227   0 211 231 117  57 224 241   6  99][ 81  25 187  78 176 141 247  17 111 200 254  68 254 243 165 100 182  38
 124  76 145 169  49 122 243 252  34  26 218 178 225  57][ 77  24 115 107  52 188 107  16 237  72 127  68 219 219 157 240 178  32
  92 234 131 165 184 151 135 253 162 192  78 163  83  33][141 209 111 239 228  27 111 189 101 248 247 228 223 103 154 243 126 196
 127 238 225 240 109 237 230 251 231 196 110 179 242 241][197 185 149  19 137 141  34 152 235  49  34  92 246 242  72 182 129  70
 104  90  19  77 219 113 141 154  85 126 200   1 131  36][ 35 181  34  22 245 157 252 119 121  75 250 125 174  56 150 181 174 171
 214  37 253 186  20 207 182 127  90 211  79  14 219 157][124 255 123 238 244 194  87 246  97 140  92  98 183 243 161 112 218 250
   4  98 216 186 232 175 251 229 167 139  36 251 244 107][ 18   7 123  40 114 167  91 114  53 140 123 229  79 206 166  80 190 185
 135 165 184 147  36  95 208 215  43 192 117 132  39 113][  1 134  10 137 208 163 160  75 126   1 203  86 148 162 168  80 121  10
  74 152  18 154  85  87  28  38 154  68 152  73  43 128][112 214 120 101  50  11 119 190 100 172 126 236 215   1 129  80  54 212
  76 104 232 180  69  30 230 239  33 148 101 186  70  33][ 30 126 123 100  83 223 183 210 169 200 254 239  60 223 165  52  46 249
 215 227 129 177  48 238 247 205  41 130 111  53   7 251][ 36 161  97  65 244 219 227  97  97 228 125 173 131  12 150  20  90 168
 198 127 223 186 116  12  46  28   5  97 111 142 214 244][ 66  34 142 168 106 128 184  72 174  21 209 163 173 198 107  90 110 153
 239 198   2   3 194 241 212 225 186 139  21   5  37 219][ 73  27 123 108 116 157  79  21 119  72 126  76 187 177 181 112 182 174
  22  76 155 186 176  63 180 253  32 136  88 138 192  57][ 94  49 146 178 179 244  60   3 170 157  11  49 141 254 106 218 167  31
 189 145  22  73 154 192 153 245  63 239 128  68 173   3][ 33 161  97  73 116 139 235 255 119  97 124  76  51 193 148  52  26 170
  22 108 131 186 100  95 110  28  33 228 127 136 210 173][  1 132 125  65  52 171 233  55 124  97 126  80 147  33 148 100 106  46
 126   8 145 184 101  93  76 190  50  64  69 136 209 173][248 163 106  56 216 224  88  91  51  85 229 153  59 143 114  89 244 139
 213 149  30  90 130  21 219 225 152 105  41 129  46  82][ 74  50  46 140  27 151 144 120 142 172 213 175 204 205  98  64 220  57
 235 101 134 195 203 221  91  21  11 191  82  46  37 195][ 58 181 112  94  89 221 223 121 211 101 189   8 106 253  94 180 156 250
 213  46 222  99 250 191 123 221   5 123 115 142 206 230][133  54 149  81 172  45 224  27 254 251  51 124 158 178 201  59 135  76
 126  28 179 244 195  66 140 154 119 246 200 225 195 161][ 45 117 121  69 112  78 111 184 113 236 126 140  83  55 135  52  54  92
  86 110 225 176 125  14 111 143  37 132  99 242  70 241][ 43  25 115  72 111 255 176  97 205 104  89 110 138 156 182 165 142  43
 214  37 149  56 116 221  22  88  72 250  95  15  91 151][114 185 187 246 232 200  21 135 171 179 168  57 182 191  68 122 131 247
 125  17  90  75 154  97 217 182  93  59 128 112 135  58][ 89 149  63 142  27 254  51 112 172  76 175  14 124 246  10 119 236 183
 234 162 185 139  49 109 243 163 138  90   8  35  39 119][ 63 105 238   5  79  27 182 104  82 228 246 175  72 184 151 167 120 237
 250 227 204 243 247 140 118  75 207  59 111  61 122 198][207  98 229  69 100  58 233  24 125 250 119 212 217  12 223 239 127  76
 126 190 165 244 237 194   6  58 227 132 207 247  91 245][180  79  89 236 242   3  78 254  52 130 240 226  87   3 161  16 126 221
   4 226 104 150   1  30 240 230 163 132 117 241  38 161][142 248  59 154  27 213 147 200 158  77 197  59 252 215  43  40 221 121
 251 211  35   7 122 247 211  87  27 123 146  31  45 115][148 233  29 243 152 207   5 169 182  56 131  88 215 215  72   3 129  25
 109 115 122  77  75  55 233 130 109 116   0   8 133  35][  0 160 181 209 189 237 177 143 222  63 160  24 134 149  72  78 129  18
 106  16  50 108 107  19 141 150  17 127 208   8 133 106][ 90 185 184 252  45 252 144  19 171 121 188  13 190 189  86   2 140 127
 253  65 158 107 242 225 219 253  26 123  66   7  23  91][184 241 107 232 117 205  83 116  97  76 245  13  27 221  58  16 188 184
 149 103 219 187 240  21 243 201  32 121  99 142 246 243][ 32 177 103  11  92  75 163 104  86 229 241 167  80 204  58  32  88  24
 147  39 133 242 127  28  29   4 131 100  93  46 118 246][217  73 119 111  36  78 103 184  97 200 243  72 243  81 137  51  48 228
 108 106 105 176 185  45 247 232  96   0 104 179  66  41][ 98 164 132 187 237  45 252 239 159 191 185  31 207 238  94  10 201 207
 255  21  58 127 219 211 189 223 223 255 209 124 215 210][212 242 213 246  40  12  88 152 187 186 179 124 255 243  73  91 183 213
 108   2 107  71 219 193 155 251 103 186 202 242   3   3][248 112  59 124  56 207  83 120 180 140 228  44  87 215  33  16 148  57
 109  96 104 135 178  14 243 239  33  56  64 160   6 115][ 60  61  26 238 121 199  87 105 135 204 249   9 127 255  43  16 216 249
  95 226  72  35  90  61 243 253   5  63  88  43  38 210][129 249  59 124  98 197  53 249 240  86  96  40  55 211  40  49  54  57
   2  98  98  55 178  29 117 169  98 108  81  48 167 235][ 43 254 240  90 123 221 222 157 219 119  61 141 168  92 223 188 135 123
 213  31 199 108 254 243  46  93  21 187 255 214  79 221][255  44 228 247 237  45 240 203 251 255 177  25 206 249  95  27 235 231
 255  21  62 111 219 194 159 219  87 255 207 108 219 194][ 73 109  71 165  52 138 109  55  44 200 218 197 191   6 144 240   6 165
  92 141 205 156 229  14 164 239 174 128  44 132 210  89][ 88 237 156 229 128  14  77 183  50 183 174  25 151  35  64  90  33 198
 109  88 120 217 209  34 251 231 246  85 160 240 206  42][151 164 133 185 146  38  40  43  62 115  67 211 221 118   8 233 245  15
  59 165  55 213  29  87 140  38 219 196 136  68 161 192][199 126 247 119  44  62 249 156 251 254 183 253 207 236 223 191 183 229
 252  55 165 229 239 234 150 218 119 182 204 245  75  85][ 92  59 248  96 186  40  89  19 162 189 174 169 151 167  65  26   7 247
 237  16  26  75 195   0 219 229  53 253 224 224 134  51][120 249  56 236  59  85  91 120  67  40 188  40  63 159   0  48 222 177
 221 226 202  43 240 221 243 221  35 191 115 163  38  59][242  49  27 140  27  71 145  72 173 236 243  43  70 150  38 117 248 157
 238 225   9 131 177 204 145 176 138  31   1  32  38 118][219 190 190 191 187 244  31 182 183 223 254 189 191 247 195 255  39 255
 253 148 187 207 251 251 251 247 127 187 170 213 175 127][188 245 120  99 116  79  95 248 115 172  61   8  83  85 221  48  30 220
  87 106 232 178 121  62 111 205  37 180 103 187  70 243][252 241 254 114 171 205  81 221 163  29 165  57  31 215  74  27 167 147
 237  16  26  71 186  49 219 209 117 255 226 145 134 115][231  99 236   7 236  27 254 200  91 230 247 175  67 104 223  27  91 204
 230 111 236 246 237 234 118 123 229 181 239 255  90 196][237  49  93  69  96  94 102  56  97 232 238 108  83  49 133 183  30 212
 100 106 201 114 253  12 118 171 101  60 107 162  74  53][246  44   6 158  89 225  62 235 191 142 209 179 236 230  33  91 205 255
 251 130  42  79 203 255 177  50 218 155  16 117  39  90][ 64 107  19 158  48 202  35  96 236 136 235  96 238 210 161 208 178 105
  78  98  65 163   2  79 176 180  34  11  64  35  35   9][112 249 251 118 122 205  87 199 235 237 172  41  55 223  70  48 168 251
 101  80  78 107 186  50 251 205  53  59 193  18  70 251][120 116  59 100  57  79  83 120 161 172 172  12 223 247  65  18 148 245
 237  96   8 227 176  12 251 221  37  60  66 162   6 115][149 135 207 254 134  34 239 253  84  11 219 246  81 227 184 105 127 230
  54 175 249 151  15 239 240 174 254 196 189 251 240  33][195 183 229 159 218  33 185 251 191 247  17 247 252 238 222  79 119 223
 255 149 179  73 143 211  28  50 255 238 189 228 161 117][163 236  34 154 157 157 146 238 223  63 144  31 174 136 118   1 201 235
 235  87 238 111  82 247 185  26  30 123  80  28 251 206][203 150  23 181  32 188 120  55 189  91  87  84 188  39 144 255 167  39
 127 140 181 220 163 199 142 251 122 192 138 132 169  89][ 78 240 191  26 139 221 179 216 190 221 165  12 252 246 107 255 183 121
 234 114 147  67 186 113 219  51  79 107 154  55  47 247][104 173 217 103 208 175 103 223  50 171 126  72 255 227  64 144  57 254
 102  24  27 186 217  47 255 239  53  96 235 226 194 168][ 88 100 152 116  57 141  91  56 163 132 172   8 255 211  73  18 150 241
 253 104  74  69 218  31 235 221  37  57  98 162  67  34][ 37 113  35  41  95 203 163  72  86 100 217 135 211 220  57  32 124 124
 211 103 129 179 125  60  21   4  11 108  93  47 119 240][226 172  54 186 205 253 144 230 223  95 128  25 174 248 118   9 201 107
 235  21 174 111 250 247 153  82  94 123 208  76 151 206][ 40 173   8  27 219 249   2 239  86  85  73 139 227 224 106 128  89  42
 130  16  22  58  94  55  44   5  21 105 241  14 156 206][226 188 150 158 137 225  28 235 191  51 233 185 236 246  33  91 201 247
 251 130  42  79 219 255 145 182 223  59 144  84  39  26][195 182 229 151 222  35 169 249  63 243 147 247 220 239 220 111 119 223
 123 189 179  95 143 215  28  42 223 228 189 196 177 245][180 125  63  50  58 203 147  64 186 188 161  57 183 223  65  19 170 113
  77  83 106 239  10  60 249 129  47 120  64   1   7 235][252 240 254 122 171 221  81 220 187  61 180  57  15 223  75  27 167 153
 237  80  42  71 186 177 219 211 117 255 226  21 135 115][ 65 205  59 165  52 142 109  55 109  73  94  68 183  22 146 112 134  39
 124  13 193 152 229  15 229 253 170 128   4 130 211 105][ 66 114  38 172 122 143 184  74 142 172 210 239 196 203  32  64 222  41
 111 101 132   3  67 221  16  16  43 186  24  44  33 147][199  38 237  65 230  58 233  24 127 243 215 214 217  44 223 110 127  77
 127 191 181 244 237 194  30  58 235 132 207 245  91 117][114  83  59 136  30  15 144  72  12  44 210 235 134 135  37  81 252 157
 239 225 200 131  67 204 209  48 170 255  16   8  37  99][124 101 123  69 112  74 111 120 113 236 126  32  83  55 149  52  50 220
  85 234 233 242 237  78 111 175 165 132 103 242 102 233][213  48 157 188  42  46  88  25 187 187 163 124 223 115  72  91 183 149
 108  48 163  69 219  64 156 186 123  62 136  96   3  17][199 116 255 119 172  62 255 152 250 250 183 220 223 252 223  59 191 245
 126  63 165 229 255  98 213 219 127 148 204 241   3 117][210  98  27 204  58  67 144  72 188 136 227 104  84 150 165 112 250 181
 255  97  96   7 131  76 145  32  43 191  16  32  39  35][173 101 121  69 244  79 239 248 113 174 118   8  83 117 221  53  58 220
  87 106 233 240 121  14 111 139 165 180 103 251  70 161][122  97  46 140  79  91 149 101  69 228 214 175 106 140  55 134 120 229
 235 229 204 163 245 204 119  97 143  59  87  60 126 206][ 82 241 154 176 155 196  24 238 171 189 138  51 140 158  76  66 231 223
  61 145  94  75 154 229 185 212 159 255 128  16 165  31][ 88 187 152 112 184 141  89  23 163 189 174 173 159 167  66  18 135 247
 237  16  26  73 211   0 219 241  53 253 168 128 143  27][189 241  88  74 106  21  94 248 113  88 117 108  91 218 191 185 158 217
 212 234 239   7 190 117  50 217  97 236 127 179 106 149][181 135 207 254 198  34 239 249  86  19  91 246  81 227 185 105 127 206
  54 190 249 246  47 190 120 174 239 196 189 250 240 161][164  52 189 115 232 111  81 152 118 251  37  24  86 119  73  59 153  82
  96  58  51 100 251  50 207 139 117 125 208 243 198 162][  0 137 124  85  52 171 233  55 124  41 126  16 179  41 148  96   2  38
 110   8 144 184 101  95  78 191  50  64  69 136  65  41][238  62 246 244 237 105 244 219 251 255 177  61 207 250  87  27 235 247
 239  17 190 111 203 226 158 255 119 255 204 109 223 131][126 236 112  88 253 253 219 222 243 253 188   9  42 221  87 180 137 250
 247  88 158 107 250 247 123  93   5 251 211 149  94 239][ 81 149  63 204 203 124  51 122 236  88 239  11 220 247  42 115 236 215
 251 226 177  11 243  77 247  41  74  94   8  35 167 243][ 23 179 239  65 246 118 235  89  96 237 151 151  89 108 222  46  63 132
  53 191 185 209 173 192  91  14 239 196 167 167 247 245][161 171 107  77 116 143 107 119 119  73 124 204 179 137 144 112 126 170
  22  76 243 186 100 127 102  60  32 224 127 136 210 185][167 107 236  39 228  11 239 236 123 230 242 207  67 104 223  27 122 204
 103 103 236 246 205 234 118  58 231 180 101 255 210 196][ 82  42 140 185  42 128 121  24 174  21 211 167 173 135   2  75 110 153
 239 213  10 197 195  81 196 225 250 193  52 129  37  81][188 229  89 107 124  75  83 248  50  60 181  57  83  83  72  16  89 216
  71 122 106  54  73  55 255 205  33 117 113 147  70 162][ 53  59  99  65 214 219 226 112  97 224 248 239  51  12 149  48 120 168
 198 247 159 186 116  60  47  12 160 224 111 143  82 246][ 17  83  19 142  58   2  51 120 172  12 251 100  76 211 169  80 254  61
  78 226  64 147   0  76 176 164  42 138  16  35  37 161][ 64 160 181 217 237 237 177 143 206  61  40  24 174 145 104  76 129  26
 234  16  18  44 115 211 141 150  16 127 208   8 133 106][197  87  11 229 160  14 111 180  36 234 194 196 215  35 129  81  84   4
  92 238 233 144  81  14 228 160 239 148  40 178   1  49][ 83 148 173 141  18  34 105  59 118 115  79  82 213  50 144 101 115 135
 122 169 185 216 181  85 140  38 218 196 164  64 177  36][244  89 127 111  32  78  71 184  96 136 243 104 243  81 137  51  50 212
 108 106 105 231 233  45 241 235  97  16  96 179  70  33][124  15  30 254  93 230  71  35 197   4 239   2  98 243  33  80 200 178
 170 162  56 139  50 173 243 247 130  11  16 106 116  34][ 37 172 128  27 221 249 130 200  86  53  41  24 226 224  74 136  25 138
 194  16  22 106 222  55  12   6  21 125 209  75 222 140][ 57 249 120 104  60 135  91 124  65  40 252  40  59 159 177  48  94 188
  21 106 200  35 232 157 243 221  33 188 115 139  98  43][221 108 238  87  44  62 239 216 254 250 183  18 249 237 223  43  61 228
 127 191 160 245 255 234 215 251 255 148 199 241 115 225][ 60 189  17 238  93 207  87 248   7 140 237   8 255 247  41  16 216 249
  87 106  74  35  90 191 243 253   1  60 114  43 102 162][165 134 207 223 222  34 233 249  86 147  83 246  81 225 249 105 123 204
  50 191 177 246  79 154  92  46 231 204 189 235 112 160][ 98 188 134 158 137 229 156 199 191  31 224  25 238 254 100  90 201 243
 255 144  58  75 218 243 153 246 222 123 144  76 166 154][122  51  46 140  31  87 148 111 135 228 156 143 108 220 118 134 216 181
 251 225 204  99 242 221 243  81 143 191  87  44 191 223][120  98  18 169  43  75  50  64  60  42 242  42  30 146 160 208 252 157
 206 225  72 151 193  78 212 165  58  51   0   8  43 129][193 141 123 109 116 140 111  55 116  73 126  84 183  55 144 112  22  47
  20  12 225 152  32  47 229 189  34 128   0 128 195 121][ 44  60 249  99 251 107  87 216  50 183  45  56  94 119  73  56 179  94
 228  50  18 116 249  50  95 135  37 117 226 115 198 163][255 198 174 174   8  22  79 252  16  94 197 215 113 239 187  83 125 205
  49 239 237  71 159 235 114 107 207 140  61 247 186  80][ 85  83  27  46 114   6  43 120 100   8 235 228  85 194 169  80 126 157
  78 238 193 147   9  76  52 164  34 128  24 179  33 177][129  69 117  69  48  90 239  56 125 232 118  96 219  55 148  53  62  84
  87 106 225 240 101  78 103 186 101 128 103 179 102 225][253  89  87  76   0  78  71  48 100 232 230  68  83  83 165 117  24 244
  84 106 233 163  49  12 113 168  97  20 123 187  64  49][104 233  58  96  91 205  81 196 163 173  60   9  54 221  66  16 128 184
 215  88  82  43 178  49 123 205  37 121  99  10  70 171][ 84 118  30 177  42 171  49  58 164 190 159 181 215 199  10  75  39  53
 109  35 104 197  11  20 192 131 123 149  40 113   7  19][104 185 154 112 248 141  89  23 171 249 166  13 191 135  66  18 133 183
 253  28  90  75 210   0 223 249  53 249 138 128 138  27][214 223 190  95 162  50 159 167  57 159  94 181 108  46 142  79 231  95
 165 131 244 216  41 238  58  50 254 195 142 244 167  95][135 166 207 213 206  34 169 249  30 243 211 246  88 238 220 107 127 207
 123 189 179 215 207 213  28  42 255 228 141 224 177 164][235 245 252 255 232 189  93 191  63  91 252 189 255 255 202 121 223 223
 255 156 254  94 251 179 239 255 246 184 146 212 198 123][201 180 148 241  41  61  48  31  62 187  54 124 191  51 192 191 135  23
 252  24  51  92 211  64 204 251 114 112 202 192 139 185][222 250 255 176 171 201  25 206 187 127 180 185  15 223  67  26 167 213
 253  80  10  71 138 243 219 215 127 255 162  21  39  91][ 93 149  59  76 203 108 183 106 236   8 175   8  92 247  40 115 236 215
 123 106  81  11 179  69 243  41  74 126  66  34 171  98][ 40 174 154 103 240 175  98  95 118 169 255  76 243 227 200  48 121 254
  70  24  27 186 233  63 239 207  53  97 233 202 202 169][172 111 236  37 132  15 239 252 122 174 242 207 195 104  23   3 221 236
 127 231 236 246 205  42 244 123 239 148  69 252 211 192][188 205 111  74 213  91 207 236 197  70 172 139 107 109 191 180 123 194
 195 255 255  35  60 254 123  79 133  85 119 255 246 244][ 56 125 120 238 125 239  83 220  55 160 236   9 127 223  97  16 186 249
 215  96  10  59  88 191 243 197   1  57  50 123   6 170][250  35  18 200 106   7 184  74  28  44 210 235 140 131 160 209 254 157
 239 229  40 139 195 220 144  33  42 248  16   8  47   1][120 100  82 108  57 191  82 126 171 170 172   8 127 243   0 148 144 244
 204  40  72  39 154  31 243 223   1  57  98 242  74  34][221 124 190 247 173 126 255 222 250 250 183  24 223 253  91 107 167 245
 125  31 169 229 251 234 215 255 127 148 198 245  35 227][ 72 157  63 249 176 140 113  55 236   9 126  64 188 191  32  80 166  51
 127   8 146 184  19 245 207 255  50 192  66 128 129  11][212  46 158 244  42 104  17  16 168 190 183 185 151 151  67  91  39 245
 205 114  40  69 160  32 209 227 114 177 160 241   7  99][ 45 174 242  81 116 159 235 216 127   1 116  72 179 201 156  52  27  40
   2  28 162 244 108  63 110 222  21 100 195 136  82 164][226 188 182 186 173 237 144 230 159  87 128  25 174 252 110  11 137 115
 235  17  54 111 218 247 153  82  93 123 208  76 135  74][ 73 135  57 125  48 140 109  55  60   9  74  80 181  39 144  96 148  62
  61  12 210 152  33  15 231 255 186 192  16 128 129  41][ 32 160 145 217 253 205  17 207 223  61 160  24 166 148  76 100 129  27
 202  16  18  47 250 211 141 148  16 127 144   8 133  46][ 62 253 103  74 205 217 238 228 133  84 205 143  67  93  62 165 120 194
 211 227  93  35  62 181  51  89 197 123 103 159 246 246][ 35  40 226  25  68 155 224  87  95 113 112 214 168 136 214 172 122  42
  18 157 135 252  71 209   6  24 146 192 207 140  91 156][ 33 161  97  65 116 155 232 121 127  97 112  70 136   0 148 180 122   8
  18  28 147 186 101 221  14  28  19 100  95 140  82 164][248 112 119 100  67  75  85 252 225 160 164  40  31 151  33 181  58 148
 196  98 105 183  48  28 243 200  65  54  99 176 102 186][137 156  59 108 116 156 123 118 120  72 126  80 191 183 176 240 180  58
  21 110 225 188  48  47 227 253  34 128   2 192  99 105][ 92 120 190 247 173 126 249 152 255 186 183   0 255 249 217 107 175 245
 253  27 168 245 251 224 223 255 255 149 230 241  99  35][  9 253  57  83 242 221 191 183 158 123  22 236 252 246 202 160   7 115
 247  79 227  88  58 119 111  79  62 232  14  20 141 249][ 41 233 100  83  69 221 224 192 123  52 244   8 163 200  84 189  72 168
  66  88  78 250 254  49  15 217   5 101  67 136  90 172][122  53  42 172  15  91 144 111 133  36 222 175  46 157  54   0 236 151
 251 161 220  43 211 205 243 113 154 187 119  12 190 222][ 53 113  43 237  30  79 167 124  68 200 220  98 211 213 177  32 124  28
  91 107 201 179 117  28 245 133 173  20 125  59  52 248][  0  71 117  69  36  74 239  48 108 172 254  96 219  53 149  52  62  84
 126 106 193 176  97  76 103 190  99 128  71 179  71  97][ 70 188 182 186 203 237 148 199 159  87 169  25 174 252 110  27 161 115
 235  17  54 111 154 241 153  82  95 123 208  93 135  78][222 247  90 162 178  11  31 248  59 188  63 253  79 231 202 149  55 221
 205 114 122  81 140 118 248 193  37 247 166 247 143   1][168 106 172 181  12  15 207 188 182 190 146  77 227  41  19   3 221 228
 127 111 232 255 209 170 241 243 239 144  64  60  82  72][ 75 182 148 177 171 188  48 159 175  91  10 117 140 154  74 218 135   3
 237  21 151  77 131 211 140 116  30 255 136  68 139  31][232 185  26 112 112 141 121  53 171 173 100  13  63 151  66  16 132 188
  85  92  82  94 146  85 223 217  48 105  74 128  66  27][ 41 171 218  99 240 175 115 219 119 169 255  44 243 227 194  48  94 238
  70  28 154 186 233  63 110 157  37  65 202 202 202 161][ 56 124  90 230  87 207 115 252  55 160 109  10 127 215  41 144  58 251
 147  66  74 178  24 191 247 205   1  41 115 155  70 170][ 65 188 148 117  32 189 120  23 127 123  54 124 159  50 194 255 135  15
 124  24 183 220 211  65 142 251 114 194 202 192 139  13][ 41 172 113  65 116 191 235 119 117 105 122  72 179   1 148  52  29 170
   6  56 179 184 101 127  45 156  32  64 207 138 194 173][ 82 250 243 178 106 225  25 198 175 255 144 171 173 159  71  90 167 253
 255 147  10  79 138 240 217 214 191 255 164  85  39 123][ 67 185 149 155 170 232  48 135 174 113  10 229 172 182 198  90 167  19
 232  17  23  72 223 113 140  22  30 250 152  80 129  95][185  81  95  76  75 223  86 113 225 128 165   8 122 211  37 181 184 176
  68 106 105 163  56  92  51 217  65  27 107  50 106 166][ 52 102  88  97  96 107  71 248  54 174 189 168  83  99 201  16  27 220
  70 106  72 178 105  30 238 143  37  52  97 251  70 161][231 199  45 190 136  38  79 184 146  94 149 213 193 103 154  91  93 198
 125 239 248  71 239 247 232  59 239 220  20 247 176 112][ 35  40 102  25  68 155 160  71 126 121 112  86 168 136 214 172 104 170
 114  29 135 254  71 241   6  24 146 224  79 140 219 140][ 90 241 152 168 155 216  20  13 171  21 137 173 143 159  74 210 166 159
 237 209  94  11 218 145 251 245  14 255  40   6 143  19][ 70  30 151 247 170  38  60 179 190 155  75 246 253 231 161 239 119 119
 174 144  49 221 155 234 140 166 255 128 168 241 169  49][182 221 111  90 213 247 214 252 213 194 172  31 114 124  63  37 121 242
 211 251 253 235  60 190 123  15 133  23 245 127 254 246][208 153  26 238  49 204  86 112 169   8 252   8  62 219  33  80 180 251
  76  66  72  43 146 111 243 253  34  26  82  34  99  11][248 226 217  97 250  75 117 237 119 169 244 232 187  27 200  48  62 221
 238 240 126 126 231  94 254 221  55 237 101 144 230   9][117  52 148  69 173  63 198  40 123 234 187  76 202 120 213 191 153 228
 124 126 173 247 221  10 190 126  69 118 202 127  90   4][163 167  99  89 245 159 233 119 125  73 116 212 184   1 180 165 126  42
  18  28 243 184 101 223  44  28  50 192  95 140 210 173][ 88 106  26 169  58  83  18  67  36  37 206 168 143 131 163 212 126  29
 206 160  12 155 225  14 242 229  42  19  50 138  47   5][ 90 153  23 188 147 196  53 103 172  25 106   0  60 183  32  82 166  51
 185   0  83 137  18 245 241 247  90  75  16   0 165  59]