[ 16 252  57 105  26 205 113 214 174  51 172   8 183 151   0 112 163 155
  75   0  67  29  48 117 213 205  50 101  80   0   7 170][ 68 168 157 113 136 236  97   3 242 251  34  24 151 151  64 122   1  22
 104  24  19  92 179   0 205 235 117  68 128  64   7  99][ 47 191  97  64 249 219 223 248  91 252 184 233 155  28 215 181 159 255
 215 247 238 122 108 252 254  89  45 254  71 190  70 253][ 41 205 121 103 116  11 111 248 117  40 126 192 115  99 145  48 126 204
  23 106 233 176 105  63 102 141  33 132 127 187  74 169][ 66   1 255 229 236  10 124   7 233 145 178 194 157  43  84  91 230 215
 127 201 144 233 195 192 148 184 250 128   4 160 161  41][ 34 245 104  10 127 209 158 237 139 116 188 171  40 204  62 148 158 179
 195 229 102  43  46 223  50  84   9 191  87  30 255 222][205 175  22 170 253 209 111 255 254 214  12 132 237 227 251 247  51  66
 202 126 245  67 190 254 238 223 175 109 150 247 173 212][ 36 164 109 251 205 111 196 232  87 178 161  26 210 121  92  11  89 192
  98 171 120 102  91 181  79 154 213 125 113  43 208 130][207  74 138 190  64 128 174 112 180 194 207 199 189 199  51  72 110 235
 179 207 196 159 142 234  84 103 238 136  47 247  57 216][ 68 113  27 190  24 205  51  80 172 200 225   8 247 215  33  80 180  57
 123 226  67 131 154  93 209 165  43  24   8  35  39  50][ 64 186 158 122 105 172  48   7 235  23  96  24 174 147  64  91 129  59
 232  16  18  77 146 113 143 243  80  75 192   0 143 138][173 104 108  81 221  95 230 136 207 242 182   8 211  73  21  47  73 196
 122 127 237 230 125 188  79 219  69  85 211 185  82 166][124 113  89 101  48  79  71  56  97 168 250  72  83  23 129  48  62 220
  76 106  73 178 241  12 245 237  33  52  98 179  70  33][  0 188 158 114 209 237  48 103 254  27  98  24 174 179   0  27 161  59
 234  16  50 237  18 117 141 178  80  75 192  64 143 138][128  72  83  89  72 163 104  70 236   2  98 192 181 131 177 121 106  40
  74 200  33 149   4 125 132 128  50   0  56 145  35 168][ 18 142 223 125  50 234  57  99  62   1 122 162 109 183 160 112 119  63
 166 128   3 152  37  95 220 166  58 131 165  64  39 171][ 24 188  54  58 139 253  16 230 255  95 164  25 174 191  34  17 165 179
 201  65  46 111 178 245 219 211  82  59  82  69 135  79][ 89  80 255 101   4  22 111  48 100 234 247  68 219  55 153 114  54 196
 125 238 201 181 181   8 227 239  96 128  46 179  96 113][ 13 245 121 103 240  78 111 184 116 168 127  64 211 119 137 116  54 220
  84 106 233 176 121  46 111 175  37   4  98 243  66 161][ 87  47 107 226 222 130 235  85  36 128 155 194 221 207 217  96 118 183
  95 253 211 139 157 238 252  45 175 200 173 130 177  56][ 50 144 109 181  21 207 112  55  55 105 242 247 179  29  20   0 236 190
 255   5 169 252  81 223 207 150  16 195 237  12  84 123][244 124  27 254  32 239  67 248  48  10 225 104 247 215   1 121 146 249
  68  98 107  86  88  63 209 131  33  56  48 113   3  43][ 57  88 123 101 100  78 103  80 101 234 254  66  83  21 145 112 126 252
  54 106 201 180 113  10  87 239 224   0 103 187 100 177][  6  60 224 147 242 161 186 202  26 235  25 183 204 254 127   8 191 123
 147 151 130  84 142 242  12  22 159 238 149 119   7 215][ 41 236 250 111 244 171 111 255 118 163 126  10 243 225 144  48 123 238
   6  56 155 188 109  63 110 207  37  96 231 218 210 168][204 161 220 242 236  13 124 185  59  59 181  24 223 251  72  27 183 159
 127  58 114 114 203 209 223 251 119 252  66 160 195 129][104  97  81 103  48  14 111  60  41  40 107  72 223  19   8  16  22 220
  76 110  72 176 201  13 230 253  33   4  74 178  66  32][253 113 252  98 173  95  87 152 105 250 181   8 219  93  77 191 148 212
 252 122 201 103 249 160 251 217 101  62 194 247  66  35][ 27 172 235 205  22 214 235  87 118  65 222 130  57 159 176  96 127 174
  31 157 155 152  53 207 251  47 186 192 167 130 180 232][ 95  61   3 165 115 190 106 114  49 232 202 236 141 130 145 244  54 237
 220 239 141 146 148 236 180 116  43 162  46 167  43  21][236 240 244 115 237  61 208 152 251 187 181  24 207 217  93  63 153 220
 127 122 154 103 251 144 223 217  85 126 194 187  82  39][165 183 149  65 186  11 132 191  94 249  48 252 198 100 204 135 151  86
 238  48 243 120  75  23  44  22 117 246 220 232 131 149][214  52 159 244 168 172  89  26 187 155 179 121 223 255  73  91 167 247
 125  16  58  69 219 194 219 251 127 254 128 225   3  19][ 64 244 151 117 201 140 100  55 249 155  34  88 190 179  64 191 161 118
 108   8  99 237 146 101 173 250  86  18  72  80 195 171][236 166 133   1 205  43 163 200 206 179 161  92 198 224  72 139  25  68
 234  51  51 101 201  22  28   2 101 124 200 111   3 160][ 56 185  59 120  91 205  81  87 227  21 164   8  63 159  96  48 168 187
 213  16  26  43  50  21 219 201  16 123 114   0 198 250][229 123 254 102 236  14 255 188 233 254  54  45 219 109 223  59 190 245
 119 111 225 115 184 104 118 219 101 132  77 243  67 241][ 64   0 159 116  40 204  81  19 160  29 166  24 183  55  64 122 128 182
 108   8   8 105 227   0 211 171 112  17 224 128  70 106][205 207 148 236 233  89 127 253 235 246  60 140 239 227 171 167  19  70
 238 110 100  67 174 251 242 255  71  61  82 246 175 221][122 156 239  85  21  70 121  51 125 235 242 241  58  62  20 113 237 181
 189 129 185 220 213 207  77  62 250 194  45  32 116  59][  2 149  18 136 151 165 176  71  12   1  90   2  44 154  32  64 234  43
  19  17  18 184  16 221  41  20  26  66 148   8 161  11][250  56 255 122 233 244  89  86 171 223 180  61  46 253  87  63 173 243
 253 145 186  79 178 226 219 123 220 251 199  68 118 127][ 87  95 106 188 234  34 222 243 177 198 218 231  73 238 183  73 254 231
 181 231 252 195 142 236 178 122 207 138 173 247 184  85][ 90  79 198  21 162  18  60 182 176 142  90 231 109 166 163 203  38 119
 173 193 164 217 135 104  36  34 254 129 167 244  45  77][ 57 235 113  97  48 155  71 188 101  96 252 232 211   1 144 180  30 140
  68 110 201 176 109  29 166 204  33  52 115 154 194 225][ 56 105 124 105  77 205 113  68 103  52 102   8 191 155  64  57 168 156
 253  88  74  56 243  49 215 249  16 105  98 128  70 138][218 249  19 174  59 205  82 228 175  72 168 237  47 222  34 212 230 251
 204  66  79  11 154 255 178 244  10 122 122   6  43  31][236 195 165 237  12  14  79 185  33  62 135  93 211 103  24  91  84 196
 125 110 232  70 251   0 197 187 229 148   2 179 214  96][ 34 145 102 201  95 143 188 101 141 104 240 171 168  28  52   1 236 177
 215 165 248 187  84 221  53  58 138 226  85  12 246 219][  2 148  18 152 215 228 176  99  62  27  74  18 172 190  32  64 225  27
 179  17  50 136  18 215   9  54  26  75 144  64 165 155][ 41 171  83  97 240 143  99 117  40 168 104 236  55 131 128  48  54  42
   6  92  83 152  32  60 252 141  36  96  96 130 195 185][ 40 236 121 126 100 205 103 252 255  14 124  40 183 215 136  48 145 122
  70  74  74  54 106  63 231 223  48  56  82 147  70 171][198  38 196  53 162  42  44  25  58 190  19 253 205 102 217  27  55 213
 237 183 164 212 205  74 140 162 125 164 229 240   7   1][118 112 114 108 111  23 210 120 129 200 245  47 106 221  55  50 252 245
 223 231 200 167 162 200  19 120   1 154  71  63 118  87][126  57 148 190 169 237  80  72 135 160 233  25 239 255   1  90 200 241
 255  16   8  99 218 186 147 247 198  59 210 123  70  18][153 115 185  97  32  79 121  21  49 236  54 173 159  31 195  56  54  60
 213   8 201 212 241   8 199 217  37 160 102 176   6 251][ 82  50   2 170  42 128  58  64 172  12 211 231 172 198  41  80 230 185
 207 199   6 135 130  65 144  32 170 138  12   3  41  17][ 11   4  55 221  53 251 160 103  92  65  90  82 170  56 180 228 232  38
 122   9 181 185 117 207  21 126  26  66 198  76 245 108][  3 150  26 219  49 188 112 119 253   9 127  84 174 178  38 100 165  43
 142  28 182 141  48 215 139  62  18 195 154   4 169  15][210 249 179  79  43 204 188  69 173  73 210  35 188 156  84  34 174  63
 253 193 194 169 195 225  23 120  90 155  69   6 167 255][ 66 161 188  81 141 205 165 143 234  61 140   8 144 185  94 110 161  86
 121 153  18 105 171 241 221  28 223 127 128  66 213  42][ 98 161 118  79 108 192 184 109 169  25 251 161  76 159  28  19 206  23
 119 193 208  43 195 213   7  56 202 203  69 134 247 155][134  12 134 159 140 163 174 234 150 147  91  18  72 234  57  73 121 107
  59 147  48 245  75 238  44  38 207 192 148 123 176 128][190 118 101  94 233 119 159 248 155  90 181 253 122 252 191 187 159 209
 213 103 237 103 106 191 115  91 109 191  95 127 126 119][214 253 106 176 186 217 154 198 187 236 184 189 175 158  71  16 167 251
 253 213 190  79 170 247 251 213  47 251 196  21   7  95][147   0 103 221  85 230 233   3 125  83 210 146 185  14  20 109 108 141
  59 141 171 220 117 215  21  42 218 192  37 132 113 252][203 219 146 212  97 148  60 247 237  73 118 100  44 154 164 246 166 119
 190  72 199 185 178 225  55 120  22 130  10 148 169  29][ 73  48 151  97   1 111  49  83 110 249  42  24 158 147  64 122 161  21
 106  24  17 253 145  64 221 223  82  70 200   0   3  35][  8 181 121 235 242 201 115 215  62  13 124  33 191 151 104  16 183  27
 135  16  18  56  40 119 255 197  54 237 240 130 135 235][199  36 230  21 108  58 248  66 253 250 151 150 136 156 215 255 239 205
 255 159 165 247 231 194  22 122 219 166 143 245 123 213][110 162 224 104  61  62  90 153  67  61 189 185 203  77 220  62 223 213
 221 191 158  99 237 145 194 221 129 253 247 231 222  87][ 19 186 202 217  98 157 184  87  62  65  86 231 189 143 240  32  62  57
  23 157 151 188  53 209 198   1  58 192  45 128  41 153][173 230 196  67 244  63 234 220 127 227 125  92 219 104 221 189  31  76
  86 126 183 244  93 222  46  94  37 100 207 255 218 133][248 111  86 102   9  24  86  96 225 132 172   8 107 227   7 151 168 246
 236  98  76 107 130  41 243 249  69  59  99 243 110  10][222 134 102  30  50 106  43 232 124   7  83 181 108 236 186 205  51  71
 207 231  50 213  13 111  16  38 122 193  38 229 181  85][ 73 185  19  81 185 222  33  23 239 233 234  72 190 146 192 244   0  46
 104  24  17 249 241  64  45 252  17 114 202   4 131  45][ 54  36  82 224  85 178  98  66  53 161 235   2  73 162  37 220 249 172
 142 176  28 147   1 142  27 220 146  67 163 207 120  14][122 174 251 112 234 249  21 199 171 191 188 169  47 191 199  26 167 255
 237 144  22  75 166 241 218 215 126 251 231 212 167 235][  5 184 157 249 108 173 184  26 142  57 113 120 180 159 192 105 143  25
 119  25 131 108 203 241 204 152 123 252 156 137   1 161][ 18 151  50 154 155 225 152 207 159   5 153 179 172 222 110  68 243 155
 139 145  54  11  10 215 185  20 154 235 148  76 165  78][130 144 171 153  16 225 177  71  30  87  64 147 180 158  96  72 217  59
  51  17  18 220  82  83  77  22 154 107 144   8 181 218][198 126 166 154 123 189 186 194 191 254 146 253 172 238  99  91 167 123
 255 215 166  77 142 250 156  22 223 251 140  85  15 223][ 56  13  86 236 213 246 102 127 197 128 254   2 123 251  33 208 120 230
 142 232  12 171  16 140 123 239 164   9 179 254 248  10][139 155  50 153 183 181 184 215  95  89  86 117 188 154 182 236 231  43
 150  21 183 188   3 247  14  95  58 194 218   4 169 157][198 164 166 147 220  34 168 202 158 243 211 147 204 238 120  75 127 223
  59 181 178 215 143 214 156  38 223 196 133 101  49 208][ 99 156 182  92 253 252 240  35 255  31 110  24  46 184  38 118 161  50
 234   8 182 237  50 227  23  62  80  75 194  76 205  47][246 221  47 158 219  68 159 232 137  94 153 171  72 252  46  51 237 215
 221 227 248   7 234 255  51  54 206 255  85  55 182  87][ 88  60 178 248 189 237  82  71 235  11 168  24 142 248 100  26 169 179
 223  17  26  43 146 226 147 245  18 123 192  92 167  10][  9 151  58 127  53 188 241  55 237  77 127  68 190 187  18 112 134  43
  12  12 215 184  48 111 199 253  50  66  74  70 203 235][233 120  76 103 104  15  79  56  43 232 180  77 243  89 211  51 150 100
 125 110 233 116 217  61 238 217 101 180  72 163  90   9][ 66 153 175 223 170 242 189 167 238  93 206  34 252 246 182 110 103 119
 251 153 146 201 191 241 237  54 222 195 132  68 165 127][229 223  29  94 121 133  79 248 255  72 168  76 126 227 165 112 212 107
 108  78 227   3 186  63 179 190  37 186  88  51   2 185][  5 164 157 193  92 169 169 202 142  53   8  18 149 130  88  10 233  10
  74 153  18  56 218  81  13 144 155 108 144  73 145 160][102 180 233  82 218 110 147 139  58 255 171 157  82 124  76  58 157 215
 121  17 187  99 249  66  29   6  93 246 193  97 214 115][ 45 164 144  95 181  63  70 185  87 163 111  92 210  96  25 189 153  78
 106  62 189 244  89  30 173 222  85 116 202 255 218 164][212  80  91 102  58  72  83   8  34 172 167 168  95  87 201  82  54 213
 236 226  72   5 173  72 242 225  33 149  32 179  39  59][100 113  89 101  56  79  67  24  34 168 187  72 215  19  73  48 152 212
  76 122  73 178 217  24 229 152  33  52  64 187  66  33][196  40 211 251 232 169 104 134 254 147  98  80 189 227  65 219  99 107
 106 152  51  92 198  98 140 146 118 104 200 209  35 136][ 86 110 199 188 170  42  46  86 189 142 210 237 205 230 129 219 166 245
 111 239 160 195 135 234 176 178 126 152 132 245  39 125][121  37  99 108  52  27  66 120  97 224 245  74  27   8 148 176 120 140
  92 106 205 183 245 142 178 237 161  60 111 170  90  36][184 191  87 101 240 239  95 247  63 168 254  40 127 119   4  16 158 255
 198  96  56 187  65  95 255 223  37  19 226 224 198 187][ 17  83 119  77 114  26 106  56 101 232 123 230 115  73 149 116  54 164
  52 110 197 176   5  13  38 236  33 128 111 163  64 149][219 222 111  94  34  86  63 180 248  94  86 247 253  44 150 231 103 117
 189 239 229 205 175 235  99 107 254 129  54 245 183 125][ 54  32 250 140  79 203 178  72  91 162 248  43  74 248  63  48 250 253
 226  33   4 243 206 219  17  54  15  63 213 110 127 134][ 35 249 113  75 244 141 235 244  75  73 120 104 177  29 156  36 158  26
  87  88 211  58  96 245  45  28  36 234  85 138 195 249][104 176 183  70 105 253  81  90 235 189 189  40  94 247  76  54 129 244
 108  16  19 107 250   1  27 220 113 126 194  67  70 227][131  18   4 157  62 183 136  91  94 105 208 247 244  10 180 233 206  35
  94 149 183 205  85 221 148  58 186 210 156  12  57 157][ 13  52 189  67 185 127  51 154 171 249  61 120 222 119  77 191 135  95
 223  48 179 112 251  96 143 223  37 246 202 115   7 179][ 69  32 149  77  56  15 105  27 238 162 162  72 223 115   5  63 148  52
 122  40 161  97 243  72 133 186  67  60 200 160  67  32][114  80 114 236 111   7 222 120 137 200 240 171  74 221  53  16 254 245
 223 103 200  39 128 221  51 120   9 190  87 191  98  83][134 132 134 159 156  35 170 234 150 147 211  18 224 234  57  75 121 110
  59 179  48 245  75 238  28  38 223 196 148 105  48 128][  0 134  43 187 148 227 179  71  30   5  75 147 181 109  50  64 217  43
   3  21  50 152   1  63 205   7 186  64 148   8 181 234][171  63  70  53 115 159 120 119 189 200 118 229  13 130 163 149  46 173
 214 228 165 159  20 206  54 121  34 130  42 164  43 157][109  97  80 101 113  10 107  57  97 160 239   8 219   3  24 180  26 140
  68 106  72 176 217  12 231 253   1   4  98 162  74 160][215 165  75 234 214 134 110 109  52 128 201 194 113  75  56 112 126 175
  91 251 120 143  29 254 249 140 143  72  37 130 178  40][ 57  97  89 101 116  15  71 121  97 168 250  72  83  17 129  48  58 156
   4 106 201 178  85  12 246 237  33  36 107 186  66 169][ 18 135  91 109  50 194  57 119  60   5 122 226  45  39 160 112  54 191
 174 128  48 152  37  79 252 166  58 193  37 128 165 105][199 124 134 154 121 173 186 198 191 219 152 245 172 238  83 218 167 123
 255 215 167  79 202 251 156  22 222 186 140  85  43 221][ 43 191 100   3 125 155 250 114 107 232 188 237  42  45 215 180 190 243
 215 125 192 250 108 220  62  95 173 178 103 174  90 253][252  61 107 225 180  79 123 176  37 232 254 238  83  85 145  49  62 244
 125 122 217 176 121  44 255 201 165 212 103 187  86 115][177 235 103  65  48 155  79 244 101  96 182 200  83   5 148 181  62 164
  76 110 233 185 101  61 166 201  33  16 103 186  66  44][185 105 172 101 141  95 197  39  71 176 166   8 147  57  85  35 200 164
 104  73  76 235 113 152 251 219 213  53  67 120 214  46][ 83 146 195 155  50 234  41  22  60  73  67 244 253   6 152 108  54  15
  61 156 179 152  37 111 140  38 186 192 172 132 161 125][184 184  58 248 123 201  81  71 163  21 164  57  63 159  32  16 162 185
 197   0  74  47 146 149 211 209  16 123 114   0  46  43][ 88 186 186 116  32 236  81  23 171 157  46  41 191 179  64  90 128  55
 109  16  26  75 130   1 219 245  48  89 192 128 135  43][125 125 252 102 173  94  95 188 105 234 191   8 219 123 223  59 150 212
 124 106 201  99 249 168 243 217 101  52  98 243 194  99][ 83  93  71 190   3 194  62 101 173 192 202 231 108 230 163 214  54 247
 169 227  69 131 134 239 176 102  78 131  45  54  43  95][117   5 137 238 156  36 194 201 198   1 201   2 114 243  57  64  88 194
 106 248  26  35 219  59 185 172 143  28 177 123 240  10][170 156  70 181  85 251 161  55  60  67  86 254 189  61  16 196  47 183
 251   1  51 188  81 207 205 119  26 193 206  12  29 123][192 180 151 181 168  44 121  31 186 187 178 120 157 243  64  91 167  23
 125  16  51  77 211  66 205 186 127 252 136  96 131  59][ 83 189  19 170  59 201  26 232 173  76 249 173 174 214  34 212 254 185
 206 231  79  11 152 253 177 244  11 186  56   7  39  95][ 16 140 150  56 147 232  49 103 190  23 106  49  44 243  34  88 163  59
 234   0  18 201   2 117 153 166  82  75 192  64 175 138][ 32 109  63 110 120 237 119 220 239  14  44   8 247 245   9  48 144 122
  70 106   2  33  42  63 231 221  33  56  80 243  70 171][ 67  52 149  53  33  46  56  55 184 251  34  93 156  38  66  27 133  71
 121  28 177 220 209  64 141  58  93  16 200 228 131  89][ 19 172 107 233  22 199 235  87  60  65  94 194  61  30 176  96  62 187
  23 157 131 156  53  95 245 143 186 192  37 130  33 249][ 25 140 106 233  22 210 235 119  36  65 222   2  57  31 176 224 122 191
 159 188 154 152  53 255 255 237 170 193 167 130 252 232][ 56 105 122 105  69 205 113  68 101  52 110   8  59 155  65  16 168 152
 199  74  74  58 147  49 215 201   0  33 115 155  78 170][ 59  55 114  75 243 254 123  81  41  77 125 109 127 119 142 180 182 191
 212  52 151 144  48  79  35 253  32 130 234 198 238 253][154  48 186 241  49 221  89  19 173 239 182  61 190  31  66  58 134 185
 221  20 201 220  48 194 195 221  48 147 226 132   6 123][ 82 188  54 186 139 253  20 231 175  23 168   9 172 254 103  17 163  51
 203   1  38  75  58 247 155 211  90 123  80  69  39  78][ 25 171  83  97 242 143 111 117  36   0 104 196  63 131 160  52  54 170
   6 220  83 154  32 127 252 205  38  64 106 130 163 169][  0 248  59 250  80 237 115 198 174  53  44   8 190 151  96 112 161 155
  67  64   2  27  48 117 213 133  18  97 112  17  39 122][173 253 125  71 244  78 103 184 117 234 119  64 211 113 137  53  20 220
  86 106 225 240 121  46 111 187 101   4  98 179  66 161][191 127 124 127 170  27 223 184  27 250 180 239 127 125 223  63 151 209
 253 103 237 102 111 253 234  91 109 182 127 255 203 245][215  44 230 145 172  58 248  66 255 251 214 151 140 172 215 107 239 237
 127 157 164 245 231 194 158 122 219 166 133 101 115 213][121  61  18  16 157 189  80  87 255 225 172  12 174 144  70 244 128  42
 204  28 159  43 182  63 154 221  16 123 202   4 203  14][ 65 140  63 153  61 248 224  39 252  65  94  26 182 188 182 232 202  51
 250  17 183 184 119 199 133 127  26  67 212  12 253 236][157  54 199  81 179  59  99  24 115 234  55 252 203  33 209 189  51  76
 228  62 185 244 189  10 140 222 101 228 239 229  66  53][188 233  60 240 141  79 212 234 215 178 160   8 210  89  85  11 217 192
 106 113 104 103  91 188 251 219  69  63 209  57  82   2][ 80  81  27 224  16  70  97  88 164   0 195   0 215 151  40  80 176 149
 105 224   9 131 145  12 209 161  42  84  32   2  37  50][106 156 118 245 117 248 168  55 185   3 127 181 189  63  16 244 195  55
 251 129  49 156 209 207  77 247 154 193 142   4 223  58][ 24 255  90 235 178 201 123 245  63   5  44 129 191 135  42  80 182 155
 141  80  90   9  40  55 251 197  38 109 112 130 167 123][219  79  14 172 162  18 126 231 188  14 218 231 237 170 179 193 246 231
 255 231 108 149   5 223 176 227 238 129  36 116 185  75][ 67 249 190 142 187 208 187 164 174  85 142 160 252 214 246 118 230 119
 255 217 211   9 191 241 253  53 142 219   4   6 175 127][  9 222 253  77  58  91 183 191  62 236  62 236 246  37 130 180  23  86
 238  44 225 248 109  31 110  47 117 148  94 174  79 249][127  93  84  77 155  22  94 190  67 176 172 110  75  51 135 247  79 196
 252 234 237   3 245 158 186 250 197 119  63 245  72   4][211  61 231   5 178  14  47  55  96 234  26 238  89  38 214 182  54 231
  92 173 229 216 181  78  60  46 175 132  45 230   3 125][ 62 181  96  90 219 211 154 105 155 244 189 139 104 220  30 180  63 155
 211 163 247  99 126 223  59  84 141 255 119  14 151 214][ 57  92 123 101 100  78  99  16 101 234 254  74 115  21 145 112 124 252
  86 106 201 182 113  42  87 237  32   0  99 251 102 185][122 129 122 238  62   0 154  45 233   1 153 136 207 223  28  96 222 151
 125 227 216  35 206 213 242 249 138 255  85 134 247   3][ 65   2 156  37  40  46  40  16 168 188 163 237 143   7 192  90 134  69
 109  28 148 197 195  64 196 241 106 144   8 161   3  81][252  77 254  86 151 114  87 160 241 198 167  10  75 125  31  55 120 244
 236 234 236 231 189 174 251 255 197  19 231 247 254 102][104 156 214 245  85 190 184  55  57 171 222 120 189  59  16 182 111 183
 247 129 177 186 209 207 207 255 186 194 239   4 139 171][ 57 237  89 101 116  11 111 248 116  98 126  76 115  97 145  48 122 204
  22 106 233 178 109  63 118 143 161 132 111 187  66 168][165 110 212  71 196  31 238 216 123 250 119  84 219  72 223 191  89  76
 118 126 229 246 221 234  46  91  69  36 207 255  90 132][ 73 240 150  85 105  60 100 182 235  27  34  88 190 178  64 191 161  70
 110   8   3 105 147  97 141 251  84  10 202  80 203 137][195 139 215 247 236 136 172   5 168  17  19 112 180 139 216  75 230 119
 127 217  82  72 131  97 140 184 254 200   4 130 161 169][240 107 215  52  11   8  68  96 185 138 226 109  46 226  69 147 162 237
 108  66 108 199 130 104 144 176  68  26 104  48  98  15][ 11 158  50 155 183 151 184 215  95  73  86  86 172 152  54 228 247  43
 150  29 183 188  49 247  15  95  26 194 218   4 169 157][133  56 145 251 108 173  41  16 158  57  81 112 148 211 104 233 135  57
  55  24 147 244  74 112 205 158  59 236 152 137   1 161][  1 149  62 126  49 156  49 115 237  77 111  21 254 249  46 113 164  35
 217   4 214 169  50 109 211 249  18  75  74   2 171  91][ 97 207  73 124 248 137  76 191 251  50  56 200 179 227 149  49   7  74
 108  76 235  40 198  63 238 158  53  56  92 208 194 136][ 61 201 231  79  52 155 235 176 117  64 127 198 251 109 189 228 126 232
  22 110 201 184 109 189  46 254  37 128 127 175  80 253][ 56 141  86 236  21 242  86 119 197 128 250   2 107 187  32 212 120 246
 140 224  92 187  17 141 187 237 134  17  55 238 248 138][186 217 111  76  82 195 191 244  21   8 246 226  57 159 165 133 126 249
 151 226 104 187  36 253 114 169 174 129 119 154 108 187][ 27  65 231 141   6  22 239 188 100 192 198 198 113  96 155 228 120 204
  49 239 205 144  53  12 100  43 238 128  45 246 113 236][ 30  79 194 182 211 180 191 208 180 134  79 135 109 231  99  92 126 235
 147 206  96 147 154 234 246 231 158   8 167 247  39 248][194 180 212 187 234 169  60 111 191  51 209 179 141 182  72  91 167 159
 255 144  50  77 203 211 156 242  95 254 148  68 163 209][119 123 181  86 106  76  16 152 163 248 176 109  18 221 205  58 132 220
 125  86 143  82 250  32  31  88 101 254 200  51   2 119][196  12 149 189  46  46  40 138 190 179 194  82 213 243  73  91 231 213
 127 129  33 197 211  67 205 162 255 132 136  96  33  33][ 34 177  38 200 124 143 184 105 143  40 240  42  44 156  52   1 204 145
 215 225 218 171  66 221  29  24 138 250  85  14 114 131][174 246  86   9  99  45 188 216  57  62 117 255  12  75 239 159  55 153
 199 166 226 118 138 211  86  16 113 174 127 213  11 145][253 105 104  99  78  83  79 216  99 228 180  10  91  77 223  58 122 220
 213 250 200  54 253  58 127 201 165 181 103 179 118 224][ 87 134 226  15 178  34  42 184 117  79 219 247  73 104 158 196  55 205
  47 175 180 180 141 239  28  38 171 196 175 231  33  85][203 131 114 218 245 148 124  39 233  21 119  21 172 202 190 245 198  43
 158  12 246 168 166 197 162 121  18  75  30 132 233  13][  6 124 226 147 246 161 186 204  30 227  80 179 108 238 125   8  63 121
 147 215 162 212 142 234  60  14 159 174 133 119  49 217][113  33 149 108  13  31  64   8 107 168 160   8 243   0  17 182 136 164
 108  44  77  98 243   9 145 248   1  56  72  34  74   4][  2 148 144 153 243 229 176  74  30  27  88  50 140 158  96  72 231  27
 147  17  18  12  19 211  13  54  26 207 144   0  37 147][130 157 179  90 215 252 176 103 255  19 106  16 172 188  36 248 161  59
 178  17  54 250 178 247  31  62  18  75 210  68 229 142][  2 145  18 136 151 165 176  67  14   1  74   2  44 152  32  64 234  27
  19  17  18 168  16 213  41   4  26  66 144   8 177 131][ 84 204 202 191 188 171 110 156  54 163 211  83 215 107  25  64 123 239
  63 247  59 212  73 191 252 231 191 196 188 251 185 128][ 17 169 190  55  87 141 176 103 254   5 106  23  36 136  54   0 162  43
  66  21 214 249 150 103  45   4  30  66 109  12 187 206][182 126  58 186 186 201 159 242 188 222 176 185 183 222 103  17 175 251
  93 199 238  79 170 127 251 211  63 187  69  49  39 219][236 161 124 241 236  45 121 250 235 184  52  24 159 171  64  27 175 133
 127 120 144 122 195  80 222 219  99 236 196 161  66 129][122 171 251 112 250 201  57 199 171 157 188 169 175 175 196  18 166 187
 239 144 146  75 166 209 254 213  62 235 231 132 167 235][ 71 126 199 151 234  14  47  52 188 142 210 197 253 230 145  91  38 231
 127 206 161 209 151 104 180  50 238 128 140 241  35 249][ 50  32 210 172  95 203 176  75 222 160 248 171  78 248  39   0 250 189
 195 161  12 243 198 217  21  36  11  59  85  40 127 142][110 112 234 230  77  92 251 216 169  92 181 173  91 253  95  63 222 213
 255 227 141  99 250 129  87 249 224 191 231 191  94 243][212 112  61 101  42  74  87  56 224 174 163  56 215  87 136  51 178  85
 108  98 104 229 233  15 241 227  97  20  96  50   7  35][ 58  81 114 236 110   7 222 120  65 232 244 171  75 157  53  49 222 245
 215 103 200 163  69 204 178 248   1 190 119 191 114  77][125 125 248 100 237  30  95 182 105 170 190   8  27  59  85  50 156 245
 116 106 204  50 241 168 255 221   5  54  67 243 194  43][  2 148  30 223  53 248  56  51 189  79  95 177 172 191  54 101 163  59
 191   1  55 152  50 231 143 118  90 195 142 132 141 223][210  75 239 140  66   2  47 116  52 196 214 231  97  38 179 103 126 253
 189 239 232 155 165 108 112  34 238 128  37 181  53 125][139 126  70  21  99 158 124 119 253 202 118 245  44 154 182 181 238 169
 150 141 229 156  20 206  22 123 218 194  47 132  43 221][231  91 245 229 174  15 222 184  11 186 176 235 255 109 149  59 159 213
 125 239 236 101  79 248  46 218 109 182 119 255  67   5][152 205 121 107  18 207  95 244  53   4 108   1  63  71  32  16  54 155
 133  98 106 184  56 127 243 133  32  65 115 146 166 122][205 203 151 187 236 140 173 189 174  25  83 112 189 211 232 203 166  91
  62  91  67  92 138  97 132 185 126 236   8 176 161 169][ 83  57  90 174  59 221  95 105 173  68 233 169 239 214  34 116 254 185
 221 227  79   3  56 221 177 244  11  59  48  38  39 119][ 41 241  19  66  65 205  97 212 111  73 105  72  30 211 108 180 152  56
  82  72  67 178  50 209  55 156   0 106  90  18 226 188][172 232 144 248 205 197  68 202 215  55 160  24  99 233 105 153 217 202
  34  88  58 102 218 177 223 217 197 125 242  57 212 130][249  74 127  68  66 143 111 240 225  38 246  76 123   1 149  53  34 228
 108 110 224 181  52  61  82 233  97  16  99 179  66 104][ 90 185  58 202  27 212  59 232 174  68 143   8 188 222  70 116 166 247
 249 195 198  11 186 253 251  53  11 123   2   6  47 126][ 60 105 112  71  85  95  67 112  97 164 239   8  75  17 135 180 120 236
 198 106  73 178 249 140 119 253   1  23  99 175  78 230][ 64 168 191  56 155 240  49  39 170  85 108 177 172 246   2  90 131  59
 232  16  18  73 162 117 201 183  90  75 128   4 167 238][105 163 150  16 237  29 100 205 235  61 164  28 238 224 206 150 145   6
 238  44  70  99 162 129 154 219  84 127  66 204 202  12][ 80 171  24 174  56 136  26  40 162  36 169 136 231 231  64 208 212 181
 236 192  74  11 202  53 217 229  43 125  16 131  47   0][ 15  58 199  85 163  58  96  18 113 242 102 228 202  32 213 191  55 108
 228 188 161 208 247 200  14 122  85 226 239 245  75 181][218 165 148 185 170 169 188 207 190  51 210 145 141 166  72  91 231  31
 255 149  50 221 195 209 156 243 255 246 148  68 161  17][ 75 151 110 110  48 180 123  55 161  77  79 164 253 127 154 247  38  23
 189 172 241 137 183 205 227 249 234 200  46 134 173 121][198  12 134 157 140  35 168  74 158 179 210  18 192 234 113  75 121 110
  59 177  48 245 203 218  28  34 223 196 148 105  48 128][104 181  60 101  29 255  81  39  99 173 174  24 178  57  16  51 136 182
 104   1  24 234 241  28 207 217  16  49  64  72 214  42][219 122 250 117  35  94 125  21 233 238  54 173  63 157 215 191 166 117
 245  78 196 212 164 168 103 217 117 179 103 180  79 127][121 166  42  56  89 189  80  87 243  95 100  29  46 136  82  28 161 170
 204  29 158 107 246  19 215 223  16 123 250  68  74  79][ 33 175  91  77 116 139 227 120  96 168 124  78 115  65 149  52  88 172
   6 106 201 186 100  29 116 140  33  32 127 170 114 168][ 82 171  18 184  59 161  48  71 175   5 232 171 172 130 100  84 166  59
 203 129   2  11 130 209 144 148  26 235  16   0  47 143][139 150  62 155 247 151 186  87 223  77  87  22 236 220  62 228 247  43
 150  21 183 188  58 247  15  95  26 195 218   4 169 223][191  78  71 255 102 146 235 112 149 134 247 231 105  79 183 205 126 224
 135 238 232 150  45 255  22 235 234 128  55 191 116 249][ 10 149  18 223 117 252 184  39 189  89  95  49 172 255 174 229 166  59
 183   1  55 152 162 229 143 118  90 195  10  68 175 159][ 47 183 114  67 243  63 123  89 125  73 127 237 106 239 158 180  62 155
 215  60 151 176  44 223 118  92   0 194 239 199 202 245][219 159 110 101  50 138 125  55  60   4 126 231 173  35 146  81  38 167
  47 140 224 152   5  79 230 239 186 128  47 132 163 121][ 38  96  83 140 108   3 218  72 143 128 241  74 204 202 117  10 254 233
  95  99   0  39 138 216  20  24 139 188  20  59  97 129][ 75 184 191  55   1 236  49  39 170 251  46  24 188  54  64  58 129 119
 121  16  19 216 179 101 141  31  92  66 200  68 135 123][141 144 147 251 177 175  48 216  30  59  83  84 222 211 105 236 149  25
  30  24  51 148  27 146 141 223  59 196 154 139 129 161][120  97 122 234  73 201 115  68 161   4 237   9  15 219 106  80 232 184
 199  98  74  51 154  20 243 193   0 107  98  18 110 138][254  93 255  68 151 118  87 187 241 206 238   6 107 252  23 119 121 246
 253 226 237 227 181 142 251 255 197  19 231 244 126 119][190  94  79 223  98  83 106 240  53  70 247 231 105  79 183 205 126 241
 135 230 237 151  45 237  18 227 234 129 119 183 108 253][ 79 124 132 154 121 189 186 206 191 219 153 213 172 206  91  90 199 107
 255 151 167  79 218 243 157  87 254 186 156  85  59 221][ 13 122 215  21  99  58  40  80 233 249 114 228 140 163 193 191  38 108
 238 220 129 208 135  72  12 242 119 128 202 245   3 189][ 88 185 154 180  27 140  16   7 171  29 166  29 174 183  66 210 164 183
 237  16  22  73 146  65 219 241  26  91 128   4 175  27][189 193 119  79  52 159 235 120 239 192 119   2 123 205 189 100 126 168
  54 110 195 181  63 221   6 220   3   4 119 174  97 229][ 36 236  55 110  56 111 103 252 235  28 169   8 247 119   9  49 145  82
  76 106  43  97  59  61 225 156  33  60  66 243  71 168][  9 178 111 119 240 150 121  53  54  73  87 228 253  87 154 240  55  46
 255 156 147 220 101  79 206 127 250 192  46 134 163 249][134 147  52 218 203 224  25 207 175  29 141 177 140 215 104  95 199  27
 171 144  18  75 202 241  93  16 222 239 146  68 165  35][  0 140  58 219  21 252 177  35 254  21  79  16 172 184  62 104 193  59
 170  17 150 184 114 245 207 255  18  67 208   8 253 174][ 31   4 223 181 194 102 125  23  57 243  90 146  93  55   8 123 119 223
  21 173  57 208  17 192 253 227 254 132 166 240 177  32][ 38 249  49  74 221 221 215 236  75  57  61   8 122 221  92  52 153 219
  83  82  83  43 250 245  59  28   5 127 211  27 214 239][231 121 113  70 104  12 126 220 233 232 185 236  52 223 221  50 134  93
 125 110 193   3 218  96  54  56  37 188  76 179  67 153][ 88   2  31 229  42  66  81  50  37  53 134 161 223  23   0  91  34 149
 237 128   8 201 225   5 209 227 122 209  34 128  36  99][190 105 170 254 209 148 175 196 180 134 236   3 105 231  59  72 120 235
 131 206 122 219  58 235 243 231 222   9 179 115 166 234][  2 135 155 154 210 224 185 111 190   7  73 179  44 230  40  80 247  59
 163 145  50 155  10 247  93  38  26 203 144  64 167 251][120 141  86 236  29 146  86 119 101 128 250   3 107  59  32 212 248 230
 236 224  92 171  17 173 187 249 130  19  39 174 248  10][181 106 172  55  45  31 198 220 255 250 178  93 195  72 223 171 216 228
 110 127 236 247 223 170 174  91 101  20  73  61 218 132][ 65 149  63 126  53 236  49 123 236  93 107  21 254 253  42  81 164  19
 121  37 146 169  50  85 211 249  66  74  64   3 167  83][ 91  95 130 173  38  18 108 118  45 202 218 231 173  42 177 192 230 239
  61 133 204 152 133 202 176 247 190 130  46 244  41  29][200 188 149 245 177 238  57  23  62  59  82 112 188  55 192 253 135  63
 125  24  51 220 193 119 205 246  62 192 138  64 129  57][210 188  54 186 139 229  20 229 191  87 160  27 110 254 110  89 163 179
 235   1  54  79 154 247 155 211  90  59  16  68 167  74][ 25 141 106 233  22 178 107 119  36  65 222 130 121  31 178  96 126 187
  31 172 154 152  53 255 243 237 170 193  55 130 233  40][ 34  18 115  73 101  59 224  88  77  42 255 106   2  24 181 188 120 156
 134  40 137 178 101 216  22  92  32 150  95 255 122 165][ 62 179  52 234 223  87 154 248  31 120 153 111  72  94  78 164 189 145
 215 243 159  99  10 221  27  95 139 255  87  47  63 215][ 73 159 125 101  50  31  59  54 111 232  62 237 255  53 130 118   6 118
 252 108 133 184 101  61 238 255  33 144 106 174  69 125][125 125 121 229 116  78  75 176  33 232 254  72 115  87 145  48 124 244
  93 250 233 178 113  46 247 237 165 128 103 187  86 121][120 253  90 106  59 201  82 232 163   4 172  41  63 223  67  16 178 251
 205  82  78  11 152  63 251 197  37 123  48 130  46  75][126 133 112 232 223 131  94 249   1  32 249  10  75  89  56 213 122 153
 215 227  88  35  72 157 183 249 131 253 119 175 242   2][  9 178  15 187 114 148  57  25 174  89  87 244 252 215 202 120 247  11
  62 156 147 156 251  85 204   1 186 192 138 134 171 241][232 224  72 108 124  75  67 184  83 172 180  41  83  81 218  16 216 204
  76 106 104  39 201  31 214 157  33  61 114 170  82   2][128 169  29 249 204 237 225 198 238  49  64  80 149 131  97 107 201  10
 106  88  19 120  83  53 205 128 114 108 144   9   1 168][153  47 244  69 187 115  92 111  87 230 174 147  43  34 214 245  99 174
 172 172 124 203 101 158 250 223  85  55 163 228 108  76][ 60 133 108 107 213 248 121   3 101  85 239 147  11  13  62  80 104 130
 131 148  62 184  37 245  95 125 146  69 247 205 252 214][249  32 196  99 197  63  64   4 113 163 227  24 139  56  22 190 137 134
 108  28 189 254 213 162 142 219  84  82 235  79 218  14][141 180 253 115 228  46 125  59 123 251 119 124 223 125 216  59 151  94
 116  58 241 244 249  70 207 219 117 196 202 225 195 161][117 109 107  68 212  71 207 253  64 228 252  10  83 245 191  49 120 236
  22 238 201 179 188  44 115   9 165 164 101 250 118 232][  5  15  11 170 148  35 170 200   6 128  91  66  85  98 185  64 123  74
   2 251  19 144   9 124  40 132 175  68 157 123  49 128][ 92  51 156 165 170  40  49  27  46 173 187 237 215  35  65  90 134  87
 109   0   8 192 195   0 196 231 113 144 168 227   7  19][177 121  79  39  96  70 111 112  96 202 195  68 113  87 145 113  54 236
  84 239 233 150  53  12 113 168 165 128  40 179 114 249][202  46 144 216 251 241  48 198 251 147 180  48 140 190 101 255 227 179
 206 144  54  79  34 242 155  86  31 127 146  84 175  15][ 40 181 115 107 241 231 103 247  53  73 108   0  27  23  40  52  89 154
  22 152  27 154 112 182 111 220 132  64 243 194 230 186][168 186  26 112  83 141  48  87 184  13 100  29  46 147  66  16 164  59
 195  16  82 222 146  69 219 209  48 107  64   0 143 139][114  65 115 236 110   3 222 104  73 160 240  74  79   9  53  16 222 133
  87 227 200 163  69 220 178 248 129 190 117 186 114   9][ 94 184  62 186 137 229  18 201 171  31 173  25 110 255 106  26 129 243
 249  19  26  75 154 241 219 211  94 123 146  71 167  74][ 55  19 210  73 230  59 166  88  77  40 123 238  67   8 189 172 222  28
   6  98 157 178  69 136   6 220  32 134 221 251 123 133][ 96  32 185  77  29 111  65   7  91  41 164  24 146  25  20  60 136 148
  89  24  26 106 241  21 199 190  16 123 210   8 214  42][ 38 171  32  26 221 157 146 204 219  61 168  13  42 204 126 148 153 107
 195  85 150  43 138 247  59  20   5 127 211  15 222 206][ 74 176 187 122  27 236  49  10 186  93  45  16 188 215  74  62 161  19
 249  16  18  77 186  83 217 181  26  75 192   4  39 107][141 180 253 115 228 110 125 187 123 251 119 112 223 127 216  59 151  94
 124  58 177 244 249 102 207 219 117 196 202 225 195 161][203  93  23 188  34 150  62  55 189  74  90 229 189 190 160 241 166 103
  61 199 229 152  54 239 162 122 122 130  14 180  35  93][253 107 172  53  44  31 198 189 237 252 178  77 227 200  87 155 200 228
 108 111 204 231 199 168 234 217 101 176  72 188 218  77][ 38  96  83 140 108  11 202  72 141 128 176  74  92 200  53   2 250 225
  95 227  64  35   2 200 144  24 139  56  21  59  99 128][104 125 250 102 244 142 119 247  97 232 126   8 123 185  17  48 220 254
  87  72 216 186 240  44 127 253  36  32  99 250 194  42][101  65 121  69  52  78 111 184 109 232 126  64 211 113 157  52  24 212
 126 106 201 176 249  12 103 190  37   4  66 187  70  33][ 88 236  26  42  24 232  75  40  34  36 237 137 247 199  66  80  80 189
 108 192  14  11 200  61 241 229  41 121  48   3  14   2][  2 188 182 145 236 188 184   7 255 219 218  51 172 190 118 107 231  59
 127 149 178 249 162 192 157  90 222 194 132  76 177 207][ 37 232 219  91 244 255  99 148 127  73 102  72 243 209 157 184 145 110
 118  88  35 248 121  55  15 255  48  64 200 145 194 168][ 86 172 249 243 182   0  63 164  56  19   0 146 253 103  89 107  55  83
  29 155 114  73 140 235 252 134 255 228 164 243 161  41][218 160 148 185 168 168 124 191 191  51 210 144 157 166  80  91 231 151
 127 145  50 220 195 211 156 243 254 196 132 192 129  25][ 45 113 123  78 125 223  87 248  97 236 253  12  90 221 191 180 216 252
 198 106 205 179 248 172 115 221   5  59  75 191 126 255][  2 156  50 216 245 244 184  99 191  93  92  53 172 254  46  77 167  27
 183  17  23   9  50 245  27  54  90 203 146   4 165 215][236 221 149  78 185 111  71 252 255  58 169  88 222 119   9 183 145 210
  78 106 105  97  57 127 161 254  69  52 210 243 198  32][170 201 138 156 221 197 215 239 150  29 132  11  32 249 114  64 201 234
  51 193 122  43 154 191 121  37 143 121  17  56 252 202][ 83 107 206   4 107  24 190  72 235 204 220 175  40 200 215 182 166 229
 238 199 198  67 166 232  54 125  15 187 111 246  43 205][ 52 140   6 236 157  39  66 234  85 131 234  18  67 107  52 212 249 194
  34 168  56 171  67 255 185 174 195  85 209 105 112   0][236 253  17 115 161 238 103 188  59 186 163 120 223 119  73  93 151 222
 108 122 123  94 217  54 237 246 101 116 138 243 134  51][157  82 146 251 176 191 106 216 127 155  87 116 222 211 233 236 183  40
  62  94 163 148  43 242 138 223  55 198 154 147 137   5][205 125 151 252 234   5 191 252 138 154  24 104 252 243 105 163 175 123
  95 227 193  71 146 113 117 137 111 172  24 113  35 169][175 165 224  83 229  61 237 217  91 255  53  24  74 248 223 191 153 206
 247  31 190 118 254 226  95  95 213 111 199 253 218 228][189 204  99  94  85 223 234  96 213   0 247   2 123 200  61 225 120 168
  26 239 238 183  60 255  51 105 129   9 119 175 116 108][ 33 237  17  65 244 143 239 247 125 105 120  64 185  24 148 164 152 170
  22 200 211 184 113 253  45 156  38  64  73 154 195 168][215  59  23 151 178 142  47  49 189 200 210 228 181   2 145 117  38 231
 125 223 225 217 133 108 180  48  46 144  12 163  35  61][ 56  97  58 106  73 201  86 196 165  12 237   9  79 221 107  16 232 184
 199  98  74 179 154  48 243 193   0  11  98  27 110 202][244  44  45 108  13 111  71  72  66 230 173   8  83 229  83  51  24 212
 105 106  40 103 251  61 211 201 193  61 113 123  86 114][ 11  28  98  29  99 188 184 118 253  75 126 247  44 186 182 244 238  43
 183 133 165 156  22 239  22 126 218 131  79  68  43 223][205 208 109  75  50 214 107 152 118  69  71 148 217  71 154 112  55 148
  61 188 179 132 125 127 111  47 186 196 182 131  37 112][112 237  59 238  26 201  86 225 161 132 168  41  39 223  67  16 162 179
 205 226  78  11 168  61 243 193  33  57 112   2  38  74][ 37 240 121  97 124  15 231 216  99 232 121  72  83  81 217  48  25 204
  86 122 193 242 233  28 125 140  37  36 105 187  82 161][141 227 146 187 172 148  44 156 190  26  85 112 253 195 232 239 183  75
  46  78  67  84 138 241 196 249 127 172  26 243 169 169][ 44  23 123 101 244  78  99  49 100 136 123 104 211  23 129  48  62 188
  86  58 209 176 113  12 229 169  32 128  97 171  70 161][220 149  61 234 155 228  19 235 236  81 233  17  94 127  40  81 163  19
 121  35  51  43  27 119 217 233  66  78 112   3 167 114][ 23  18 238 141 102  50 233  17 173 198 247 183 201 110 191  79 126 165
 191 172 188 209  55 200   6 123 203 132 175 231 105 212][218 113 254 118  37  92 124 117 233 198  54 137  43 223  87 183 166 245
 245 143 236 229 178 200 243 251  84 131  71 180 207  95][214  12 134 181 140  34 168  11 190 179 210  18 201 170  80  75 105 110
 127 145  56 221 195 216 140 243 223 212 132 104 177   0][242  60 255  68 151  86  85  59 113 206 190  47  50  61   7 114 237 247
 253 160 237 239 181 206 123 126 213 151  97 100 118 127][100 164 184  72 157  77 193 235  75 191 172   8  82 113  76  54 217 144
 108  56  58  99 235  19 153 158 133 127 209 104  86  34][186  25 122 174  19 215  91  96  45  68 237  11 111 222  34  52 254 185
 149 227 108 131  56 223 179 213 139  59  48  39  38 118][ 10 191  27  59 243 200  55 167 190  93 104 181 172 215  74  80 135  59
 195  20  82   8 138 119 109  21  62 203 208   4 167 219][ 91 179 119 103  50  26 120  55 109  65 127 225 253 127 156 116 182  55
 125 172 133 152 101 221 230 255 160 194  46 134 226 125][ 13  44 146 187 121 173 250 216 190 205  89   5 253 239  99  88 199 123
 255 151   6  66 202 243 205 215 187 232 154  71  43 219][ 41  39  64  72 244 189 234 126 125   9 124  76  43   8 159 180  26 138
  70  60 158  58 100 222  54  92  32 248 223 143  90 141][ 32 201   2 154  84 129 130 228  22   0  89   2  32 200  48  64  88  42
  19 195  66 170  10 191  48   4 138 104  85  27 176 136][108 160 250  50 201 249  83  73 235  85 173  29 207 196  78 158 147 128
 236  50  30  99 190  16 219 213   1 127 194  39  78  86][  0 200 186 251 109 237 177 192 238  29 231  25 182 152 122 104 137  59
 106  17  22  60 242  49 197 181  18 121 208   9 133  66][114 141  86 236  21 134  66 103 101   0 250   3 107  42  36 212 248 183
 140 224  92 171  17 173 179 252 130  67  53  10 248  14][234 176 226  80 105 253  81  82 187 125 180 189  10 141 214 156 141 138
 215  20 154 111 242 209  87  88  16 251 194 132  86 255][  2 148  63 152 244 228 185  98 189  93  91  53 188 254  46  64 167  27
  63   1  55 137  50 247  75  54  90 203 144  65 165 215][ 74 157  23 213 177 238  61 183 173  25  78 100 188 183  32 245 167  51
 255   0  83 201  50 109 173 182 126 194  10 192 133  59][ 63 115 124 232  62  23 218 216   7 236 189 171  78 221 223 160 159 217
 223 247 142  35  41 220 218 221 169 255  87 175 122  87][237  53 244  85 237 126  85 153 115 186  37  24  91 121 223 191  49 222
 244  58 185 114 251 130 127 251  69  47 227 245 206  39][110 249 176 114 221 221 214 236 235 249  60   9  62 253  87  50 137 251
 245  83 202 106 250 241 127 221   5 127 195 119 198 207][248 104 113  68 109  91  65 104  83 164 228  40  11  17 133 149  88 172
 192 106 104 246 193  28  18 216   1  54 115 189  86 164][ 94  50 235 102 114 122 187  16 169 205 191 237 121 127 223  62  54 245
 221 247 137 227 172 234  82  93  41 147 231 247   7 119][ 60 123  90 232  35 201  86 200 165  28 244  35  15 223 107 209 250 249
 197  98  76 147 130 177 243 225  99  15  99  55  46 195][  9 111 150 252 232  21  60 223 138 154  92  96 189 243 227 167 167  91
  94 236  65  75 162 209 230 217 111 172  26 240  43 169][140  81  23  97 160  78 109  53 173 136 119 116 223  87 128 211 182  52
  93  56 113 181  16  76 229 249  98  64  74 178 195 177][103 185 224  16 219 240 178 207 235 245  40 141  12 248  79 158 131  75
 227 145  22  75 158 243  60  20  15 111 205 118 203 214][157 107 154  89 160 191  78 218 127 158 116  52 143 194 239 253 183 104
  46  94 198 213  43 240 138 217  37 236 146 241 201 197][ 42 176 248  81 251 221 177 223 122 253  52  57  24 189  78  58 141  27
 211  17 150 122 242  98  79  29  53 255 195  84 206 211][199  93 183 214  32 198  47 116 249 202  82  64 252 246 181 119 166 117
  61 207 225 213 180 234 177  58  78 130  12 243  35 125][120 109  83 110  83 234  67 112  33   4 237   9 107 211   9 148  48 188
 192 234  10  19 152  63 243 229   1 121 114 135  38  34][ 91 131 116 109  50  10 120  43 109   1 250 192 191  59  20 244  38 149
 125 173 154 136 197 205 166 252  10 194  47 132 235  13][ 37 233 223  75 228 141 231 212 111  81 126  76 243 217 221  48  56 106
  50  94 199 184 223  49 111 137   4  64 233 155 210 168][184 236  59 250  89 215  91 224 181  12 228   9  59 223  35  49 248 185
 151 226 110  15  56  63 243 205 161  41 115 131 102 234][127  56 170  50 121 253  19 208 171 252 181  45 126 220  71  58 173 249
 253  83 159  99 250 113 223  93   1 251 195  39  14  87][188 108 110  94  93 213 194 224 213   6 245  10  98 216  61 225 248 168
 138 235 110  39  42 253  19  91 129  57 115  43 124 142][124 162 177  97  61 107  65   9  67 189 185  40 146  88 204  50 217 148
  76  48  10  98 235  21 153 220  33 127  80  40  86  35][237 253 213  86 249 127  70 188 255 250 184 124 202 115 141 183 159 246
 238 106 121 101 123 255  47 218  69  54 202 247 202  53][ 88 183 250 162 178  27  94 253  23 173 220 175 143 175 106 208 247 219
 141 113 222 152 136 191 250 197  47 245 180 202 141  91][ 50 165 119  75 243 203 103 239  53  69 125  32 115 119 172  52 219  26
  22  56 123 184 105 191  47 220   4  70 243 130 230 239][ 45  35 224  67 213 123 226  73  67 101 125 143  75 104 158 148 122 136
 130  46 156 178 109 152  22  93 129  37 247 239  94 196][237 125 117  69 116  78 103  48 125 232 126  72 211  21 149  53  58 124
 108 106 225 176 241  12 103 184  37   4  66 186  70 177][ 69 209 109  75  16 214 105 152 118  80  71 132 209  22 159 125  54 132
  60 223 203 144 125  85  69  43 170 196  53 147 117 116][141 239  20 185 172 152 109 191 239 158  92  36 173 227 234 231 103 106
  46 110  70  80 166 209 238 249 103  44  18 240 169 133][194 141 158 181 172 170 173  39 190 179 210  16 191 170  16  75 227  47
 127  17  48 220 195 194 140 242 222 192 132  72 145   8][ 33 189 251  70 244 143 111 119  97 201 124  72 115 249 156  48  88 238
  86   8 217 186 240  47 127 189  36  72  67 202 194 171][249 234   6 181  45 157  68 182 237 238 178  77 174 137 211 146 200 228
 108  79 204 109 194 169 226 249 101 178  74 188  90  79][114 235 106  12 122 208 155  96 169 196 220 175  44 206 182  20 190 233
 199 197 204  11 164 201  50  52 138 187 101 166  47  95][218 180 185 122  27 253  49 202 190  29  37  56 188 215  72  60 165  27
 233  16  50  77 186  83 217 213  26 111 194   1  39  99][ 10 255  59  58  59 196  63 238 190  13 104 161 172 215  42  16 151  59
 135  68  98   9  42 127 233  85  47 235  80  22 167 251][106  61 103  52  93 234 253  39 168 229 186 137  57  45  20  19 202 183
 227 129 113 251 208 204 117  34 222   1  69 100 247 250][ 43 253  97  78 245 221 207 252  79  72 124  76  58 220 182 180  28 234
 150  78 223  58 124 255  62  92   5 186  95 159 218 253][ 90 163 202  38  58  26  74  41 163 164 135 169 239 226 202 214  50 228
 237 101  76  73 143 141 248 229 141  29  38 166  94  64][130 190  22 216 235 181 184 231 159  23  32 177 172 174 100 207 199  59
 138 145  54  79 130 243  31  18  94 107 144  68 175 143][ 74 168 148 185 232 137 124 151  63  59 114 144 191 167  80  88 231 191
 127 152  90  92 195 241 206 247 254 224 182 128 129  25][139   0 238 165 228  50 236  79  60 211  87 147 217  46  62  75 126   5
 187 189 180 209  21 192  70 107 218 196 141 228 249 208][ 49 223  64 141  20  23 238 180  84 104 218  70 243   0 183 228 120 204
  30 238 205 186  85 191  36  44 162 128  61 191 120 156][ 11  30 226 157 119 180 184  70 189  75  90 215  44 186  54 204 238  43
 179 133 135 152  22 227  22 126 154 203 143  69  57 223][ 13 176 245 115 228  46 109 185 127 251 119 112 223 119 216  63  55 223
 126  58 177 240 249  68 206 223 117 196 238 225 195 161][239  37 228  86 237 125 229 201 235 247 189  24  72 252 223 191 153 198
 242  63 180 103 254 192  31  90 197  63 199 253 222 228][  2 152  51 152 219 228 177 207 191  93  88  19  44 190  36  72 231  27
  51 145  22  11  50 213  29  54  26 206 145   4 165 215][224 204  60 186  93 197 209 230 158  28 164  27  50 217  34   1 201 106
  75  65 106 111  90  61 249 131 213 123  16  24 252 234][ 41 109  97  73 244 143 239 255  67 168 124  74  51  33 213  36  88 234
  22 120 201 186 108 188 127 140 165  36 119 250 210 168][148   7  47 191  18 226 107 112  52 140 211 243 213 103  41  65 118 189
  13 165  40 193  45  14 233 167 170 196  37 160  37  97][ 75 177 154 188 177 156  56   7 186  89  66  85 172 190  66 218 166  47
 253  21  23  73 146 193 159 241  58 203 138   4 171  95][ 13 127 115  79 178 159 175 152  68 232 126 228 243  69 149 164  62 110
  22 126 131 176 109  62 110 205  37 128 111 187  65 177][195 153  23  84 225 220  52  55 249  24 114 100 188 182 164 247 166 127
 126  72 241 217 178 109  47 186 118 138  10  16 131 189][160 233   0 154  92 133 130 236  22   9  80  10 160 200  56   0 216 106
   2  83  98  42  74 191  61  20 142 104  85  27 240 136][ 13  40 178 185 121 173 122 218 191  73  92   5 191 247 115  88 215 107
  63 157 142  90 154 185 207 215 171 168 146 229  35 211][240 107  62 172 106 201  23 100 172 156 160  41   7 207  35  83 174 177
 205 227 104   7 130  60 241 225 107  57  48  51  39  75][ 55  19 210  67 246  31 174 208 124  33 123 230  83  40 189 160 126 205
   6 110 149 176  21  72  52 172  38 132 237 251 203 149][ 43 249 240  66 253 221 255 252 107 233  60   8  58 221 222 180 156 250
 215  91 195  58 250 245 127  93   5 235  67 159 214 239][ 90 125 150 190  11 150  94 100 189 138 204 141 111 247  35 214 246 245
 253 230  76 195 146 236 242 247 207 155  42  54  43  27][110  48  96  80 105 157  88  81 171 124 181 136  10 220 214 190 142 176
 215  92 139   3 246 209  23  88   0 251 103 135  78 245][156  85  23 234 179 198  61 117 169 200 243 115  93 215  40  83 246  49
  29 243 113 199  16 204 249 225 238 192  34 178 165 243][ 33 233 123  73  92 141 231 244 239  97 106  76 178 208  85 116  40 104
  90  92 195 184 212 113  45  28   4 104  89 154  82 172][195  29 191 222  36 196  45  97 249 202 198   0 252 246 181 119 230  51
  61 137 225 135 178 235 177 186  78 138   8  96  35  45][ 71 122 134 141  56 134 170 144 174  72 210 231 204 138 183 194 102 101
 123 215 167 157 141 127  52  38 170 196 140 167  57 213][ 20 167  90 162 242 131  95 253  55 165 221 175  87 227 106  80 127 223
 135 245 126 155   9  95 250 133 165 229 173 130 174  83][150 122  82 170  35 139  22  64  61  12 243 239  15 143  35  92 254 189
 207 194  76 151   9 216 146 240  43 151  99  55  47  23][ 32 249  91  90 113 205 119 245  50   9 108   8  50 211 236  52 156  58
   2  74  67 154  58  55  47 221  36 106  88  18 226 185][ 48 197 115  75 242 203 199 237 125   4 122  34  82 118 172  52 123 154
   6  98 123 184  41 127  57 158   5  70 117 146 228 237][225 113 119  69  52  78 227  49 253 232 118  72 215  85 129  55  48 116
 110 106 225 244 241  76 103 186  97   0  66 170  70 177][111  49 241  65 237 108 185   9 107 253  61  40 152 188 213  62 166  95
 117  25 147 122 178 192  79  88  45 238 199 231 199 231][157 107 186  93 172  91  93  79  95 222 124  37 142 162 247 125 163 106
  46  92 196 233 167 192 234 217  69  47 210 252 109 205][ 65 121 147  36  45 157 182  86 239 200 122 108 190 152 103 166 164 101
 126  65 197 169 146  72 181 124  38 138  72 112  11  15][ 95  16 243  68  98 122  91  28 105 231 175 168  89  55 223 126  54 213
 253 170 129   1 181 192  23 126  97 150 166 247  70 117][126 120 250 120  91 253 178  64 171 204 180 169  46 221 103  56 174 189
 247  81 134  99 178 216  91 125  35 187 227  37  47 215][162 205   4 154  92 129 142 237 150  16 208   2 160 200  56  65  89  10
  19 227  98  46  74 255  36   0 158 232  21  24 240 136][ 41 189 115  79 244 175 231 247 107  41 125 104  50 249 180  52  25 106
  22   8 211 186 232 255 111 188  37  96 195 202 210 169][224 197  93  93  36  77 229  55 116  43 246  24 178  49 140  97  88  22
 106   8 105 184  97  39 103 170 112  16  65 136 212  40][ 64 140 158 181 180 172  61 167 190  11  90  16 188 170  48  72 227 111
  63  17  50 216   3 231 204 182 126 192 128  64 161   9][181  93  67  10 156   6  78 120 100 192 201  70  81  66  49 240  92 204
  26 238 205 131 125  14 176  44 143  12  61 183 122 212][ 60  73 127 126  93 199  83 240 132  12 253   0 122 223  35  48 200 176
 215 234  74 163 106  61  83 207 160   9 115 187 102 234][111 253 213  87 169 253  86 183 251 251 190 124 238 114 197 183 135 247
 254  90 247 104 251 253  46 222  85  54 202 244 202  29][ 40 184 144 251  45 205 112   7 143  61  32  29 174 153  64 130 128  58
 234   0  18 120 210 177 135 209  80 123  90  12 220 139][ 95 126 227 103  50 122  91 144  49 206 126 230 123  95 223  62  54 221
 213 247 137 212 173 232  82 253  41 130 239 247 102 117][200 208  23 240  35 110 117 214  61  91 114  80  30  23 105 255 167 213
 126 106  97 221  17  98 149 250 114   6  42 209  35  59][ 90 137  80 105  23 146 104  38 101  33 238   2  11  11  22 212  96 165
 233 157  14 184  85 221 151 253 144  65 103 132 106  12][ 55 118 234  76  95 127 146 216  85 238 253 175  82 220 127  32 120 220
 211 231 141 179 125 138  87  13 161 191 255 127 126 247][ 41 173 193  77 244 187 230 127  87 225 124  78  32 168 148 164  89 234
  22  40 219 186 108 191  46  28 133 168 223 206 218 172][  3 201   3 206  28 145 142 230 198  64  88  66  32 200 181 228  88 106
  18 203 199 170  46 189  32  44 138 136  29  31 112 140][ 38  79 226  30  87 161 174 192  85 134 249 171 104 232  55 132 122 235
 131 199   4 179  14 251  52  54 128  43 247 255 116 204][104 125 185 119  81 201  85  39  97 230 238  40  50  53   1  48 136 118
 241   0  73 186 241  58 119 191  20  51  66  88  86 122][  9 255 105  79 244  31 239 255 116 232 126 230 241  96 145 160  62 234
  22 239 227 184 109  63 100 141  39 128 109 250 203 185][ 57 199  72 173 252   7 206  53  84  44 218 199 195  40 178  64  92 142
  15 237 220 186  69 159 228 109 164 208  61 158 248 205][ 98 199 226 223 252  18 239 247  21  15 218 226  97 172 188 100  94 254
 191 165 248 155 229 239  52  54 254 130   7 246 244 173][149 110 142 158  28   3 134 232 214 162 194 198  96 224 169  65 121 236
  10 234 105 231  77  46 184   6 175  20 185 123  56 128][ 26  94 255 252 114 226  59 114 176 206 126 163  61 183 163  81  38 253
 181 192  96 219  32 110 114 231 250 131  39 241  39 251][137 175 152 221 168  21 124 127 127 254 124  36 172 162 230 231 199  47
  46  12 196 216 163 209 162 217 119 175  18 240 169 205][ 53 125 105 103 180  15 111 188 101 232 126  68 115 119 157  52  60 238
  84 238 201 176 125  63  39 252 165 128 111 243 226 185][212 106  26 190   2   1  20  64  54 134 193 187  87 195 107  89 182 253
 239 195  72 215 138  32 209 225 122  41  32  49  39   2][ 69 177 213  81 224  14 109  25 127 251 115  64 223 115 209 124  55 220
 126  24 145 240 249  64  15 158 119  68 196 160 195 161][211 140 141 181  41 126  76  39 188  90 130  81 191  62  18 235 129  39
 125 133 109 205  83  77 195 251 250 145   8  68 153  90][ 43 255  96  73 245 159 238 247  95 105 124 207  40 172 246 180 159 170
 150 157 215 186 124 255  46  92 148 234 223 222 218 221][160 238  62 122 109 217 214 232 207  30 244  40  98 216  47  17 201 250
 206  67 110  39  74  61  83 147  97 123  80  27 126 139][166 124 180 222 205 125 180 206 203 255 189  59 168 252 111  43 201 115
 243   3 228 103 250 242  23  26  95  63 209 125 215 223][160 237  64 153 252 129 134 237  30  17 112  26 160 200  60   1 217  10
   2 113 114  46  74 183  44  24 143 108  85  24 208 136][ 42 205   4 157  44 131 142 238 158  18 216   2 161  72  48  65  72  66
  63 227 106  47  75 189 164 243 254 156  21  24 240 136][ 32 201 121  74  60 201 215 254  70  12 252  40  50 213  39  52  72  50
   7  74  74  43 106  63  99 157  32  59  83 155  70 235][161 207 105 111 180  31 239 191 116 232 122 198 243 105 153  33  94 238
  22 238 237 184 125  63 102 205 165 128 109 250 208 249][ 18  12 238 245 131 224 125  39 165 135 206 131  57  63  16  74 233 183
 185 145   8 152 145 200 223 231 222 131 161  80 164 250][ 41 253 115  91 244 189 231 247 127  73 124  96  56 249 180 180 127 122
  22  24 147 186  40 255  46  60   6  74 215 222 195 173][120   1 106 248  21 214  80  71 229  13 230  11  43 137  54 208 200 170
 205 152  12 186  80 156 211 249 144  67 115   4 254  78][ 87  74  10 170  50 130  42  64 173 140 219 229 205 194 163 208 118 165
 207 247 204 151  13  78 176  52  43 130  12  55  43  21][ 52 231 106 226 242 131  95 253  53 164 253 167  81 199  42  80 127 205
   7 254 122 147   8  94 250 135 165 197  53 162 174 210][154 159  82  28 131 146  52 103  53  70 230 183  40 162 166 213 102 187
 166 128 116 152   5 239  50 119  82   3  47 132 173  29][ 99 169   1   8 157 221 194  71  91  33 168   8 162 136  84 180 152 170
 194  93  94  43 210 247  59  92  20 122 210  14 218 140][123 169 244  18 237 221 220 239 251 253 180  13 106  60 214 183 175 199
 254  93 255 107 255 241  62  95  85 115 203  84 203  95][  1 169  91 219 240 137 235 215 190   1 122  64 177 139 164  80 234  43
  23 144  83 184  32 127 110 157 182 192  84 128 227 169][ 55 118 234 108  94  39 150 216  20 234 248 235  82 189  55  32 252 220
  83  99 172 179  89  10 119  13 161 191 245 123 114 211][ 30  58 122  40 123 219 186  64 171 228 121 171  13 159 103 152 174 189
 215 209   4 147 132 212  87  69  43 235 229  39  47 211][144  91 251  85 114 218 177  86 252 200 118 230  60 148 161 104  38 125
 182 208 129 253 180 110 117 163  54 130 109  49  37 251][230 124 182 214 237 125 182 202 219 255 144  59 236 252 109  11 205 119
 255  19  34 103 250 226  31  82  95 187 193 125 151 215][119  88 234 100  96  22 111  80  97 224 127  76  89 184 215 112  54 236
  21 239 205 146 180  74 118 109 161 132 239 247 114 212][193   1 119  85  33 206  97  48 237 136 230   0 251  85   5  55 184  52
 124 104  65 181 177  12  87 250  64  16  66 162 103  32][162 143  76  25 202  97 175 239  22  23 248 179   0 230 172  65  95 219
  35 160 114  14  79 119 124  38 223 239  85 224 164 140][ 41  47 104  35 244  63 234  19  94 237 123  77 147  40 147  16  24 142
  70  61 159 184 101  30 236  93  33 116 204 207  90 204][232 207 221 127  36   8 102 182 244  27 114 112 179  49 128  83  72  82
 110  74  99 236  67  47 231 251 112   0  80 216 192 169][ 35 173  98  25 213 159 254 247  95 101 124 143  40 172 246  36 253  43
 147 157 215 184 116 255  46  28 158 226 223 204 219 221][ 52 215 123  74 210 203 167 237 124   4 255 170  83 247 172  52 126 218
   6 234  80 179  40 127 121 134  39  68 113 146 231 224][  9  43 187  81 236 215 125 103 127 238 254  37  46 170 247  92 230  47
 238  28 212 250  99 200  94  89 119 179  82 196 101  77][ 68  92 147 210  99 100  35 210  61  27  99 112 124 183 233 252 183 223
  62 138   3  87 187 227 149 150  82   6 138  83  35  49][176 255  58 122  50 223  87 252 118  76 252  36 114 215 174  48 150  58
  68 106 235 143  56  63 227 205  32 146  89 147 102 251][135  89   3 159 108 148 174  80 236  72 211  70 252 210 189 228 252 105
  62 207 199 133  31 233  20  56 170 128  28  63  57  53][ 26  31 235 229  18 226  59 114  53 198 126 167  41  39 163  80  62 253
 181 196 152 152  36 238 114 231 170 129 167 181  39 249][114 143 225 156 254 210 142 111  31   5 217 243 169 238 180 228  79 251
 183 129 254 138 238 255 186 118 254 203  55 140 190 133][ 28  38 195 161 210  34  40  10  54 131 203 247 151 131  73  88  55 157
  79 176  42 146  69  74 212 229  43 132 172 225  35 130][ 64 141 154 190 244 172  59 247 190   9  94   0 188 243  32  64 231 107
  46  24  18 153 130 247 237 183  62 202 128  64 161  11][164 107  93 232 250 131 143 248 132 172 176 235 145  11 129  17  78 241
  79 242 104  35  68  28 252 128 175 188 117 185  38 161][ 33 135 104 171 188  43 207  63  21 109 219 239 195  45 146  64  92 142
   7 109 156 186  69 159 236  85 164 240 117 142 208 208][ 33 205   3 142  92 145 142 238  86  64  88  70  32 200 177 224  88 106
  18 199 199 170  14 191  48   4 142   8  29  31  56 140][142 180 181 122 157 253 145 143 223  95 141  25 142 252  94 174 129  19
 251  17  54 109 122 243 139  95  28 127 210  77 149 102][197  49 255  69 240  78 107  27 127 233 115  80 221 183 212 120  55 124
 126  88 177 248 185  74  77 190 103 196 224 161  67 161][146  73 132 191  44 131 206 228 159  10 208   2 231 234  49  73 200  96
  63  67 104 161  75 185 160 242 203 144  20  57  49   9][ 52 215 115  74 210 211 167 253 116   0 123  98  83 244 172 164 126 251
   2 226 209 178  44  95  57 166  37  68 113  58 165 165][127 205  98  94  87 214 207 224 225  68 206 130 105 104 183 229 120 230
 144 239 237 171  36 237  59 105 142 201  39 167 122 236][ 18  94 111 101  50 226  59 114 180 204 126 231 121 143 167  64  54 253
 141 208 160 153  36 110 234 229  34 193 101 131  37 121][189  77   5  46 180  70  78 184  84 202 154  68 211 112 147 241  88 228
  92 239 237 131  93  46 240 239 239 144  56 247 122   0][ 22 123 115 162 114 131 186  64 173 169 123 227  13 206 245 128 126 185
 151 211 192 144  12 228  20  64 170 195 165 135  39 145][ 41 253 115  74 247 157 235 254 127   9 124  66  56 241 188 180  63 122
   6  88 147 186  40 255  63  60   6 234 211 218 227 173][123 169 236  54 239 217 212 237 251 253 180  41 239 252  94  51 171 199
 253  85 222 107 239 245 187 219  95 251  69   4 223 207][  5 124 219  67 227  60  98 216 123  75 127  68  94 242 237 252 183  95
  54  26 135 178 184  98  23 255  54   6 200 243 107 133][ 35 165  34  19 245 157 248 247  95  77  92  23 168 172 126  32 253  43
  19 157 182 184 116 247  47  28 158 226 215  12 251 221][  5  47 170  35 244 191 227  82 127 105 123  76 147  40 155  48 184  78
  70  29 150 184  61  46 236  93  32  64 200 207  91 197][227 143  98  28 219 150  76 103  53  67 202 215  40  46 182 244 236 167
 179 133 255 139 101 255  54  62 154 203  29   4 250  92][232  32  55  70  45 206  97 112 237 136 255   8 250 209 132 182 184 180
 108 106  73 167 179  79  21 186   0  16  66  34 102  32][137  14  78 179 116 174 104  51 188  91 119 213 189  35 146  81 102  34
  87 140 181 220  69 111 206  43 242 192  12 128  75 209][180  95 123 110  50 199  23 248 116  76 252  45 115  87 163  48 158 241
  85  98 232 167  57  63 243 143  33 144 121 179 102 123][  2 147  62  28  91 208  48  71 175  85 229 183  44 174 174  84 166  59
 234  20  22 139  38 213  27 119  18  75 211   4 173 223][  4  39  79 161 210  42 104  27  52 161  75 209 149   3 128  89 119 143
  76 188  59 152  69  14 172 231 190  68 172 128 162 160][ 40 165  40  40 221 253  80  79  83  37 108  25   3 136  82  16 153 138
 130  17  30  58 208  23 111 221  16 109 240   8 222 138][150  55 190 179 175 233 180 207 158 255 144  59 206 252 109  11 255 127
 255  17  50 101 139 226 153  83 255 255 132 124 149 211][ 65  94 153 124  32 172  69  23 108 138 122 100 247 115 129  80 150  34
 100   8  73 160 130  11 196 191  36 136 200 250  67  41][ 95  70  10 142 120 147  11  64 172 134 207 133 237 194 187 208 126 237
 223 231 204 151  12  74 240  37 171 136  12 247  43  84][121  77  73 237  52  11  79  48 117 224 254  68 243  97 145 244 114 228
 124 110 233 176 101  47 224 239 161  16  46 187  80  40][237  48 173  97 173 126 125 152 115 251 149  28 223 125  91  59 157  84
 125  62 185 116 251 128 207 219 245 116 202 245 210 114][  0  22 159 188  40 174  21  63 172  10 104  68 182 243  33  90 214  51
  40  32 193   9  82  93 193 182 114  26  24  96  33  59][111  57  32 128 253 149 210 196 203 237 188  15  10 152 119  36 200 227
 215  85 158  43 250 242 123  93 141 127 223  31 218 207][229  54 253  69 100  62 224  24 121 235 118 124 211  56 223 191  31  68
 116  60 189 244 229  10  14 255 117 180 206 248  90 157][201  56  53  81  93 253 232  18 255 123  38  88 158 152  84 189 129  46
 114  24 183 124 242  84  15 218  80  98 202   1 203 183][ 34 139 163 191 252 130 142 231 150  13 217 227 161 238 180  64 204 255
  47 195 254 154  76 255 172  54 190 193  21 138 180 140][ 86 171 215 182 155 194  62 224 179 158 155 163 108 255 101 198 183 247
 237 211  88 201 139 234 186 230 239 203 165 119  37  71][141 189 115  83 246 238 235  81 126 235 119 112 221 151 212 252  55  62
  54  26 179 252  45 230  76 190  55 196 111 161 227 161][ 49 133 109 109  52 143  79  57 116 232 123  68 243 121 144  97  92 174
  20 110 233 184 117  29 229 239 165   0 109 170  80 121]