[226  41 221  84 234   8 216   3 187 177 160 152 190 187  68  27 134 247
 119  20  49  79 210  64  28 154  90  58 200 160 131 137][216  84 143 180 205 108  37 175 176 242 198  26 112 246  73 123 225 214
 106 162 105  87 187  66 253 163 215  12 136 112 117 122][ 75  50 118 237 105 223  57  24 175 220 214 237 157 159 210 244 198  61
 255  28 131 131 227 213 215 249  43 235  30 132  45 113][120 189 216  40 219 235  82 219  51 173 172  41  15 211  66 144 153 219
 197  16  30  75 218  63 251 197  37 125 226 132 206 147][  7 249 157 154 184 205 147 204 142  93 136 173 164 214 102  38 141 107
 106  85  87  75 122 113 137  20  31 122 144  10 129 253][ 13 166 197 249 156 175 101 159  94 115 108 220 211 225  90 108  17  10
  34  60 147 120 127  19 237 207  53 116 250 216 192 240][ 14 179 230 147 247 159 185 208 175 253  31 167 204 207 255 142 191  57
 179 213 146 208  42 208  15  80 143 231 135 175   5 247][141 168 221  49 202  73 173 203 250 179  32  28 157 227  65  11  35 104
  98 152  51  92 158  82  77 135  95 108 200 112 195 160][233 105 240  37 205  31 199 188 113 164  96  76 211  40  23  51 152 236
  96 110 236 114 245  40 100 248  69  52  75 189  82 140][ 75 178 254 125  57  95 121 123 175 253 246 173 175 223 134 191 150  53
 253  36 133 249 243 221  79 251 113 151  78 164  79 127][109  48 253  96 232 127  83 152 106 247 165   8 223 119  75  58 147 212
 252 122  25  99 251  64 205 153 101  60 192 243  70 114][ 57 180  83 109  80 207  98  50 101 225 107  72 243 113 128 176  57 252
  70  40  41 188 117  31 239 255  33   0 107 162  66 160][ 73  17  27 109  96 142  97  49 121   8 102  68 254 211   8 112 182  60
 124 104 193 144 144  77 231 253  32   0  72 130  99  41][154 184 146 248  11 225  24  71 191  21 224  49  44 223  96  89 235 187
 143 144  26  79  18 209 219 241  26 107 178   4 167  26][ 34 201  66 200  84 129 174 231  12   0  88   2  44 136  48  64 122 171
  19 193  66 186   0 253  52   4 138 200  85  10 241 136][107  50 254 108 125  95 249  90 207 237 182  45 138 157 150 238 206  52
 255   5 141 107 227 141  87 249 112 251  70 140  94 255][196  44 210 151 220  43 230 230  60 162 170  90 230  34  81   3 107 231
  74 171 112 127 205 106 188 134 223  48 133 120 195 136][  2 141  99 205  84 130 175 103  12   1  88  66  32 170  52  64 122  43
  19 129 210 154   4 255  52  44 154 192  21  10 241 136][  1 217 123 221 118 155 235  54 124  64 126  98 191 152 180  96 118  58
  54  72 193 184  36 255 102 239  50 128 125 136  81 169][ 31 151 161 123 187 213  61 123 183 127  95 181  89 255 238 116 245  27
 191 132 247  24 187 151 127 127  37 231  58 230 165 247][ 86 140 135 183 197  98 116 199  55 115 194  18  74  62 100 239 233 215
 187 145  58 219  11 224 157 242 222  71 161  80 244  14][ 66 172 215 247 116 138 238 160 121 131 243 218 239 107  28  27 187 247
 127 139  32 249 136 239 188 190  94   0 196 227  99   8][209  84 115  69  22  10 227  48 116  98 119  84  83  48 157 117  50 196
  34 104 225 180  53  78  20 170  96   4 109 161  99 164][112 177  57 123 152 237  81  15 242  53 173  24 151 247  72  56 129  30
 104  16  26 107 251  21 201 237  16 125 192   0 135  34][198 237 213 246 252 170 238 166 187 178 187 218 205 235  93  19 171 231
 123 251 112 103 200 234 188 190 207  60 197 243 195 128][210 185  20 186 139 205  20 239 170  21 128 153 174 246  66 151 129 179
 232   0  94  75 218 117 153 144  95 123  16   4 143  30][ 92  95  87 225 178 226  63 182  36 200 154 226 125 119 129 113 118 247
  29 240  25 137   1 108 248 166 175 192 172 179  37  49][216 120  21 101  41  78  71 176 224 234 162  72 247  23   1  51 128 116
 108 106 105 229 241  44 225 186 101  16  74  49  70  58][ 70 180 148 176 169 124  24   7 171 221 139  29 143 182  74 219 135  23
 253  17  30  73 146  64 137 241  95 255 128  68 143  87][191 222 226 127 107  29 183 244 211  94 245 187 106 253 255  46 221 120
 247   7 236 118 234 163 119 127 117 175 247 255 246 247][ 51 203   2 190  84 145 138 228  86   0 216 198  33 200 179 196  88 234
   6 207  79 171  14 255 176 101 138 137  60  31  56 140][112  32 159  54 137 105  17  73 226 247 165  25 214 245  74  26 129  86
 232  16  31 103 186   0 217 227  85  63 192  64 199  98][201  56  23  93  41 220  48  80 239 232 242 104 158 210 196 182 162 117
 110  88   3 229 179  80 149 248  35  58  74   0  71 167][ 18 157 122 254 114 131  59 118 189   1 126 163  61 223  32  80 126 187
 151 192 194 153   0 255 246 255  58 130  52 130  33 219][  8 255  49  83 177 221  36 191 127 121 108  64 174  55 200 180  21  26
 149  12 211  24 121 247 175 221  20 102  82 148 207 253][204 224 189  85 168  40 173 156 242 179 166  16 209  99 217  59  35  68
 104 250 162  85 175  34  79  11 117  52 226 241  71  40][ 93 181 156 176 136 140  84  23 162 241 138  29 151 183  66  82 133   7
 109  20  95  73 147  16 249 193  53 124 168  64 139  82][197 124 157  21 170  45  21 154 186 250 164 248 182  54 193  59   7  85
 104  40  35  77 231  11 213 131 117  60 192 112   7 105][198 237 213 147 204  41 238 238 186 178 169  90 196 234  93  11  43 199
 106 251 114 103 206 242 188 144 207 124 197 123 195 128][ 11  50 248  65 106 153 184  84 238  85 117 228 157 142 214 170  38  33
 222 220 135  60 230  81  70  89  58 232 111 135  11 221][201  12 255 117  36  42 105  19 248 154 118  80 187  33 145 123  34 164
 124  40 169 252 229  10 198 251 112   0 100 224  66  41][248  77  55 236  29  74  87  52 229 164 170   1 247  53  33  83  64 244
 108  98 104 169  65  44 243 242  68  17  34 186 116 106][184 232  18  62  89 205  82 224 183   4 161   9  46 219  33 145 200 187
 193  66 110  15  90 191 179 209   1  59 114   7  46 138][ 44 165  25 107 156 111  67 141  70  33 169  88 211  97   8  80  89 138
  10  56  27 160  89  31 233 141   5 116 152 138 208  32][ 45 189 106  74 244 183 211 250  84 233 255 162  83 220 190  36  92 186
 147 125 158 187  61 191 123  77  37 209 247 207 112 245][ 58 143  96 234 223 131 222 249 215  12 125   2 105 233  60 192  90 170
 151 234 216  43  78 191 107 205 161 249 119 138 212 138][ 42 141  98  26 125 249 240 103 159  69 124 185 168 236  54 196 200  43
 131   5  54  43  38 255  22 119 154  11  87  76 220 222][ 52 101  82 224  86  11 234  64  41  32 248  10  15   8  21  16 122 141
  70  99   8 179 128 206 178 252   2  32 101 139  99 128][ 11 135  50  24  95 189 176 111 255  93 124  21  44 200  54 212 165  43
 130   5 214  43  34 247  31  92  18 107  83   4 239 207][133  73 135 251 146 130  46 148  54   1  66 192 245 211 185 104 118 122
  51 219  67 144  27 117 164 162 190 192  60 147 177  40][ 99  80 106 204  77  86 222  76 203 234 252  10  72 186  55 246 200 229
 251 239 197   3 246 216  55  61 139 191  31  63 122 132][ 77 123 123 103  36  30 110  48  97 200 118 228 251   9 149 178  62 228
  84 110 201 176 229  40 230 249  32 128 111 179  74 177][ 89  92 103 117  52  30 198 182 113 234 102  68 243  56 149 245 149 100
 124 111 237 252  85  47 162 255 117   0 107 176  90  29][  3 159  34 139 247 209 186 103  13  77  88 167 172 140 182  96 254  43
 147 149 150 152 100 255  36  20 154 195  21  14 189 223][247 123 122   2  82  22 154 224 105 236 183 175  79  28 159  48 254 213
 223 247 236 247 117 238 186  73  46 151 109  55  43  87][112 143  70   4  87 219 194  97  84 196 234 143  99 104  22 132 120 174
 224 224 124 187 117  13  58 164 133  81 111  46 126  78][ 79  87 193 134 100  24 111  48 169  76 159 231 137  39 159 214 102 196
 255 110 197   0 173 194 166 125 162 140  46 183  88  85][ 66 185 178 186 189 205 144 198 207  93 136  57 174 152 102   0 137  51
 235  81  22 107 194 241 251  85  30 123 208  12 175  78][ 68  47 215 232 238  40 238 232 174 146 184  74 213 235 125   3 171  67
 107 107  64  97 138 224 180 152  79  44 197 251  99 128][ 37  53  57 101  52  15  67  57 100 232  63  76 211   1 145  48 156  12
  86 110 201 176 113  28 238 221  33  52  72 171  82 161][ 48  69  66 168  92  11 202 104  13  32 251  10  67   8  52  16 120 136
  78 227  72 179  65 220 178 204 131 116 117 139 112 128][186 253 120 114  57 221  94 238 155 124 188   9  46 157  87 180 141 219
 213  66 110 111 122 255 187 223  17 251  83  29  78  95][111 125 161  84 233  61 206 182 113 200 188  76 186 120 151 182 140 230
 124  79 237 106 247 106  34  30  68  26 206 245  90 108][ 45 227 104  33 244  27 207 121 103 228 189 237 195   8 158   0  88 140
  70 127 220 176 109  28 110  73 165 244 103 174 218 192][ 45  52 189 226 253 125  81 152  75 249 189  24 223 121  93  58 153 129
  93  61 187  98 251 146 223 221   1 126 194  75  82  98][ 31  60 175 115  63 244 179 218 151 223 221 183 121 253 219  46 253 122
 223 181 175  80 238 162  95  79 191 143 167 239  60 247][ 96  55  25  44 244 237  86  95  42  64 104 105 182 245   0  16 146  57
  71  97  19  50 210  93 245 180  35  56 208 114 135  49][201   4 127 245  36  42 105  55 124  91 118  80 157  39 144 107 102  52
  62 136 161 252  37 200 198 251 114 128  36 192 225  41][ 41 235  56 111 249 159  70 245 101  40 236  72 243  88  30 176 152 170
 196 104 223 186 112  63 231 221   0 113  90  10 202 140][214 197  82 167  51  78 126 232  61 134 251 145 111 126  10 212 191 255
 223 230 108 151  25 239 183 255  15 131  35 247 167  23][214 133 150 158 157 214 190 233 188   6 203  19 236 242  44 196 241 119
 251 227 120 131 155 239 185  54 206  27   4 103 189   6][  2 205 159 158 150 131 175 231  30   1  90   2 124 234  48  64 126 107
  19 193 112 152  10 255  40  38 190 192  21  90 177 136][213  52 180  53 173  45 209  11 250 247 183  29 223  57  91  11 129  71
 125  61  56 101 219   2 201 218  85 118 200 101  71  67][ 26 177  48 184 219 213  27  75  31  77 253  41 172 223 102  84 223 155
 151 145  30  11  48 215 219  85 154 255 147   6 167 223][  2 197   0 136 148 129 140 231   4   0  88   2  32   8  48  64  72   2
  19 193  82  40   0 157  32  32 142 192  21  24 176   8][ 40 220 120 127 116 207 127 254 118  15 124  16 119 119 130  48  31 122
   7  72 226 188 105  63 103 175  52 128 113 208 198 235][ 82 205  27 191 150 128  62 231 188   1 218   2 189 234  48  64 102 111
  63 193  82 153 130 239 188 244 190 192   4  18 161   9][ 79 189  48 155 191 217 186 200 143 113 157 167 204 222  78 228 231  19
 255 211  86   1 251 247 191  84 139 255  30   7 137  87][ 69  49 152  71 104  30  99  24 106 249  43  76 214  80  77  58 148  92
 120 122 151 112 249   0  79 185   1  38 200  35  75 133][  3 141   3 137 148 163 171 103  92  65  90  70 180 234 180 100 123  43
  18 157 151 152  37 255  44  46 154 192 157  14 177 252][ 88 120 159 246  50 204 119 148 190 128 234   8 254 247  65 114 162 119
 124  74  67 237 187 107 249 231  22  10  40  50  39  59][109  21  17  68 240  46  70 191 121 234  46  76 214  49 128 181 149  86
  76  42 241 186 241  14 167 254 101  20  74 242 194  33][154  85  58 190  51 212  94 104 189  76 253  45 174 222  47  80 254 187
 151 231 108 131  18 255 177 241  10 155  16  23  47  95][  9  90  38  61  32  30 108 180 116 234 102  68 247   0 147 241  20 100
 108 110 197 152  85  45 228 235 116 128  74 182  73  93][ 36 173 208 139 220  41 230 239  46  18 232  90 196  98  73  66 121 203
  74 187 114  35 207 123 188   6 143 108 209 122 227 128][ 40 178 138  28  91 221 161 200  82 252 244  46  96 192 234 144 121 104
 194  64   6 115 234  25  93   3  33  45  81  40 110 235][127 123 114  70 115  18 190  96 105 108 183 175   8  14 143 180 254 213
 215 231 204 179 229 236  50 125  10 147 111 183  47 215][ 45 180 153 106 217 189  66 216  47   9 109  72 222 211  72 184 145 154
  70  26  27  18 250  19 159 221   1 124 210 195 202 161][ 18   9  18 161  36 137 232  71 173   0 146   2 175 138  48  64 106 163
  95 129  72 169  65 192 180 208 154 144  52   8  49   8][ 22  67  46 161 174  31 185  72 174 181  23 135 205 143 114  74 167  13
 255  85 150 221  31 212 202 193 255 197  28  11 149  83][ 95  89  97 133  53  94 110 176  41 200 158 199  74  71 151 244 118 228
 159 238 205 144  60 236 183 120 134 130  47 191 120 116][252 117 252  70 157 126  83 220  99 255 181  29  74  60  95 191 137 198
 236 114 173  99 249 164 123 251  85 119 235 119 254  87][114 104  34 186  29 196  91  72 175   4 137   9 174 223  35  80 248 161
  93 199  74   3 154 221 243 241 138  59  16   6  54  82][ 88  48 156 240   9 252  81  18 163  95 174   9 159 183  66 154 133 149
 237  16  14  75 179   1 211 247  82 123 162  66  15  91][ 83 122 134 180 163 166  60   6 173 206 138 197 172 166   3 222 166 231
 237 213 141 201 150 232 152 114 222 130 136 117  43  93][  6  99 166 145 215 159 184  64 174 148  90 135 204 206 127  10 191  57
 251 213 134 209  10 192  12  16 143 199 133  39  45 215][145 203 107 107  50 130 111 244 118   4  90 230  49 199 176  96 118 170
  30 221 227 152  37 127 100  44 170 128  61 146  49 121][208  52 183 113 131 237  37  71 127  63  34  56 190  53  64  63 163  19
 105  16 115 125 179  82 185 210  84  82 192  64 135 107][ 19  94  79 204  86 130 175 118 188   0 250 230 125 152 181 225 126 181
  23 231 225 183   4 207  48  46 170 128 109  56  97 185][  9 143  87 205 112 134 104  55 116   8 114  96 181  19 144 244 102 172
  54 172 241 184  65  79  36 172  34 128 106 128 232  41][225 163  96   5  68  28 236  48 112 104 114  77 227  40 150 151  60 204
 100 111 196 248 196   9   4  58  96 160  73 166  90 197][ 90 161 154 176 155 156  28 207 171 113 170 157 175 175  74 146 167 135
 237 149  31  73 154 113 250 197  31 127 170   4 139  26][184 176 110 114  73 237  81 119 243 119 165  29  51 157  10  57 137 154
  85  16 190 111 242  23 219 219  80 121  98 132 198 122][ 79 153 239 119 186 222 189 183 190 253 126 181 253 255 210 122 167 127
 255 148 145 216 191  96 111 255 119 192 239 196 165 123][ 18 189 139 255 114 192 185 115  50  11  89 243 189 183 160   0 126  63
 151 129  83 218 146  75 213 164 190 136  45  96  39 187][164  53 255 229 116  47 239  57 124 170 243 120 215  49 144  49 126 253
 126  43 241 244 233  78 196 174  99 132  76 235  67 161][125  55 228  71 176  26  66  57  49 172 247 237  67 101 159 149  28 220
 245 126 188 240 237  12  42  42 229 212 239 175  90  85][ 49  34  71   1  70 139 224  64 116  49  99 194  19   1 152   8 120 140
  34  92  10 176  69  17   4 160 128  64  97 139  82 160][ 13  43 147 243 180 137 108  23 126 160 122  64 191 227 241 172 179  42
  38  28  81 248   0 186 140 222  55  32 206 200 193 172][ 25   4 251  69  86 126  99  50 112 198 111   2  91  35  23  48  58 220
  64  42  32 176 181  10  87 175   0   4  99 225 102 232][101  99 249  39  52  15 199 152 104 172  59  76 211  64 221  48  24 204
  68 110 201 176 205  40 228 253  37 180  65 179  66  33][ 92 176 179  36 169 104  17  73 226 247 165  57 206 149  72  58 145  84
 232  48  26 103 235   0 217 240  85 127 194  96 135  98][100 188 213  36 185 111  22 167  59 163 170 153 214  53   4  26 151  87
 233  48  57 207 217  30 173 215  93 118 192 113 134  16][ 17  93 123 239  54 142 251 112 236  72 123  98 189 222 177  96 246  57
  31  75 193 185  36 239 224 173  42 128  52 138  97 185][100 188 151  48 177 174  22 135 187 231 170 153 198  54   4  24 149 118
 233  16  56 221  17  46 171 246  21  86 192  84 134 122][  3 141  43 137 150 163 171 119  92  65  90  66  48 162 180 100 122  43
  18 157 147 152  53 223  44  44 138  64 149 202 177 236][ 65  32 219 117 106 201 169  71 186 179  48 152 189 131  64  58  35  63
 106 152  83  79 214  64  77 155  94 104 200 128 195 160][ 65  60  19  81 106 249  48  90 239 232 250 120 222 214 196 254 166  53
 126   0 135 247 163  82 151 248  35 202  74 128  35  53][ 29 148 197  81 151 191  97 159  87 241 110  92 211 113  64 228  49 142
  46  28 147 248 125  23 143 206  21 116 250 200 192 252][194 185 148  26 139 221  20 175 170  23 128  25 174 214  66 223 133  51
 233   0  86  75 218 113 153 144  95 123  16   4 143  94][ 31  60 171 113 127 244  56  90 151 219 157 179 121 253 223  46 253 120
 255 181 174  67 234 138  95  95 187 175 167 237  52 247][194 185 188  18 169 220  28 175 170 127 132  57 172 182  74 223 167  87
 253  17  86  73 187 113 153 112  94 255 128  68 143  95][ 82 205  19 190  22 130  47 231 188   0 218  66 125 226  56  64 118 235
  63 193  67 153   2 255 184 164 174 200  52   2 161  40][201  89  23  77 105  94 101  53 105 106  98  72 254  51   5 183   0 244
 104 106 225 244 241  77  37 186  69   2  74 176 194  61][ 13 162 136  49 243 187 185   3 118 245  55 156 141   0 210 172  43  12
 218 157 182 248 101 134  14  95  26  71 231 132 139 196][ 68 168 214 150  84 136 234 224 186  19 227   2 228 226  24  91 123 231
 106 203  34 235 206 111 156 166 223  64 196  35  99 128][ 40 143  96 250 188 147 202 248 214   4  93  34 121 233 188 224  90  42
 147 235 242  40 110 191 110 109 171 217  55 138 244 170][  2 137  35 141  84 130 171 103   4   1  88  66  56 138  52  68 122  43
  19 193 211 152   4 253  32  44 138 192  21   8 177 168][ 18 157  91 174 114 130  58 113 188   0  90 227 125 223  32  80 118 187
  23 229  66 155   0 253 242 229 170 136  53 130  33 217][ 56 189  82  40 251 175  82 243  55 172 168  45  47 151  66 144 180 191
 197  80  30  11  80  63 251 197  37 121  98   4 142 155][ 61 116 189  99  29 127  67 152  83 251 181  24 219  89  93  58 153 196
  93 122 171 102 249 130 219 221   5  60 202 251  82  50][ 65  16  27 109 112  14  97  56 109   8 102  68 254  83 136 112 180  12
  68  44 193 176  17  77 199 189  32   0  72 130  99 169][118 140 151 182 205  98  52 198 191  19 226  18  70 182 108 111 233 215
 170  17  57 219  11 224 153 178 222  71 128  88 180  46][216 104 181  62  11 232  19 134 170 178 130  40 190 246  65 123 135 119
 253  67  42  79 227  57 217 243  93  59   0 117   7 107][  0 205  10 173  84 131 175 119   4   0  88   2  49 138  48  64 122  43
  19 193  66 186   0 157 100 173 170 128  53 136 241 136][117 113 249  97 248  79  83 152 107 248 181   8 215  21  73  58  62 212
 124 122 137  98 249  64 255 153  37  52 224 243  70 115][215 120  42 161  16  20 190 224  96 236 183  15 153  30  87  35 252 197
  95 231 236 183 245 234 247 233 170 177  77  51  43 210][107  50 126 109  41 223 217  91 239 125 246 173  15 159 150 254 134 149
 255  21 133 175 243 212 215 249  48 211  79 132  79 127][ 39 249  25 154  56 197 147 200 142  88 137 169 246 212 111  36 132  57
 122  87  71   3 106 117 137  16  11 122  16  11   5 253][218 184 146 250  27 225  16  71 191  21 224  49 172 223  96 220 227 187
 207 144  58  79  18 243 155 247  26 123 146   4 167  30][ 96 174 237  69 124 251 195  39 115 227 174 189 227  45 150  20 153 166
 104  44 185 186 229  30 110  95  21  17  72 204 214 124][ 41 124 147 111 112 223  98  48 245 201 231  72 243 211 128 180  24 188
  70  40  41 180 112  31 175 255  33   0  74 163  66 160][216 176 143 245  73 100  37 126  50 243 230  16 112 183  72 123 225 222
 234 128  41  95 179   2 221 163 215   0 136 112  54 250][ 32 203  74 190  92 145 206 230 150   4  88 131  33 202  50 192  72 234
 130 199  70 170   6 191 114  37 138  41  53  28  56 206][ 37  57  27 101  52  15  97  51 104 232  46  76 150  17  17  48 144  36
  88 108 193 176 241  12 229 153   1  52  72  40  82 160][214 197 210 167 147 110 126 232  61   6 251 131  79 118  11 212 255 221
 255 226 108 151  25 239 177 246 143 135  33 247 167  70][ 60  41  96  97 220  91 195 120  69 228 188 171  67   9 211 180  88 236
  70 127 216 186 101  28 254  77 165 117 103 175  86 240][ 42 176 112 202 115 245 123 218  15  73 125   8  28 223 110 180 223 155
 151 144  19  58 122 209  95 221   0 111 243 143 102 255][ 68 237 212 151 204 169 230 228 254 178 169  26 196 226  73  11 123 239
 106 251 112 114 206 114 188   2 207  44 193 123 195 128][  2 185  56 187 219 205  17 143  10 117  12   9 174 149  66  16 134  27
 211  81  86   8 218 181 237  17  28 123 144  12 143 218][214 197 150 142 157  86 190 232 188   6 203   3 204 254  45  68 241 245
 255 227 124 135 153 239 185  54 143 223  20 127  61   6][ 25  79  79 237 102 130 233 118  52 192  94 230 185  39 177 101 110 189
  23 205 225 184   5 206 244 239 234 128  47 176  33 185][124 165 252 114 141 107  86 175 211 191 189  25  66 249  77  27 153 214
 237  50 122  99 138  50 107 223  85 119 195 123 206   2][ 89 209  25 254  10  76  87 189  50  91 235  64 255 247  72 114 183 215
 124  74  75  79 251  99 241 231  54   8  56  18 163  59][  2 156  50 153  54 224 184  71  28  73  90 179 172 158  38  64 239  59
 147 145 178 153   0 239 141  52 154 195 149  68 165 219][ 41 149  21  69 244  62  70  63 121 234 110  92 242  48 132 180 148  70
  84  44 181 184  81  15  47 254 101   0 202 226 202 141][160 229  60  81 217 205  85 175  63  53  37  24 150  23  76  21 137  26
  66  24 114 108 123  23 111 153  20 127 210   8 198 162][147 165 127  91 178 134 220 111  63  51 203  19 124 255  28 112 183 159
  61 165 250 217  27 215  57  62  15 134  21  66 225  42][ 72  60 190 117 160 174 125  23 233 155 126  16 158  51   0 122 135 119
 125  24 176 248 179  98 199 255 118 192 194 192 195  43][ 45  47 106  74 116 191 219 218  86 201 253 138 115 221 189  32  92  58
  19  61 146 187  44 191 123  77  33 209 247 207 120 243][ 66 185 176 186 185 201 145 134 143  29 136  57 174 158  98   2 131 115
 235  17  86 107 202 241 185 212  30 123 208   4 135  75][114  97   3 188   9 196  83  72 171   4 136   9  38 223  33  80 248 177
  75  99  74   3 146 221 177 244 139  59  16  34  55  98][101 113 249 101 176  79  87 152 107 228 189   8 223  21  79  50 150 213
  92 122 201 112 249   8 239 217  37  52 232 243  70 113][182 202 246 127 104   5 222 252 155 158 112 253 107 233 253  27 159 121
 117 103 232 118 202 179  42 222  85 174  85 189  82 143][ 52  69  64 136  92  11 206 104  13 160 248  10  66   8  53  80 120 132
  14 227  72 179  65 220 176 140 130  16 117  59 112 128][ 32  51 170  28 104 217 145  72 138 244 165 173 100 196 238  50 220  56
 226  68   6  99 234  89  88   1  41  63  80  46  39 245][150  81 122 168  58  85  94 104  61  76 245  45 255 254  43  81 222 153
 151 227 110  35  90 221 243 241  42 159  16  19  47  83][102  50 248 131 237  59 250  72  47 191 183 191 206  78  95  26 191 149
 223 183 148 119 201 208 158 216 207 247 197 111  95 215][184 241 120 112 121 221  92 254  51 125 180   9  59 157  94  48 143 155
 213  64 238 106 122 183 251 223  53 255  99 148  78 219][ 91 225 130 160 153 220  88 207 162 113 168   9 175 159  74 144 161 143
 253 213  95  75 154  53 251 197  31 125 138   4 171  74][208  73  30 180  44  72  85  37 245 148 162  57 103  51  35  91 224 246
 108  98 104 111   3  45 243 227 116  19  32 184 100 106][ 37 189  82 207 242 173 103 219  43   1 121  76  54 243 161  20  62 186
  18   8  18 186  88  63 116 140  33  40 249 234 194 161][ 29  73  67 219 178 130 110 156  54  64  66 198 241  67 169 236 114 106
  62 250 203 144  29  63 164 175 167 128  62 179 176  40][ 52  77  66 225  84  11 234  96  45  32 250  10  75   8  21  16 122 137
  87 226  72 179  65 206 182 220 130   4 101 155  98 128][117 107 123 101 100  14 111  48 105 200 118 236 243   9 149  50 126 236
  84 110 205 176 229  40 230 237  32 128 109 179  66 161][ 72 156 190 250 139 228  61 151 169  27  14  17 188 191  96  91 231 115
 249 144  50 205 178 227 203 247  94  75 130  81 165 123][ 42 174  48  24  91 245 176 207 255  93 124  29  44 136 118 212 233  11
 131  21 150  43  42 215  31  93  18 111 211   4 239 207][  2 141  15 190 156 131 175 253 150   1 218   2 121 234  56  64 126  43
  59 193  82 185  11 255 104  39 174 192  21  10 177 168][ 89 220  22 101   5  30  70 180 113 234 102  68 242  56  21 245 148 100
 124 111 237 248  81  47 163 254  85   0  75 178  90  29][ 45 167 120  75 240 171  67 217 119  45 253  40 227  97 158  52  25 138
  70  56 154 178 109  55 110 221  33 245 195 203 214 193][123  83 231 204  79  18 204  88   1 226 223 206  73 172 180 230 126 204
 183 207 205 243 245 192  22 104 234 128  63 255 112 244][247 123  98   6 115  18 158 224  41 108 183 175   8  14 151 148 254 213
 215 231 204 179 101 236  54 120 138 147 111  55  43 215][ 14  99 118 145 239 155 186  72 175 188  31 163 204 206 255 196 183  57
 251 245 134 209  42 208  14  16 143 231 135  47  45 247][ 32 222 120 127 116 175 127 190 126  15 126  32 243 113 146  48  31 122
   7  72 162 184 105  63 103 191  52 128  81 216  70 169][ 79  83  97 134 116  28 110 176  41 200 151 231 201  79 159 244 118 196
 191 238 197  16 108 204 182 125 162 132  46 183  88  85][216 177 190 126  11 204  85 117 168  31 165  25  63 247  10  19 160 179
 237   0 122 111 186  33 211 233 112  27  96  64 167 123][ 62 253 232 206 213  83 199 255  87 229 124 175 113 125 255  36  89 222
 151 251 254 250 125 191 127  15 133 229 247 254 244 254][252 113  60  99 160  77  85 148  96  63 167  24 151  19   8  57   0 150
  76  90 120 244 241  32 231 139 112 112 224 145 198  34][197  54 191 229 228  47 239  49 124 234 119  92 215  53 144 121  30 252
 126  42 177 244 241  78 197 175  99   4 200 235 195 177][ 99  81 184 220  77 213 182  78 203 232 188  10 224 248 119  98 200 101
 250  67 196  99 242 217 119  61 203  59  89  56  91 142][107  65 101 204  77  21 200 110 207 248 248  74  72 236 116 230 216 168
 242 237 141  99 255 221  23  26 193  62  87 172 120 164][ 88  49 185 224 105 252  83  19 163  85 172   9  63 183  66  18 132 149
 253  16  10   3 178   0 219 245   0 123 226  66  14 123][157  79 102 109  38  26 111 112 244 226 206 198 123 161 179 224 118 236
  44 238 201 177  37  14 242 235  97   0  39 253 120  32][223  90 246 228  39  30 126  80 105 234 182  79  79  42  23 255 254 229
 253 231 236 231 197 232 178 251 206 147  47 247 106  23][164 100   2   9  90   9 162  64  68  32 233  26   0 128  41  16 104 140
  66 114  64 183 197   2  52  32   2  40  81  27 114 128][203 120 175 148 171 210  41 214 172 222  70 176 156 182 243 239  39 103
 251 221 181 221 167 224  29  35 255 194 134  53  37 125][101 165 142 178 216  45 162 105 138 177 169  93 214 226 104  26 217 131
  74  55  26  99 218  16 156 128  15 124 216  74 147 130][ 43 178 252 253 109  95 249 121 155 252 180 239 255 255 214 175 255 189
 255   5 135 106 242 217 223 223 255 191 223 172  93 255][134 184 242 153 247 225 184 199  30  83  80 179 140 222  96   9 255  59
 147 145  50 220  18 211  13  20 158 227 149  76 165 211][130 157  38 155 179 192 184 103 156  81  88 183 172  46  50  65 238  59
 147 133  50 152  19 255  44  50 154 195  21  12 165 219][237  99  97  37 100  15 199 184 112 238 176  76 211  72 217  27  24 204
 100 111 232 246 197   8 100 136 101 180  71 189  82 161][ 13 143   2 159 154 148  47 255 230   2  74 196 253 226 171 228 113  74
  10 238 243 144  95  63 172  37 175   8  58 246 169 140][ 17  78 195 175  20  34  79 182 116 194 202 196 243  98 177 240 115 230
  28 175 173 148  69  47 160 166 170 128 188 243  48  44][ 29  79 214 229  54  26 110  51 101 162 126 230  91  35 151 244 102 228
  60 238 229 152  37 204 182 235 162 128  47 247 104  37][117  49 249 101 112  79 113  24 105 224 182   8 223  23  69  51  62 212
  92 120 201 112 241  72 223 152  37  52  97 162  71 115][ 99  65  32 204  77  85 206  76 203 232 248  10 136 136 118 230 200  45
 251 225 197  43 242 216  55  56 139  59  95  30 216 142][200  75 222 255  98 128 173  22  52 151  66 247 181 227 225  75 102 127
  35 204  64 220 135  97  68 163 254 136  60 240  33 184][216 176 190 126  11 204  85  77 179  23 165  25 127 223 106  27 163 147
 253   0 122  71 154  35 211 195  80  59 226  64 175  82][ 52  69  66 172  84  11 206  98   5  32 250  10  75  42  37  80 120 140
   6 226  72 179  65 158 176 204 129  20 117 187 112 128][139  87 119 229  50 134 111  48 189  72  91 230 221  55 177 229 246  37
  31 238 225 149  32 206 228 250 170 128  14 247 161 113][215  80 246 166 103  30 126  80 105 194 242  15  79 106  31 255 254 229
 255 231 236 231 149 200 182 251 206 147  47 247 106   4][176 121  58 173  45  89 182  68 206 232 210  34 182 156 103  98 234 125
 255  67  68 173 243 178 247 241 171  59  69  57  93 139][128  59 119  65 162 235 181  87 126  45 122 244 156 151 132 252 166  63
 110  16 147 248 163  80 132 186  50 194 192 192 167 249][120 225  11 162 217 213  86 231 163  97 168   9 191 215  74 144 145 171
 221 212  94  11 154  53 251 197 157 125  34  22 170  74][ 68 200 134 159 222 138 166 232 254  17 226   2 228 226  41  73 121 230
 106 218  98  99 207 125 188  38 207  76 177  57  33 128][ 48  77  66 225  84 139 234 102  45  32 250   2  11  10  21  16 122 173
  23 224  72 186  65 206 182 220 130   0 101 154 114 136][203  50 123 233 105 221 249  19 173 109 246 189 157 159 150 254 166 149
 255 149 135 191 243 208 215 249  58 219  79 132 111 127][191 115  98 134 115  18 158 224  41 228 247 175  72  14 159 180 126 221
 215 231 204 179 101 204 178 120 142 151 111 183  47 213][  2 137  98 136  84 129 168 101   4   1  80   2  40 138  52  64 106 171
  19 193 210 154   2 221  48  44 138 200  21   8  49 136][188 141 104 251 252 179 218 248 215   4 124 131 121 109 182  64 122 170
 151 235 250 168 106 191 110 207 165 201 119 139  92 136][183 106 106 162 110  19 190 224  41 100 144 175  13  14  23   1 238 197
 223 231 236 135  69 238 240  73 170 153  13  55  43 211][ 68 232 215 156  84 138 224 232 254  16 226   2 228 226  41  88 121 237
 106 200   2 227 142 125 156  38 207  76   1  33  99 128][ 94 157 182 186 139 224  60 199 143 215 136 179  44 255  98  74 231 243
 187 145  18  75 146 227 251 247 222 203 150  84 165  90][ 54 236  99  78 215  43 231 239  81 162 232 106  98  97 157 148 121 238
   2  46 233 182  77  46  52  46   5  38 107 254 242 164][200 189 158 119 161 172 117  23 187 155  46  16 190 187  64  90 165 119
 236  16  50 233 146  98 239 255 118  66 194  64 131  11][ 91 122 212 190  42 152  30  50 171 200 185 237 239 226 131 146 166 119
 237  71 207  75 202 125 176 243  47 186  14  39  11  29][223  31 151 183 178  50  56   0 250 155  83 247 205 226 225 207 231 127
 236 144 181 213 140 202 156 240 107 131 140 101  41  21][  3 141  43 201 150 167 171 103  76  65  90   2  48  34 180  96 122  43
  19 173 145 152  53 255 109  44 138  64 149 138 177 108][ 24 201  10 173  20 130 233 117   4   0  84   2  53  11  48  64 106  41
  23 201  72 152   0 157 228 161 170 128  53 136 113 136][ 83 132  61 237  58   7 136  47  63  59 218 114  84 251  28  80 183 159
  61 161 115 216  67  87  57  46 190 214  93   0 161  33][ 66 185 188  18 171 221  52 143 174 127 132  25 172 214  74  91 133  83
 253  17  86  73 187 113 153  81  95 251 128   4 143  95][ 44 255 105  73 240 251 195 218 119 109 124 236 131  77 212 148  31 200
 198 120 155 178 109  63 110 221  37 244 215 207  70 241][ 94  34 198  37 130  42  48  11 163 163 235 229  78 167  66  90 183  69
 237  21  24 209 137  66 216 166  29 215 168 102 171  19][ 45 112 253  99  61  47  83 152  83 250 181   8 211  89  89  59 153 196
  93 122 171 102 249 144 207 219   5  52 235 251  82  50][ 69  91 123 103 100  14 111  48 105 200 114 100 243  91 145 112 126 237
  84 110 201 176 229  44 230 249  32 128 109 179  66 161][213 227 208 163 157  10  74 136 107 176 163 216 199  66 217 222  51 196
 108 126  56  85 205   2 184 240 135 116 172 183 202   4][ 92 116 158 246  41  76  85 184 171 188 173   8 223 255  73  59 132 213
 253  98  72  67 218  32 211 249  69  61  64  51   7  35][118 168 151 146 141 192  48 230 191  57 163  18 102 246 108  78 233 215
 234 145  26  91 139 225 153 178 223  71 128  73 180  46][ 78  57 179  68 203 233  16  67 187 161 105  40 142 213  64 188 149 124
 232  48  18  67 138  66 155 244   5 127 194 102 135  38][117 245 189 101  29  79  71 248 122 224  47   8 215  49  72  50 144  92
 104 106  65 113 249  30 255 207   5  52  96 187  70  34][ 32 203  74 152  93 193 215 230 150   4  92 131  32 200  50  64  72 234
 130 193  70 170   6 189 112   4 154  41  53  28 124 206][  1  56  27 101  20  14  97  51 108 200 106  76 182  17  17  48 160  44
  68  44 129 184  49  12 197 189  48   0  72   8  67 169][ 45  86 106 218 116 191 139 250  86 205  93 162 115 220 191  32  94  56
  19  61 162 179 108 191 106  15 171 192 247 207 112 229][190 120 241   0 203 113 147 200  26 247 160 187  12 215  77 156  63 217
 211 242   3  71 186 242  89  65  13 127 211  53   7 242][112  97  27 172  25 197  19  72 172 140 136   8  22 215  33  80 240 189
  79  96  72   3 130  94 177 164 138  59   0   2  39  34][ 47  50 169 161 205 127 241  83  35 253 213 191 141 156 211  46  44  12
 215 157 150 254 247 128 223  81 186 179 231   5 127 247][ 69 245  25 109  56  78  71 188  51 120 238  72 223 115  72 114 149 220
 124 106  91  66 217  55 229 253  37 124  24 178 162  49][141  60 191 245 244 174 111  49 116 227 111  84 215 115   0 104  53 124
 114  42 177 244 113  14 229 175  99  64 232 227 195 160][  1 222 121  95 116 175 235 190 126  13 126   0 243 113 180  48  31 122
   6  72 163 184 105 127 103 191  54 128  80 218  70 169][ 96 174 109   5 116 235 225  39 104 233 122 169 179  41 148  50 131  38
 100  12 145 248 197  31 108  62  48  80  76 200 214 248][244 248  62  96 160  77 119 182  96  63  38  24  23  19  73  27  33 208
 108 122 122 117 185  32 251 139 116  85 224 209 198  34][ 39 230 212 189  44  39 136 202  27 178 240 221  70 232  93  10 159 205
 117  37 232 246 202  90   0  62  93 182 221 248  83 137][ 47  97 242  74  85 221 251 216  91  65 125  10   8 220 255  52 252 152
 147 220 135  50  56 209  31  92 130 111 215 159 106 228][ 65   2  27 109 112  14 105  57 104   8 115  68 215  65 152 112 180  12
  68  44 129 176 161  77  68 189  32   4  72 162  99 161][218 184  18 250  27 241  16  71 191   5 225  49 174 223  32 220 227 187
 239 144  62  15  18 247 155 247  26  91 146   4 175  30][ 58 191  18  32 187 223  82 119 163 172 168  41  46 151   2 144 172 187
 205  64  94 139 192 255 187 213  21 115  98   4 142 219][154  17  95 172  50 130  59 112  52   0 211 227 125 255  32  65 118 185
  31 229 105 159   1 207 240 227 170 128  61 130  33 185][120  53 249  96  89 204  83  80 163  69 172   8  31 151  66  50 134 153
  89  88  11   3 176   0 251 221   0 121 226 130  70 122][105 149  21  69 241  62 102  59 121 235 106  76 214  48  28 181 148  70
  68  46 181 248 113  14  47 254 101  20 202 224 203   5][105 166  68  71  53 191  74  58 109 173 191  76 235 104 158 180 145 134
 204  44 188 168 109 159  46 127   1  83  74 134  90  13][ 24  17  46 137  14 211 145  88 198  96 198 163 150 148 162  96  76  28
 234 113  72 131 115  28 209  33  42 123  16  14  53 250][219 141  23 190  22 130 111 125 148   0 222  66 125 227 176 229 114 175
  62 233 107 139   3 255 240 225 170 136  62 130  49  40][ 25 151 229  81 151 191  96 191  87 105 110  86 147  49  20 228  57 142
  62  28 187 248 117  31 143 207  49 116 251 140  88 124][ 41 120  81  95 116 159  98  16 119 200 119  76 243  80 149 176  24 168
  86  74 207 182  93  63 102 255  32  16  75 155  74 137][ 57 113 105 108  30  23 195  94  69 232 188 238  51  61 179  32 124 252
  87 124 137 163 101  28 242 205  37 188 255 190 114 248][208 237  92  53 203 200  55 230 184 180  42   9  46  53   3  19  34 247
 232  64  96 121 146  61 253  35  69  47  97 116 135 218][214  85  18 140 157  70 126 232 191 134 202   3  78 242  45  64 249 221
 255 227 108 131 153 254 185 182 143  31  20 123  53   6][  9 224 209 241  67 233 233  71  58 243 108  16 157 131  88  62  43  43
  98  24  19  92 246  67 205 213  26 105 233  64 135 168][144  81 127 236  50 130 187 112 188   8 247 226 125 159 160  97 118 181
  63 226 225 149  33 206 240 171  42 128  37 131  37  57][118 117 210 174 147  70  94 232  61 166 250   3  79 246  41  84 255 221
 255 226 108 147  25 238 177 246 143 135  33 119 167   6][ 73  89 150  69  21  30 102 180 121 200 110  68 242  56  23 244 148 236
 112 111 205 240 209  45  39  62  65   0  74 179  90  28][108 191 220 118 169  75 214 173 210 191 185  57  66 249  77  27 153 214
 237  50 122  99 202  50 107 215 117 127 194 123 206   3][145 237  31 127 210 143 102 253 180 144 224  80 119  83  32  49  48 250
  66 106 113 223  24  63 253 168  37  96 120 144 163 136][216 176 191 119  73 100  33  89 114 243 231  16 114 183  72 122 249 222
 234 128  57 214 187   1 221 227 211   7 138  96  54 242][ 97  89   6  77  21  30 102  52 121  72 106  68 242  24  23 244 144 100
 120  79 197 176 209 109  39  62   0   0  74  54  90  12][170 176  50 216 111 253 185  88 143  93 181  63 140 220 102 141 173  25
 223  17 134 111  58 209  31  89 219 255 215  13  31 215][ 34 217  33 152  95 197 151 231 134  69 200   3  32 156  38 196 200  59
 131 193  66  43  50 189  49   4 158  43  81  28 180 254][216 118  26 104  25 193  51  72 180 140 228  40  22 211  33  85 240 188
 202 106 104   7 130  14 241 161  34  59   0   0  39 163][ 67  51 151 132  42  14  43 120 172 200 147 236 212 198 135 118 150 117
 126 103 133 195 167  72 128  48 107 154  12  38  35 117][ 50  76  66 229  84 139 238 103  53  34 250   2  43  10  52  16 122 175
  23 128 104 190   1 206 178 238 146 128 101 136 112 136][ 13 142 138 155 217 149  47 250 182  87  76 213 232 226 186 197 117 106
 138 174 247  73  46 127  44   7 255 237 154 228 169 212][ 48  77  66 236  84  11  70 126  21 130 250  10  67 169  53  80 120 236
   6 161 104 187  65 142 178 237 129  20 119 186 112 136][146   8  22 156   6 130 184  96 140   0 210   2  44 138  49  75 110  53
  63 129  32 129   3 200 144  32 218 130  20   8  49   9][ 69  91 115 231 116  14 111 176 104 200 122 100 215  83 145 112 150 236
  84 110 201 176 193  40 228 188  35 128  76 179  67 177][ 42 170 198  94 219 145 128 238 219 187  96  72 104 232 188 189 153 106
 226  64  55 107 142 253  62  30  85 123 219  44  90 140][ 71  67  94  69 230 154 110  52 233 192 119 228 217 170 183 123  54 101
  62 238 197 176 133 204  38  59  98 128  45 179 233  21][ 43  89  35 204  77 151 238  66  69 232 208  78   8 184 117 230 200 236
 179 207 197 186 243 224  55 120 139  42  95  61 120 156][119  96 242 165 103  62 254 196 105 194 242  11  79 122  95 251 254 197
 255 227 140 247 149 200 150 248 206 147 173 119 107 135][244 248 220  96 226  77  85 182  98  62 166  40  23  51  65  27  35 212
 108  90  74 127 145  32 251 139 117 116 224 240  70  43][152 141  15 254  29 135  75 121 150   0 199   2 249 195  48 101  88  42
  58 232 123 139 123 159 241 249 139  88  18 138  48  40][120 174 104  49  52 219  82  10 115 229 166 185  67  12 150  16  25 172
 236  20 174 252 237  63 202 239 145  85 229 141  94  70][ 58 185  91  56  51 221  82 103  63 237 236 173  46 159  38  16 158 187
 197  16  30 171  48 127 251 213  48 251  90 132 198  91][ 90 189 146 242 155 236  54 231 187 145 174  16  62 255  96  83 167 115
 249  16  82  73 154 225 251 247  22  75 130  64 167  27][105 149 148  69 181  62  98  59 121 233 122  76 214  48  28 181 144  70
 100  44 181 248  81  12  47 190 101  68 202 226 203   5][152 105 147 247  48 206  79  53 180 138 202 192 183 167 161 132  20 126
  93  72  73 137   1  14 225 247 172 144  42 178  48  57][ 90  84  95 239  34   6  63 112  36  66 223 227  93  23 169  64 118 181
  63 226 201 149   1 206 246 239 170 128  45 179  33 113][118 125  86 164 145  70 126 232  53 164 250  11  79 242  41  84 250 221
 255 226 104 147 153 206 185 246 143 151  33 115  38   6][ 44 141 106 218 118 179 218 248  86  69  93   2 121 201 191  32  94  40
  19 121 162 179  44 191 106  79 161 192 247 143 120 128][227 113  40 172 125  29 158 109 202 232 177  15 146 216  54  65 216 173
 219 103 204  35 218 156 247 121 139  57  88  26 219 218][ 16 124 158 101  18 202  55 103 232 192 106  40 183 181   1  50 162 117
  72  64  65 185 144  44 225 229  36   3  72 112 167 155][237  48 147 100  73 100  49  89  50 251 231  24  86 247  72 255 253  28
 250  48  27 119 251   1 217 243  83 110 138  33 162 178][113  33 113 101  16  79  73  56 105 224 178   8  19  23  69  50  62 148
  92 104   9 242 241  76 213 152   1  52  97 162  66  32][118 221  18 156 157  71  86 239 159 130 216   3 207 250  37  68 216 253
 239 227 108   3 219 158 185 246 143  63  52 122  60  14][250 183 176 100 255  63 150 127 201 234 188 111  94  56 118 162 157 213
 213  33 237 107 144 142 123  79 101 190  75 110  74 159][  2 128   2 136  85 133 170 100   4   1  80   2  40 138  48  64 104  41
  19 193  82 138  16 253   1  32 138  72  21   8 113 136][ 57 119 107 108  18  23 211 127  65 232 252 238  51 157 146  48  28 188
  84 236 201 187 101  13 242 205  33 176 127 138 114 249][203 190 237 211 226  34  45 191  60 115  86 244 221  39 202 107  39  87
  63 158 243 220 189 103  78  43 254 196 172 193 129 121][ 27  68  79 239  38 134 111 112  37   8 223 194 125   7 176 225 126 181
  63 239 105 159  33 223 240 235 234 192  61 131  33  57][ 94 157 150 186 155 224  30 199 159  87 136 179  44 255  96  74 231 243
 187 145  18  75 138 243 187 247 222 203 146  68 165  90][148 122 127 247  46 216 182 192 236  14 242 227 191 156 129 226 238 125
 238  67  68 165 231 162 212 225  42 147 101  57  45 203][ 70 187 159 146 137 192  49 200 142  61 163  32 230 246 104  78 201 247
 234  80  10 107 139 241 153 178  95 123 128  11 165  59][236 191 156  54 185  15 150 168 146 183 169  45 199 249  75 146 145 118
 224 114 122 106 218  42 235 215  69 127 202 122 206   3][169 243 112 107 116 159  70 188 115  40 116  76 179 145 216 180  28 206
  70  78 203 184 253  53 102 217  32 112  90 155 218 137][ 44 141 110 251  28 243 203 232 214   4  93 130 121 237 178  97  91  42
 147 239  50 168 110 191 111 111 165 217  55 139  84 200][ 92 112 157 246   9  76  85 152 170 186 161   8 159 215  73  27 129 213
 125  66  72  71 218  32 209 241  71  62  64  51   7  34][ 48 109  66 137  84 139 234 103  45   0 250   2 174  10  32  80 106 171
  78 128  72 187  64 239 180  52 154   0  69   8 227 136][248 180 254 250 139  97  20  73 163  23 165  57 127 223 106  27 163 147
 237   0  58  71 154  17 219 195  84 127 226  64 175  82][ 66 249 176  58  11 221  20  79 171  29 128  25 174 214  74  26 133  59
 233   0  70  79 250 113 217  80  95  59  16   4 143  95][ 74  59 146  84  75 248  48  70 187 140 108  40  46 178  69 156 162 187
 224  16   6  91 146 115  27 244  16  43 194  68  15  15][143 189 240  36 249  61 223 235 235 222  60 173  94 248 223 146 159  99
 213  39 245  35 142 250 122  95  37 190 206 246  75 197][201 157 151 127 131  84  53  39 248  66 106   4 188  50  32 243 162 119
  56   0 117 184 176 107 229 235  86   2  10  96 161 138][218 176  18 250  91 241  16  69 191  21 225  49 172 223 110 220 235 187
 207 144  62  79  26 243 155 247  26 123 146   4 175  30][189  96 253 103  44  15  71 152  67 170 181   8 211  89  89  59 216 196
  92 126 201 118 249  42 231 217 101  52  99 187  82  32][  0 159 255  85 178 206  45  23  60 109 126 244 253  23 132 116  55  63
 127  28 241 220  33  79 229 190 118 194 192 192 165 249][237 107  68  37 172  26 204 188  97 168 180 232 195  33 209 151   8 228
 228 111 201 242 197 136 166  89 101 180 111 252  90 164][244 109 154  38 153  98  86 204 241 134 238   9  99 227   3  83 120 238
  72 114 108 195 152  42 251 163 197  25 225 123 126  10][ 33 219 249  75  52 143 235 158 126  13 126 100 243 113 180 116  30 122
  38  72 131 184  97 127 103 190  54 128  82 154 197 233][101 117  27 103  85  79 103  56 121 232 175  72 215 113  73  48 144 252
 120 106 201 242 249  14 239 221   5  52  72 179  66  32][105 245  25 111  56  14  71 188 115 104 236  76 215 115   9 112 148  92
 124 106  75 112 249  63 229 253  37  52  88 179  66  57][  1  34  25 109  52  14  97  29 124   8 115  68 214   1 152  48 148  12
  68  44 145 176  97  13 196 188  48   4  72 138  67 161][  0 141 106 233 148 130 239 119  68   0  94   2  49  35 176  96 122  42
  19 232  80 184   5  61 108 173 170 192  53 138 241 168][ 92  32  63 163 172 249 120   8 175 154 155  33 223 222  73 235 162  21
 253 115  22 193 171 192 194 209 235 151 132  67  13  67][120  37 121  96  25 205  83  65 225  68 173   8  23  23   2  50 160 144
  89  56  11  35 176  14 243 205   0  57  97   2  70 114][254  98 240 231 109  27 254 200  43 166 179  11 207  79  95 158 255 197
 255 247 204 119 201 200 150 220 207 183 231 255  87 132][133  44 191 245 148 238 111 242 116 130 102  16 151 179   1 120  33 126
  50   8  49 220 177  46 237 239  54  64 224 225 225 162][ 98 229 208 122 205  73 212 239 203  49 168  40  34 153  76  23 137 219
 226  82  74 107 202 177  59 208  21 127  81  90 198 142][127 112 243 246 108  60 253 210 235 222 183 222 223 239 223 254 239 213
 255 143 137 103 254 224 151 251 250 184 231 245 103 245][237 104 253 103  44  79  71 152  67 162 180   8 211  89  89  59  24 196
  92 110  72 118 249  40 231 217 229  52  99 187  82  32][186 253  59  60  51 207  23 103 189  76 248 169  47 158  38  17 174 187
 223   1 110 139  48  63 241 213  56 219  81   4 167 123][ 67  83 157  21 162  26  45  23  45 251  82 236 220  38 142  62 150 103
 124  21 149 216 119  64 172  54 126 194 136 240 131 125][185 205  21 250  61 215  75 120 199   8 197   2 243  83  48 225 216 160
  30 234 107 175 123 189 227 251 162  88  18  11 112  34][ 17 203  75 237  20 130 111  53  68   0  82  70 113   3 176  64 122 162
  22 234 200 152   5  61 224 233 166 128  61 154 240   8][ 50 217  33 152  95 213 148 231 142  69 200  15  36 156  38 192 200 187
 131  65  67  43  50 181  49  20 158 123  17  12 180 254][203  50 239  69  42  94 185  24 172 236  86 228 221 150 147  99  54  84
 255 111 165 213 167  72  70  43 107 128  14 164  15 113][  2 193  34 136 244 133 140  69  68   0  80   2 136 138  52  64 200  11
  19 145 210 170  64 213  32  24 138 192  21   8 240 128][122 125  82 172 153  70  94 239  53 162 250  11  79 187  33  84 250 221
 239 226 104 187  81 142 179 247 135  23  99 242  98  14][ 92  58 209  48 171 233  82 146 163 186 164 105  47 247  65 154 167 241
 236  82  14  71 138  48 219 209  37  63 226 245  14  11][ 92 122 146  36 171 120  84 134 163 187 166  57  15 151  67 158 167 213
 236  80  28  79 128  32 155 241  85 127 162 245 143   7][113  33  81 101   4  79  65  96 105 224 178  72  19  23 133  54  58 148
  92 104  73 179 241  12 145 200   1  48  97 162  70  32][205 243 168  91 170  31  61 157  94 255  20 188 157  39 211 235  23  94
 255  94 247  76 239  50 110  75 125 252 158 213 153 121][  0 157 127 117 178 142  61  55  60   1 126 176 253  55 128 112  55  63
 127 156 208 152  33  79 236 175  62 192  32 192 161 121][106 177 114  80 105 220  81  99 235  85 173  28  10 146  78 183 162 130
 232  16  22  75 178 213  31  88  80 127  66   4 206 102][ 74 185 176  58  11 205  16  73 171  61 128   9 174 214  74  30 133  51
 249   0  70  79 218 113 153  80  27 123  18   4 143  95][ 69 121  27 229  50  14 111 176 104 192 106  68 215  87   1 112  54 124
  92 106 193 144 249 108 229 172  39   4 104 179   3  49][ 86 175 166 158 159 192 190 239 159 149 216 163 108 238  98  66 239 251
 187 213  86  75 138 245 185 118 223 235 148  78 181 203][ 41 231  96  75 252 191 239 254 101 110 124 204 195 105 158 180  89  10
  70  44 242 186 109  31 110 221  37 236 119 222 218 237][ 99 251 132  26 107 153 144 201 207  29 180  45 172 200 118 134 135  35
 234  17 198 107 206 241  30  81  25 251  91   6  11 143][ 48 205  66 141  84 171 238 103  45   1 250   2 174  42  32  80 106 171
  14 128  72 187  64 239 180  52 154   0  69   8 227 136][ 93  85 203 239  18  38 127 112  53  64 223 194  89 103 185 240 126 157
 191 238 201 146  17 203 247 237 170 128  63 243  40  48][109 245  25 111  48  14  71 188 123 104 110  76 214  83 137 112 148  92
 108 106 201 240 249  31 229 253  37  52  72 179  66  41][ 44 207 110 218  22 219 203 248  86 132  93   2 121 201 183  32  90  40
  19 123 130 176 110 191 110  15 161   1 119 139 116 160][ 40 141 108 255  93 211 227 224 214   4  93   2 121 253  49 224 121 122
 147 202   2 168  46 191 111  47 161  73  55 139  84 234][  7  76  43 218  92 211 171 232 222  68  93   2 240 252 181 100  89  42
  51 219 195 128 126 255 125  46 139 201  20  11 117 228][216  62  26 105   3  50  48  66  52  38 230  33  15 147  33  89 112 156
 234 162 104 215 145  12 215 225   2   3  34  81  46  10][  1 219 123  77 116 143 235 246 126  45 126   4 243  85 180 116  62 122
   6 108 195 184  49 127 111 191  34 128  82 154  68 249][ 67 115 141   5 234  43 175  31 170 225  26 236 214  36 158  62 135  71
 124  13 149 152 245  64 172  54  61 182 204 242 131 117][ 94  18 227 197  98  98  63  56  53 206  94 230  93 119 185 100 118 221
  55 235 129 144 165 202  84  46 235 132 175 247  37 241][124 176 222 248 139  97  16 203 163  23 165 185  31 255  74  27 171 145
 237 178  26  71 154  17 219 195 113 127 163  65 175  83][ 69   7 148   5 244  62  98  49 121 169 123  76 210  40 158 182 148  68
 100  60 181 240  73  76  46  62  97  68 202 226 218 133][ 25 176 152  97 205  61 177 223 118 121 245  30 154  17  74 172 253 152
  82 152 159 118 243  81 223 201  19 110 235  64 234 182][ 22 184 146 250  75 241  16 203 191  21 225  57  44 223 102 221 235 187
 251 144  22  79  26 241 155 208  26 123 146   5 175 150][237 120 157 204 105 127  19  88 136 202 165  72 222 214  97 251 212 245
 126 122  33  71 250   8 209 185  97  62 152 123   3  51][  5   2  25 109  52  46  97  17 124   9 119  84 215   1 152 112 148  12
  68  44 145 180  65   4 196 184  32  68  72 138 195 161][ 80 205 222 117 178  10 127  55  60 162 110 128 253  35 128  80  54 119
 125 172  96 152   1 111 238 175 118   0 100 224 163  40][107 180 244 116  57  87 217  59 123 229 180  13  78  44  22 148 151  69
 213  45 165 111  52 223  90  95  85 189 207 164  79  93][212 112 149 242   9  76  85 200 171 178 161  24 159 215  73  91 128  85
 109  82  75  71 218   0 209 240  87  62 128 113   7  34][ 20  99  77  37  48  11  47  40  36 164 139 237 215  64 153  16  22 204
 108 231  72 144  77  14 164  36 171  20  36 179  18  64][114  61 144 172 157  71  86 111  31 170 232  11 239 242  33  84 216 255
 239  33 108  43  91 159 185 246 143  63  16 120  46  14][ 17 176  44 115 149 191  97  95 119 121 102  86  50  16  90 108 189 138
  54  28 159 184 113 149 207 207  16  66 251   8 248 223][ 94 189 150 186 155 192  54 231 175 145 168  33  44 255 100  82 163 243
 249 208  82  75 154 245 187 247  30  75 130   0 167  26][107 150 248  52 125  91 217  59  91 238 180 141  78 109  54 133 159 101
 213  45 165 107 188 222 218  95 117 191 207 172  95  89][130 143   6 159 150 131 174 229  28   6  83 211 236 106  56 193 119  99
 131 199 114 156  11 255  36  38 218 192  20  11 177   8][228 252 220  83 219 205 179 168 219 181  37   8 230 241  64  23   1 126
 226  82 114 108 218  51 111  18  69 127 194 171  70 171][134 206   6 155 174 192 190 233 158  83  83 179 236 238  40  65 255 115
 187 199 114   5  10 247  44  54 207 203  20  47 181  81][ 43 163  14 156  95 151 137 201 158 244 208 207 236 194 106 196 249 233
 162 149   7  75  74 221 156   2 175 124  24  12  41 220][223 220 236 247 166  58 127 183 113 242 119 178 123  47 155  59 119 215
  53 142 248 220  45 239 239 239 255 132 167 245 226 233][ 79 156 237 247 162 242  61 191  62 127  95 244 253 103 154 123  55 119
 181 142 179 220 239 255 110 239 255 128 174 245 133 249][ 84 179 159 158  40 197 177 200 174 188 147 109 228 214 104  82 249 115
 238  80   2  67 203 113 217 178 175 255  24  43  37 115][176  76  66 236  84  35  70 119  21 130 250  18   3 169  53  80 121 172
   6 161 104 191   0 158 178 238 144  16 119 232 112 136][144 221 123  77 116 207 251 246 124  72 126  68 119 213 160 112  62 122
  22  78 227 184  49 127 119 173  34 128 121 147 101 249][124  96 252 118 203  89  81 200 227 180 164  40  75 217  79  59 145 252
 232 114  10  99 234   0  91 203  69  63 227 179  78  34][ 34 149  16 152 221 213 148 103 143  89 136  27 172 156  34 160 204  27
 147   1  87  43  18 213 185  20  26 123  88  12 173 223][ 89  72  90 236   4   6  79 180 196  64 230   6 119   3 179 112 114 228
  28 238  73 131  53  45 242 233 162  16  61 186 104  40][150 184 146 248  75 241  16 202 191  21 224  57  44 222 102  29 235 187
 235 144  22 111  26 241 155 208  26 123 208   5  47 150][ 94  58 210  50 171 248  80 194 171 190 168 169  47 199  67 158 167 243
 204  80  14  71 138  96 155 213  21  59 162 213  46  31][ 85 105  27 101  18  14 103 244 100 128 106  64 215  19  33 112  48 252
  88 106  65 144 177  76 241 172   7   0  40 179  35  40][124 185 220 232 139  97  83 202 163  53 173  41  31 255  74  26 235 213
 237 144  26  67 218  17 219 197  33 127 243 227 174  83][221  84 189 117   1 126  68  42 120 242 163  16 215  48   9 251 145  68
 120  10  45 244 241  10 131 235  80  20 200  97  67  50][252 105 249 103 141  79  71 172  65 160 164   8  83 113  89  51  88 212
 108 106  72 114 249  40 247 217  69  52  99 251  86  34][210 189 150 186 155 192  22 229 175 149 136  35 108 246 100  82 227 243
 251 210 114  75 154 247 185 246  95 107  16   6 167  27][240  48 232  51  20 203  83  22  50 228 230 153 243  13  18  24  26 190
 253  17 110 254 245  15 195 231  49  81 101 136  86  90][209 144  31 121  34 108 113  39 104  81  98  16 182  17   0 123 162  23
 120   0  51 253 177   5 193 233 112  66  72   0 131  58][ 69  38 228   5  52  58 234   0 125 164 123 137 195   8 151 212  18  68
 108 127 140 180 197  10   6 124  33   5 198 175  90   4][ 72 141  90 253 178 170 121  39  60   1 110 128 253  51 128 112  54  63
  59 140  18 152   1 111 238 239  50  64  36 192 169  40][173 166  96  67 244 187 231 251 118 231 125 252 195 105 158 180  27 138
  70  60 254 190 109  30 110 207  37 100 247 206 218 228][ 57  84  60 234  45 215  87 120  85  74 221   2 255  83 169  96 216 160
  62 106  75 135 123 191 243 255 162  88  50 139  80  35][173  48 187 104 237  63 241  88 102 251 245  92 150 209  74  62 221  12
  94  60 151 103 251  18  95 217  35 124 202 105 226 243][120 141 142 164 145 122  70 111  49 134 234   3  99  99   2 211 248 230
 232 160 124 219 209  15 251 231 197  17  33 114 234  10][ 33 113  57  65  52  79  67  24 121 200 125  72 210  17 157  52 152 152
  20 106 137 176 113  12 131 152  32  16  72  35  66 179][127 123 122  96 113 221  80  80 107 109 188  45  11 156 215 188 172 153
 212  84 143  35 180 148  83 217  32 255 235 132  78  87][ 88 141  94 101 144 138 110  39  52 129 110 128 243  35  16  80  50 230
 104 168 120 248 197 111 238 239  20   1  36 226 235   8][ 61  68 195 206  85  54 111 120  21  74 255  70  89 231 185 244 124 188
  31 238 233 147  49 202 119 255 162 128  63 255  96 176][ 39  76  35 158  93 193 171 224 159  72  93   2 240 222 183 100  88  56
  19 203   3 155 110 255  53  52 139 139  20  15  53 228][ 26  20 227 229  87  38 233 120  21 202 214 198  89 103 185 100 126 157
  55 173 169 146  49 202  85 126 235 132  63 228  48 240][ 67 187   4  26 107 153 184  65 207  88  25 237 172 200 230 134 134  43
 234  21 134 105 206 209  14  16  11 251  93   6  11 159][127  53 240  96 233 124  89  91 171 255 189  61  14 191  79 190 133 149
 221  52 157  99 176 194  91  93  69 255 202 101 206 119][134 203  38 154 206 129 190 232 158 150 208 131 108 238 113  73 111 113
 187 247 226  79  14 255  56   2 207 237 149  63  53 129][111 146 164 121  57 181  88 184  23 253 214 229 123 253 223 125 213  60
 253 180 175  82 251 157  79 255 241 247 186 164  20 119][214 171 166 154 223 193 154 237 159  21 153 163 108 238 106  66 255 251
 239 213  94  75 142 255 184  22 143 251  21  14 181  75][221 211  94  67  50 159 106 188 116  40 103 100 223  67 168 241  54 148
  44 122 225 149  13  62 238 235  37  68  58 131 137  33][174 125 114 250 237 245 159 216 139 222 181  63 140 220 255  47 143 177
 223  67 231 103 250 242 211  89  47 191  95 221  15 215][201 114 111  69 106  62 185  18 108 254  86 244 221 151 146 239  38  85
 255 173 161 213 229 202  70 105 106 132  14 165  37 113][162 166 100  16 239 177 184 231 251 123 177 255   8 136  92 157 175 139
 211 149 183 111 142 215  30  18  91 255 205  68 219 151][ 40 156  18 188  61 239  80 103 159 171 250  25 239 190  32 212 216 191
 239   0  60 191 208 159 177 247 147  59  16   8 222  14][120  61  82 236 157  15  86 107  53 170 250   9  79 179  33 212 248 253
 238 226 104 187  81 142 179 247 135  23 107 242 106  14][136 172 191 125 152 236  97 151 246  31 102  16 183 243  32 120  65  58
  34  24  34 252 114  63 205 175 118  64 240 192 228 170][  1 183  41 203 212  45  97 223 119 121 127  86 146  17  90 108 253  10
  58  28 151 186 123 209  95  92  18  68 218 202 240 245][146 221  63 190  59 205  29 103 173  76 248 169 190 223  34  17 174 179
 221 225 104 139  50 125 241 243 122 155   0   4 167 123][ 15 156 252 255 170 186 127 190 191 251  86 181 253 239 219 107   7 119
 253 158 179 216 239 241 110 255 255 196 182 245 129 113][205  37 190 103 160  62  99  24 121 202 127  84 219 112 155 191 176 100
 108  62 181 244 185  74 198 251  96   0 202 227 107   5][100 236 156  83  89 205 178 160 154 186  36   8 228 241  69   7 129 122
 226  82  98 108 202 117  79  30  85 123  66  43  79 142][225 106 232  18 108 157 245  71 250 254  48  29  32 136  87  26 141 173
  98  21 230 126 238  82  94  26 116  41 197  28  83 207][  0 140  66 157  84 170 234 103  61   3 250   2 172  42  52  64 107 171
   6 129  34 186   0 239 180  62 154   0  85  72 225 136][120 141  70 165 151  90 102  39 117 133 234 131  99  34   0 208 120 230
 232 160 124 219 213  15 184 231 198  17  35 102 250  10][ 92   4 181 117 137 126  85  42 232 243 175  24 223  52  13 250 129 214
 232  40  25  97 243   8 131 255  80  23 192  97  71  34][252 105  89 100 157  79  71 229  65 168 188   8  83 113  21 179  88 228
  68 106  73  51 233  44 251 201  37  52  99 186 210  42][ 41 141   3  92 213 158  70  39 117 136 234  64 179 160  52 244 200 234
  66  78  77 186  80  47 167 252 132   0  75 248 250 140][150  14 142 190 158 163 190 224 158 182 216 131  69 234 113  73 127 109
  59 199  96  87  10 254 184 231 207 173  21 123  49 128][210 253  22 190  91 192  30 237 191 148 136 163 108 246 104  83 227 243
 255 194 106  79 138 255 185 246 143 251  16   6 167 219][153 220 127 127 114 207 123 242 116  72 126  70 123 215 177 113  54 252
  23 110 225 188  56 127 119 175  32   0 107 179  99 251][252 185 248 232 185  81  83 216  35 165 165  57  27 223  66  16 218 221
 237 208  26  35 250  50 219 197  33 125 242 163  46 115][205  53 254  67 161  62 118  25 121 218 127 116 222 114 207 191 147  70
 108  58 181 244 249  66 206 251 101  70 202 227 235   7][ 24 168 187 127 145 237 113 151 118  15 110  16 183 243  32  88  17  58
  32  24  26 188 115  55 203 239  52  65 242 192 228 170][ 35  92  35 158  93 241 171 194  31  72  89  98  32 222 181 100 217 123
  19 195 167 142 110 255  53  54 139 138  20  15  53 239][ 67 179  36  24  59 185 184  67 143  85 153 173 172 200 118 130 134  43
 251 133 150   1 206 209 132  16  11 251  92   4 139 215][118  59 218  48 243 185  88  66 163 156 168 169  47 206  67 152 166 187
 196  16  14  75 130  48 154 213   1  59 224 101  15  23][240  99 232   7  13  91  70   4 116 164 230  11  67   8  23 144 120 236
 232  99  76 242 197   8 183  97 192  19  97  62  94  78][240 176 107  55  20 207  83  20  50 101 247 153 247  93  26  24  24 188
 125  17  42 246 241  15 195 231  49  17 101 136  86 122][130 160  16 138  77 229 184  77 142  17 161  26 140 154 120  75 233 139
  91 145  18   7  82 209  21  16 154 110 144  10 241 138][241  89 123 206 108 198 207 112 213 206 246   6 115 221 181  96 126 248
  55 234 201 167  62 175 115 173 231 136 117 187 116 249][ 88 141  90 109 178 138 110  39  52   1 110 128 255  35   0  80  50 175
  40 172  80 152 129  95 230 239   2  65  36 130 235   8][116 105 184  70  30 201  83 104 226 164 165   8 114 221  71  50   0 240
 104  82  74  35 170  41 219 137   5  59  97  35  70  42][143 143  70 187 212 151 254 255 223  23  86 151 233 233 190  65 127 107
  35  15 246 252  79 255 110  95 223 192 191 220 249 205][ 88 141 206  37 151  26 102  39 113 128 234   1 107  35   0 208  50 230
 232 168  92 216 197  47 254 231   4   1  99 242 234  10][ 81  72  31 236  44  70  95 176 196  64 214   2 119  87 177  98 228 245
  61 234  77 131  48 173 243 233 170  24  52 187  48  40][180  93 122 232 118 219  87 113  93  34 127  42  95 217 161 116 246 184
  62  34 232 176 105 159 246 255   1 151  54 154  84  39][ 10 149  16 184 189 141 152  35 143  29  72  21 140 158  38  64 205  27
 147  21  82  40  82 213 171 221  26 122  88  12 137 211][196 122 157 240  10 232  17  24 174 187 131 120 150 151  65  91  37  85
 109 144  34  71 203  64 209 162 115  62 128  81   7  35][ 45 164 232 115 212 251 235 251 118 231 117 156 195 108 223 189  25 206
 194  60 191 254 109  62  78  79 181 101 239 205 222 212][ 37  97  65  71  84  31 230 184 101 160 107   8 211  72  29  52  24  76
  66 110 197 176 125  12  39 172   1  52 107 187  82 132][146 184 146 186  11 225 144 194 191  21 224  57 172 222 103  25 235  59
 235 208  22  79  26 241 153 208  26 123 144   5  39 223][ 11  16 231 197 117  54 233  91  29 200 214  70  88  55 188 239 126 156
 191 172 137 144  49 204   7 126 218 132 159 172 112 252][214 143 166 158 219 192 158 237 159  21 152 163 236 238 106  66 255 251
 171 213 114  75 138 247 185  54 143 251  20  14 181 203][  2 221 190 187 189 209 190 239 142  69 206 163 172 254  38  64 201 115
 187 145  22   9  83 247 239 119 158  83 148  92 189 218][162 166 204  16 238 169 188 199 219 123 177 255   4 168  92  11 175   3
  83 149 183 111  14 209  28  18  91 239 221  72 219 151][ 64   2  23 173  40  42  64  55  44  10  83 112 215 162 160 219 198  53
  44   0  25 152 195   0 128 242 112 216  16 170 133  33][221  66  94  99  34  31 110 188 117 106 231  84  95  67 169 241  54 132
  44 238 233 149  29 126 242 235 101   4  58 179 233   1][111  55 248  96 181 124 217  27 233 254 188  61  30  61 215 190 151 149
 213  53 189  99 160 194 219 221  37 255 207 228 207  87][ 19 105 162 152  82 146 168  71 191 193 216 135  44 206 243  96 126 173
 151 149 207 155 164 222 184  36 139 192  13   4  59 220][ 32 172 217 111 180 203  67  55 118   9 110  40  51 241 128  48  17  58
  68  24  27 184  97  63 111 175  52  65 225 138 198  43][121 173 121 100 252 203  71 183  80 168 254   8 115 113 144  49  24 230
  68 104 121 250 112  61 123 137  37  49 113 186 218  42][ 10 149  56 248 189 173 152  51 143  29  28  21 158 189  48  64 197  27
  19  21  18  40  82 149 239 221 154 121 144   8 145 194][120 133  70  45 147 122  70  47 113   5 234  11 107  32  10 212 120 230
 232 160  60 155 197 143 184 230 128  83  35 102 254  14][ 10  16 103 197 119 114 249 119  29 105  86  50  12  63 180 108 102  31
 183 136 177 152  33 198  23  62 218 195 135 140 245 255][ 68 178 157 241 168 233  49  27 182  63  39 120 151 231  72  91 135  31
 237  16  18  88 203  17 205 163 113 109 128 192 135  51][210 184  19 186  59 225 145 198 191  85 192  49 172 222 103  72 239  59
 203 145  50  79  50 243 153 214  26 123 144   5  39 223][ 88 141  86 109 149 154 110  39 101   1 110 129 235  35   2 212 114 166
 232 168 124 152  69 207 230 255   2  65  99 134 234   8][ 82  32 158 225   3 114  56   2  43 183 134  19 140 159  74  74 227  21
 185 144   6 213 145 192 223 247 218 199 134  64  45   2][124 120 120 104  88 205  83 216  51 164 164   8  31 151  67  17  88 221
 213 240  10  98 248  24 219 201  33 125 242 147 102 114][110 176 180  82 233 125 154 136 139 121  37  25 220 254  78 191 149  91
 241  83 151  66 251  49  15  83  77 127 218   7  15 246][210 252  22 188  11 192  30 234 191  22 168 171 108 246 104  83 247 243
 255 226 106  79 138 255 177 246  79 187  17  32  39 155][109 112 188  71  77  44  97  26  99 171 111  12 210  49  89 126 145  68
 120  12 129  52 219   2  69  62  81   4 202 115  82  34][ 82  59 154  48  59 157  88  75 171 205 168 237  46 206  70 146 166 185
 205 149  30  75 130  72 152 209  11 251 136   4  47  87][ 24  93 127 254  83 230 127 242 181  74 254   2 127 255  33 113 126 251
 151 234 105 155  56 127 243 239  32   0 115 179 102 251][236 178   5  75  77 125 194 136  71 119 165  25 194 196  79 159 217 208
 234 114  62 103 251  51  27 209   1 127 211  47  94 198][205 181 252  99 163  62 118  25 121 187  47 116 222 114 206 191 151  23
 108  58 181 244 253  66 238 223 101  70 202 226 235   7][ 98 186 152  78 105 169 146 138  42  12 232  41 172 226  69  16 151 123
 232   0   2  10 202 115 149 212  17  59  80  67  15  11][177  89 107 222 100 198 207 112 212 202 241  70 115 221 181  96 126 252
  23 234 201 167  62  47 113 174 231 136 125 187 116 249][  3  37  46 137  84 147 168 103 180  64 218 195  36 142 178  96 126 169
  31 181 197 153   5 222  52  36 154 192  13   4 185 156][135 134 198 159  15 151 188 248 223 150  87  23 236 232  62  73 255 107
 171 143 244 237  95 255  14 122 223   0 159 236 121 140][ 39  30  35 158 119 243 171 194  31  76  89 102 100 222 181 100 222 123
 147 195 167 146  62 255  52  54 138 138  29 111  53 253][ 45  52 236 115 196 123 225 218 118 247 125 157 211 109 219 172  89 206
 226  29 159 252 127  50  78  79 245 101 239 205  94 244][ 26 221  59 186 185 193 155 238 142   5 202 163 172 255  34  64 193 115
 155 209  82   9  82 255 249 245 158  91  16  28 165  90][112 121  42  37  75  75  23  98   1 228 198   9  34 149   2  17 216 252
 201  99  76 243 209  44 243  33   1  59  97  61  54 210][226 239  38 156 223 129 152 239 158  28 152 167 236 238 106  67 223 227
 239 165 122  75 202 223 184  22 143 255  20  12  53 218][ 78 185 188 243 237 245 180 207 159 189 182  51 188 255 108 106 233  83
 251 144  18 105 251 241  79  95 215 111 151  92 165 123][107  55 248  96 181 126 221  23 121 237  60 125  30  61 214 190 151 151
 213  53 189 107 160 194 235 223  60 255 198 196 207  95][210 187  18 160  27 140 114 238 171  57 168  73  46 147  72 144 166 155
 204  80  70  11 146 245 187 208  22 127  66   0  15  11][ 17  77  66  77  84  18 238 119  84 194 254  70 113  34 180 228 120 238
  22 234 237 186   5 239  54  46 166 128  47 248 248 140][ 33 167 105  73 244 139 239  63  94  97 121 236 179  72 156  32  88 138
  22  45 223 184 109  23 108  12 176 196  93 138 210 216]