[ 38  46 227  76 120  55 170 216 120 138 185 232 217 110 157 169 223  85
 214 175 161 103 236  74  16  30 107 188 197 243 103 165][ 84 113 251 100 106  78  63  88 161 204 173  40  95 247  73  50  54 253
 125 226  72 195 186  72 241 160 101  44  32 179  38 243][ 44  37 222  97 193  63 124  71 113 167 110 157 203  41  95  30 157 206
 192  60  60 240  49   2  79 223  85  69 227 241 202 128][  8 189 240  87 243 157 189 183 251 185  62  60 188 253 196 164 135  63
 229  24 211 120 186 119 111 221  53 250  74   0 135 187][ 20  21 190 190 143 237 181  99 236  31 249  15 238 253  42   9 168 179
 239   1  20 169  18  40 241 231  86  11 240 110 135  83][105  53  57 101  52  15 119  57 105 168 126   8 223  51   1  48 148  84
  76 106 201 176 241  12 239 253  37   4  66 226  66  35][ 74 235 166 158 233 145 188 239 158 149 196 137 236 238 112  79 199 127
 251  85  18  75 202 241 238 115 223 187 150 180 191 136][116 181 121  99 186  77  87 184 106 117  45   8  87 119  74  48  19 210
 124 122  91 112 249  53 255 143  37 117 240 130 198  99][244 111 218  38 146  96  86 200  97 132 170 175  67 235  79  82 122 206
 108 114  76  35 141  42 250 229  37  29 233 251 234  66][ 95 150 230  23 162 186 124 190  63 214  86 245 237 230 174 220  55 231
 236 142 252 212 175 243 142 123 119 135 174 244 169  85][ 84 124 191 118 160 108  87 146 241 206 174   8  87 247  65 122  37 246
 124  90  41 199 187  42 211 175 117  24 224 241   6 123][218 234 150 186 139 168  16 134 171  23 130 157 174 130  64 219 133 227
 233  21  62  79 210 241 152 242  94 123 138  84 139  30][194  34 251 241  56 232 249  23 191  93 182 144 191 135 196 120 231  59
  95  24  51 105 226 211 207 249  58 200 196 128 199 249][110  54 226  18 235 241 176 202 187 255 189 187   8 252 207  30 175 219
 199 145  22 103 174 194  26  86  29 255 231  85  31 215][124  50 189  97 168  47  85  23 227 190 188 104 159  51  65  59 135 245
 109  48  72 107 193   0 219 219 117  52 224 240  70  43][108  52 188  36 169 108  81  18 234 255  39  29 215 179  83  26 129  76
 125  31  24 101 219   0 205 219  97 116 200  97  70 114][103  75 237  78 136  50 207 136 228  86 138 204  80 100 149 123  80 196
 104 238 204   3 239 104  48  42 229 156  21 243 114 100][ 97 245  17  78 253 221  70 188 115 200 236  76 226 225   8 244 217 236
  98 108  75  50 251  63 175 254   5  58  90 186 210  44][ 11 223  47 155 182 214 183 247 150  77 222 231 120 244 186 228 125  62
 191 141 215 153  63 191 127 103 190 195  30 206 188 255][ 84 113 123 102  98  75  51 248  33 236 175  41  95 215  73  48  54 221
  69  98  65 243 185  72 209 132  37  38  97 178   7 243][124  97 108 103  21  79  87  56 113 228 231   9 219  13  19  16 216 204
 109 110  76 178 249  12 247 239  33  21  99 187  70  82][144 170 119  89  10 217 177 199 254  21 226 240 175 134 132 160  39  51
 234  16  66 237  35 117 137 194  18  67  65   0 167 169][ 82 235  84  80 122 136  53 231 171  61 170 169  44 135 192 212  39  55
 237   0  82  75 130 117 188 164  54 251  34  16 135 171][124 176 249  82 137 108  81 217 227 117 165  24  83 245  78  58   1 214
 108  24  27  99 250  17  91 201  85 125 226 192 198 114][124 101 168 165  29  79  94  40  39 228 175   9 203  45  27  16 152 204
 253 103  72 242 217 158 247 215 133  53  99 127  86  82][113 233  24  48  29 205  84 239 235 177 168  24 182 184  66  48 137 162
  76   1  94 107 218  55 185 212  21 123  72   8 202  14][ 63  37 210 161 227 122 116  71  57 227  46  17  30  51  67 190 179 207
  80  60  53 216 145 202 190 222  86   3 170 244 235 142][192 130 251 185  44 232 105  19 255  95 151 179 191 135 210  91 111 165
 127 153 170  79 231 209 221 243 250 216 132 136  53  97][  8 187  58  88 249 217  21 231 182  29 252  56 170 215 166  52 141  58
 206  16  82  43  34 119 127 149  52 251  82   0 167 251][131 172 211  93 202 227 172 231  62 195  96  80  48 179 196 117  35 111
 114 140 115 222 135 127  45  46  87  32 225 192 163 172][ 88 252  26 188  59 221  21 103 174  93 172  61 190 151  34 208 167  51
 236   0  79  75 178 119 241 245  62  59  26  16 175 123][ 72 160 153 178 185 221  16 143 171 121  40   9 190 157  74  48 129  27
 232  17  22 104 210  53 207 215  28 123 208   8 143  74][236 184 185 242 100 205 115 216  63 169  97  88 151 247  65 120 149 120
 119  90   3 118 250  50 221 223  53 108 192  33  67 163][125 248 149 190 169 237  85 206 171 251 160  13 191 246  67  59 133 227
 124  21  31  79 250  49 217 210  93  58 216 116 131  95][188 221 121 106 219  87  87 248  87  32 236  10 127 119  41 240 125 216
 194 234 107  35 121  63 251 239   5  62 115 243 106 162][ 88 225 186 254  40 205  85  92 162  29 237  40 247 247 104  82 160 253
 108  66  10  35 170  49 211 225 112  57 112  50  39  43][ 80 175  28 186 184 232  17 142 174  29 134  57 183 215   2  91 135 247
 237  80  58  73 195  53 249 225  62  89 176   0 135 107][236 228 108 101 212 107 107 190 113 231 110 153 211  45  18  17 121 204
  99  45  56 246 253  15 119 239   1  69 231 250  86 242][205 104 133  53 168  46 110 152  58 242 130  92 223  99  81 251 147  69
 124 126  33 196 223  42 204 227 111  20 136 241  11  48][101 165 236  71 236 124 206 175  91 251  47  24 209 104 222  58 153  70
 112  62 189  82 255   2 111  31 213 125 206 243 218  84][  5 232 111   8  80  45 235 218 120  93 240  77  16 218  21  24 189 201
  87 253 151 246 151  87  93  46  35 204 201  49  67 209][  4  57 247  93 178 234 227  16 124 128 122 224 243 117 133  52  34 126
 110  88  17 184  53 108 100 188  32   0 229 161  71 185][ 80  20 189 117   8 110  65  51 160 181 166  24  83  53   0 123   4 148
 125  40  56 201 243  12 217 170 113  80  98 160  70 122][124 113  88 236  57  67  94 232  37 164 233 169 219 127  13  16 222 221
 223 226  72   3 217 140 243 245 135  61 117 187 102  18][217 189 149 186 171 237  85 175 171 123 160  29 191 254  66  59 167 243
 124  20  63  75 250  49 249 211  87  58 184  84 131  95][204 183 144 113 235   9  21 159  59 183  36 125 142 179  72 155 135  31
 232  16 114  76 219  50 205 211  85 127 194  64 135  43][ 59 159 102  91 183 247  95 255  87  77  92 183 122 253 190  36 223 186
 151  29 191 184  59 191 107  95  53 195 247 204 244 255][ 52  96 197  85 184  42  65   8 115 177 163   8  66  64   5  27 153 212
 104  49  56 227 201  12 137 178  85  86 193  99 198  32][124 123  82 100  33  30  71 240  32 168 172 108  91  35 129 150  22 244
 196 106  73  18 208  40 242 233  37  48 106 183  74 185][100 224 145 107 200  12  69 157 123  51 161  88 211  67  72  26 145 156
 104  58  74 118 219  19 197 190  21  60  64 210 194  34][ 34  58 239  61 232 111 189 123 236  95  50 245 212  46 151  27 167   3
 127 132 164 197  51  81  68  42 122 132 192 113 103 211][ 16 223 147 167 178 175 118 247  61 141 250 101  46 186  32 208 182 239
 198   0  13 187   0 239 176 244  38 131 233  82 167 159][ 53 119  74  47 212  31 198 248  84 224 253 207  67  72  55 132  88 236
   2 231 205 178  93  62  60  13 133  53 125 191  90 148][152 110 238 119 146   2 111 190  52 166  78 199 241 103 147  81  51 238
  44 236 232 220 197  46 238 231 247 128 165 240  48 120][173 107  61 103 100  15 103 184 121 234 118  76 247   1 145  59 144  76
  68 110 233 244 105  40 230 249 101   4  72 187  82 161][212 192 156  54   8  78  85 185 244 186 167  25 215 113  75  91   1 212
 108  42 104 101 219   0 209 227 117  21  96  49   6   2][ 74 191  40  56 184 181  24 191 191  93  12 245 172 247  66 208 197  59
 253  21 150  73 194  55 239  85 188 251 146 132 142  91][215   2 238 165  46  66 201   8  32 230 147 167 211  46 155 107 126 197
 125 167 189 199 229 200 208  96 234 149 173 247  55  84][125 105  17 174  25 213  86 109 131 204 161   9 254 215  99 208 216 249
 217  67  78   3 218  57 243 245 133  59  18  54  38  74][ 73 223 239 127 186 150 191  55 244 205  94 165 253 255 178  98  86 127
 189 141 193 217 167  47 102  47 254 128   4 242 165 121][ 74 191 229 191 250 168  56 159 187  61  90 245 237 175 200  90   7 215
 253 145 150  88 207 227 206 119 254 197 166 196 135  83][183 213  53 202 157 133 159 236 206  52 129  15 240 220  60  33 221  65
  19 255 250  35  58 181 185  26 143 124  81  59 241 226][ 88 171  26 168 187 136  22  71 169  12 170 169 174 131  32  80 166 179
 205  64  78  11 128 117 240 245  46 203  32  16 175  11][ 77 180 149  33 169  47  51 154  62 251  35  92 223 115  72 154 149  77
 108  54  17  84 219   2 205 215 101 116 200 113 131  17][173 253 111  83 212 243 231 247  80 250 126  48  80 116 219  33  89 110
  18 122 253 254 124  46 111  15 165  69 207 251 250 242][  1 163 159  17  32 142  40  23 126   1  74  68 151 130 128  96  54  15
 110  28 151 216   7  65 140 168  58  64 136 128 129 141][169  93  47 157  45 223 199 118 212 202 198   0 178 212  51 229 200  96
 251  75 237 191 114 174 231 123 196  19  66  61  92 254][145 185  62 100  50 219 146 101 124 232 246  40 119 188 162  33 186 245
  92  96 237 187  53  45 251 233  46 147 105  32  43  27][248 129 123  96  53 207  67 240 119  45 175  24  83  49  16  48 216 148
  76 120  56 187 121  30 251 221  33 117 114 138 198  98][108 180  56 122 217 253  81 191 243  57 173  24 182 245  72  48 129  26
  88  24  27 107 250  55 235 223  21 127 208   8 198 162][ 43 187 182  27 251 157 180 239 206 121 214 110 252 252 230 230 237 127
 250  21 151 107 239 241  62  51  95 250 218  12 169 159][208 254 184 186 184 205  81 223 174  29 140  57 183 223 106  82 231 155
 205  17  58  79 202  51 249 197  62 121 144  88 165 107][104 182 208 115 187 185  16 159 123 183  45  61 142  56  78 158 135  31
 236  16 150 108 219  51 142 215  21 127 194 196 207  31][246 114  94 228  75  75 254 104 185 174 243  43  74 126  15  27 254 213
 239 226 108 247 201 200 243 250 195  55  65  55 110 147][128 160 188  89 172 207 181 223 254  27 244  16 244 211  76 107 173  10
 106  24  50 237 123 117  79 155 119 116  80  72 225 171][ 55  24 151 186 227 239   0  67  59  83  73 221 110  98   1 153 135 171
  68   5  31 210  26  93 128 214  90  34 152  71  11 151][248 176 189 114 205 205 209 207 163 245 164  24  18 253  72  59 137 146
 113  16  27 107 250  16  91 217  85 125 195  72 214 250][156 111  87  83 147 250 167 192 180 182 162 176 203 247 197 191  35 126
 204 242  57 244 168  46 171 203 101  65 227 241 231 160][ 24  15  22 236 149 162 244 103 212  13 202   3 111  59  32 192 232 182
 171 161  56 187   1 140 243 231 222   1 179  88 188  10][172 176 185 112 249 237  81 223 255 123 164  24 158 215  72  56 129  26
  72  24  27 110 122  19 207 223  21 125 210  64 198 226][ 42 248 168 184  77 237 185 198 139 117  52 137 172 157  86  10 143  59
 243  17   2  58 242 241  95  81  24 251 215  14  23 250][108 160 177  98 241 233  83 128 123 169  41  40 150 215  72  48 145  30
  68  16  18 120 234  51 205 212  53 127 194  67 198  35][220 249 157 114 170  76  21 180 162 250 130 120 183 151 192  59 167  87
 108  66 107  77 171  33 217 193 117 124  32 145 135  57][150 143   6 187 154 135  46 173 182  25 203 247 225 235  12  65 245 239
 127 215 250 216  75  63 172 230 175 194 181  82 176 147][ 45 229 253  97 180 111 103 154 126 250  62   8 211 117 153  56 145  76
 108 126  43 244 249  30 239 223  37  84 192 241  70 176][ 55 161 245 243 236 169 248  91 255 179 177 154 159 255 220  61 239 155
 127 157 155 107 235 208 158 218 223 254 231 205 195 161][ 45  52 145  67 209 239 115 218 123 225 109   8 158 247  77  60 153  26
  64  24  19 240 248  66  77 220  21 102 202  67  67 162][197 124 189 117 160  46 121 146 248 250 178 112 215  55 129  59 135 116
 124  58 161 244 241  42 199 251 117 144 192 241  67  49][ 60  36 238  65 196 126 101  91 116 175 231  16  83  49 155  59  57 156
 113 184  24 243  33   8  95 239 241  69 227 241 246 162][145 197 125  71  52  75 231 188 124 122 242  96 243 112 156  97  90  68
 108 106 233 180 109  63 161 234 103  20  85 186 209  41][240 181 157 186 137 205  21 239 187  63 168  25 166 246  74  18 129 147
 236  16 123  75 218  51 185 211  95 123 208  64 143 122][120  31  30 124 233 162  86 115 241 134 238  40  98 243  33  85 216 246
 232  34 120 131  82  13 243 247 193  11  18 112 254  34][ 86 100 254 247 110  40 253 222 187 178 251 186 221 255  93 122 239 213
 127 135 160 103 203 224 214 250 219 186 135 253  99 161][196 224 144 186 173 141 186 200 175  25 177  24 238 218  77  24 151  75
  78  82  18  37 138 241 141 217  26 126 208  19 131 129][ 80  32 158 186   9 196  81  77 167  21 164   9  55 219  96  91 200 177
 125 208  74  75 210   0 219 227 222  57 176   2  38  10][218 224 153 176 137 109  92 207 187 243 160  25 159 151  67 219 129 223
 249 144  62  79 211  98 219 209  95 127 130  85 143  90][213  84 191 245 172 110  77 190 248 251 134  16 215  54  89 123 165  85
 124  47 169  69 179   2 193 187 255  20 128 113  37 113][176 244  30 112 209 135 125 245 179 127 165  29  18 195  74  27 173 140
  67 180 122 223 152  85 123 131  53 101  75 144 234 146][131 214 247  95 168  47 237 191 190  63 179 212 251 103 156  79 199  86
 108  46 225 229  91 127 142 186 119 212  89 240 193  57][189  53  36 162 189  39  81  88  85 125 177  63 207  88  27 173  88 130
 222 191 174  99  77 204 216  80  64 126 239 206 112  69][197 177  28  72 203  28 180 249 234  16 165  92  94 242  78 191 182 129
 106 234 215  99 159  65  22 168  67  78  73  33 235 135][ 98 232 230  26  75 240 176 198 235  87 160  25  40 156  94 219 161 155
 243 145   6 111 186 241  31 120  92 107 197   4 239 206][138 221  18 223 247 213 190 231  31   3  92  50 172 243  38 228 239  59
 147 128 118 158  58 255  47 247 158  75  18  76 173 143][236 173 138  50 209 196  93  65  51 185 165  25  17 195  82  17   9 175
  81 156 122 223 152   6 123 137 173 109 169 130 234 130][130  58 154 185 230 195  56  69  62 165  87 179 140 135  99  72 127  59
 131 148  66 220   1 208  68 135  30 135 180   8  45 219][248  40 222 114 173 249  84  71 243 151 164  25  47 233  66 155 129 238
 236   0  46 111 194  51 211 243  80  59 226  64 222  10][ 54 107 209  39 213  79 102 224  99 172 186  79  66 107  69  22 184 237
  68 242  72 242 137 104 185 212 133  55 233  50  86 142][ 45  79 109 101 244  10 111 184 100 224 126 236 211  33 145  49  58 196
  70 110 233 176 109  14 100 239  37 132 109 242  82 224][205 165 156  63 141  47 204 157 118 243 227  88 211 104  89 107 221 215
 106 179 253 118 219   2 237 235 215  92 200 121 232   0][252 113 120 101  68  79 119  48 113 236 231   9 211  29  19  16 216 204
 125 106  72 178 249  12 231 233  33  17  96 187  86 114][129 172 223  93 210 226 173 231 118 135 110  16  49 178 128 240 123 110
  34 136 115 220 229 127  45  47 182   0 225 192 103 168][138 255  85 117 250 217 188 191 187  89 120 249 173 255 196 149 135  59
 245   0 243  88 194 247  46 215  61 235  70 132 143 153][104 189  57 107 209 205  67 191   3  45  44   8 179  55  72  48 153 154
  65  88  27  26 249  55 111 157  20 124 210 130 198 250][193 139  90 113  48 138 105  19 126   9  82  84 247   2 144 112  54  46
  46  28 179 216   5  71 204 175  50 192  44 128 129  41][223  98 172 165  44  12 201  24  32 246 151 149 215  46  90  75  76 197
 125 253 168  68 229 192 196 113 254 212 132 181  23 112][ 43 157 124 123 188 183 222 255  87  73  92 167 249 253 182  96 223  59
 183  29 150 184 111 191 111 223  53 194 247 206 244 255][105 199 109 101 100  10 103 180  96 168 126  76 211  33 145  51  26  68
  68 110 201 176 109  44 102 169 101  16  72 250 210 169][170 223  55  88 121 221 177 247 183  29 252 117 170 151 166 212 141  58
 199   0 226  43  34  55 103 241  48 235  82   4 166 251][221  15  68  39 176  58 110 178  53 226 238 197 243  35 147 208  51 230
 124 238 233 152  77  46 238 239 165 128 111 247  90  16][ 81 159  27 143 242 198  47 245  60  76 250 231 116 118 162 112 246 255
  78 229 211 155  49 111 188  36  46 128   9  18 167 249][ 23  37 214   1 211  26 116 199 121 179 170  19  15  58  79 154  51 207
  66 180 116 219  21  66 187 206  87  71 225  84 235 142][ 71 142 230  14 224  50 126 191 191 203 222 231 105 238 191 220 247 231
 253 143 149 153  15 239  30 126 159 135 143 246 249  85][ 98 177 121 192 237 221 157  87  11 233  61  43  24 157  92  52 158 155
 215 145 211  58 226 209  95  93 185 234  87   6 215 179][128 206  31 117  48  14 109  54  60 138 114 244 223  39 128  17 182 116
 108 110 225 252   1  78 236 187 118 192  72 176 227  49][124 113  89 237  89  79  95 121  39 160 233   8 219  31   9  16 216 221
 221 226  72  34 217 156 243 245 133  61 113  58  70 178][246 112 250  86  75  84 151 200 187 215 181 191  92 252  79  59 191 209
 245 195 135 103 186 192  83  25  77 191 197 115  47 215][203 151 108  87 160  94  61  55  41 206  30 229 238  54 134 247   6 119
 253  44 229 200 229 237  38 123 124 130  14 212 139 125][172 180 239  87 221 111 231 255  50 227 231  26  83 253  28  57 121 254
 115 136  57 246 249  31 127 175 213 101 227 248 214 242][ 39 255  97  46 124 139 143 252  86 100 248 237 227 236 159   0 222 234
  71 103 206  42 127  63  44  28  37 184  93 190  86 221][220  32 148  54 137 124  16 138 186 183 163  25 207 162  73 219 129 215
 236  16  60  69 219  34 153 243  81  63 192 113  15  10][124 108 144 125 137 109  84 139 243 178 161   8 226 249  65 159 129 118
 232   2 110  97 219  17 163 246  69  63 242 117  74   2][244  70 245  84 238  11 199 168  81 182 177 255  67 105  29  27  59 196
 109 107 104 103  77  62 112 138 101  52 117 249  86   2][141 212 149  95 168  46 237 190 190 115 163  84 222 115  12  95 133  70
 121  46 161 197  91 127 205 187  87  84 218 241 201  48][ 72 162 191 241 120 236 249  23 175  93 118 112 191 135 192 123 167  23
 127 152 147  88 227 209 207 185  58 200 128 128 135 121][224 225 157  99 168 111  69 141 106  55  41  24 211  49  72  26 145  28
  72  40  59 112 217  17 229 217  21  52 200  82 194 160][144 152 191  61 168 238 181 151 190  95 226  21 151  63   3 107 133 119
 125 145  48 220 115  34 201 163 126  64 200 112 167 219][ 16  49 123 100 114  79  51  89  32 236 238  40  87 215   8  48  62 157
  69 168  73 178 177  74  85 164  33  36  97 162   7 243][ 65 120  57  41 212 142 169  87 126  88  96  68 149  19  17  56 237  44
  19  29 163 190 113  30 109 174 186  76 200  16 115 169][133 122  14 191  96 142  58  48  60 200  99 229 253 199 131 209  22 109
 102  70 129 212 154 105 196 176 106 128   8 179  11 145][ 72  57 147 100 161  12  85  55  41 168 170  76 191 179  64  26 132 247
 109  16   1 218 211   0 205 251 116  48 202  64 131  27][  0 170  29 121  10 221  56 247 182  21 226  80 183 142  64 160 173 187
 234 128  90 120 227 113 221 131  18  73  97   0 167  40][106 191  49  56 249 133  24 183 191  93 104 221 172 135  66 208 133  59
 241  20 214  10 210  23 111 117  28 234  18 132 134 219][216 251  30 186 168 140  89 182 162  29 174  13 183 199  66  82 199 243
 237  80  90  75 211  53 251 225 126 121  48   1 135  27][ 13 185  19  65 244 159 226 247 125 232 122 100 158  56 149 180 182  42
  22 120 149 184  49 254  44  94  37 198  74 130 203 157][ 89  93 254 111 178  22 127 180 180 200  94 165 121 255 179  98 118 127
 253 239 193 217 165  47  99 239 238 128  38 178 164 121][157 141  30  43  26 203 146 224 228  64 250  66 247  88  50  33 190  51
  78  99 237 169  13  61 232 129  43  81 121   2   9  24][143  37 165  83 185 190 216  24 185 149 164  20 138 111  93 191 149  98
 216 124 190 228 243 110  15 219  85  82 194 197  71 244][ 90 253  58 252  59 253  16 199 191  93 236  57 191 151  34 112 167 187
 253   0  14  73 178  55 243 245  26  59  16  80 167 123][ 16 101 220  97 180 111 117 191 126 170  62  40 151  49 193  48 179  84
 108  56 105 252 225  30 239 223  37  20 192 240  75  43][ 77 177 145 166 186  12  31 189 170 241  11 237 255 231  72 210 182  87
 236  85  83  73 155   3 168 244  47 252 136   6 131  89][144 215  29 119  52  15 231 188 252  58 178  96 247 113 137  99  22  84
 108 106 233 229  73  61 225 170 103 148  64 241  65  41][ 45 205  45 170 188 197  78 188  70 112 137  72 247  77 121  32 217 203
  19 255 123  34  91  63 233 193 175 124  24 155 208  40][ 72  18 255 249  44 168 105  19 175  31 214 181 159 135 208  90 231 189
 127  28 146 220 227 209 198 251 250 192 132 136  85 113][254  96 246 236 105  75 223 104 173 166 227  27  78 255  47 159 252 213
 239 227 108 231 137 202 243 242 207  23  67  63 102 134][ 91 223 231 150  54  18 158 180  89 192  82 198 105  44 181 167 174 247
 180 199 229 235 181 239  50 126 110 131  79 190  57  29][  3 169 180  26 153 157 154 205 206 121 153  77 174 200  94 162 207 103
 126  93 150 107 222 241 153  60  31 251 218  14 139  13][132 122 220  87  42 139 147  16 126 172 115 236 230  64 129   9  22 125
 110  66  32 244  79  56 132 130  97 147 100 187   7  33][202 185 190 249 185 244  57 135 190  93 134  16 189 191  66 106 231  55
 249 145  18  73 179 243 207 247 222 123 128  64 165 123][101 184 153 115 117 207  99 208 123 160  97   8 183 211  65 112 145 124
  66  90   3 190 216  50 205 159  17 104  72 131  66 160][237 229  92  97 172  79 119 186 126 186 190  40 211  49 147  51 153 196
 124 104 120 240  97  28 239 203 101 117  96 249  74   3][ 33  77  25 109   4  79  71 188 100 224 226  72 243  17  17  48 216 228
  90 106 201 180 113  13 229 184   1  16  72 187  66  40][189  98 236  99 164  46 203 152 114 250 243  85 211 105 219 122  89  76
 117 127 184 244 221   2 204 239 229 148 237 243  82 192][ 37 179  88  75 252 157  70 189  95 104 125  76 226  64 206 180 221  74
 102 126 215  58 251  55  46 220  37 124  90 138 202 149][ 88 253  30 186 184 173  93 215 174  29 140  29 191 199 106  83 231 179
 205  17 106  11  18  55 249 197  62 249 144  80 173  91][ 90 188  62 184 187 221  29  39 174  93 140  57 190 151  98 112 167  51
 253 128  94  73 178 247 251 213  26 123  16   4 165 123][ 88 188 183 118 169 236  21 191 235 191 130  28 190 186  72 127 167 215
 253  17 251  73 187 241 217 242  95 126 138  80 167  59][ 66 235 134 158  43 193 184 236 174 149 194 201 236 199  96 198 198 117
 251 213  70  75 207 245  30  50 207 187  20   6  47  11][ 91 249 181 190 169 205  85 212 171 251 168   8 190 247  65 190 131 243
 253  19  91  75 250 241 217 214  87  58 210  86 135 111][221 120 133 181 173  62 101 190 115 250 134 100 215  49 209 255   1 100
 124 106 173 212 251  42 198 251 229 148 170 245  91  61][108  48 185 118 233 108  97  16  43 191  39  24 150 179  65  26 129  84
 125  26  17 116 248  32 221 157  97 116 194  97  70 114][ 80 189 190 245 168 204  60 167 190 155 142  16 255 191  64  90 163 119
 253  17  50 201 179  99 203 247 126  83 128  64 165  11][124 176 249  96 201 109  81 217 163 245 165  24  18 213  76  58 129 214
 125  48  27  99 250   0  91 201  21 126 227  64 198 114][ 92 160 248 115 131  61  52 143 122 187  37 185  95 157  74  26 183  95
 237  16  22 116 137   2 223 199 117 117 234 196 143 147][ 11 183 253 251 252 157 253 255  95 123  92 246 189 175 248  96 119  11
  55 157 243 120 127 215 110  95 190 236 158 204 145 249][ 77 188 145  33 169  63 118 154  43 251  46  76 222  51  65 190 149  76
 108  28  17  88 217  64 141 221  37 116 202 243 139  49][116 233 153 226 136 205  83 140 162  61 169   9 183 215  73  18 128 243
 109  82  26  43 218  49 251 197  37 121 240  27   6  42][228  48 185 114 169 237  81 157 251 191  37  24 150 215  73  58 129  90
 108  24  50 100 250  18 207 219  53 124 194  65 198  35][ 80 141  22 190 149 198 116 231 165   5 202   3 102 171  32 192 232 166
 170 193  92 187  17 173 184 246 222  67 170  94 188  10][189 237 186  90 221 231  87 239  87 170 237  16 122 241 111  53 217 218
  18 122 107 231  58 127 123 159   5 125 211 250 226 162][  9 159  46 203 188 247 191 255 214  77 222 167 249 253 178  96 253  58
 191 141 215 155 127 191 127 111 190 193 158 206 188 251][130 157  26 219 247 209 190 231  31   7  92  50 172 255  38  68 255  59
 147 128 118 188  50 255  47 118 158 107  16   8 173 143][103 180 228   3 237  62 111 153 115 255 191  28 211 120 223  62 153 198
 124 191 189 114 255   2 127  30 229 244 205 119 210 118][248 224 152 240 137 109  84 199 179 179 164  25 159 183  66  27 129 159
 249  16 122  79 210   0 219 217  85 125 224  80 206  10][216 181 189 186 137 237  21 239 170 127 172  25 182 247  74  50 129 147
 236  16 122  75 250  51 249 197 127 127 144  64 135 123][252 123 186 254  40 205  87 208 179  12 237  56  55 215  97  16 180 253
 109  66  74  35 154  51 243 229  33  57 112 243 230 163][104 177 184  99 241 109 113  25  59 125  45  25 150 213  74  16 145  26
  81  24  18  48 218  19 207 221  17 108 210  74 198 226][116 241 121  99 210  79  87 248  98 109  45   8  83 117  72  48  51 220
  84 122  91  48 249  21 121 141  37 116 113 163 198  99][105  49 121 101 116  15 115  48 105 168 127  72 223  51 144  48 148  92
  70 104 145 176 241  12 111 249  33 132  66 170  66 161][124 112  40 231  29  79  87  56  49 232 167  13 211  29  27  16 216 220
 253 106  72 246 217  14 247 207 161  53  98  59  86 114][128 152 188 253  40 239 177 191 254  59 166  16 247  59   0  75 193  23
 106  24  50 237 115  21 207 235 119  85 208  72 229 139][  5  52 149  83 221 239 226 218 251 249  41  24 158 113  73 191 137  26
  82  24 179 240 249  60  15 156  21 118 202  65  67 178][245 125 195  38 218  66  70 232  49 192 168 237  83 236  65  19 122 205
  77 247 109   3 220  42 184  32  37  28 109 115 162  88][237 118 189   5  40  95  23 185  42 234 166 236 214  20 203 183 148  84
 220 110 229  84 253  24 167  91 101 182  74 246 139 117][225 108 232  85  77 127  70  38 241 238 166  24  34  40  87  63 137 228
 108 110 108 126 228  42  39  58  69  49  75 125  90  78][103 222 230 150 211 178 190 167 171 199 222 167 104 238 159 218 127 231
 255 135 148 211 157 239  62  62 223 195 175 247 187  87][205 224  25  97  33  31 122 184  57  50  38  24 159  19  72 177 150  84
 220 106 107 212 217   7 231 217  37 116  74 145  10   0][ 20 107  27 115 130 217  71 164 245 142 162  72 243 236 197 185  61 243
 236 210 120 237 170 110 187 135 101  73 225 177 166  40][ 47  74 132  44 104  19 200  88  75 170 240 200 239 202 145 190  94 253
 246 239 205 231 207 200 144 118 235 188  87 247 107 141][208 171  63 124  50 194 152 113 244  64 242 234  59 158 160  33 190 181
  94 225 237 235  37  77 243 161  98 153 101 128  39  41][252  81 122 103 101  79 119 120 113 236 247   9  87 157  11  49 248 220
  95 106  72 179 249  44 247 233  33  21  96 187  70 242][ 64 184  61 121 105 201  97 151  55  21  98  24 176 135  64  48  41 187
 106 136  67 120 243 117  77 182  18  72  96   0 166  58][ 44  48  83  76 115 206  99  88  49 200 105  40  88 215 133 180  62 188
  86 168   1 178 176  78  21 188   1  42 107 162 102 241][253 108 218  80 195 120 182 198 121 178 110  24  14 144  79 191  51  92
 192 114 116 246 188  98  62 201  85  47 227 113 235 134][169 107  69 103 100  14 103 180  96 170 126  76 211  33 145  51  16 196
 100 110 225 240 237  40 230 249 101  20 106 187  82 169][100 180 185 115 249 237  81 159 127 191  33  24 150 215  72  56 145  30
  76  24  50 124 250  22 239 159  53 126 208   0 198 163][ 45 231  97   1 248  31 194 184  95 125 124 205 131  76 222  20 157  72
  70 125 215 122 253  23  46  92  37 124  91 143 218 212][105  57 144  69 241  31 111  21  59 232  46  76 158 179 195 182 146 236
 108  28   5  90 241  64 174 221  53 112 202 150 202  29][101  15  69   7 244  42 110  49 105 226 123 236 211  96 149 178  18 230
 124 238 237 144 205  14 172  62 165 128  76 242 210   4][130 220  59 219 214 193 191 231  30   7  88  51 180 254  38  64 239  59
  19 129 118 190  58 127 111  54 158  75  16   8 165 203][248 181 189 122 153 237  85 239 179  63 172  25 191 247  74  51 133 147
 237  16 122  75 250  51 251 211  85 127 242  64 135 106][153 221  83  69  83 223 183 245 125 224 122  66 124 148  36 180  54  61
  18 106 241 185  48 255  55 140   7  66 107 162 227 189][246 121 253 108  74  68 159 216 235 254 177  47  90  92  95  59 190 213
 117 231 237 103 254  96  83 169 109 190 101  51  38 115][ 88 163 152  49 185 189  80 159  51  57  40 121 143  41  74 144 167  27
 205  21  54 121 137  19 234 213  53 117 234  68 139  11][ 74 186  63 251  40 172  57  18 174  29 118 116 188 151 192 107 167  59
 127  28 146 216 162 241 207 251 122 200 128   0   7 249][ 43 189 116 251 189 191 250 255  95 105 124   3 249 253  54  32 223  59
 183  29 150 184 123 191 111 223  53 226 247 206 208 219][ 83 223 230 150 102  22 190 182 217 202 218 231 105  40 183 166  46 231
 181 199 229 235 148 239  50 127 254 128  15 188  57  29][ 60  86 126 115 116  47 115 240 117  46 127  24  83  81   9  25  57 222
  70 106 104 182 121  62 215 207 113  85  99 219  70 163][124  96  92 113 144  79  77  45  96 182 166   8 211  19   2  59   9 140
  72 104 120 246 209  12 231 235  69  85  96 176 202  34][ 85  21  31  37  18 126  43  56  44 192  79  68  94  54 138 245  54  85
  88  46 161 144  53  76 161 175  35   4 168 103  35 117][239 120 211  84 109  28 100  20 249 186  54  72  10 144 213 191 136 244
 244 106 201 119 242 224  55 248  69  58  74 245  74  61][ 45 253 243  67 245 157 226 208 123 232 121  76  90 240 213 180  57 106
  18  94 147 186 188 234  47  28   5 110 203 255  82 181][124  48 249  96 203 108  81 217 171 241 165  24  30  55  72  58 129 212
  93  48  27  99 250   0  91 217   5 126 226  96 198 115][ 90 253  58 252  59 220  24 231 190  29 140  25 191 191  98  80 167  51
 253   0  30   9 178 119 251 245  26 123  16   0 167  91][152 143 126  87 176 170 111  55 245 134 110 144 233  99 146 119  38 102
 108 168 248 216   5  47 238 235 230 128 107 224 224 136][ 10 222  55  88  57 157 144 247 191  21 100 213 174 143  36 149 133  59
 211   4 243  11  18 213  35 243  16 122  82 132 135 251][ 88 253 190 252  25 204  29 167 174  21 138  25 191 191  64  82 165 183
 253   1  90  73 147  55 251 247  94  91   0  80 135  10][ 72 178 152  97 235  61  48 223  58 185  44  61 159 167 202 154 183  31
 228  20  22  89 130  19 222 197  53 125 192  64 139 155][255 106 224  28 109  25 212 204 203 246 180 175  10 200 223 159 137 200
 226  87 206 103 238 224  18  88 197 191 215 125  94 198][100  78 213 101 236  42 207 186  90 186  58 252 211 105 213  27  31 196
 108 107 161 118 205  42  20 190 101  52 205 249  82 161][ 72  34 255 249  44 168 121  23 174  29 119 245 159 135 208  74 231   5
 127  28 146 220 227 209 198 251 114 192 132 136 197 249][188 229 219 227 228  43  78 248  49 178 125  74  91 107 249  17  59 204
   4 250 120 118  72 138 254 205 229 108 231 251 194 160][125  69  73 237  24   6  79 120   5 192 207 194  83 119  25 116  92 212
  29 238  73 146  89  12 243 237 129  20  59 179 112  48][ 71 191 226  14 243 178 254 207 191 199 254 167 104 238 254  80 127 239
 255 149 150 155 156 251  58  60 143 207 143 230 171  95][ 77  56 165 117 172  62 101  19 235 234 166 108 223 179 211 254 129 230
 124  28 141  80 227  64 142 255 117 146 138 244  66 109][130 188 148 186 205 229 180 199 158  23  64  19 172 191  96 201 201  59
 171  17  50  75  82 243  13  18  94 107 144  76 165 218][220  84 157 127  40 110 101  56 180 186 179  84 223 119   1 219 133 116
 108  42 105 229  91  10 193 235 115  20 200 241   1  51][ 80 204 151 245 162 226  53 167 188 134  74 160 253  55  33 211  39 119
 237 128  96 221   1 110 161 166 126 131  32 112 165  43][144 152 156 253  40 239  49   7 190  63 162  17 247  59   2  91 129  55
 109   0  56 205  83  19 205 163 123  81 144  64 133  10][ 33  69  17 109  21  15  70  57 100 224 234  72 243  17  17  48  88 196
  66 110 201 176 113  31 229 186   5  20  72 186  82  40][195 151 237  87  96  28 125  61  41  95  31 253 249  46 158 115 134  71
 253  44 245 216 247 101 102 123 124 128  14 196 203 125][ 39 231  97  11 220 143 206 189  23 233 153 203 243 108 220 164  29 219
  87 255 223  42  77 191  45  14 173 252 119 142 210 252][100 110 245  85 236  42 199 154  91 186  58 104 195 105 221  31  27 196
 109  59 168 114 205 168  28  62 101 180 197 251  82  33][ 37 120 155  97 117 207  99  82 126 168  98  72 182 147  65  48 136 124
  66  90   3 188  80  63 197 156   1  32  72   1  67 170][ 60 181  89 108  93  79  86 121  67 168 253   8  91  91   9  48 216 220
  68 234  73  35 217  31 251 205   5  60 123 171  66 162][ 73  49 147 100 225 140 113  21  43 169 102  76 190 179  64 148 180 127
 108  88  17 218 144  64 221 253  52  34  74 130 139  59][220  52 156  52 168 104  80 138 178 191 167  57 215 243  75  91 129 215
 236  16  44  71 219   2 211 227 113  61 160 113  14   3][ 66 251  15 158 120 193 171  88 174 156 208 237 236 198 226  82 198 125
 239 195 198  75 234 241  20  48 171 187  16   7  39  95][204 173 134  84 185  46  71 175 178 142 170  56 242 243 201 210 145 102
 232  58  56  65 139  46 168 166  69  92 226 113 202  34][245 111  69  54 216  74  79 236 176 226 160 232 115 100 209  51  88 228
  76 239 105 199 205  46 248  32 237 184 109 243  82  56][237 100 149  97 172  47  67 152 115 186 179  72 211 113 217 191  25 212
 108 122 169 118 201  10  12 222 101  52 202 243  66  33][ 11 183 109 251 246 157 237 255  95 121  94 246 189 191 250  96 119  11
  55 157 243 120 127 215 238 223 190 228 190 200 209 249][248 161 156 112 137 109  85  79 163 179 164  25 151 183  66  27 137 150
 105  16  90  79 210   0 219 217  85 125 192  80 206  34][ 22 129 134 174  11  67  19 105 174  81 195 163 220 223  42  66 246  17
 255 163  92 129  11  85 216 224  75 199  60  38 161  18][ 41  53 121  69 116  15 235  56 104 232 127 104 211  17 144  48  30  28
  70 104 129 176 225  14 103 189  32   4  67 170  66 161][217 221 126 111 176 150 127 253  53 200 222 161 121 255 179 112 118 255
 189 238 232 153 161  47 243 239 166 128  38 178 240 123][  9 159  42 235 188 247 191 247  86  77 222 167 241 255 178  96  92  58
 191 141 159 155 125 191 127 109 174 200  22 206 180 251][ 89 223  43 143 242 198  63 117  52 204 222 230 252  87 162 116 118 255
  31 238 225 155  53 111 245  37 174 128  40 178 165 249][236 180 183  86 205 255 165 203 214 179 229  24 218 253  92  63 201 254
 243  26  59 247 251 187  95 219 213 122 211 105 246 178][216 233  26 190 168 140  87 182 178  12 230  45 183 211  67  80 134 255
 109  70  74  11 194  51 243 229  48 249  56 145 174  27][252 127  90 126 240 141  87 212  50  30 228  56  55 211  65  17  54 248
  69  74 106 246 154  59 243 225  37  41 112 241 230 163][126 249 177 254 169 221  86 221 235 249 173  12 238 247  72 182 167 247
 253  83  91  75 250 241 187 245  21 122 138  87 143  63][200 191  28 101 164  15 117 183 126 190  54 104 159  59   1  59 167  86
 108  72 224 248  81  62 239 251 117  20 106 248 199  11][ 86  95 158 183 162 162  63 182 180 142  74 231 237 103 163  83  39 119
 237 227  96 217   5 110 240 166 110 129  36 243 165  91][221 132 132 119 137  63  76 174 255 179 166  16 223  99  26 255 129  70
 120  46  57 101 251 183 139 251  87  84 202 117 203   4][116 233  25  98  24 205  83 152  34  40 169   8  55 211  73  16 144 208
  76  82  74   3 218  53 249 133  37 124 112 131   6  42][229 117 173  71 170  95  23  29  40 234  39  76 214  52 155  59 148  84
 124 110 229 208 253   8 231  11 101  52  72 242 130 117][137 138  82  25  48 142 104  19 118   9 114 116 181   3 144 240  55  44
  38  28 163 156   5  31 196 175  50 192  44 128   1 137][ 82  51  23 136  10 137 128 105 142  56 128 109 134 192  96   3 136  49
 106  97  82 107 138  85 144   0  75  62  88   8  35   7][112 151  18 174 157 196  86 247 133   9 250 101 102 243  40 212 216 182
 174   0  94 139   2 167 187 244  38 203  26  14 172  11][118  97 214 172  73  75 246 104 173 176 177  11  78 251  45 159 248 213
 239 226  76 227 202 200 147 242 199  63  67  63 110 134][ 39  32 233  64 118 115 251  90  89 225 253  94  16  25 215  56 126 140
  23 188 141 246 116 194  30  28 177 166 205 203 122 245][104 159  26 126 185 216  22 119 209  13 252 101  98 243 166  80 208  58
 228   0  88 171 194  47 106 253  36 219  82   8 238 139][ 16 116  59 115  48 238  67  23 118   9 106   0 183 147   1  96  17  62
  16  24   9 188  17  30 233 167  54  64 200  18   7 170][133 112 144  83 173  29 228 157 251 187  53  92 150 216  93  58 129  76
 124  94 227 100 250  34 135 156  53  52 202 177 195 133][ 58 157 118 251 183 235 190 231  95 105 122 163 110 252  52   0 190 191
 183  17 146 185   9 255 187 255  15 195 245  78 133 219][226 180 180 186 205 237 176 207 159  55 161  25 172 255 108 139 201  27
 251  17  50 111 218 211 157  18  94 127 144  76 141 202][  0 156  59 191 210 227 175 231  30  65  88  99 181 247  32  64 255 123
   3 129 115 152  25  63 237 166 190  64  16  90 165 251][252 121 123 102 100 207 119 240  49 168 103   8  87 213   1  49 184 252
  87 106 104 246 184  44 247 233  33   1  98 187  70 163][215  94 237   5 162  10  47 144  40 234  18 228 221  38 211 123  54 197
 125 239 225 212 237 104 172  42 239 132 172 243   1 125][ 43 123  82  94 125 157 250 240 251  72 116  76  40 216 183 180 190 232
 214  78 199  58  30 253  22 120   0 170  91 135 106 157][145 221 119  86  83 198 167 245 245 200 242   2 120 215 164 181  44 253
  18 234  97 191  48 127  49 168   7   2  99  50 231 191][123 143 104  68 181  26  94  55  97 174 190 140  43  40 150 182  90 230
 196  44 252 171 229 142 114 255   4 147 111 228 218  76][237 188 183  92 205 253 149 203 223 187 164  24 218 252 101 191 201 246
 250  24  59 103 242 147  27 219  85 127 211 108 246 166][ 77  14  71   5 244  26 110  55 105 226 122 196 219  96 148 246  19 228
 124  46 253 144 205  46  44 127 165 128  78 246 218   4][105 207 101 101 228  27 103 180  97 170 126 236 227  33 144 183  24 198
 100 110 201 176 229  44 102 249 101 144  70 254 218 168][108 176 249  64 203  77  49 223 235 185 164   8  30  23  68  62 133 148
  84  56  19  99 250  64  95 217  53 126 195   0 198 227][ 70 183 148  19 169  40  52 143 170 183 139 124 206 242  78 222 135  87
 232  16  22  73 219  98 172  54  95 126 136  84 143  21][125 249 144 242 185 221  86 252 235 113 173  12 255 251  72 180 149 255
 252  82  95  75 250 179 187 221   5 123 170  87 203  22][193 143  63  62 180 142 103 183 248 138 234  92 247  96 144 115  48 230
  76 110 241 237  45  47 240 171 102  16   8 112 227  41][175 188 181  91 141 253 212 174 223 115 165  24 234 252  94 175 201  90
 250  19  63 109 250 243  15 218  85 127 218  93 216 206][244 112 189 225 104  99 155 152   2 246 145 185 213  95  73  43  95 213
 121 179   9  70 251   0 197 131 235  60 197 115   7 242][195 181 173 119 232  12 253 191 104  95 118 221 249  47  30 115 151  71
 125 173 247  92 255  99 103 123 254 196  76 196 199 113][ 98 169 224  20 205  25 204 207 211 183 172 155  42 232  86 158 105 238
 227 157  30 122 238 225  62  28 213  59 199 108 222 204][ 45 101 121  69 116  31 235  56 100 232 127  72 211   1 156  48  30  12
  86 106 161 176 101  14 103 173  33   4  71 171  66 225][249 159  22  69 165  30  84  55 225 200 190  76  43  48 146 247  36 230
 252  44 253 233 181  12 162 251 100 146 106 244 202  29][ 94 129  66 168  26 131  19 104 166   4 155 163  95 215 232  66 126 149
 255 243  88   3 143 149 216 224 171 222  53  47  37  67][180 236 219 231 164  11  78 248  49 162  57  72  83 235 249  17 123 204
   4 122 104 246   8  42 250 222 229  36 237 251  98 161][157 110 171 103  36  46 103 156 112 170  70  76 211  65 209  59  17 236
 108 110 233 244 253  42 228 207 101  36 106 243  82  32][114 159  19 174 176 196  22 255  29  77 250 101 102 242 168 212 220 139
 142  64 223 139   0 255 184 180  38 202  24  14 164  95][ 76 180 145  97 249 239  51 159  59 185  41  88 222 119  72  16 181  94
  76  56  19 120 153  22 237 214  53 118 200   2 135 179][ 73  51 243  68 112  28 115  23 107 233 126 108 190 242 198 246 182 238
 124  12 149 216 224  64 191 252  37 170 202 164 195 109][124 175 148  68 185  90  71 191 114 174 174  40  66 113 195 151  17 198
 236 106 121 107 169  62 186 231  69  61 202 112 206  10][ 66 176  21  91  91 201  33 143  62  81 106 176 180 151  72 244  33  26
 106 136  83  24 243 113  13 132  18  66  82   0 167 250][  8 161  56 121 153 189 248  39 239  49  45 152 189 139  94  48   5 155
 219 152  22  44  70 213 207 217  16 121  83 128 139 136][221 140 156 126 141 124  84 138 255 243 167  24 223 242  91 251 129 198
 124  28  63 109 251  51 219 251  85  31 194  97 202  70][232 255  18  60 177 138  86 247 181 136 250 237 238 233 160 145 158 127
 196  99 237 171  64  46 242 241  36 154  74 158 234  27][120 161 152 112 137 237  85 207 163 183 172  24 150 147  66  26 137 146
 104  16  90 107 242  16 251 193  84 125 224  80 198  42][252 126  30 126 112 142  87 246 177 158 100  61  63 211   3  25  39 249
  71  74 106 222 138  63 243 235 117  41 112 241 174 155][  9 181 109 249 246 159 237 255  95 121  94 246 157 255 252  96 127  11
  55 157 179 248 127 215 238 223 191 228 191 200 145 249][ 69  48 157 231 136 108  77  25  34 243 135  24 215  55  73  91 149 214
 121  46  25  68 251   0 197 187  81  60 136 115 130 114][  9 157  42 235 252 151 127 253  20  73 222  39 249 215 178  96  92  58
 159 237 218 154 121 191 239 237 174 192  54 138 180 249][193  63 158 119 160 140 116  55 253 186 182  92 183  51   0  91 167 119
 108   8 233 252 209  46 239 251 116  18  72 208 139  27][ 64 186  63 251  40 140  57 148 174  29 115 116 188 215 104 123 167  59
 127  16 147  73 170 241 205 249 122 202 144   1 133 243][213 145 125  71 162  90  55  57  40 232 119 160 223  54 136 115  54 215
 252 234 241 144 237  76 230 235 101 133 101 178 135 113][  3  93 163 132 103  86 174 114 200 200  90 198  56 252 181 166 238 101
  51 239 197 243 180 232  48  56 203 138  13 127  49 253][ 55 229  64 169 220  27 206 233  23 177 152 139 193 200 220 164  31 201
  87 253 126 122  79 151  46  95 141 244 255 175 154 132][193 206 215  55 160  14 109 181 248 154 226  84 118  99  28  91 177 231
 108  46 225 213  19 110 116 186 117  16  72 240 226   9][248 176 181 122 169 205  81 239 187  53 164  24 190 247  72  23 129 147
 237  16 122  75 250  49 219 210  85 127 194   0 134 106][211 221 107  79  50 134  63 117  52  72 222 228 241  87 178 116 126 244
 127 238 233 155  37 111 247  47 174 128  38 178 167 249][217 253 126  79  60 150 127 253 117 200 254 160 121 223 149 113 118 252
 125 238 233 217 165 111 119 171 164 128  39 178 226 121][156  62 190  54 201 252 181  87 240 206 229  61 110 248  99  27 161 107
 224   3 180 231 186  42 115 231 116  43 193 112 239 211][102 189 226 158 209 182 250 207  63 197 202 135 104 238  62  80 253 235
 147 149 158 139 158 255  59  62 159 202 157  70 186 222][218 149  23 250  27 236  16 103 173  17 169  17 238 255  40  83 163 179
 237   0  58   9  26 213 219 243  90  91 154  64 167  27][213  97 253 103  34  91 119  53 104 234  55 168 215  60 153  59  50  85
 125 106 225 212 237   8 231  43 101 148 100 242 135 107][254 189 104  44 223 115  86 239 131 230 172 155  74 236  95 151 217 214
 237 103 124 107 254 143 251  87 197  63 119 126 222  94][ 33 133  17  71 125  15  70  56  84  40 235  76 211 113  24 180 152 228
  66 110 249 176  89  31  37 156   1  20  88  43  82   0][108  96 133  97  77 107  81  74  35 164 168   9  66  17  72  30 153 212
 235  18  72  99 203  16  95 214  69 127 227 126  86 194][ 20  85  91 227 114 234 115  64  60  40 107  32  94 211 169 112 178  61
   6 114   1 145  40  94 245 164  35  71  32  51  39 163][120 100  92  97  13 107  69  47  97 166 175   8 211  19  10  26  89 132
 104  42  72 162 195   4 199 191  85  21  99 234  70  34][ 26 191  42 184 187 209  28 231 159  93 156 187 174 190  98  64 239 187
 223 129  94  11   2 247 251 213 158 251  22  28 173  95][ 37 103 121  71 118  11 239 184 124 160 123 239 211 105 157  16  58 204
 102 111 225 240 205  78  52  46  39 132  77 187  83 129][ 70 233 172 155 157 221 187 173 142  53 140 137 237 198  90  98 197  83
 251 221  82  73 251 241 255  17 143 125 144 142 149 104][124 160 189 240 141 125  85   7 227 183 165  25 143 179  74  26 129 150
 232  16  26 107 243   0 219 209  85 127 130  72 150  98][ 64 186 159 251  36 172 120  23 174  25  83 244 189 151 192  74 231  11
 127  28 147 220 195 241 204 250  50 192 136 128 129 185][242 160 133 184   9 141  64 202 171  17 160  25  47 195  68 159 201 129
 233  20  10  71 218 145 145 208  81 127 113   4  74   6][218  88 247  92  75 200 117  38 185 150 102 184  60 151   5  95  38 245
 237 194  96  79 178 234 119 178  84   3  34 180  38 123][  9 140  39 127  85 214 227 119 244  77 254   2 112 241 186 100 120  42
   6 136 112 189  32 127  99  47 178 193  67   2 116 235][113 199 108  69 244  27  71 183 113 230 254 184 195  33 150  52  27 198
  76  46 253 186 101  15 110 239  37  17 103 254 222 108][ 26 157 126 233 183 219 126 253 149  76  94 163 125 221 178  96 246  63
 159  97 246 185  37 191 255 237 174 195  55 142 181 219][173 237  65  79 124  29 207 184  65  72 185  76 243  73 157 183  92 192
  84 110 235  34 255  45  38 184 165  60  91 187  82 176][ 83  82 237 167  34  14 111  56  40 234  87 228 245 102 155 115  54 197
 125 239 193 208 237 104 164  42 239 128  44 179  33 125][253 253  56 122 217 221  86 253 115 245 172   9  63 251  75 177 145 219
 212  82 127 107 250  55 251 217   5 127 106 151 202  74][124 126  30 190 120 174  86 242 177 138 236  77 127 243   3  25 167 235
 229   6 108 215 202  47 242 247 117 129 168 241  10 155][207 122 237  71 162  30 111  16 104 238  23 196 221  39 211 107  55 101
 125 255 193 212 253  72 206 107 239 132 174 243   3 113][ 45 101 123  71 116 142 235  48 120 168 127  72 211  81 153  48  94 236
  70 106 225 176 121  14 103 237  33   4  74 187  66 161][160  92 127  94  64 194 191 240 181   6 230  32 113 215  37  53 124 240
  67 234 104 183  56 111 115 171 195   1  99 179 102 250][ 73  29 151  53 226  46 101  63 112 138 122  68 245 115 129 114  51 102
 116  46 225 240 145  74 244 174 119   0 232 240 227 169][ 84  87  90 103  50  10  63 184  40  36 123 228  79  71 136  80  54 213
 236  98  64 144 137 111 244 164  35 132  36 179   7  49][236 120 181 231   9 103 203 152   2 250 145  72 215  23  65  47  29 213
 125 251   9  70 251 128 197 218 201  60 194 243   6 114][ 87 211  76 167  50  10 110 184  36 104  91 231 221  71 138  80  54 197
 125 238 197 144 141 109 244 225 171 132  44 179  43  81][109  48  57 108 105  95  82 120 211 170 165   8  82 245   9 188 152 244
 224 106   9 103 250  30  83 223   1  63  82  59  78  50][248 176 181 122   9 205  81 239 171  53 164  24  46 215  76 191 129 147
 237  16  58  79 250  49 219 209  85 127 194   0 134 106][ 36  93 123  94 100 205 119 246 245 136 126   8  50 245  33  49 108 250
  18  74  64 186  50 108 119 169 100   8  99 187 102 171][201 244 173 119 228 108 253 191  58  91  67  92 221  63  88 115 133  87
 113 173 243  92 251   3 229 251 254  76  72 112 211 250][233 221 127 111 124 134 127 189 100  72 254   0 113 223 148 112 118 244
 127 238 224 153 241 127 103 175 166 128  37 178 242 121][232 188 183 124  77 253 145  67 219 183 164  24 174 252 101 191 137 179
 250  16  43 111 242 147 155 219  81  59 210  76  78 110][ 47 227 104  33 252 155 234 109 115 160 112 201 131   8 214 128  27 172
  87 125 204 250 205  28  46  93 165 245 111 140  90 140][ 88 253  26 190  59 200  23 166 191  12 232  41 175 223  33  81 230 251
 237  64  74  75 130  61 243 241  62  27  48  16  39  11][101  47 195  69 228  46 239 151 122 170 126  76 243 225 209 190  57 110
 100  46 129 240 169 106  44 190 101   0 202 249  83 168][198 126 189 103  32  46 126 152  57 174 114 237 253  47 149  27 150  85
 125 103 160 212 137 106 196 250 101 128  76 243   7  25][ 16 143  27 175 150 226 111 247  20   0 218 195 247 119  32  64 126 122
  31 234 121 153   9  63 233 167 174   0  48 250 165 248][ 11 177 125 249 246 157 237 255  95 121  95 246 189 191 252  96 119  11
  23 157 211 120 127 215 110 223 190 228 190 136 209 249][227 255  59   6  50 158  31 245 184 206 214 236 246 214 163  49 150 127
  94 103 237 143 164 111 160  48  46 154  76 178  35 253][123 235  98  24 221 153 204 231 235  85 172 139  43 136 118 148 104 170
 194 221 222  43 230 245  62  93 148 123 119 140 254 204][228 165 185  96 137 109  85  15  99 191 173  24 150 181  72  58 129  22
 104  56  58 111 242   2 203 159  85 127 192  72 198  34][ 32 189  25  97 176 111  19 190  46 169  40  72 222  55  72  48 151  30
  68 120  19  56  89  63 237 157  37 118  72   2 135 187][237 184 191  62 137 196 151 240 242 215 165  29 254 254   2  59 141 119
 232   7 191 111 250  35 203 255  87  26 200 113 167 243][239 178 188 105 169  61  25 159  27 255  20 253 222  61 222 191 135  85
 253  53 183 100 251 145 207 219 117 255 218 236 142 119][ 34 191 170 154 213 167 186 239 191  13 216 135  96 238  60  16 253 251
  19 181 154 139  90 255 187  22 143 202 145  66 182 218][209 252 159 182 160 204 117 183 188 219  34  28 247 247  73 123 165 119
 124   2  97 253 179  43 241 179 118  16  72 112 131 123][226 180 180 250 205 237 144 207 159  63 161  25 142 255  76  31 201 147
 251  17  58 111 218 209 159 210  95 127 208  76 143 130][235 184 180 114 141 253 208 142 223 123 164  25 174 248  94  47 137  82
 255  17 191 111 251 179 159 219  85 127 218  92 218  78][252 172 189 118 141 124  85 143 242 251 167  25 215 253  75 123 129 214
 236  16  60 103 251  34 219 239 117 125 224 121 222  74][246 237 168 178 157 205  67 142 159 181 132  24 198 210  74  50 201 215
 249 209 122  79 219 179 249 212 159 127 144   8 150  42][210 149  21 186 139 236  16 107 175  81 161  57 238 247  40  91 167 147
 236 128 123  75 154 245 153 242  90  91  24  64 167  19][229  80 149 101  44 110  71  56  96 250 163  92 211  51   9 123 208  68
 124 106 233 116 249   8 197 186  97  20   8 243  82  48][105  41 185 102 208 236 107 158 107 129 108   8 183 247  89  48  16 218
  80  88   3  56 250  41 239 189   4   8 192 211  66 168][ 18 159 119 250 150 195 190 229  63   5 218 227 111 254  36  64 254 191
  63 241 248 185  11 255 187 246  15 211 117  10 165  91][ 93  20 157 116 169 124  85  26 235 243 167  24 223 247  73 123 135 215
 252   8  41  69 251   0 211 251  85  22 202 241  11  51][100 176 153  99 201 108  81 153  34 243  37  24 214 119  72  58 145  86
 121  58  27  64 251   0 205 187  85 124 128 115 198 114][252 105 190 250 141 217  86 196 131 150 164   8  47 217  97  27 201 241
 233  82 106 111 154 177 219 217  85  57 114  25  78  10][  5 103  81  39 116  11 238  56 124 160 123 204 215  97 153   0  62  76
   6 111 225 176  77  14 100 174  39 132  77 187  83 161][101  55  19 101 176  46 102  49 120 168 123  68 215 115 129 116  20 108
  76  46 185 176 193  14 164 190  33   4 200 227  66  33][151  49 227 197  70  70 175 113  92 200  83 226  88 156 181  37 126 124
  19 239 193 240 181 200  53  40 139 130  45 172  49 245][243 159  11 142 112 198   3 121  60  76 222 229 118 118 174 117 220 187
 142 102 235 139  33 127 176  52 170 218  24  10  36 125][242 168 156 250   9 237  16 207 143 151 164  25 174 219  96  27 129 179
 233  17  62 111 218 241 219 209  81 123 208  72  15  10][252 168  24  58   9 205  81 200 163  53 164  25  47 219  74  27 201 147
 200  16  14 111 202  49 219 193  85 127 115   8  78  66][126 188 168 116 155 119  83 251  19 238 180  63 106 253  70  19 221 215
 213  33 188 107 250 158 251  87  69 191 243 108  86  95][233  79 196   5 180  26 110  55 113 192 230 212 227  32 150 244  82 228
 124 236 253 188 101  47  46 127 165 128 111 164 218  92][ 50 173  15 250 156 167 202 207 159   9 232  67 240 238  60   0 221 187
  59 149  26 139  91 127 169 158 143  90 145  10 241 170][104  56 180 120  77 253 208  75 203  91 164  24 174 252  70 191 137 179
 234  16  14 111 242 145 219 219  80  59 210  12  79 110][ 73 184 181 255 141 108  77 190  59 115   4  24 190  63  88  63 133  87
 121   9 179  72 251 225 205 251  94  60 202  81 131 122][ 85  83  89 167  34  10 110  56  32  96 123 229 221  71 137  80  54 197
 125 238 193 144 205  76 228 173  43 132  44 179  11  17][ 60  61 222 126 248 175 118  82 191 138 235  77 126 243   1  24 183 231
 111  38  24 195  26 106 251 255  37  16 232 243  34 131][ 88 255  26 252 219 197  94 246 179  29 108  41  47 215  34 208 230 251
 239 192  74  27 130  61 247 225  60  41  50 144 174  11][200  77 127 109 100  14 238 180 116 138 122  64 113 123 145 112 126 124
 127 234 225 176 193  47 103 239 230 128 109 179  98 169][248 168 156 250   9 233  80 207 131  55 164  25 174 219  74  27 129 179
 233  16  30 111 202 177 219 209  81 127 210   0 142  10][110 176 180 250 173 237  80 137 203  61 161  24 142 255  76  27 201 147
 255  16  26  98 219 209 139 219  81 127 210  73 198  22][229 116 157 199 236  46  78 152   3 234 189  72 210 119 217 191 157 212
 124 234 169 118 217 136 135 219 229 188 202 251  74  49][120 176  61 120   9 221  81  72 171  61 165   8  47 215  72 187 128 145
 237  16  10  75 250 145 219 209  81 127 114   0  14 115][ 79  62 153 165 160  46 123  24  56 238 123  69 220 119  89  26 150 101
 125 127 161 208 153 106 205 255 111 128 200 243   3 113][ 69 119  23  69 176  14 103  53 104 168 123 108 215  51 136 246  54  68
  76 106 241 176  17  14 172 188  37  68  74 242 194  33][ 18 223 119 237  86 198 126 253  61   0  90 227 127 223  36  64 118 189
  63 227 232 153   1 255 247 238 174 194  53 154 165  59][ 20  92 191  94   9 102 147 112 245 134 231   0 115 247  37  63 124 244
 105 234  40 167  58  46 211 250  67   1  67 243 102  98][ 76 184 183 126   9 204  19 152 179 215 165  29 254 253  72  63 141 113
 249  79 155 103 250  33 201 218  85 122 202  39  38 114][228 180 185  96 184 111  81  11 122 191  45  24 214  53  72  59 145  22
  64  56  58 102 249   2 203 159 117 125 192  72 198  34][  9 235 114  65 112 159 248 119 121 137 112  76 174 136 148 180 174  44
  70  13 199 248 132  77  22  89  50 192  75 132 235 141][194 144 157 190 170 192  21  43 186  83 161  56 244 246  72 123 135 147
 104 128 115  79 234  83 145 178  90 123  16  64 167 115][ 42 235  74  33 116 155 232 103 123 164 116 171 163 136 214 128  58 172
  71  61 204 250 196 156  62  89 133 225 111 140  90 140][ 55  47 224   3 254  35 143 136  86 236 152 238  65 104 223  44  91 206
  70 255 188 178 109  62  44  14 165 244 245 255 210 197][ 58 183  40 120 221 245 209  91 211 125 188  31  42 220 118  48 205 186
 215 145 190  43 114 151  91  93 144 251 243  12 254 223][229  84  21  69  36  14  70  56  96 234  35  76 211  49 137 255 148  68
 124 110 233 244 249  12 165 186 101  20  72 243  64  49][208 252 191 254  42  96  53 174 190 210 166  56 247 247   3 123 163 247
 125   2  33  77 187  43 209 163 127  25 160 113 167 123][  9 181 109 249 246 157 233 255  95 121  94 246 189 159 252  96 127  11
  23 157 211 184 119 215 110 221 190 228  62 136 145 249][185 237  61 122 221 223  87 253 227 116 164   9  63 219  66  51 137 242
  85 106 110 111 122  61 251 201 101 125  99 186 206 202][ 90 221  10 184 155 133  94 231 143  29 200 143 175 238  34  80 239 187
 159 197  78  11  18 189 243 213 158 187  48  28 173  90][ 22 159 103 138 159 115 142 233  30  85 217 246  72 236 188 132 123  74
 179 247 179   3  47 247  56  38 143 238 183 111 181 244][101 235  49  67 125  93  71 188 123 252  52  76 250  80 223 183 149  64
 102 110 199 112 251  61  47  88  69  62  82 187  66 237][ 77  48 236 101 160  30 123  16 104 238  23 140 221 111 219  59  22 100
 125 190 129 208 245  72 207 233 237 164 174 247  83 113][ 77 181  17  97 177  15  99 190  43 169  46  72 158  51  64 180 149  95
  92  56  19 216 209  78 237 221  37 100 202 128 131  33][208 205  15 175 146  66  79 188  36 132 218 194 119 103 161  65 118 244
  29 238 105 153  41  47 241 163 230 144  36 178 180 120][165  69 127 103 116 174 111  48 236 136 127  64 211  81 153  49  58 100
  86 106 225 176  24  14 103 253  33   0  72 243  67 161][ 18 143  23 168 148 135 174 237 189   8 218  67 247 206  52  64 252 191
  63 225 248 155  19 255 185 182 143  64  17  10 161  40][ 32 109 123  93 100 205 247 246 236  12 124   8  48 181 165  52  42 122
  66  72  65 186 178 109 103 140  52  40  67 217 198 171][112 135 101  69 244 123 103  55 117 231 254 184 195  45 150  52  27 134
 108  44 188 184 101  14  46 254  52 209 231 232 214 108][248 237  60 122 141 201  85 230 210  22 164  24  55 211  65  27 137 242
 200  66 106 111 218  51 251 193  84  59 114  89 206  42][104 178 184 121 105  93  81 152  83 127 180  45 138  29 198 190 133  24
 253  20 159 106 251 145 207 223 113 255 218 140  94 127][109 172 193  67 197  62 230 179 115  99 233  92 146  48  84 188  89 206
  50  30 217 254 253 162  15 124 148 108 203 237 242 164][ 73  31 211 229 114  10  47  55 112 203 126 224 189  51 128 116 118 254
  52 136 145 152 133  75 100 174 118 128 174 240 163 169][ 37  99  65  39 116  10 238  56 116 168 123  64 211  65 153 112  88 204
  38 238  65 176 205  12 100 174 163   4  77 179  67 160][236 160 180 114 237 253  84 207 251 179 164  25 142 249  94  31 129  71
 251  17  54 111 218 176 223 219  85 127 194  92 203  14][169 151  43 140 112 214  55 123  28  76 222 229 124 118 162 245 254 186
 158 110 253 155 117 223 240  47 170 130  30 140 173 117][101 184 153  65 201 110  67 154  42 243  38  24 150  55  65  58 129  84
 112  58  17  80 249   0 205 152  69 116 192 113 198  98][ 93  97 233 103  20  78 111  56  96 228 207 196 211 103 155 118 118 196
 125 238 201 144 253  72 229 237 163 132  46 179 114 112][ 32 173   5 251 156 165  74 235 151   1 232  64 167 235  48   0 217 187
 107 149  26  42  91  63 173 220 143 120 208  74 208 168][157  87  23 101  32  14 103 112 124 138 115  64  95 115   9 177 180  84
  76 106  97 181   1  78 225 171  99   4  72 179 227 161][236 112 184 227 173 125  82 152  67 191 181  24 219  29  73  58 157 212
 253 122 138 102 249 178 207 221   5 125 194 251  86  50][  1 186  83  65 114 152 168  87 109   9 122 100 188 154 148 180 166  43
   6  13 135 184   4  93   4  60  50 130  77   2 171 141][197  89  85  71  32  78 103 180 104 186  50 104 214  51 137 115  38  84
 108 106 225 244 185  44 164 186 101   4  72 179 195  57][109  61 151  62 248 175 119 241 175 136 235  77 126 243   1  80 182 231
 127  86  17 203  26 108 253 246 101  24 200 115 163 131][101 116 220  69 236  62  78 152 107 170 191  76 211 121 221  59 156 196
 124 234 173 114 249   8  70 190 229 180 200 251  90  33][105 177 248  97 104  29  89  24 107 253  53 141 159  29 222  50 134  28
 245  92 131 112 253  16  79 217  33 244  66 138  70 241][ 73 191  49  65 145  94 105 182 123 232  46  76 158  51  64 180 133  94
  76  24 145 216 241  78 175 221   5 102 202 160 203 125][121  72  53 126   9 220  71 172 230  66 224   0 243 245   9 227 216 240
 104  74  73  38 122  61 163 251  64  24  82  51  68  40][ 16 199  95 237  86   6 108 255  53   0 122  67 117 155  48  80 126 189
  63 225 232 155  17 159 245 238 162   0  61 184  32 168][109  36 148  71 237  62  70  57  89 186 183  92 218  32 221 255 217 196
 110  46 189 244 217 128  15 251  69 116 202 235 218   5][ 25  77  91 109  54  10 110 242  52 138 122  98 115  59 145 112 118 124
  53 234 105 176 129  46 244 239 162 128 109 241  96 169][ 49 111 194   5 244 155 226 119 126 232 122 238 163 160 151 164  58 108
  70  61 197 248  37  14  60  14 165 192 109 140  82 141][ 88 191  26 186 185 148  92 191  63  29 206 189 175 231  98 208 199 187
 237 149  94  90 194  53 254 247 190 235 176  64 173  27][208  71  95 165  38  10  79  56  36 134 194 163 247 103   9  83 118 228
 125 238 104 213   1  12 240 227 231 148  36 242  36  99][ 40 255  90 252 248 205 117 247 162  13 124  40  53 247  34  80 110 187
  71 128  82  26 130 117 127 165  52 105  16 208 166 171][  9 149 125 249 246 143 233 127 127 121  94 246 157 159 252  96 127  11
  55 157 179 184 101 215 206 223 186 228  63 136 225 249][101 245 105  65 108  95 230 188 107 248  60  76 210  92 222  48 157  76
 118 127 199 112 253 117  47  29  37 244  72 186 218 245][100 180 189  97 184 111  81  27 122 191  45  24  86  53  72  59 145  22
  64  56  51 112 249   2 201 143 117 117 192  75 198  99][ 77 115  65  39  48  14 111  56  32 224 123 197 223  71 153 176  54 205
  84 238 193 144 253  78 228 237  33 132 110 179   3 113][ 10 157  10 186 217 197 124 103 135  13  92 143  47 239  34 208 236 187
 151 133  94  11  18 189 255 197 190 171  48  12 174 219][237  38 236   8 237  63 204   9  83 255 181  93 195 104 223 191 217 140
 102  63 190 102 239 146  14 123 229 189 219 255 218 196][  9 191 211  69 114 138 107  55 112 200 126 228 185  35 128 244  54 254
  20 152 193 152 165 110 110 173  38 128 110 226 163 185][ 57 145  47 137 240 215  63 117  28  69 214 132 118  22 162 113 222 187
 147 108 209 154 117  93 243  59 170 192  24 138 161 249][ 53 111  98   1 244  11 239 255  68 236 254 238  83 104 215  36  63 236
  70 127 217 184 109  46 108  14 165 244 239 255 216 165][  5  99   4  39  52  11 102  40 100 160 235 192 211  64 153 228  88 204
 110 110  72 176  77  12 164 168 167   4  96 187  88 128][197  21  21  69  36  14 110  56 108 170 107  76 215  49 153 247  20  68
 124 110 225 240  89  12 164 186  97  20  72 235  80  32][ 23 159 193 154 159 179 142 206  30 243 136 231  76 236 247 228 127  91
 187 243 183  11  31 254  56   6 143 239 191 127 185  21][ 42 178  40 120 124 197 217  88 135 125 180  45 178 157  86  56 204 185
 215  21 158  42 114 149  75 217 176 251 209 136  86 251][  9 188 187 117  53 236 113 214 122 203 110  16 190 179  66 112 161 127
 112  24  19 184 176  35 207 255  22  64 200  64  67 187][144 140 159 177 146 171  96 135  54  19  98  80 247  51   0  89 113 174
  40  24  58 220  67  63 204 166 118  64 160  64 160   8][141  70 191  89 180 175  99 218 255  79 118  84 223 193 191 108 245   8
  78  60 163 181  33 127 227 255  50 196 218 217 193  97][  8  50 251 241 244 168 249  83  63 221 126 246 157 175 208 104 127 191
  55 157 147 248 231 194 206 255 186 224 165 200 231 241][120 168  60 122  10 201  81 202 130 181 164   9  55 151  66  27 137 146
 201  16  10 111 234  49 219 193  85 125 112   8  70 106][236 116 185  99 189 127  83 152  83 190 181  24 219  29  73  59 153 220
 221 122 170 102 249 146 207 217   5 125 194 251  86  50][  9 144 121 249 118 175 233  87 127 121  86 246 189 159 180  96 127  11
  55 157 179 184 101 215  78 223 186 196 191 136 161 249][237  96 105  65  84  79 107  56 113 224 183  24 219   5 221  53  62 204
  85 254 233 244 245  78 111 201 165 180 103 163  86  96][212  66 222 167  32  42  95  48  32 174 135 165 215  39   3  91 102 196
 125 238  72 197 193   8 208 227 230 144  44 243  32 115][125 121  19  46 249 142 119 245 172 200 235  76 127 211   1 208 190 245
 126 126  81 139 154 108 249 237  39  24  72  51 163 163][109 209  61 107 173  13  71 188 102 121 165  76 210  17  24 113 217  70
 124 110 219  42 121  53 237 249 101 116  90 154 194  43][ 40 128  27 236  92 135 104 127  20   0 226  66 177 131  48 192 216 188
  50 168 104 186  81  29 213 239 178   0  16 136  96 168][229  16 148  71  36  46 100  56 104 234  99  76 211  48 153 247 144  68
 104  46 233 240 217   8   5 186  97  20  72 227  74   4][252 181 189  97 154 111  21  63  98 189  45  56  87  55  72  18 129  22
 108  48  50 120 249  22 203 135 117 117 192  64 198 115][ 97 255  33   1 244  31 237 191 123 232  58 204 147  56 214  48 141  76
  86 125 213 120 245  92 109  28  37 228  77 188 211 221][169  32 121  97 108  15 219  24  75 252  53   8 155  29  93  50   6 157
  85  93 130  52 249 147  79 217  33 244  86 138  70 226][101  47 253  69 236  46 237 158 106 170  58  76 211  40 213  58  31 196
 116  60 129 240 229  10 100 190 229 148 204 249  82   1][ 24  91 126 125  52 203 247 247 228 140 254  32 115  85 163  32  42 112
 110  72  72 185  33  45 227 239  37  17  97 186 100 107][ 65  63 185  85 240 158 104  23 121 233 126  92 186  22 214  52 132  46
  92  28 157 248 241  78  14 254  52 192 202 128 202 125][ 40 155  26 186 253 213 120 115 135   5  93  47  45 255  42 208 204 187
 147 129  22  26  90 181 223 213 186 235  58  14 174 155][ 40 155  90 127 248 141 183 119 166  13 124  37  49 247  34  16 110  59
 199 192  66 184   2  61 103 173  54 137 113 128 231 139][253  97  97 101  84  86 111  56 113 232 239  64  83  87 153 116 120 204
  84 238 201 146 253  14 247 237 163 132  47 179 114 112][153  14  95 229  22  14 106  51 117 128 106  66  63  51 129 113 118 188
  28 168 105 184  17  14 224 239  34   0 107 224 104  40][197 114 149 117  34  78  37 152 120 250  50 120 247 119 137 123 182  85
 108 106 225 212 187  74 197 186 101 132  64 241   7  49][  1 163  82   1 118 155 234  87 109   9 122 231  45 136 150 132  58  43
   6 141 214 184   5 197  52  12  34 192 109 142 107 141][229  70  93 101 100  10 100  58 104 162  50  76 211  33 153  51  58 196
 108  46 233 244 197  14 244 170 101  20 105 248  66   1][152 189  63 116 147 234  49 103 252 193 238  48  63 191  32  49 162  55
  92  16  55 185  48  47 251 229  50  67 224  64 167  59][ 97  26 249  69  32  62 105  23 123 235 126 124 179  51 148 118 134  22
 124  12 129 216 241  74 134 254 112 148 202 224  74  61][248 168 184 122   9 233  80 203 131  53 164  25  47 219  72  26 137 147
 233  16  10 111 202  49 219 193  85 127 240   8  70  10][ 52 101   0  47  29  75 198 232  70 164 235  10 195  96   9 144  88 204
  74  98  72 179  93  62 176 164 133  61 113  59  94 128][163 141  47 232  56 231  91 114 143 105 220   0 183 150 182  96 204  59
  31  93 155 139 113 189 233 153 138 208 144 136 113 252][120 164  18 126  25 237  80 103 179  31 169  25 166 243 104 144 201 186
 232   0  26 107 210  55 211 215  16  59  82  72 206  10][ 55 207  99   5 182  11 239 254  68 236  30 238  67  40 151  36  62 236
  22 109 201 185  37  62  60  12 165 196 111 190  80 253][ 65 124  95  69 112  78 103 180 112 170 106  64 242 115 129  50  50 116
 124 106 225 244 185  46 103 174 101   0 104 243  66  41][  9 178 251 241 246 170 249  87  63 221 118 246 157 159 210 104 127 155
  23 157 147 252 227 194 206 223 186 224 165 200 247 241][ 15 155 237 151 242 208 191 189 155 220  86 231 237 111 206 199  55 123
 181 199 215 216 175 253 110 119 239 195  46 166 189 253]