[103 185 181  87 173 125 215 140 203 191 169   8 226 124  93 190 137  86
 121  90 222 106 251 176 175 222  85 126 194 115 210 238][114 176 249  80  41 221  80  67 235 253 180  61  42 156  70  62 137 177
 237  16 158 111 242 209  91  88  16 251 195   4  70  95][108  59 188 188 236  29 148 254 202 154 188 109 246 253 211  10 205 114
 247  35 192 107 202 169 110  87 109 187  92 122  91 155][180 164 188 115 152 107  85 143 118 191 175  24 211 113  72  58  25 222
 108  16  58 124 203  19 205 135 117 117 224  64 198  34][ 92 119 152 101  36  31 118 153 106 174 191 104 215 113 201  58 145  84
 108  42  73 240 233  10 243 253  37  53 224 242  74  35][132 164  80 147 254 169 232 107 191  51 187  90 142 234  92   9  43 139
  78  25  50 124  75 215 156 158  31 116 197  72 209 128][169  52  40 117   5 127 197  59 112 242 239  24  83  57  27  61 153 142
  80  46 169 244 113  30  71 203  81  52 203 105  90  98][218 253  58 184  59 212  29 231 190  93 140  49 188 151  66 244 167  59
 253 128 103  75 178 247 243 245  58 251  18  20 175 123][  9 181 125 251 246 143 237 255  95 123  95 246 153 187 248  97 127  11
  55 157 243 248 111 215 238 223 255 228 190 200 209 241][ 61  97 109 199  13  95 194 232  71 252 176  14  67  76  87 163 216 204
 110 111 205  51 255 156 183 217 133  61 123  63  94 212][109 183 181  35 168 127 151 185 107 255 181 253 222 124 203 191 151  85
 252  55 181  96 249  48 204 219 101 246 202 247 199 119][136  63 218 245 230  42 126  55 124 170 114 244 191  43 129  89  55 255
 110  18 228 252 129 106 238 239 119 129 108 224  75 139][ 88 125  26 188 187 221  21 246 189  76 238  41 175 151  35 240 166 251
 236  64  79  11 178 239 243 247  58  27   2  20  47 123][120 233 188 240 137 205  85 167 163  23 164  24 183 183  64  27 129 179
 233  16  90 107 242  49 219 211  84 123 192  80 206  42][112  76 191 229  36  74  71  32 224 142 254  32 115  55  33 115 104 244
 108 234  72 247 225  40 241 235 224   1  97 115 100  43][166 184 157 248 237 237 144 202 142  59 161  24 142 216  76  11 137  17
 235  17  19 111 218 176 157 210  91 127 208   9  87 130][ 61 189 177  58 217 237  83 223 255 105 232   8 191 254  66  48 133 251
  92  17  31  11 250  63 249 221   5 122 210  70 131 255][206 181 177 120 233 117 159 235 171 222 188  56  28 255 110 183 135  83
 219  35 115  71 186 210 123  89  79 191 210 116 175 243][212 172 151 117 153  46  84 175 251 179 162  24 214 241   0  59 161 247
 104  16  56 237 203 107 249 178  85  87 192  97 135  34][246 116 125  86 203 107 151 236 211 246 172 191  66 124  15  27  63 215
 107  99 104 103 127 124 121   2  69  63 245 127 214 118][ 93 205  23 229 144  14 103 188 116 160  74  64 215  99   1 227  54  68
 104 106  97 208  25  46 236 175 103   4  40 243 129  40][165  92  21  95 100  31 102  56 109 242 227  76 242  64  29 191 201  68
  74 110 229 244 123  44   5 186  65  20  74 187  74 148][ 79 210 158 242  42 188 185 129 174  29 150  48 252 223 138 234 167  55
 253  17 146   5 163 195 196 119 122 219 134   6   9  35][107 173 132  21 249  63 110 191  59 235 126 220 255  99 154 183 149 206
 126  12 245  90 193 255 174 255 245 224  10 228 202  13][205 183 253  71 170  31 175 184 122 178 135  72 219 117 221 191  55  84
 120 122 241 100 255 114 127 139 101 124 230 243   3  33][124 108 190 250 157 221  82 192 139 149 165  11 110 255  97 155 169 241
 221  80  42  71 154 184 219 211   5  59 242 127  39   2][ 24 173  82  12  26 131  79 231 102 132 232 160  49 163 160  84  90 186
  74 168  74 139  69  95 248 164 134  17 119 130 166 168][226 180 148 250 205 237 144  79 159  55 169  25 142 254  76 155 201  19
 251  17  50 111 218 211 157 150  95 127 208  72 135 146][ 18 203  46 188  26 192 188 234 148  20 210 163 117 238  32  65 126 243
 191 193 104 203   3 253 248 163 254 137  52  40  37  91][253  69 222 102 195  54  86 200  49 178 231  27  91 115  47 155 115 196
  16 126  61 215  25 138 251 235  69   7 235 247 234 130][173  52 165  87 141 127  71 152 119 250 231  24 211 116 203 255  89  76
 252 122 189 244 255  42 143 251 229  83 226 127  86 119][ 12 147  16 107  45 217  83  16 199  41 127  96 231 209 168 228  66  50
 238  90  26 176 107  49 198 241  32 211 114 139  76  33][253  97  97 103  93  31 198 120  65 224 181  14 235   8  31 180 120 196
 206 111 205  35 253 140 183 201   1  57 107 191  90 140][ 46  58 226  20  67 244 184  66 187 207 220 135  40 174  87  46 237 187
 147 149 134 207 182 232  27 125 154 171 199 101  39 215][208  64 214 181 108   8 236  72 249 146 178  90 223 170  93  90 107 197
 110 139 104 119 195 194 212 186 255  16  37 120  99 128][ 58 175 248  31 255  91 158 239  95 230 252 175 107 236 215 132  63 235
 226   7 230 250 111 251 126  95  21  63 247 254 206 220][124  56 212 120  41 233  82 136 171 138 160  41 207 251  65 154 159 241
 236  82  12  99 218  40 219 211  65  59 226 247  78   3][165 117 117  71  81  79 103 120 117 224 103   8  83  85 141  53  24 220
  80 106 105 178 121  12 101 136   1  20  99 171  70 178][109 209 188 127 237  31  87 190 235 127 188  61 223 123  74  59 133  70
 254  78 208 107 219  32 239 251 117  60 218 240 202 203][156 206 212  87 140 122 229 170 116 179 230  16 227  97 137 239 121  86
 234 170  40 244  77  47 204 227  87   5 195 241  77 160][125  57  17  76  61  95  67  56 107 204 174   8 122 243  69 244 208 236
 108 106   9  35 249  60 187 253   5  90  74  35  98  35][ 65 120 155 242   9 237  49  87 254 219 160  88 182 215  65 122 165  59
 106  16  35  77 146 114 217 158  23  58 200  80 131  59][192 174 156 245 204 195 101 175  22 183 198 154 113 227  64  75  65 254
  43 136 120  94 203  53  93 162 223  73 164 232 180  40][210  74 110 188  10 194  63 110 166 196 210 179  53 206  34  66 102 245
 189 195 104 143   7 255 240 161 171 137  53  49 165  91][218 180 102 158  91  81 186 232 179 212 164 139 105 238  94 148 123 241
 235 227  46  99 191 255 159  87 203  63 103  39  47 214][246 237 225  18 205 114 206 207 115 247 168 155  72 236  95 157 249 207
 241 183 126  87 255 226  59  94 159 127 231 116 246 214][160 252  28 249  89 205  49 115 156  55 100  24 182  23  32  17 137  26
   2   0 114 190  82  23  79 147  16 115  80   8 198 162][ 87 179 147   0 179  30 156  21 105 217 147 108 204 248 204 190 150  29
 124  53 149 208 197 192 184 112  63 206 200  38 131  21][ 21 116 157  39 176  47  71 152  54 170 171  76 215 115   9  17  31 204
  77 110  41 244  89  58 224 135 101  52 232 243   2  49][ 24 235  10 229  52 139 111 119  52 160  94 192 147   1 144  36  56 172
  22 108  73 184  33  28 228 239 182   0 110 170 120 184][128 172 221  93 194  99 173 206 126 179  96  16 112 243 197  57  59 126
  50 136  35 220 239 115  13  46 119   4 193 112  99 168][ 33 239  90  94 244 157 246 244 123   8 124  76  58 248 214  48 159 106
  70  79 199 122 206 125  62  61  37  40  89 147 203 141][116  62  30  62  41 169  80 202 171  30 176  45 175 203  67  27 139 227
 236   2  14 107 202  57 208 243 113  59 112  81   6   3][246 100 210 247 110  40 232 202 187 179 187  26 207 234  93  90 235 205
 127 131  40 103 202 226 148 250 219 188 165 241  99 128][  0  25  27 248 153 237  49 198 142  49  10   0 182 151 105 104 129  51
  74  16   3   9  18  49 193 148  26 127 152  75   5  42][199 148 175 151 142  46 173 191 250 251  18 215 213 108  30 107 167  71
 121 141 181 233 191  98  13  46 255 196 205 116 177 117][ 13  55 251 243 246  36 249  91  59 223 127 246 157 255 221 106 127 223
  55 157 179 242 239 194  79 255 255 224 167 233 231 241][234 172   0 186 249 193 145 239 158  29 160  25 172 151  98 144 201  59
 235 145 114  79 210 247 221  21 158 123 144   4 175 250][  0 156  59 191 214 195 191 231  30   7  88  99 181 255  32  64 255 123
   3 129 114 156  10  63 109 166 190 200  16  88 165 235][ 61 104 106  32 116 211 247 224  96 196 124 175  51 204 183  16  58 232
 147 207 204 178  62  60 114  13  37  33 111 191 126 214][100 233 153 106 252 233  71 141  66   9 105   8 242 241  73  48 152 218
  68  90  27  34 234  49 233 140  37 120 208  91 198  34][125 125 213  37  58  79  86 254  35 234 186 108  95  55  65 178 182 213
 124  96 205 113 209   8 181 231  37  54 123 240  11  25][ 93 237 180  54 157 157  86 172 239 181 169   9 238 249  95 150 145 102
 104  79  18 107 219  49 235 223   5  59 194 119 203  10][135 227 208 211 162  25 172 220  62  51  16 254 157  74 221 169  55  75
  86 223 231  84 143 115 172   8 127 164 172 209 139 141][104 140  71  69  48  11 235 182  52   5 238 200 243  35 144  16  90 246
  76 104  40 184  69  47 100 174  32  80 101 138 194  40][ 87 125 253  69  26  94  47 216  58 178 142 238 212 119 193 118  55 213
 124 234 225  81 189  74 185 174 239 180 165 241   7 113][211 164   6 129   3  54 184  71  61 115 195 215 140  10  86 202 229 135
 251 133 182 221 149 195 148  54 154 196  12   4 187  84][  5 172 221  93 146 235 169 139 126 163 234  16 209 112 133  40  51 111
 122  28  51 252 109  82  76  14  55   4 193 192   1 160][245 110  92 126  46  43  86 190 208 190 176 120  67 104 159  27 131 196
  76  98 236 103  77  58 242 203 101  61 125 249  74  11][208 184 250 112  42 236  89 214 187 191 176 185  63 159  64  26 167 191
 125 144  26 111 146  83 219 205 118 249 225   0 167  27][214  79  30 180 162 202  54 160 188 150 130 179 239  38 163  67 166 119
 237 226 100 205   3 108 240 227 111 147  36 113 173  91][  0 137  51  92  52 199 167  55 244   1 106  64 183 165 176 100 102  59
  42  73 193 184  48 109  37 172  38   0  64   0 165  40][ 48 109  59 106  93 207  71 232  69 136 237   8 115 209  41  48  88 184
  68 106  72  35 120  61 243 205   1  57 113 139  70 170][207 254 173 183 170  62  31 190  62 247   6 244 221 102 219 107   7  87
 253  31 241  92 255  98 236  19 255 212 172 241 149 125][231 164 245 211 236  43 248  73 127 179 179  90 206 234  92  58 255 143
 127 151 178 118 207 210 158 158 223 246 197 235 211 133][168  12  30 125  76 239  69 114 212   6 228  16  50  49  33 121 200  50
  98  10  40 175  82  47  71 171  80  17  80 249 102 170][214 247  91  96 226  42 191 220  41  62 184 235  79  71 205  16  55 223
 197 242  82  19 137  98 176 128  47 166 101 243 167 161][188 104 161 176  77 109 209 206 222 182 160  27   6 152 115  27 201 201
  67  85  10 103 218 144 217   3  93 127 209  61  86 226][165 161  69 217 220  47  67 249  86  49  81  86 211  97 248  77  89 136
  34  62 187 118  95 151  76 138 229 116 191 137 208 160][214  76 246 247 110  46 254 200 123 186 243  18 207 123  29  91 255 213
 127 227 168 247 203 234 151 250 207 150 165 251  99   3][118  81 232 102  77  95 214 124  69 236 255  15  75 109  31  52 216 204
 239 230 204 179 249 136 243 253 129  55  67 191 118 118][ 74 156 190 217 175 241 185   3 190 115 142  50 220 191  98 106 227  55
 251 145  50  77  51 211 207 255 218 219 150  72 165 123][ 42 173  32 155 249 217 190 239  31 117  24 169 172 172  70 132 139  27
 211 145  86  24  78 247  46  22 156 243 214  76 159 222][ 90 181 182 253 171  92  60  39 191  83 206  16 252 191   0 110 227  87
 253 128  82 201 243 193 207 255  94  67 130 100 165  75][118 113 169 206  93  79 214  88   3 232 249  75  82 253  93  48 220 221
 255 227 136  35 219 152 243 220 133 190  81 127 118 211][ 75 241  17 176 184 140  72 159  43 121 154 124 191 179 200 180 135   7
 124  25 147  73 211 213 172 244  63 254 138 144 131  61][200  12 149 245 160 174 101  55 188 187  98  80 183  51   0 235 129  54
 104   8 113 252 209  46 197 179 114   0  72  64 129 168][ 16 221  30 252 146 195  23 247  20   4 234  35 117 247  32  64 122 251
  19 192 104 155  16  63 225 167 166   1  49  32 164 170][ 35 223   2 142 212 131 166 231  70  72 216 199  32 200  54  68 120 234
 130 197 214 187  12 255  56  36 142  75  93  14 248 158][217  82 119  94  34  28 109  53 225  74 231  70 123  71 189 255  54 228
  60 238 225 181 181 201 243 232  98 128  47 178  98  61][ 96 108 127 118  42 201  71 246 225 136 252  40 178 247 129  50 138 246
 108  74 105 107 226  41 241 158 100  56  96 112  70  43][116 198 193 197  68  94 239 208  32  40 175  74  66  38  12 116 252 220
 134 234 216 178 104 200 181 164 131  52  65 251 246 164][170 250  98  92 111 145 184 254  91 126 116 255   8 140 246 165 239 125
 183 197 230 126 166 215  30  91 251 239  95  44 127 223][114  13  74 222  17 130 108  39  52   2 106 128  97 163  36  80 240 190
  43 140 104 153   1  47 177 231 154   1   0  66 168  40][ 15  29 227 222 247 244 191 115 157 200  93 166 188 254 183 236 238 123
 151 223 181 154  50 234 127 127 170 139 151 237  61 247][ 65  77 135 221  52 142 111  55 252 202  74  68 244 243 177 228 114 102
  58 238 225 157  21 111 164  46 238 128   8 240 177  56][ 93 185 149  49 171 111  53 191 182 249 142  28 223  55  72 251  39  87
 236  24  27  89 251  48 233 211 119 118 170  64 131 123][ 60 242 106 110  83  83  83 216   3 236 253 175  11 197 202 180 120 220
 133 110 206  54 252  63 115 205 165 189  99 158 126 243][182 108  84  87 170  10 109 189 189 178 227 208 243 115  13  95  99 102
 125  62 113 212  73 110 238 250 117  20  40 241 210 169][ 23 220 181 207 157   5 143 232  86  63 137   2 240 249  60  68 221  82
 123 235 122  99 123 247 249  62 207 124 209 123 181 226][ 82  39 103 165  18  98  73 107  53 196 219 167 205  46 154 192 126 135
 255 165  57 154 101 206 152 230 138 196  37 198  55 112][192 121  26 184  98 205  56  71 172  88 100  57 188 159  34  25 166  59
 211   0  70 158  18 117 215 209  58  43 120   0 175 219][216 141  23 252 153 206  71 178 181 184 130   0 214  55   1 115  32 246
 125 106 121 201  51  44 241 226  67  80  34 177   5  42][104 177 185 107 253 109  69 159 115  57 108  24 182  53  72  48 153  26
  87  24  27 122 251  19 109 157  52 124 210  72 198 170][ 82 169 154 168  48 204  88  71 170   9 232  73 182 158  96  80 224 191
  29  17  15  59 144  67 177 180  26 121  72   0 171  11][108 165 184 114 217 237  81  15 242 181 165  24  22 247  72  26 129 158
 104  16  26 106 250   2 223 197  21 125 224   0 198 162][208 125 127 118  26 200  53 103 232  68 238  40  63 183   2  51  34 247
 237 192  96 203 162 109 241 163 116  11  96  16 167 107][173  56 243  85 101  46 227  82 121 170 115  76  26 149 213 189  56 124
  86  30 161 245 176 202  23 158  65   0 235 233  82 180][ 35 206  98 153  84 147 170 239  86  96  80 199 160 104  54  64 121  42
  19 165 231 186  78 255  44  14 159 228  93  12 120 220][244 103  45  37 168  10 207 189 160 254 161 253 211  64 217  19  72 196
 109 255 232  71 207  42 248 128 239 188  68  49 151  64][213 117  29  39 184  47  71 184  36 250 139  76 215 115 137  59  20 212
 124 106 169 209 217  12 225 195 101 148 168 243   2  49][ 49 223   2 142  20 151 166 246 196  72 218  71  98 232 182  96 104 106
  14 207 255 171  28 191 176  36 174 208  93  31 248 156][250 188 180  84  75 117 149 111 155 190 164  27  44 191  70 191 141 219
 243 131 116  79 250 211  95  83  93 191  83 100  47 255][ 81 125 253  69  18  74  45 246  40 160 142 168 191  54 129 247  38 245
 120 232 201 217 245  72 181 175  79  16  45 240   7  56][212 126 222 118  34  11 118  48  48 166 231 189 215 231  11  25 182 245
 237  98 104 215 153  42 202 163 101  17 104 243  14  19][219  19 102  78  33  22  78  57  97  74 247  68 107  98 190 247 118 196
  60 238 253 161 175 205 178 250  98 128  47 246 234  53][207 188 237 151 143 126 111 190 190 247   6 214 221 119  91 235  39  87
 121 159 177  93 255 226  79  11 255 212 166 245 149 120][239 180 244 111 173  63  87 152  95 191 149  28 234 120 223  63 151  70
 125 123 190 103 255 177 203  91  85 254 214 255  82 103][244 100 210 151  78  40 236 194 187 178 179  26 206 234  77  90 107 205
 110 131  40 103 219 226 149 182 219  56 165 121  99 128][214  76 246 231 110  46 255 200  59 178 243   2 207 123  29  95 255 213
 127 227 168 247 219 234 151 250 207 150 165 251  99  33][100 117 107 110 125  31 214 248  83 232 253  77  82 189  29  48 220 220
  87 103 201 179 249 186 119 221 165  62  89 187  86 243][ 37 121 117  69  81 223 199 224 100 224 226   8 210  87   5 180 152 252
  82 106  73 178 121  44  39 248   1  20  65  51  66 160][ 37 116 157 115 136 127 164 141 170 251 169  92 215 112  73  43 153  86
 104  50  23  97 219   0 141 211  87 116 200 123 139 144][  5 127  85  73 186 175 139 158  14 248  24 236 213  55 193  45   7 112
  94 124 161 192 105  28  44 138  45 244 156 251   1 177][121 125  88 109 120 221  87 188 123 232 108  12 247  85   3  48 144 238
  68 104 207  50 249  63 231 253  37  56 122 186  74  91][ 35 159  38 159  21 183 176 103 220  13  90   7  36 168  50 192 232  42
 131   5 182 186   5 253  44  54 154  67  93  78 121 142][ 53 113  42 108 124  79  87 248  65 232 189  13  83  93  18  48 216 228
  68 111 205 163 120  30 243 221 165  60  73 187  90  82][ 21 126  19 165 178 174 110 242  60 138 122  68 255  34 129 240 167 127
  78 174 229 156  17 110 180 166  46 128 168 241 171  25][235 164 196  81 249 185 104  47  59 119 254 152 139 162 214 191 131 142
 254  28  62  94 231 215  14 223 213 245 198 196 218 204][ 16 143  27 175 150 227  47 247  20   4  90 226 245 103  32  64 126 123
  23 234  89 152   9  63 225 167 174 128  48 250 165 169][ 79 183 253 101 170 127 191 184  43 254  62 237 223 124 219  62 151  85
 253 127 149 240 253 192 206 223 109 246 206 247 143 117][212  18 222 228 134  42 113  83 184 134 102  19  71  35  35  91 114 181
 237  32  56 213 145  72 211 227  98   1 160 224 111   2][ 76  51 153 101 176  95  86  29 105 236  62 108 223  55 207 146 150  85
 236  48 205 240 225   8 238 221  37 151 200 242  15  91][238 180 180 242 173 109  80 139  91  63 161  24 142  63  76 159 201 147
 255  16  58 102 219 210 139 219  81 127 210  73 206  18][184  13 150 252 193 234 116 231 241  11 234  48   7 179  32 223 233 230
 166   0  56 251   0 162 179 247  86   3 226  80 238 138][213 194  78  31  50  34 107 184 116  71  71 246 209  98 187 124 118 196
  44 238 169 149  45 111 160 174 226 196 172 179  33 101][ 52 105 106  40  86 193 219 226  64 132 248 139  35 204 119  16 122 251
 145 195  78  58  36  45 123  69 165  41 101  59 118 202][186 173 236 116 207 123 254 239  23 227 244 159 107 236  94   1  57 219
 243 129 126 126 223 243 127  71 221 127 255 108 222 222][188 100 214 100 195 102  86 232 113 146 163  27  75 251 111  27 185 197
  96 118  60 231 155  42 251 234  69  23 227 119 110 130][121 189 177  58 185 237  83 223 251 121 168   8 191 247  72 180 145 251
  93  17  59  75 250 191 185 221   7 122 210  70 135 251][ 42 175  32  27 241 249 186 239  31 125  28 137 172 172  86 132 169  11
 195  21  22  24  10 247  47  86  28 235 210  76 159 222][190 181 228  52 203 119 222 239  51 243 168 223  72 236  94 147 249 223
 243 145 255 122 219 243  63  71 221 127 239 116 254 222][221 121 252  69 170  59 127 186 114 162 166 170  27  51 213  63  54 212
 120 250 225  81 253  40 254 203  69  52 239 241   3  32][ 41 239  98  63 117 153 239 231 123  68 120  13 171 232 150 148 155 106
   2  79 198  58 110 191 108  92   5  41  87 158 211 204][252 190 156 112 189 237  81 215 251 187 176  24 159 185  65  27 163 247
 108  16  54 109 154  50 219 223 117 123 192 113 199   3][136 112  27 187  67 205  49  71 189  87  64  17 188 151  98  89 166  59
  19   1  66 220  50  81 213 129  26  41  32   0 167 218][  9 181 125 243 246 159 237 255  95 121  95 246 153 251 252  96 127  11
  55 157 243 248 111 215 238 223 191 228 190 200 209 241][165 169 197 219 204  47 229 217  86 243  83  86 209  97 216 237  89  12
  42  28  51 252 127 150  12 138 245 116 189 168 208 176][ 71  27 205 133 162  42  46  24  44 226  27 231 221  38 131  78  54  71
 124 175 149 209 141  72 132  38 107 128 140 243   9  21][ 68  59 151 184 168 141  20  91 171 221 160 109 174 246  66  94 134  97
 236  69  31  75 218  81 208 210  95  58 200  52 131  83][ 13  53 251 243 246 164 249  91  59 219 127 246 157 255 217 106 127 255
  55 157 179 250 239 194 222 255 255 228 167 201 227 241][222  78  46 191  46 162  14 148  20   6 218 183 229 111  59  73 126 229
 191 199 232 199  79 239 240 227 234 145  52 115  53  80][246  44 236  84 141 123  84  79 195 182 172  25   2  40  87 159   9 230
 232  16  44 103 255 146  59  91  85  63 243 124 222  78][119 126 226  70 165  62 234  84 233 234 190 206  10 168 215 190 182 228
 220  31 133 245 180 234  18  28  21 130 207 247  91  93][  7  62 140 190 157 167 235 152 223 254 145  79 233 232  95 143 153 109
 123 247 167  97 219 249  13 122 207  62 217 119  91  84][ 77 123  64 161 226  30 111 220  38 228  28 197 157   7 203 148  54  77
 207 254 195  16 157  82 228 197 175 164  46 247 171 209][144  14 220 117 144  42 107  27 118 183 110  16 241  99 147  19  41 110
 104 184  56 220 109  46 238 239 181  65 225 224 198 168][ 92  61 191 116 169 126  84 159 251 223 174  16 255 247  65 127 129 246
 108  56 185 225 243  40 219 251  85  19 162 241 204  99][ 33 236  57  91 116 207 199 254  86 106 108   8 178  81  20  52  89  42
   2 106 107  62 121  63 101 158  21 120  89  24 210 170][ 69  83 237 101 162  46  45 159  56 251  22 244 213  38 159 123  23  87
  60  62 145 208 253   0 236  43 117 132 172 241 129 113][203 252 175  55 139  94 173 190 250 247   6  22 253 252  90 107  39  71
 121 157 177 221 191  99 237  43 223  68 172 112 145 120][217  88  10 181  32  30 110  48  52 194  67  68 247  18 161 240 178 173
  28  78 109 148  17  14 144 239 122 128  40 160 105  24][109 249 188 119 236  13  95 190 235 255 188   9 223 251  74  26 133  70
 125  78  80 105 251  49 239 251 117  61 194 248 194 234][102 114 129 147 235 113 152 136 155 191  17 249 140 238 205 158 143  93
 243  19   6  70 202 240  14  18 221 255 150 125  31 215][147  75 110 159 156 147 174 228  94 116 211 151 225 200  62   1 106 235
  63 199 238 189  79 255 180  75 234 144  29  31 249 220][202 237  28 186 169 249 149 239 158  31 172  57 172 247  98 217 201  59
 239   0 114  79 194 247 251 215 126 251 144  88 175 203][ 76 128  28  56  89 229  17 202 198  21 237  24 164 211 104  88 209  27
 234 144  26  75  90  53 201 215  18 123 144   1  44  34][  4  46 148 179 188 171 160 194 222 187  17 241 134 129  97 136 201  41
 206  17  18 252  74  48 140  22  59 119 208  73  29 131][ 74 156 182 249 153 244  56   3 191  29 142  17 173 191  96 106 229  55
 249 145  18  73 179 243 203 247 222  91 146  68 165  26][209  13  94 228  50 218 115  50 237 128 102  32  63  19 160 113  34 164
  92 104  97 185  37  76 242 233  32   1  44 128  33  41][246 252 181  86 139 103 151 254 151 254 177 125 106 124  77 175 157 215
 253  39 249 103 123 254  57  94  85 190 195 125 134 119][220 154 133 117 137 126  69 187 119 247 166  20 235 101  74 239  89 198
 236   8  45 229 247  24 139 243  85  21 227 252 204  84][109 240 173  47  45  63  83 152  83 250 181 108 223 116 219 191  87  68
 124 126 175  99 255  17 203 251 101  60 218 255  90 101][ 88 184 155 176  58 236  57 199 186  21 168 185 191 151  64  24 167 187
 253 145  59  75 146 119 217 197  58 249 160   0  39  91][248  79  79 174  18 194  95 244 180 142 254 163 119 103  33  81 126 247
 141 226 104 139   1  47 240 231 174 145  48 242  36  59][120 233 184  98 157 221  87 175 227  53 172   9 191 241  90 144 145 202
 232  88  90  43 218  49 251 221   5 125 194  82 222 106][117 237 185 110 188  93  86 188 107 232 172   8 247 124  91  48 153 206
 124  94 207 106 251  59 251 221  37 125 224 123  90  74][ 79 118 253 101 162 126  63 152 105 238  63 237 221 126 207 191 183  85
 253 127 165 208 237  72 238 251 111 148 206 247   7 117][224 186 204 221 202 195 101 175  22 183 102 159 113 231  66  91  65 238
  34   8  58 222 243  51  93 163 245  73 176   8 228 122][116 229 185 103 141  93 214 172 106 185 168   8 214 124  93 178 145  87
 125  83 222 107 251  33 191 221   5  63 192 115 215  42][120 165 184 112 137 237  85 167 227  23 172  24 182 183  72  18 129 146
 105  16  90 106 242  19 235 197  84 123 224  64 198  42][167 207 195 134 254   3 174 237  90 162 152 239 112 104 189   2 255  71
  19 231 241  99  76 254  60  14 175 188  93 122 243 136][ 38 120 170  62  89 244 184  82 186 205 221  21 185 222  87  42 204 249
 209 149 142 199 178 226  67 125 154 171 193  85  55 210][ 41  59 145 167  46   9 148 116  10 232 120 237 190 188 196 162 158 125
 228  65 205 250 195 136 128 212 101 186 204 174  27 157][171 106 230  86 109  29 236  84 233 138 116 110 106 200 151 190 236 236
 246  78 197 247 134 232  22 121 240 170  79 190  90 141][128  62  27 190  40 237 181 113 158  70  65 245 244 221  35   9 135  59
  75   7  34   4  10  63 229 131  42  56  80  73   5 243][124  58 212  58  43 169  82 136 171 184 160 109 239 251  65 154 143 241
 236  82  14  66 202  40 154 211  65  59 234 119  10  19][208  76  78 164   2  66  94  98 176 130 226 163 127  51  33  83  50 245
 237 226 108 149   5  14 240 227 234 145  45  48  47  26][184  96 250 101  36  31  77 120 113 168 246  10  83   9 213  51 120 204
  85 106 200 246 241 136 199 217 101  36  99 186  82 168][163 244  35  30  81 213 175 117  29  70  65  87 120 220  62 164 252  58
 147 141 227  62  58 255  63  28  28  10  91  30 246 252][205  28 156 119 169  46 237 186 190 179 167  80 223 115  13 127 133  70
 120  14  33 197 219  98 205 251  87  20 202 241  73  40][ 63  81   2 196 213 150  78  85 161 192 199   4  75 195  49 244  92 236
 144 238 153 147  48 204 179 252 128   2  42 183 250  52][ 28 119 120  75 186 153  54 152 101   4  60 236 207  71 203  36  54  88
 206 122 199  32 109  55 230 213  37 255 126 155 143 181][169 205 127  87 180 222 231  53  84 194 127   0 243  97 148  37  26  98
   0  46 249 184 121  47 103 255 100   0  79 234 208  48][208  70  30 190  60 131  95 236 156 156 215 183 214  99  43  67 248 229
 111 227 104 197  75 255 248 163 239  21  16  59 189   2][228 120 152 240 109 205 208 196 219 186 176  24 150 153  65  27 137 241
 127  81   2 103 218 176 217 145  85 127 216  25  79 139][104 199  70  77  48 138  99 190  52   1 254 232 243   3 136 212  88 134
  76 232  40 184  69  63 228 239 176 208 103 130 194  40][ 74 188 183 218 237 221 190 246 191 123  52  57 172 254 118 175 135 123
 255  83 166  75 186 243 191  95  95 250 150  86 143 223][ 67 249  17 160 184 141  72 190  43 121 168  76 191  19 192 180 135  15
  92  88 219  72 209 245 188 252  22 254 138 144 131  45][249 176 165 125   9 126  80  59 247 255 166  93 234  61  66 255 205 244
 236   0 173 109 243 145 155 243  81  87 234  44  70 126][ 80 189 191 116 185 126  84 167 123 169 174  24 151 191  64 122 161 247
 108  16  28 201 179  34 251 239 117  87 160  96 174  59][ 92 210  14 188 110  67 121 121 148 236 214 175  87 231  43  83 116 164
 239 174 104  67 107 157 220 227 235 221  48 168  52 115][180 223 150  22 145 202  39 229 249  15 234 116 110 242  47 213 249 243
 164  66 108 255   8 110 184 166  86   3 193 115 239  11][ 79 156 151 177 179 238  57 162 186 115   2 144 156  54  64 235 167  87
  56  17  51 220 179 103 141 182  95 198 136  65 133 113][254 100 234  32 201 112 221  73 161 230 141 155  73 206 127 186 121 141
 241 183  28   7 190 130  83  69 203 173 167 119 254 214][120  52 172 116 141 125  85  79 211 247 164  25  42  60  70  27 137 246
 233   1  60 111 243 130 219 215  85  59 227 108 214  94][ 13  37 251 241 246 162 233  91  63 147 127 210 157 255 217 104 127 255
  55 156 179 250 231 194 222 239 247 196 167 201  99 225][ 61  77 105 109  52  15  71 248  69 204 252  12 115 109 145  48  92 232
  23 110 201 178 125  63 231 205  37  16 127 187  86 248][255 252 181  93 169 119 156 175 219 242 160  88 238 124  93 191 135 215
 253  35 189  77 251 251 155  90  93 126 202 244 134 125][234 164 236 117 221 249 240  79 115 243 228 157 139 172  86 185  73 142
 231 149  62 126 215 147  95  91 213 127 239  76 222 222][178 180 228  53 205 119 212 239  51 243 240 223  34 252  86 153 217 223
 243 145 191 126 219 211  31  83 221 255 239 108 250 158][237 243  44  39  44  15  79 184  84 252 183 205 211  65 155  19  92 196
 125 111 233 102 221  28 236 219 229 180  92 191  82  81][  6 164 212 179 254 169 232 235 255 179 185  90 206 234  92   8 171 139
 127  25  50 120  75 214 156 158  95 124 197  72 211 128][ 10 174 160 147 213 249 184 207  31 125   8 153 172 172  94 132 185  27
 211  17  54  88 104 247  47  22  30 239 210  76 159 222][ 10 155  98 141 115 249 186 238  15 109  94 167  44 174 190 196 190 219
 183 197 134  57  38 245  54 116  26 227  31 143  45 223][ 57 237 105 109 116 207  71 253  83 236 124  12 115 125  19  48  24 238
  84 110 203 178 121  63 103 205  37  52 123 250  66 250][ 13 240 205 209  76  31 225 120  78 249  86  70 209 192 216 233 121  12
 122  28 131 244 127 144  76  11 243 116 156 136  81 176][ 65 233  17  33 184 157 104 175 107  33 170   8 159   2  84 180 130 143
  92  92  79  26 225 117 173 252  22 116  64 128 131 108][ 85  93  87 231 146 250  46 244 124 192  75 100 221 118 169 244  54 119
 126 234 241 144  61 108 188 238  47   4  40 243 169  53][235 110 226  82 253 157 108  23 251 143  20  88 168 136 215 191 129  42
 150  29 230 110 230 234  47  88 148 171 134 212 218 141][210 156 151 249 153 236  16   7 191  31 138  17 174 191  96 202 193  55
 237  16  58  73 211 243 137 247  90  91 144  64 133  10][157 207  71 171 131  16 110 252 229  82  74 199 105 230 169 196 115 202
  42 238 207 144  63 163 178 224 207   4  62 247  40  84][ 23 125  72   1 144  31 110 253  37 224 142 197 153   7 211 144  54 204
  93 238 205  16 181  90 230 221 135 164  58 242 139 252][176  96 249 101  52  47  75  82 121 170 186  10  51  25  21  48 184 172
  95  40 200 181 113  10 211 205  33  16  97 248  82  10][  9 149 109 249 246 155 237 255  95 113  94 246 217 171 252  96 127 139
  55 140 243 184 109 215 238 207 191 228  63 136 209 249][149 205  71 139 142   3 111 252  87 214  74 134 211  98 187 101 114 200
  42 238 205 144  47 184 160 200 207   4  62 255 177 228][ 68 163 216  35 234  24  56 152 234 189  55 237 140  42 202  90 167  71
 238  20 150  88 175  96  78  17 126 237 132 195 143  65][ 37 239  65 202  92 193 207 248  95   0 249 202 113 201 253 164  91 234
   2 234 203  50 110 255  60  28 133  44  87 187  82 164][183 207 195 135 222   3 174 237  30 160 152 207 241 104 184 128 126  69
  27 239 225 235  93 254 188  14 175 180 109  58 177 136][ 83  57 159 184  42 205  17  70 171 196 172 141 190 214  66  86 134 177
 236  85   7  75 242 112 152 208  11 122  24   0   7 124][ 79 119 253 101 178  94 127  29 105 236  62 237 221  63 223  54  54  85
 253 189 133 208 229 202 238 255 111 132 174 246  15 117][138 240 119 187  67  77  53  93 191  83 101  16  60 215 104 157  54  27
 211 128 115 215  19 209  87  16  82  10  50   4 167 250][212 213  47  59 146 238  54 164 164  82 139 135 243 124   9  75 105 247
 105 227 125 165  93  45 241 162 206  80  97 123 164 114][ 61 223 110  79  30 223 166 240 196  72 223 230 115 220 183 225 120 226
 222 239 237 169 126 189 178 105 167 145 127  63 120 157][ 90 188  19 184 179 233  57  87 191  13  68 169 175 151  34 208 167  59
 253 144  18  25 162 247 217 247  58 235 130   4  39 123][144 205  15 175 150  66  79 252  36 132 218 198 247 103 161  65 118 244
  29 238 121 129   9  45 241 163 175 144  48 187 164 121][212 116 223 181  34 110  31  24  56 226 227 221 215 103  11  27 183 197
 109  38  45 213 153  10 208 227 109 132 168 243   3  83][116 237 184 102 180  79  87 252  99 232 168   9 119 121  89  48 153 223
  93 123 203 122 217  63 249 205  37 116 232 114 194  10][ 85 113 157  99 168 111  22 141 170 251 171   8 215 244  73  42 145  87
 124 114  29  97 251   0 233 199 101 116 200 123 139  18][ 37 121  83  69 112 223 231 224 109 168 122  40 242  17 133 180  24 124
  86 106  65 184 113  44  37 156  33   2  97  51  66 171][125 104 253 109  46  31  83 152  99 244 165   8 223  21 219  54  30 196
 124 110 140 102 253  24 206 217  65  60 118 191  82 100][108 176 180 243 173 125  80 154  91 191 181  24 142  61  93  27 201 145
 253  16  58  98 251 144 207 219  81 127 210  73  78   2][237 125  85  69  41  30  68  50 233 242 166  72 158  50 133 255 134 244
 236 106 233 100 241  12 183 251  69  22  74 241  74  36][220  79  79 174   0   2  79 240 165 142 223 231 115 231 163  83 124 228
 109 238 232 131 168  46 240 227 238 129  32 243  60 121][100 119 121 101 148  15 103 184 127 160 234  72 211  97   1 112  28 212
 108 106 233 176 217  14 239 190   5  20 104 178  66  32][201 197 231  87 181  94 111 180 241  67  71  16 251 248 188 231  16 102
  60 111 233 240 189 175 227 255 196   0  78 254 208  60][ 73  51 185 101  50  94  49  53  41 236  62 237 223  54 202 178 182  85
 236  52 197 240 225  74 238 253  37 134  74 166  15 121][245  68 110  78  18  66 239 184 112  70 199 150  83 101 191 116 114 196
 121 238 168 135  61 111 112  46 226   0 229 179 116 116][195 174 157 183 162 232  41 134 188 247  10 209 181  38  64  90 167 103
 104 149  55 220 165  99 140 182 126 194 128  64 165  77][124 225 253 103 172  77 119 188 235 189 175   9 223 251  72  18 146 199
 109  74  90 105 251  49 239 253 101 125 224 179 198 106][217 105 252 101  19  31 109 103  96 164 166   8 187  50  19  51  46 245
 120 200 201 219 245  12 247 201  69  48 103 176   2 104][209 220 158 119 168  46  84 182 184 186 162  92 247  50   1  91 161 103
 124  38 109 205  91  47 240 187 125  16  72 112 203  11][ 98 166 162 144 249 161 120  66 191  47 219 157 140 174 118  88 205 143
 255 149  30 207 192 210 158  54 154 251 132  69  63  86][ 79 115 249 101 169  95 127 184  43 236  62 237 223  61 223 182 183  85
 253 125 149 112 253 200 239 223 109 182 206 247 135 117][157  78  12 191  60 162  78 184 148  66 218 199 247 106  59  75 122 231
  63 231 236 197  79 191 240 227 239 144  61 121  57  80][ 37 109 123 108 252 143  95 242  91 168 124   8  50 249  53  48 220 252
  87  78 201  58 208 190 119 156   5  56  95 187  82 162][189 197 115   0 242 123 119 239 117 102 110 186  79 101 171 180  55 202
 130 110 116 182  44 222 118  78   5  39 247 255 198 228][173  25  61  81 160 207  33  53  20 248   6  92 215  53 193  45   4  52
 123  60 241 220 113  28  77 139 117 208  74 168   0 121][ 75 185 173 151 139 220  45 142 234 241 134   8 188 246  83 250  37 119
 121 157 131  73 255 113 221  43  95  56 136  80   7 122][102 114 200 147 234  57 152 200  26 187  17 239 132 206 205 138 151  93
 245  83 134  82 206 176 140   7 255 191 132 251  27 149][ 61   0   9 233  29 102  72  24  52  41 227  19  83  23   8 248  88 156
  31 188  25 146 113  22 215 239 171  84 161 139  50  48][ 42 169  96  26 221 217 228 239  83 117 124 153  42 237  94 148  73 170
 195  17  94 122 222 183  63  85  20 107 211  12 222 222][129  97 247  69 110  74 169  89 234 176 242  74 156 155 212  58  46 189
 102 249 209 247 135  64  85  56  35  68  77 160  99 161][ 82 253  59 250 153 197  28 231 191  21 200  25 174 255  32  80 231 187
 253 128  94  11 178 247 187 245  30 123  18  84 167 127][ 89 189  60 242 185 253  82 255 251 249 172  28 191 243  72 181 133 223
 220  16 187 107 250 191 187 221   5 126 202  64 138  59][208 239  60 186 184 233  20 175 190  23 140 185 167 255  66  91 131 115
 237  16 126  77 195  55 235 227 126 123 144  80 143  75][149 205 108 191 156 155 174 237  86 114 210 215 241  72  59 161 121 202
 127 231 239 245  79 191 164  75 239 208  61  29 249 156][221 119 149 103 168  46  71 184  36 234 171 108 215 115 137  59  20 212
 124 110 233 193 217  12 228 235 101 148 170 243  66  49][161 196  61  75 172  79 196 175  94  59 120  88 242 120 156  33 217  10
  82  40 107 252 123  63  45 158  85 116  89  24 210 172][101 116 145  85 237 125 196 154 235 251  41  88 154 184  93 190 137  76
 118  24 135 118 250  64   7 220  85  62 202 125  74 133][118  58 213  50 233 233  82   8 171 184 161 109 239 222  65 158 143 241
 236  82  31  66 202  56 156 208  65  58 232 103   2  23][200 190 156 112 169 173 117  23 187 159 160  29 191 187  64  27 167 247
 109  16  50 111 210 115 221 211  86 122 200  64 135  27][191  82   6  26  77  55 176 216 223  94 181  87  72 200 127 207 237 193
 234 247 167 103  27 245  27  19 195 255 219  29 120 215][191 118 236  53 226  50 189  51  80 254 247 255  89  44 215 171  95 205
 149 167 189 246 237 138  70 107 253 165 237 253 222 213][ 34 166 228  95 237 184 188  47 251  31  53  61 168 104 222 191 133  10
 194  21 246 108 238 225  46  90  84 251 134 204 222 141][ 35 109 115  92 245 141 239 246  95 130 124  10  58 185  53  52 154 250
  23  76 195 186 114 255  55  30  20  42  87 216 210 172][226 244 209  94 219 224  87 206  19  15 248 120  98 221  77  85  89 218
 164   2 107 102 234 179  51  52 148  43 115  82 246  47][ 74 157 158 184 185 236  17   7 191  21 138  17 174 190 100 218 227  55
 237  17  18  73 147 243 153 183  94  91 144  64 173 106][153 205 133 135 215   7 239 237  84 224 218 206 229  96  48 164 120 228
  10 239 105 251 125 191 188  70 143  20  63  62 241 236][138 176 160 145 209 253 176 207  31 119   0  25 140 158  78 140 141  27
 147  17  54  92 210 215  15  86  31 111 146  12 159 222][ 64 116 127 227 246 233 245  23 236 162  50  26 183  25  17  27 170  51
  95  57  48 252  81 110 245 137  54  16 228  88 197 170][212 223 182  22 243 144  54 244 176 158 246 229 110 226 171  87 119 250
 142 102 228 199 174 111 250  54 103 139 194 119 175 223][195 120 215  84 107 252 116  38 185 146  34  88  62 183   5 255 167 119
 232   0  97  93 178 104  23 250  80  18  66 112   3  45][ 49 255  73 205 220 215 206 254  95 232 248  78  51 104 181 164 217 234
   6 234 235 186 126 191  46 222 167  56  93 251 248 188][225 108 222  84  76  62  84  34 233 178 166  24 147  56  87  59 131 228
 104  12 236 127 213   8  22 251  85  59  72 240  74  12][221  76 142 189 172  58  94 186  20 202 210 215 215 107  51  75 243 229
 125 167 189 197 207 138 226 231 239 148 188 249  56  17][218 179 236 108 170  64  28  61  35 180 132 169 109 239 138  19  22 215
 253 224  88  75 199   1 242  99 109 191  39 164 134  91][124 225 249 230 188  77  87 184 107 164 175   8 255 211  72  18 186 212
 109 106  74  33 219  49 251 205  37 125  96 179 198  34][221  95  78 174  22 134  79 248 149 204 223 231 115 107 187  65 120 228
  31 239 237 163  29 175 240 231 239 128  61 187 120  81][244 112 216  99  40  15  87 152  50 178 161 173 215  87  73  26 157 221
 108 114  72  86 217  34 221 129 101  60 232 243   2  19][162 180 236 241  77 253 240  95 191 251 240 223 138 189  86  27 205 159
 247 145 191 126 211 147  95  91 217 251 239  12 218 154][189 223 103 110  31 223 214 248 197  72 219 230 115 124 189 229 124 242
 254 111 237 163 127 189 242 105 229 154 127 191 120  93][188 253 111  75 156 199  87 221  86 252 253  37  82 221  59  49  89 218
 142 122 223 163 127  60 107   9 165  21 115 251 252 115][108  48 180 227 173 125  80 152  75 189 189  24 222  29  89  58 201 208
 253  88 154  98 251 176 207 221  69 127 210  79  86   2][ 55 183   5 129 188 175 171 184  14 249  31 204 213 100 218  36  23  70
  93 124 179 136 125 158 172  28 173 244 158 143  17 117][ 88 143 254 103 146 142 127 191  50  37 110 193 119 103   0  80  55 215
 109 140  88 152 193  63 253 231  53 192  32 130 166 107][149 221 231 143 158  83 111 252  87 230 202 198  97 230 187 231 121 200
  42 238 237 147  61 190 185 206 143  12  63 254 244 124][ 49  97  83  70  86  91 230 236 109 160 106 104 118 208 141 180  58 252
  66 106  65 187  37  61  53 172   5  34  99 146  67 173][248  19 255 172 110  70 121 121 166 252 247 175  85 199 162  82 126 140
 111 236   8 147 227 156 213 225 235 141  48 170  36 241][246  89 111  78 146  86 207 152 116  68 198 134  81 116 189 120 120 196
  57 239 201 131  61  45 113  47 239 132 125 115 116 116][212  70  95 229  38  10  79 184  36 198 198 162 215 103 137  83 118 228
 125 238 104 213  73  12 240 163 231 148  36 179  36 112][ 30 159 189 107 187  80 159 189  42 125 125 162 124 127 202 118 231  95
 181 240 211  10 171 181 235 249  47 239 182 198 167 255][181 104 233  71 116  91 195 216  83 228 253  42  83 105 223  36  90 204
  36 126 172 246 237 174 110  79 165  85 231 187  86 228][137 115  87 197 110  74 233  93 236 248 247 114 153 151 192 170 106 156
 110 250 193 247 183  64  85 169  34   4 107 131 231 241][123  48 181 117  41  93  80  25 175 249 163  57 202 157  68 255 132 148
 253   0 141 103 243 145 155 251  81  59  74 172  78  95][137 112 237 193  76 127 225  94  70 249  86  86 145 148 242 232 104  12
 122  28 135 244 119 144  94 201 243 228  62 137  89 241][249 165  41 108  29  70  65 121 113 204 239  24  83 115  26  48  88 132
  76 168 121 163 241  14 251 237 161  28  99   2 230  98][ 11 177 125 249 246 155 233 127  95 113  94 246 185 159 252  96 127 139
  55 157 211 184 103 215 110 223 191 228 191 136 241 249][229 160 181 117   9 111  73 152 115 243  35  88 211 117  89  59 149  92
 121  28 171  84 251  17 205 218  85 116 192 225   2  48][ 81  93 159  52 170 104  21 175 168 202 170 104 247 246  65 122 183 119
 124  32   5  65 131  10 241 167 127 152 128 112 135  43][ 37 113  73  76 108   7  75 216  70 160 229  76 211 211 185  48  88 200
  82 238  73  35 248  24  81 136 161  60  89 187  82 160][ 57 189 121 105 116 143  71 255 115 168 124  76  51  57  16  48  56 238
  85 104 203 184 121  63 239 205  37  52 107 170 210 168][ 80 189 187 116 178 204 113  39 115 169 110  40  63 183  64 112 163 255
 109 144  26 154 176  47 251 237  52 107  32 128 166  59][211 222 223 247 146   6  30 190  55 235 194 243 125 126  37 123 183 215
  61 226 237 221   9 111 187 175 127 134 164 113 169  91][221  55  60  55 171  62  29 186 172 254 135 177 223  55 139 251 167  87
 253  39 252  69 239  44 219 243 111 151 130 245 143  83][ 47 136 247  86  83 211 162 224 253 195 103 130  72 228 183 173  59 232
 130 172  53 251  62 236  31  30  85  71 231 172 101 236][ 15  32 255 241 244 160 233  83  63 147 116 146 157 191 212 106 127 191
  55 157 147 250 231 194  94 255 250 228 167 200 227 241][151 223  71 143 138  86 110 252 197 202 202 199  97 230 173 246 117 204
  46 238 237 151 191 122 187  38 199 142  57 247  48 124][ 85  69  91 199 178  82 110 244 124 192  95 226  93 247 169 240  54 253
  62 234  81 145 173 110 178 175  47 132  44 179 161  49][214 222 158 190 170 170  22 166 190 158 130 181 231 234   3  91 135 119
 109  71 110 205 203  63 240 227 127 155 128 113  45  11][ 82 253  59 252 187 196  92 231 191  29 232  25 174 255  36 208 231 187
 253 128  90  11 146 247 187 245  30 123  16  80 167 106][ 34 177 168  90 253 253 144 207 155  61 189  57   2 220  78 156 205 154
 215  17 158 107 250 183 127  93  21 255 211  12 222 215][ 75  51 249 101  48  94 121  49  41 236  62 237 223  63 146 182 182  93
 253  44 197 208 245 204 239 253  47 130  78 166   7 121][121 189  60 122 185 189  86 255 255 249 172  24 191 251   2 176 133 211
 220  24  63 107 123  63 251 223  21 123 234 192 202  27][ 41  13  97 109 116  15 207 125  85  40 124  74 115 125 145  36  88 200
  22 110 201 184 125  29 111 205 165  20 119 186  80 168][ 24 184  59 248 115 216 121 119 183  13 110  40 191 151   0 112 167 187
 133 144  26 152 178 119 223 229  58 105 162 128  39 123][ 88 249 181 125  11 220  57   7 174 241 134   8 253 215  80 242  34 119
 249 217  67  73 243 177 207 233  31  25  34   4   7 122][ 89 105  59 172  59 221  57  68 174 228 134 137 191 214  66 242 166  53
 248  76  71   9 242  49 209 241  10  57   2   6   7 122][118  64 214 159  77  40 236 200 187 178 242  26 206 234  77  91 107 197
 110 131 104 103 219 224 149 182 223  29  37 121 115 130][ 94 185 181 245 157  94  68 170 227 251 130  10 251 255  68 239 161 247
 253 192  27  73 251 169 139 251 213  55 170 100  86  62][237 111  69  39  60  15  79 184   0 236 183 204 211  97 153 147  28 196
 109 110 233 240 253  60 236 203 229 148 110 191  82 112][215 145  22  88 203  53 184 104 173  27 181  82  76 210 108 191 236  17
 250  98  51 103  58 209 147 216  75 127  91  37 235 167][208 188 159 178 168 237 117 151 190 219 162  28 182 247  64  27 133 115
 104  16  51  77 210 113 201 179  87 122 200  64 135  27][ 54  37  43 160 140 118 221 207   0 245 141   3  19 191  91   2 249 159
 217 177  28   3 249   0 251 193 175 125 161 114 246 242][ 97  77  92 101 212  15  71 191 116 168 238  72 147  33  17  48 120 204
 106 104 233 248 209  30 237 175   5  20  73 184  74  40][ 71  75 229  23 108  12 237 176 233 210  91 204 240 104 149 255   6 100
 121 239 193  80 223 232   4  58 207 136  76 247  82  84][  9  35 204 171  10 166 105  93  38  93 223 196 157 131 146 104 110 174
 110 158 147 152 231 113 196 225 178 192 188 131 171 240][117  95  78 238  22   6  79 252  37 204 255 231  83 103 187  80 126 228
  61 238 233 131  61  44 242 239 231 132  45 179 240 113][106 189  26 248 249 205 117 231 191  29 108  25  60 255  34  80 227 187
 243 128  82  27 146 247 255 247  30 107 144  64 175 171][ 33 253 115  93 245 253 229 119  95  73 124  12  58 185  52 176 185 170
   2   8 211 186 114 255  47 222  20  42  91 216 210 252][ 74 173 158 186 187 248  49 135 191  31 142  57 172 246  98 218 227 179
 235  17  50  75 162 243 217 247  30 123 144  68 173 107][ 57 253   9 253 149 223 198 255  86 232 252  78 179  60  53 160 221 234
   6  76 207 186 113 191 173 223 151  48  89  88 216 188][243  56 245 116  41 221  88   8 235 240 162  24 158 156  84 187 130 181
 125   1  15  71 211 145 147 250  81  63  74   4  74  22][111 179 180  90 237 157 146 233 235  29 189  13 206 248 206 182 135  67
 236  85 150 107 250 241  10  93  21 127 218   7 219 135][ 13 120  45 225 108 221  97 212 102 123  94 110 159 149 211 234 106  12
 254  92 149 180 247 176 198 201 178 160 190 153  89 249][197 120 213  87  98  14 102 184 104 250  51 108 247  19 201 255  54  84
 124 106 193 244 185  40  36 186 101 132  72 179  67  49][109  36 109 110 124 111  65  57  83 200 165  24 211 113  26  49  88 136
  84  40  57  99 251  31 203 223  33 124 114 171  86  98][ 57 189 115 101 116 143  99 118 117 168 126  76  51  17 144 180  56 174
  86 104 201 184 113  63 111 205  33   0 107 138  82 168][208  66 222 229  36  10  79  56  36 234 151 164 215  39 147  91 118 213
 125 238 104 197 193   8 192 235 227 148  36 243  32 105][116 106 158 118  26 136 182 192 234 146 161  40 230 216  69 155 160 101
 104 114  68 103 138  40 176 224   5  59  65 115  75 134][221  12 159 183 172  62  78  22 253 234 147  80 223  42 145 235 195 231
 125   7 189 205 233 170 170 247 255 144 140 249  57  73][ 24 189  91 249 114 200 123 119  59  13 108  33  63 151  32  80 166 187
   5 144  26 154  32 127 239 229  50 193  32   0 166 171][130 184 160 155 211 249 176 207  31 119  64  25 172 156  78  12 137  27
 147  17  54  92 122 243  15  22  30 107 210  12 143 222][ 34 174  46 187 248 233 185 195 190  93 216 145 132 174  66  89 201  59
 219 145  50 218  82 247 205  23 154 201 144  64 183 218][ 53 121 101  71 156  91 199 156  87 224 182 202  83  93 213  37  90 236
  91 126 201 242 253 188  47  10 133  52 103 187  84 252][124 225  89 100  20  79  71 248  97 172 189   8  87  83  72  48  58 220
  76 106  74  35 201  63 249 237  37 124  97 187  70  34][ 35 180 133 177  77 237 176  71 191 123 242  93 182 157  84  27 205 191
 255  17  31 126 211 145 141 210 216 114 201  76 218 154][127 249   0  10  29 149 210 236 203  93 189  13 106 216 110 180 216 193
 252 215 222  43 250 177 187 253   7 127  91  31 234  71][130 152 176 153 213 253 176 207  31 127  84  19 172 158 102  72 205  27
 147  17  54  28  82 247  15  22  26 235 144  12 141 223][183 223  35 142  28  87  71 253  85 238 216  70 112 244 176 101  92 228
  62 238 237 211 125 191 185  38 231 158  57 122 240 125][120 189  27 101 114 200  83 119  51 169 106  40  55 183   0  16 178 191
  68   0  91 154 144  47 249 229  52  97  96   0  38  59][ 38 175 248  90 253 253 145 207 155 125 188  57 130 253  78  24 141 155
 215  17  22 107 234 179  95  93  21 255 209  76 206 215][245 223 171  46 210  70 143 252 112 202 222 102 113 244 185 112 125 252
  52 239 201 147 189  43 113  44 175 132  29 115  50 121][  9 132 105 249 118 155 233 127 127 113  94 214 185  11 188  96 127 138
  54 140 211 184 101 215 206 207 186 196  63 136 241 249][ 88 233  55 110  25 220  80   5 231 217 134   8 191 215  64 242 160 181
 253 192  75  75 243 177 187 249 138  27  34   6   7 122][ 72 167  83  75 208 226 107 159  39   5 239 128  83 231 200 116 115 158
 104 152  26 154 235  87 125 166  21  76 227 194 230  32][ 65 105 211  85 242 184 182 198 234 177  42  40 156 178 197 186 167 127
  96  80  19 249 144  96  61 156  23  34 192 113 131 173][ 91  51 120 101  51  94 123  49  41 237 127 173 223  31 158  52 182 157
 253 172 205 144 229 204 231 253  43 131 102 134   7 115][ 13  51 119 195 238  90 237  81 228 110 247 246 153 151 200 175 110 156
 238 170 209 243 229 192 119 233 182 128 111 144 231 241][222  92 197 247 136  98 174 184 160 242 139 219 217 103  25  91 103 247
 253 239 105 196 221 174 253 227 239 148 173 247  27  48][ 61 165  18  78 215 159 230 233 125 128 105  12 106 216  60 180 184 170
  66 110  86 179  28  31  58  92   5  47  75  14 218 134][253 156 164 115 157 254  86 190 215 123 143  20 234 120  30 239 209  70
 121  31 191 237 251 167 235 127 213  87 202  93 216  70][156  22 158 186 187 173  48 217 190  31 147 117 206 215  41 203 167  19
 239  51  34  69  26 241 209 211 107  87 144  97 133  51][124 253 241 102 213 233  71 255  99 233 120  40 115 241  88 176  25 206
  68 122  91  58 248  63 189 205  37 125 233  91 214 170][232  23  47 237 108 111 123  88  36 108 255  15  89 135 163  83 124 156
 127 238 152 147 243 144 215 233 227 140  50 255 244 243][ 31 113 165 195 180  31 203 152  15 225 135  76 219   4 221 164  21  68
  89 252 139 193 125 156 169 220 141 116 142 143  81 116][ 67 144 249 197 102  72 233 113 105  88 177 234 188  94 220 163 126 145
  95 169 193  99 100 193 156  24 106 132  77 160  35 161][ 84  95 159 189 138  46  55 186 174 214 202 197 247 242   3  75 231 117
 105  71 132 201 211  44 241 231 111  20 136 113  33  91][162 118 220  84 106  47 149 127 153 190 180 253   4  60 199  31 143  23
 230   0 228 103  82  82  80  18 117 182  89 120  75 159][121 172  60 122 189 237  85 255 255  63 172  24 191 187   2  48 129 179
 108  24  62 107 122  63 251 223  53 125 224  72 198  74][216 236  56  35  21 141  99 164 125  36 100   8 191   1  18 112 184 172
  72 106 106 188 113  63 245 245   0  48  96  18  71 104][222 244 180 116 169  60  28 155 191 191 134 189 206 255  79 223 135 215
 253   3 188  69 251 194 154 251  93 159 138 244 139  87][237 105 109 103  36  31  78 184  97 232  55 204 211  65 217 183  26 196
 124 110 233 244 253  44 166 235 101 180 110 187  90 113][166  61 255  85 246 251 182 198  94 226 122 187 112 188 149  40 171 126
 115  81 180 252 103  58 111  46  85  35 229 125 214 239][245 112 253  71 230  75 103 184 123 250  55 234  83 125 221  63  51 196
 126 123 225 244 237  40  92  10 101 180 237 251  86 117][236 112 184  97 173 127  87 156 107 186 181  24 219  29  89  58 157 212
 253 122 232 118 249 130 231 217 101  53 194 251  78  51][ 60 253  65 102 213  93  70 237  67 168 189  40 115 241 200 180  24 218
 212 122  91  58 248  61 187 205  37 123 107  59 214  58][227 197  77  14  28  30  78 188 123  98 138 221 243  40  28 208  85 198
 121 237 237   4 221  79 183  63 157  20  12 242 216  28][ 97 188 144  94 249 252  18 142 251  27 168 104 238 242  76 246 145  87
 232  80  23  75 154  99  42 246  21 122 202  83 171  14][130 184 176 155 205 253 176 207  30  95  80  19 172 158 110 200 205  27
 179  17  54  92  90 241  13  22  26 235 144  12 133 223][ 49 221  44 173 156 143  70 183  85 232 222  70 243  57  51  96 220 226
  62 109 237 186  81  63 249 239 165  16  56 186 248  26][ 38 183 241 112 249 237 177 219 155 253  60  57 140 253  94  56 159 155
 211  17 178 122 250 211  95  92  21 255 199  76 199 243][ 10 184 179 177 229 237 177   7  46  89 122  17 190 188  64 168 129  59
 243  17  19 184 242 209 141 214  90 106 208  76 215 250][ 91 177 120 229  51  94 123  48  41 109 127 173 159  31 158 180 182 157
 221 229 157 144 181 205 247 253  42 199  38 134  15 115][ 65 183  93 103 160  47 111 191  60 123  47 236 247  35 136  63  23  70
  76  46 185 216  73  61 228 154 117 148   8 195 131  57][ 60 127  91 100  54  75  71 244  33 168 254 104  19  19 129  16 122 252
  68 106  73 186  65  60 243 237  37  52  99 187 102  41][ 42 189 115  90 241 237 181 103 187  69 108  24  60 255 100  52 233  59
 131  16  18  58 178 247 127 222  22 107 211  64 231 234][117  95 110 173  28   6  79 188   4 200 254  71 115  99  51  80  92 228
  61 238 233 139  85  61 243 239 231  16  61 187 240  56][ 61 121 101  71 141  95 199 188  70 224 162  74 243  28  85 164  88 252
 121 107 201 248 125 188 161 200 133  48 103 187  84 124][221  18 156 231  40  46  95  16 160 170 183 109 215  51 203  91  38 213
 125 238 136 197 193  40 210 235 103 144 168 243   1  19][252  36 180  80 203 120  81 138 243 183 175  25  74 245  79 158  33 212
 232  48  62 103 234   2 219 215  85 127 226 117 206 102][221  95 103 101  50  18 111 240  37 236 254 230 121  71 145 117 118 245
 124 234 233 147  45 236 242 232 175 132  39 179  38 113][ 94 163 168 162 141  45 186 201 171  53 153 143 206 236  94  10 169  71
 233  85  22  33 154 241 219  85  15 127 197  79 159 210][ 29  50 123 105 108  94 249 113 100 104 247 230 153 151 218 234 110 156
 254 168 217 243 245 128  87 233 226 132  99 172 110 241][130 176 176 147 195 253 176 207  31 119  64  27 172 158  78  12 173  27
 147  17  22 126 250 243  15  22  31 111 208  76 143 222][ 41 157  91  69 116 159 227 119 101   9 126 100  51  25 148 160  58  58
   6   8 131 184  49  63 103 205  32  64 107 136 192 169][160 225 232  26 205 217 213 207 219  21 165  25 162 204  94 157 137 154
 195  17  94 106 234  49 111  81  21 123 210  28 222 206][ 16 191  27 108 114 202 119 119 169  12 122 105 191 151  32  16 182 187
  69  96  82 153  32 125 241 165  34 136  96 128  39 123][ 82 145 156 169 139 103  28  15 175  49 139 167 204 183 104  74 231 151
 233 145  19  11 155 208 153 247  95  95 152  66 173  19][189 221 171  46 244   6 143 252  82 202 222 228 113 244 185 112  95 236
  20 239 233 151 189  62 104 175 175 140  61 243 114 249][ 44 165 105 106 244 201  87 157  82 101  61 169  83 205 218  16  27 202
 135 117  30  58 236  53 127 205  37 237 245 154 214 226][ 79 161 192 199 171 122  78 189 163 225 143 200 205 231 201 182  23 215
 253 234  89  65 223 224 170 245 205 191 174 247 139  20][ 52 221 125 235 207  79  87 248 134 176 173  10  83 119  41  51  73 208
  83 234  88  34 123  60 111 139  69 124 113 123  68 178][ 25 112 254 225  38  95 112  82 103 105 246 102 187  29 211 226  46 156
 254  24 135 180 117 130 199 205  50 129 239 140  93 219][237 180 172 123 189 125  86 143 215 119 135  29 195 249  94  91 209  70
 121  31 190  77 251 179 239 255 213  87 138  93 216  86][  9 128 109 249 118 187 233  87  95 113  86 214 189 143 180 104 127  11
  23 157 179 188 103 215 206 239 186 192 191 136 177 185][ 57 221  61 253 149 223 214 247  86  97 252  68 179  60  48  32 216  42
  22  13 223 184 113  63 239 223  20  48  88  88 216 154][227 221  43 158 124 199  71 253  84 232 218 102 112 244 180  97 220 252
  54 239 237 210 125  63  53  46 231 128  28  58 240 253][ 81  87  29 173  42  11  13  61  32 234 139 237 247  39 129  19  22 245
  77 103 105 129  73  29 224 163 105 148  40 242 135 121][ 97 188 144  88 219 245  18 202 115 131 236  24  42 210  71 252 217 187
 226 144  31  46 246 115  31 222  21 107 219  65 106 142][ 68  55 189  97 176 110  49  27  34 191  62  60 151  55 193  58 135  22
 109  56  49 216 177   2 205 143 117 244 192 224 135 115][ 90 163 168 162 159 201  31 141  15  37 137 171 175 207  74   0 218 219
 237 209  90  10 203 177 251 213 142 123 180  14 149  74][ 89 178 249 197 102  92 233 113 108  72 183 102 157  31 210 162 126 145
 222 169 193  51 245 193 215 137 234 164 109 168 111 241][224  56  93 116  73 205  80   0 235 242 161  24 191 156  69 187 128 181
 121   1  47 103 210  16 147 249  81  59  72   1  79   2][127 241 216  98 155  29  22 221 107 165 173 140  79 250 207 180  54 223
 204 118 158   3 253 176 186 221   5 127 239 246 139   7][236 116 184  97 173 127  87 156  83 186 180   8 155  29  89  59 157 220
 213 122 232 118 249 130 239 217 101  53 202 251  70  50][108  17  99 237 109  95 121 120  37 108 247   6 217 151 171 255 124 156
 255 236 153 147 241 128  87 233 226 204  51 174 118 243][165 183 216  67 246 175 247 255 115 171 125 120  82 241 204  48  31  94
  70  56 179 186 232  63 110  15  37 238 233 218 218 161][255  76 132 247 137  54  78 188 145 186 143  18 249 115 139 239  73 214
 253 234  45  71 203 175 250 235 223 149 171 119 168   6][128 129  62 187 160 205 185  39 190  93  71  17 181 247  42  73 225  43
  59  21 114 152  18  87 205 215 250  65 144   0 165 218][213  89 127 103  38  26 110 184 121 234 119 238  87  81 153  51  50 196
 124 110 229 244 173  46 182 235 101 148 109 179  75 113][161  32  61 101 124 111  65  59 126 173 247  24 147   1  24  48 216 140
 110  40  56 248 241  28 205 153  48 116  64 136 198  96][178 111 255  87 182 107 182 230 124 130 122 242 115 109 149 161  63 127
  35  81 241 248  71  46  44  46  52  65 229 249 199 169][169 168 152  24 205 157 148  79 219  95 228  29  46 152 102 153 201  42
 226  17 102 111 242 115  31  89  84  59 210  76 234 206][ 44 189 235  98 212 235 119 221  51 237 125 171  83 253 105  48  57 218
  23 242  26  58 184  58 127   5 165 237 231 219 214 243][247 242 188  90 137  21  86 200 215 190 161  88  99 218 109  59 221 209
 124 243 174  71 250  51 187 218 197  63 208 115 110   7][152 229 204 127 157 123 172 175 118  19 230 146 251 109  29 137  59 223
 226 177 123 252  95  47  45 227  92   1 231 216 234 168][105 121 189 116 169  93  85 190 169 210 164  12 190 183  67 191 128 116
 248  66  73  67 242  32 195 251  85  59 202 116  10 122][137  48 125 225  60 253 120  19 111 121 118 114 191  31 210 106 230 156
 127  24 135 188 119 210 199 249  50 193  46 136  69  91][106 160 241 112 249 237 249  74  59 245  96   9  28 253  92  62 175 155
 211  17 146 122 242 208  95  92  17 110 195 196  71 242][167 175 243  83 246 251 167 207 123 247 124  58  74 241 222  61  63 110
   2  28 179 254 238 255  44  30  21 102 231 216 195 229][ 29  29 143  37  18   6  79  56  36 234 159 230 211 119 145  99 124 228
 124 238 233 209 125  14 248 239 231 148  41 243  32 113][221  18 158 228 168  44  89  18 160 202 182 124 223  55  65  91 134 213
 125  62 185  69 193   0 203 235 103 148 168 225   2  35][ 80 177 153 162 154 197  30 141 174  33 139   9 215 151 104  80 214 151
 249 208  30  11 216  17 251 197  15 126 152   2 165  18][164 175 251  70 210 107 127 219 115 231 125 155  81 229  91  48  59 238
   3  26  50 122 172 106 127  13  37 109 225 243 198 224][127  68 220 135 175 114  86 170 195 230 175 163 107 122 207 254 219 198
 252 162  76  71 207 170 186 255 199  31 174 255 120   6][216 185 156  48 137 201  85 167 171 119 164 185 175 183  66  19 129 179
 237  16 126  77 178  49 219 211  84 123  34  68 143  90][241  77  14 237  28 142  79 183  68 192 238  66 243  49  49 113  88 230
  63 110 233 185  81  61 231 171 164  16  56 186 112  10][159 204  84 223 159 123  22 238 213 242 166 154  75 106  39 239 107 247
 234 226 125 237 125 174 186 227  69  23  63 253 136  70][185 225  33 239 189  23  78 253  71 232 216  74 115  56 216 164 220 206
  20 111 221  58 253 191 187 216 133  52 127 186 216  44][153  48 123 225 108  93 248  89 100 104 247   2 155  31 210  98 110 156
 222 168 141 183 245 192 215 233 162 197 103 136 110 241][221  54 252 101 166  47 235  24 122 170  55 254 215  97 217  42  55  92
 124 122 177 244 253  10 204 143  97 180 237 235  67 177][ 40 188 251 251 219 253 176 103 190  25 120  16 188 255 108  48 235  59
 130  16  19  58  50 119  79 221  18 107 208   0 231 234][213  95 127  69  34   6 111  48 113 170 242 198  83   7 149 115 126 244
 124 238 233 149 165  78 245 170 231 132 101 178  98  49][253 172 200 118 208  52  95 155  50 175 239 156 115 243 203 248  61 254
 244 190  62  86 255  42 254 239 181 189 161 243 138  64][ 37 201 189  74 188  15 199 252  70 160 160  72 210 113 125  32 217  80
 106 122 233  35  89  62 121 158   5  60 216  59 192  40][ 61  93 110 101  52  86  79 248 100 234 222  38  83 117 147 103 124 244
  93 238 233 209 125  46 227 239 231 148  47 243 112 113][ 80 148 159 185 144 206 117 175 190  23 202  17 183 247  40  64 227  19
 125   0 114 141  19  55 233 231  62  80  48   0 181 123][ 97  50  29  97 124 111  65  27 108  45 243 124 147  21 136  56 152 140
  78  56 153 180 113  20 197 153  49 116 192 137  86 113][ 91  49 112 225  55  94 122  48  41 108 254 175 159  31 158 180 182 157
 221 229 140 144 181 205 215 253 170 199  39 134 111  87][130 176 176 155 237 237 176 207  30  57  80  19 172 222 108 200 205  27
 147  17  22  92  90 241  13  16  90 235 144  76 133 223][  2 176 176 145 203 237 176 207  31 127  17  27 140 222  78  11 173  27
 243  17  22 126 154 241  13  16  95 239 209  76 135 215][196 112 187 186  44  77 151 200 186 150 129  25 214 221 105  91 159  89
 123 115 226 103 154 114 209  16 111  63 208  59  39 115][124 121  91 101 114  75 103 240 161 160 230 204  31  23   1  81  54 252
  76 106  73 179 176  44 247 201  33  48  98 179  70  56][ 49  92 107 205 118  74 103 254  84 234  94 230 115 116 177  97 126 252
  54 110 233 178 117  15 101 175 231 128  45 184 112 249][ 44 112 188 101 229  95  87 152  99 186  52   8 219  61  89  59 152 220
  84 106 201 242 249   8 239 219 101  52 202 251  82 187][ 88  91  90 172 114 194  63 115 172   4 230 229  61 135 162  80 102 177
 199 226  64 139   0 109 240 161  42 137  32 160  39 251][ 93 122 173  54  41  92  87 144 161 254 135 173 255 119 203 123 134 244
 253  78 205  69 251  32 211 243 101 153 170 247   6 115][224 189  44 178 172 165  93 167 136  62 130  25 151  63  82  19 141 247
 125 199 120  77 218  55 225 219 251 120   0   9 151  82][165 173  72 243 156 191 198 171  82 163 141  26 243 105  90   1  89 234
  26  60  62 106  77  63 239 143 165 125 181 232 216 128][105 121 185 100   9  28  83 188 234 236  44  12 190 181  67  50 132  68
 124  76 193  41 242   0  79 253  37  60  74 178  66 122][ 90 112 114 225  55  94 248 112  41 108 246 171 143  31 150 180 254 157
 223 229 204 177 181 204 215 253 138 135  47 132 111  87][ 81  84 239 101  32  14 109  55  96 162 238  68 211  35 145 115 124 229
 125 174 233 244 177  72 229 171 231   0 104 242  98  56][ 69 127 253 101  32  46 107  18 104 162 126 196 151  35 145  59  54  85
 124 252 129 240 245  72 197 171  99   4 236 241  67  56][218 170 166 190  11 217  20  71 171  87 132 185 174 238  98  27 163  51
 233   1  38  79 130 241 219  83  94  59  18  68 143  95][126  50 191 118  41 124  83  24 171 222 167  45  94 247  75 127 149 245
 253  86 140  67 250   0 219 249 101 191 194 231   6 119][232 188 188  24 201 253 145  79 235 119  44  25 174 188  70  31 137  11
 195  21  22 110 242  81  95  81  80 123 210  76 199 222][225 205  30 255  28 142  71  49 212   0 230   0 243  49  48  81  72 230
  58 110 104 191  81  47 245 171 228  16  24 170  88  10][111  48 187  64  77 221 232  72 235 241 172   8  24 221  85 190 168 153
 115 217   3  35 178 208  31  28 145 124 203   2  74 178][ 16 252  27 251  50 201 178 239  62   9 120  48 183 223  32  32 251  59
 135  16  19 184  66 119 173 197  50  99 240   8 167 171][221  56 159 228 168  44  89  19 168 219 182 120 159 183  65 123 133 213
 125  24 153  77 147   0 219 233 119 156 136 224 139  51][217  32 121 225  44  95 120  88 101  96 247   2 147  31  80 105 108 156
  95 232 140 183 241 128 215 233 162  84 103 137  96 162][219  88 122 188   3 214  57 118 165  68 198 135  45 135  35 208 102 189
 221 132  68 159  48 200 211 225  74   3  42 180  47  90][ 45 113 184 101 101  95  87  28  99 232  62   8 219  25  81  50 152  84
 117 122 201 176 249   8 239 221  37  52  66 187  66 171][212 112 123 101  98  78 115 216 120 168 118  72 118  21   9  56 182 212
  76 106  65 181 177  72 213 168  97   4  96 179  71 171][ 80 141 195  46 146 226  67 166 117 133  74 139 103 224  50  84  48 230
 104 197  24 152 173 127 185  38   4  65 160 194 164 108][232 204  61 243 173 173  93 181 144  23 131  25 246  55   8  27 129 114
 121  26  58  76  91  55 237 155 220 120 128  89 212  42][130 176 144 155 237 237 184 207  30  57  80  51 172 222 108 201 197  27
 147  17  22  94  90 241  13  16  91 239 144  12 141 219][108 113 252 101 100  78 119  48  97 168  63   8 215  51  65  50 156 244
 108 106 200 240 241   8 231 251 101  48  66 251  66 163][180 165  27 226 210 135  94 245  50  33 225  88  87 211 104  81  84 255
   1 250 122  26 216  62 249 136   5 108 184   3 162 130][ 42 232 121 250 124 209 187 206  30  13 124  34 168 223 100  32 219  57
 151 144   2  62 106 247  95 221 186 235 213  10 101 235][ 64 153  31 254  56 200  87 180 174  28 202  33 247 247   1  82 130 119
 109  66  10   9 155  61 233 167 118  25  16 147  37 107][ 25  30 110 101  22  90 119 114 116 230 222 162 115  53 179  96 126 244
 125 106 233 189 117  46 227 239 160 145  47 249 116 121][230 176 176 146 233 245 176 207 139 255 177  25 140 158  78  27 141  27
 243  17 150 111 250 208  29  16  95 255 192  68 135 215][212 112 189 174  10  79 151 200 154 178 161  11 215 223 105  27 187 213
 123  99  97 103 218  18 209 131  79  60 112 123  39  50][192  16  61 241  36 236 121  19 239  91 115  81 190 158  20 121 135  59
  63 145 147 156 115 209 199 185 122  64 128 136   5  59][ 41 177  45 125 220 207 237 127  22  76 244  12 243 213  18  33  92 152
 115 168 251 186 115  31 111 175 181  72  89 136 254 248][ 93  21 111 101  32 126  79  49 101 238 223 166  83  55 147 115 126 244
 125 238 233 208 245  12 246 235 229 148  47 226 116 113][195 148 190  95 138  52  53  39 188  23  67  20 244 242  44 123 165 119
 120  32 112 205 179 103  65  35  94   2 136 112 161  62][ 45 181 169 105 220 239  81 155  54 253 173  12 210 253  90  48 217  30
 123  28 155  90 251  21  79 159 165 124 216 202  94 242]