[ 57  88 123 101 100  78 103 112 101 234 254  98  83  21 145 116 126 252
  54 106 201 182 113  10  87 237  32   0 103 187  68 185][ 73  57 151  85 169 220 100  35 235 234 170  72 170 176 196 246   0 102
 232   8  17 233 247  88   7 122  81  18  74 228  67  44][ 50  18 255 245  18 143  81 119  63 169 242 243  50  61   4 153 252 189
 255 133 169 252  65  31 153  54 112 210 105   8  80  59][156 182 127 115 242 251 187 121  84 227 117 246  89  95 170  33  63  27
 151  62 179 252  45 254 110 207  53 196 239 137 199 241][ 74 153 174 223 187 208 191 191 238  93 206 162 252 255 214 230 103 119
 251 217 210  73 175 245 127  47 254 201 134 134 173 123][214  37 234 226 150  34  75  89  49 129 203 131  89 207 125 112 126 223
  29 253 154 131 156 202 251 205 143 204 165 195 162  48][123  53 115  78 243 254  89  87  41 201 125 108  62 255 135 180 182 191
 213   4 157 219 176 205 179 121  32 170 202 198 110 255][ 86   5 202 238 157  36 234   8 166 129 203   2 241 235 121  66 120 230
 123 253  10   3 223 234 249 173 142  24 173 123 112   0][ 13 253 249 103 240  78 111 184 116 168 127  64 243 119 137 112  54 220
  84 122 225 144 249  46 111 191  37 132 226 243  70 177][123  20 254 109  22  38 209  59 121 171 242 114  58  57  20 240 253 189
 253 161 169 254 193 206  89  47 250 146 237  32 122  43][248  47  86 100  73  24  86  96 225 140 172   8 107 227   5 147 168 246
 236  98  76 107 130  45 243 249  69  59  99 242  78  10][193 105  26 106  57 141  51  87 106   9 168  88 190 147  64  48 128  43
  76   8  66  43 144  83 241 253   2 122  64   2 131 171][  8 221 121 106 240 201 115 183  62  13 124  40 183 151 168  48 178  26
   7  80  82  56  40  55 239 205  36 109 112 130 199 235][184 221 121 107  52 205 119 183 116   9 126  40 179  21   0  48  18  58
   4  72  75 184 112  63 231 205  32  64 112 138 198  43][120 143  86 110  57 152  86 166 161   5 174  41 111 227   2 210 128 246
 236  96 108  11 130  47 250 231  36  91  42 166 106  10][ 56 104 126 105  69 204 121  84 111  17 102   0 191 155   0 120 168 152
 119  88  74 184 115 145 215 249  18  65 114 128  70 170][ 72 233 184  90  29 221 146 172 202  53 140  10 184 217  84  34   0 114
 249  90  66  41 202 113 127  13 133 121  18  27 221  10][124  73  83  77  82  74  71 248 112 164 226   8  83   3   1  84  56 220
  96 106  72 178 225  14 113 164  33  20  97 179  70  32][174 254 117 122 171  61 159 248 155 122 181 253 126 125 159 187 151 209
 213 103 239 102 106 255  98  91 101 190  95 255  70 119][ 73 188 213  85   9 190  96 183 235 178  38  76 170 177 196 247   1 102
 232  28 131 105 183  97  15 122  85  18 202 196  75  44][ 56  89 123 110  82 195 183 228  36   8 250 163  57 151 161 176 126 249
 151 226  64 187   4 125 115 129  34 129 103 147  38 171][ 86  58  18 162  50 160  58  80 173  12 195 237  44 198 163  80 166 185
 205 243   4 135 128 108 144 160  42 139  32   3  47  17][ 73  49 249 101  96  78 125  19  32 236 125 108 191  31 211  59  38  61
 213  10 193 248 241   8 199 201  98 160 102 224   7 251][ 67 249 150  94  75 220 180 229 235  81 224  76  46 218  78 191 162 115
 232  66 215 107 158 241  23 251  90 123  75   4 235 151][ 56 185  58 120  91 205  81  71 163  21 164   8  63 159  96  48 170 187
 193  16  26  43 178  53 219 193  16 123 114   0 134 250][205 221 246 188 237  89 103 255 251 214  60 140 237 231 171 167  19  66
 202 110 229  71 190 191 239 247  71  61 122 246 239 220][132 140 134 159 156  35  46 234 150  19  91  18  96 234  41  73  89 106
  42 162  48 244  75 255  44  38 223  64 148 121 176 128][ 80 253 127 100 178  74  55 231 248 194 234  34 124 247 161  48  50 247
 204  98  97 185 160 111 249 167  39   3  97 114 167  43][189 109 122 109 116  11 103 252  80 160 116  10 115  89 177  49 122 252
  22 106 232 182 124  62 119 203 165   4 101 187 114 168][189 133 123  99 242 155 127 249 125 226 127 242  91  31 188  49  63 155
  23  62 241 188  45 158 110 207  37 196 127 138 194 241][ 36 183 213  89 186  11 165 191  94 251  48 252 198  32 204   5 151  86
 110  48 243 124 107  31  44 150 117 246 220 168 195 189][223 239  14 184  58 146 190 101 172 140 218 231 205 202 178 193 246 173
 255 231 236 133   5 255 184  97 175 193  36  22 185  71][252  92  69 109 178 114  78 190   5 162 174 232  91  55 129 247  90 212
 252 250  41 150  85  30 168 230 165 148 191 247  72  48][252  49 109  99 164  79  95  56  53 236 183 175 211  93 153  49  30 212
 125 122 217 242 121  12 255 203 229 212 103 171  86 115][226 121  57 242 108 173 156 212 139 120 176 104 190 157 213  42 142  51
  95  83 130  39 202 240  87  24  56 186  84 155  67 187][ 41 217  19  77 113 223 230 181 109 104 106  72 182 144 132 180 144 124
  86 106 193 184  48  61  39 188  33  18  74  58 194 175][  0 142  42 171 148 163 187 103  30   5  90 151 181  40  50  64 249  43
   3 149  54 152   5  63 108   7 186 193 148  72 181 202][218 188  22 186  11 253  22 230 191  23 161   9 172 222 103  17 163  51
 217  66  38  15  26 247 155 209  90  59  16  23  47  94][ 18 144  63 250 163 224  57 199 190  21  69 177  44 215 106  89 231  27
 171 144  18 139 170 117 219 243  26 203 144   0 165 251][  8 128 221 241  50 232  49   7  62  55 102 176 173  55 192  88  35  59
 174  16  18 216  37  65 204 231  58  67 164  64 133  43][253 113 252  98 173  95  87 152 105 248 183   8  91  93 223 191 150 212
 252 122 201 103 249 168 251 217 101  54  99 247 194  99][  0 129  58 234 149 237 251 195  94   5  77  18 158 219 126  64 241  27
  27  29  18  56  50 215 203 221 154 106 152  10 249 178][106 180 243 122 233 245  88 223 171  79 188  45  42 255 198  58 175 179
 245 145 158  15 178 243  91  95  60 251 199  70 230 127][ 56  13 106 100 212 246 123 115 116 133 254   2  89 235 178 112 120 254
 135 184 152 186  53 142 123 239 167   1 167 234 252 162][ 14 253 254  82 219 244 191 214 171 245  44  17  12 255  70  23 167 115
 219 208 178  73 186 224 127  93  31 239 195  87 167 243][ 11 156  51  89 211 247 178 255  95  65 120  86 156 126  36 228 255  59
 146 145 183 188  57 223  47  94  30  70 219   4 169 191][131   0 101 153  69 230 233   3 125  83  82 146 185  14  20 109 104  45
  59 141 163 220 117 213   5  58 218  64 133   4  49 236][ 65 236 151  85 225 140 100  55 251 187  34  88 190 179  68 187 129 102
 108  24  97 220 146 108 173 186  84  64 200  80 203  41][ 87  91 238 190 138   2 222 253 177 198 210 231 105 239  55  75 126 231
 189 231 252 203 142 236 178 110 207 138 173 247 184  93][ 49  83 127  69 114  10 106  56 101 200 123 228  83  77 149 116  54 180
  52 238 201 176   5  76  38 168  33 128 109 163  98 181][173 166  21  49 160  11 101  59  86  59 101  92 215  33 200 173  17  14
  96  44 115 244 109  23 204 202 117 116 122 200 195 160][  0 188 151  90 211 236  48 103 188  31  96  49  46 243  32 153 161  59
 226   0  54 201 146 101  25 182  82  75 192  64 175 155][ 65  49  26 234 169 172  83   7 233   9 169  24 190 147  96 112 128 179
  92   0  90  11 210 115 145 221  18 122  16   2 163  11][ 64  28  57 126 122 236 115  18  46   1 108   8 183  55   1 120 162  51
  72   0   3   8 114  61 215 191  16  24 240  65   7  58][239 118 233 164 114  54 123 216  51 229 117 255  89 207 219  25 127 205
 151 255 175 214 236 234  94 237 171 236 175 245  38 241][198 164 166 147 254  35 168  75 190 243 147 147 204 238 120  75 127 159
 255 149 178  87 143 211 156  50 223 228 148  69 177 208][165 166 196  67 116  63 234 248 127 251 125 220 203 104 222 173  27 204
  86  63 183 244 221 214  14  95  53 228 207 255  90 133][118 112  98 236 111  87 154  72 137 200 241  43  78 221  55  58 254 245
 223 231 200 167 178 200  19 120   9 190 103  63 118 215][104 215 123 254 248 196 127  55  49  15 254  36 243 119 136 112 220 246
  55   8 217 138 226  47 231 255 182 136  66 210 230 121][ 93  80 249 101  22  30 123  16  96 232 159  64  91  63 211 114  54 212
 125 238 137 144 181  10 215 237 164 132 167 243  96 113][214 253 235 162 186 201 155 236 186 245 153 187 215 222  94  18 183 223
 125 215 126  79 186 119 251 133 175 255  69   3 135  91][ 64 113  27 174  24 199  51 112 172  64 225   8 247 215  33  80 180  57
  91  99  65 131 146  29 209 129  43  24  80  35  39 178][237  74 101  71 104  15  79  56  65 174 247 204 243  65 149  53  28 228
 124 110 233 166 109  61  70 154  97 176  87 187  82  97][ 16 156 123 253  19 202 177 103 126  65 106  34  60 183  32  96 115  63
 178 128  67 152  49  93 213 167  26  67 125   0  37 187][135  50 127  83 102 235 177 216 126 251 119 246 220 220 205  45  63  25
 214 115 179 244  47 244  12  26 123 198 205 137   7 245][ 61  72 106 109  84  31  66 120  69 224 245  78  83   9 179  48 120 172
  22 110 141 178 117  28 242 237 161   0 127 171 122 128][ 45  44 149  87 197 191 100 147 126 186  98  72 254  48  65 191 129 110
  98  30 161 248 219  60  13 222  85  52 202 121 203 164][ 25 171  83  33 242 143 111 245  44 232 110 204  55 131 160  48  54  40
   6 108 209 152  36  62 236 141  37 224 106 130 195 233][ 64 186 158 178 242 160  56  87 190 153  82 245 172 131  96  90  39  63
 111 148  18 219 130  64 220 164  58 200 136 128 171 155][107 121 182  54  13 157 176  68 235 249 112  77 174 216  86  11 140 105
 234  69 198 109 146 161 215  89  94  59  74  28 203 223][ 62  65  96 238  92  19 206 248  71  64 245 138  83 205 189  52  92 200
  23 239 200  35  46 189 114 201 165 188 119 191 112 240][ 55  13 107 174  22 162 207  65 212 198 203 131  99 232  55  64  90 232
   3 239  40 163 116 142 112  45 138  24 117 239 116 192][ 56  76 120 111 116  43 111 248 117  32 254  10 115  99 145  48 122 204
   6 106 169 178 109  63 102 175  33   4 117 171  66 169][ 32 141  43 188  25 205 133  39 156  77 234   9 166 188  50   0 200  42
 235   1 125 170  82  63 229 117  30  27  80  76 134 218][250 151  98  10 219 112 154 239 177  21 238 149 104 174  46 212 252 159
 227 161  62 155 144 247  51 119 154 207 243   5 174 222][ 72  56 190 240  45 252 120 150 235 255 182   9 159 159  71  26 133 119
 253  16 142 105 242 224 223 251 114 243 192  64  79  91][ 90 174 255 112 234 249  61 199 171 189 188 169  47 191 198  26 167 255
 237 144  30  75 166 225 218 247 124 251 231 196 167 107][104 188 181  84 105 236  17  18 171 191 172  56 158 247 196  62 135 245
 236  16  10 103 242  67 223 252 113 126 194 129  70 243][222 198 230  27  50  34 171 232 116  31 211 247  77 106 159  77  55 197
  78 231 182 213  15 119  92  34 123 197 231 245  37  69][197 239 173  92 248 136 111 190 250  16  40 232 249 226 221 112 151 107
 124 206 227  72 142 119 108  62 231 168  28 209 195  40][252  80 255 246  77  88  85  40 225  94 183  56  91 223  94 123 248 212
 253 162 104 103 251 193 211 251 240 159  99  61 102 103][ 45 172 148  87 133  63  70 184  95 170 111  76 194  96 209 189 153  78
 106  62 189 240  89  63 173 223  69 116 202 255 218 132][ 88 163  23 252 170  66  20 237 176 152 242 168 109 243  40 211 254 215
 237 224 120 203 139  77 249 226 111 143   1  32 167  11][ 80 240  59 240   2 205 113 215 190  51 162  24 159 151  72  80 163 153
  93   0  67  29  48  87 209 143  18 116  80   0 167  58][214 180 223 242 168 172 121  27 187 155 178 120 223 255  76  91 167 183
 125  16  50  69 147 194 219 219 123 254 192 192   3  19][246  98 108 156 110  81 156  72 136 246 244 191   1 140 247  11 206 149
 247 231 236 103 230 192  82   1 234 191  85  61 127 211][230 235 100 128  77 217 248 200 203 244 176 139   8 204  87  19  74 205
 243 247 198  98 238 209  30  24 207 125  87 172  86 196][ 34  47 166  21 124 153 160  71 238 229  58 169 162 168 150   2 136  34
 234  21 134 249 198  79  44  22  30 179 197  76 223 204][229 123 254 102 236  14 255 188 233 254  55 109 123 127 223  59 166 229
 117 111 229 227 168 104 118 251 103 132  77 243 195 219][169  76  73 233  84 139  99 118  85  32 124 138  19   1 177  53  88 168
   6 238 105 190 100  30 116 140 160  96 119 137  82 168][214 136 215 191  42  44 120 138 191 147 211  82 247 114   9  91 231 215
 125 131  33 197 219 225 213 178 127 146 172 113  35  11][195  50 204  53  32  10  40  59  56 254 115 253 205  38 210  27  23 197
 109 165 181 212 197  74 132  50 255 132 204 224   3 209][199 116 230  21 108  62 248  66 253 250 151 182 136 156 215 111 239 237
 255 159 165 247 231 194  22 122 219 182 143 245 123 213][110  16 239 118 109  88 247  80 169 199 183 173 251 253 127 187 142 245
 253  67 141  99 190 224  87 121  64 155 231 127  86 114][ 50 161  98  72  95  83 210 105  83  36 253  11  10 200  62 180 120 136
 194 227  78  51  76 221  54  77 129 127 119  14 126 134][180  77  22  27 153 203   6 225 189 162 226  25  70  32   5  27 233 230
 106  83 124 255  89  46 185  50  69  83 192  57 224   6][203 131 114 150 245 152 252  39 233  13 119 181 172 138 182 213 166  43
 142  13 212 185 164 197 166 121  18 203  70 132 233  77][ 58 251  42 170 255 153 150 204 139  77 152 175  46 204 102 128 142 251
 199  87 206  43 138 183 186  85  13 251 119  31 158 223][ 15  62 162 155 119 180 186  67  95 207  89 247 172 200 119 140 255  41
 147 149 134 180  12 234  14  84 154 139 143 111  57 197][122 255  46 190 187 128  30 229 189 140 220 167 109 239  35  80 254 235
 221 231 108 139  26 239 242 247 142 155  62  54 190  91][223 191  56 250 177 220  95 183 187  93 188 189 238 127 170 116 135 179
 221  52 255   9  56 255 251 221  46 255 146 198 143 127][202  83  55  75  43  76  85  25 165  88 183 116 222 215 136 247  38 148
 253 106 203 193 187 193 227 248  32 146  98 151 164 117][ 35 249 121  74 116 205 251 254 107  89 124 104  58  29 156  52 158  27
  87  88 211  58 120 245  47 156  36 238  81 138 199 249][220 149 156 239 188  47  95 185  54 170 255   0 215 115   9  81  87 214
 125 106 120 208 121  62 239 239 101 148 160 243 128  35][105  97  80 103  48  10 111  60  41 160 239   8 223   3 137 212  18 204
  76 104  72 176 193  12 230 253  33   4  98 178  74  32][ 84  21 158 167 184  47 127 184  54 186 223  32 215 119   9  75 247  87
 125 106 104 209 219  46 237 167 111 148 160 243  33  51][105 197 145  78 109  60 206 188 105  10 121  68 255  97 188 244 148  76
  52 110 193  34 216 123  39 254  64  12  90 243  98 172][111 189 169  82 153 116  95 223 187 253 172  28 156 190  94 190 133 223
 249 221 179  75 250 226  59  95 159 126 138  85 135 254][ 79 127  67 131 250 144 174 212 189  38 219 238 140 142 157 244  54 191
 223 199 245 147 229 238  54 124 138 170 167 215 171 213][ 83 249 182  62 107 157 180 196 235  88 240  45 174 216  70  58 170 105
 254  67 214 107 154 241 146 120  74 123  73  22 171 159][184  77 126 109  84  15 103 244 116 160 118  66 115  65  49  17 120 236
   6 106 232 178  85  62 103 235 101   1 125 186 122 170][ 33  75  99  78  84 135 207 120  68  68 252  14 115 193 181  36  88 232
  18 110 201 179  60  61 113   8 129  40 119 187 114 236][ 26 190  14  28  27 240  53 103 178  31 236 177  44 230 162 213  35  59
 192 128 118 203 162  93 248 231  94 203 162  68 175 207][ 58 251 120 250 242 129 159 253  18   4 124 175  45 207  98   0 158 251
 151  67  74  58  24 191 123 197  45 235 117 154 142 219][152 223 121 106  50 201  87 244  53   4 108 161  63 215  32  16  54 187
 133  98 106  40  40  63 251 197  32 105 112 146 135 107][219  95  38 172  38  18 124 246 180  14 218 231 109 138 179 193 246 229
 255 231 236 149   5 223 176 227 235 133  44 244  57  77][201 122 215  20  74  10  37  64 184 194 162 236 252 194 193 223  34 101
 232 206  97 199 134  72  20  34 127   8   8 112  35  57][239 126 125 255 234  31 159 184 139 250 180 237 252 125 157  63 151 211
 253 103 225 103 107 249 102 219 109 190  95 255   3 117][ 77  98 151  20  67  11 164  64 232 162 162 108 174 130  69 159 170 229
 110  18   1 231 128  72 144 146  85  48 200 115  67 129][ 75 151  46  79  48 182  59  55 228  77  95 165 249 127 186  98   6  55
 189 173 144 136  55 237 107 111 170 192  14 134 173 121][159  62 197  81 179  59  96 154 115 250  39 252  74 225 213 175  55  76
 228 126 189 212 173 200  14  90  69 230 239 229  90  53][252 192 136 252  13  68  70 232  83  19 224  26 115 249 121  80 217 204
  37 202  74  38 219 179 243 255 197  60  48 121 116  34][246  80 114 204 111   7 222  72   9 200 241  43  74 220  53  18 254 245
 223 227 200  39 192 200  51 120 137 186  85 191 114 211][ 88 163 151 172  40   2  12  41 162  28 233 232 239 227   8 210 204 149
 236 160  88 139 203  29 153 243 255  29   0 162 167   9][ 40 228 123 110 112 233 103 252 185   6 109   8 247 231   8  16 147  88
  70 106  98 165  42  63 231 215  37  60  66 211  70 170][ 56  97 126 105  69 221 113  68 231  21 230   8  27 153 104  88 232 152
 231  72  74 179 146  17 211 201  16  65  98   2 110 170][ 25 239  99  97  50 143 111 117 101 192 110 192  51   3 176 180  50 168
  86 108 201 153  36  61 242 205  36   0  99 146 226 232][ 25 164 106 201 212 246 235  87 118   5  95   2 121 231 186  96 121 186
 151 184 154 152  53 207 127 237 174 193 167 194 252 232][ 73 169 150 119 237 189 100 151 235 155  46  76 190 176  64 190 129 102
 106   8 135 233 146  33  13 223  84  58 202  68 203 141][139 144   4 181  83 191 177  23  60  43 247 252 188  29   0 212 237 183
 255   1  49 156  81 207  69 119 186 194 139  12  25 123][139  59  94  21 115 159 184 114 189 172 246 237  12 131 167 149  46 173
 206 236 228 187   4 204 118 121  35 147 107 164  43 221][ 88 186 186 116  32 236  81  23 171  13  46  40 191 183  64  90 128  55
 109   0  26  73 162   1 211 245 112  25 192 128 199  43][ 56 132 122 111 212 246 251 119 116 133 127   2 113 243 178 100 121 190
   6 184 184 186  53 206 107 175 166  65 231 194 252 170][154  49 186 245  33 221  89  19 169 239 182  61 191  31  66  58 166 185
 221   0 202 221 240 192 195 221  48 179  98 132   6 123][218 255  14 190 187 130  94 229 189 204 220 167 108 238  34  81 254 227
 253 231 108 139 138 239 242 247 143 155  60  54 191  91][147  78 119 221  47  18 172  36 220  18 210 242 233  10 181 231 102 117
  62 235 225 229  39 239 160 234 218 130  23  60  49  45][192 180 151 181 168  44 105  31 190 187 178 240 157 243  64  91 167  23
 125  24  51  77 211  66 220 186 123 204 136  96 131  57][ 45 233 177 218 205 205 225 196 195  81 165  10 178 157 125  47 201 154
  18  88   3  42 250 241  87  24 144 120 211  89 210 190][121 113  89 101  20  15  79  53  97 168 234  72 183  19   1 176  92 188
  68 104  73 186 209  12 245 237  33  16 104 162  66  40][214 254  43 178  58 203 191 248 186 254 145 249 215 207  91  17 183 253
  93 231 238  69 140  63 249 193 111 189  68 179   7 211][106 234 196  21 237 251  68 142 195 247 172 137 131  40 214 158   9 230
 234  28  28 122 231 176 142  87  85 119 199 252 222 204][132 132 134 159 156  35 168 234 150 147 211  18 224 234 121  75 121 110
  59 179  48 245  75 250  12  38 223  68 148 105  48 128][100 228 153 128  92 237 225 207 206  49 168  88 150 130 104  10 201 128
  74 145  10  39 210  80 157  20 159 124 144  26 215 162][  9 159 253  69  58  95  55  63 110 236  62 237 255  53 130 182  23 118
 236  44 197 184 109  61 110 239 101 148 106 238  79 121][ 43  53 114  78 241 190  94  89  41  73 125 109 126 126 158  52 182 187
 215  52 151 179  48 207  51 125  32 194 207 198 226 245][165 110 236  19  20  63 234 216 127 251 183  84 203 104 223 171 217  76
 126 127 173 244 221 186  14  91  71 116 205 255  91 132][124  61 105 225 180  79 123 184  37 232 254 238  83  85 145  49  62 212
 125 122 137 178 121  44 255 233 165 148 103 187  86 113][ 74 249 190 222  59 208 187 248 238  85 142 162 252 223 214 230 102 245
 255 219 194   9 191 245 255  61 143 249   6   6 175 127][219 221  22 190  19 148  62 245 169  64  74 103 124 246  34 214 166  99
 185 199 101 137 146 239 176 102  94  10  10  86 171  31][ 40   5  89 107 244 235  97  87  97   9 121   8  51   1  16  16  24 138
   6   8  24 186  64  61 101 140  48  96 113 138 194 168][ 45  93 125  71 244  78 103 184 125 232 118  64 211 119 157  53  20  92
 118 106 225 240 121 108 111 187 101   4  66 179  66 161][221  79 244  76 185  83  78 251  87 230 172 132  75 227 251 245  51  78
 172 124 236  65  47 154 250 223  69  63  54 244 108  76][ 11 156  55 155 183 151 186 255  95  73  95  86 252 216  62 228 247  43
 150  29 183 188  57 223  47  95  30 194 219   6 169 221][ 89  60 146  92   9 189  80  71 235  67 172  28 174 176 198 254 161  34
 232   8 143 107 182  51 146 255  16  59  74  68  75  14][ 49  92 251  69 116 110  99  80 101 234 254  74 115  53 149 116 124 252
  86 106 137 178 117  42  87 173  32   0 103 251  66 185][221 116 235 101  52  14 111  24 112 234 255  68  83  21 153 112 116 204
  28 238 201 180 181  10 243 173 160 132  40 179 114 113][195 179 159 187 120 164  41  85 174  93 241 245 188 199 202  91 166  43
 111 156 147 218 139  97  76 176  58 200 136 130 163 217][ 16 113  27 236   8 199   3  72 164   0 195   0 215 215  41  80 208  57
  73 226  73 129 146  28 209 161  43  24  32  35  37  50][108  97  80 101  85  91 111  57 101 164 239   8 203   3  26 148  90 140
 196 106  72 176 125  12 231 253   1   5  99 163  78 160][218 214  36 186 155 128  24 143 150  23 192 181 236 239  40 217 199 147
 187 145  62  15  74 247 235 119 154 235 144   4 173  26][ 72 152  49  75  81 237  99 214 111  65 108   8 190 151   1  60  32  26
  66  72   3  56  50 117 213 188  16  42 210 131   7 186][122 168  58 248  27 217  16  71 171  21 164  57  46 159  98 144 162 185
 205  16  10  15 130 213 211 209  18 123 114   4  47  11][186  90  71 238  82 211 191 240  21  12 246 226 105   7 161 197 126 249
 135 226 233 183  45 255 114 225 162 129 119 183  36 249][139  57   2 149 115 158 104 119 189 200  86 228 141 146 183 245 102 173
 214 237 229 152 148 206 182 120 138 130  46 164  43 157][105  30  20 245  87 190 177  51  57  41 246  62 189  57   2 244 108 183
 255 137 181 252 225 207  95 255 186 194 207   4 123 171][126  48 234 228  79  92 251  88 169  88 245 169 219 221  31  62 254 213
 253 227 137  99 250 128 215 249 232 191 103 175  86 243][125 117 124 102 237  31  95 188 105 234 191   8  91 121  95  54 148 212
 252 106 201  35 249 168 247 217 101  52  99 255 194  99][ 86 253  22 186 203 241  20 192 175  22 168  11 108 254  47  88 163  51
 203 131  22   3  26 241 147 210  91  59 144  85  47  78][ 15  79 130 190 193 180  46 192 180 134  78 135 105 227  51  72 124 235
 179 206 100 210 154 235 114 111 206   8 174 247 185 216][ 67 176 143  53   9  46  56  23 168 219  67  85 156  54  66  59 133 103
 121  13 149 220 211  64 205  58  90  64 136  68 139  88][  0 249  51  84 113 207  55 118 237   8 106  72  62 151  36 180 132 124
  64  66  65 185  48 125  49 188   4  10  66  48  71 185][237  74 101  69 108  15  75  56 105 166 119 204 115  65 149  63  30 228
 124 110 233 180 101   8  86 251  97 144 103 187  82  97][215  44 230 149 236  60 248  66 255 251 214 147 140 188 215 107 239 237
 127 157 164 247 231 194 151 122 219 166 133 117 115 213][252 173 217 243 208 236  99 152  51  29 235  24 183 247  73  81  81 218
  77 208  58  90 250  39 237 225  36 104 160 195 134 114][ 88  79 127 101 146   2  47 247  32 132 254 231 105  39 129  81 126 247
 237 226 232 155 165 108 240 231 239 129 101 242  39 105][253  93 254  86 151 114  87 176 113 198 238   2 107 125  31 189 120 246
 252 234 253 227 253 174 243 239 197  19 227 247 254 118][236 161 124 113 236  45 121 122 107  56  52  24 159 171 208  27 175 141
 127 120 146 122 195  80 222 217  99 236  68 161  67 129][142 253 126  82 219 209 191 226 175 244 188 171  44 255 103  39 167 115
 251 210 114  75 186 253 127  27  79 255  71  21  39 255][ 74 135 110 187 213 248 120  35 237  85 127 147 171  44  62 213 106 131
 135 149  62 168 102 197  79 121 146  75 231 132 252 198][ 16  77  62  62  23 192  55 101 252 132  78  35 110 248  35  64 114 106
 171  67  68 169  38 111 241 103   6  11 101  22 181 110][ 33 217 121  75 116 143 235 244  92 104 120 106 179  28 156  32 158  27
  22 109 195 184 124 127  45 156  34 228  93 154  83 185][249  93 212  69 155  19  68  55 117 162 166 236  11  51 131 245  79 228
 252 168 237 222 117 142 162 255 197  22  63 244 136  12][ 96  60 249  84  59 236  17  18 171 141 172  56 191 247 197  54 135 119
 237  24   2 111 242  67 223 253  17 122 194 192   7 251][ 32 137   2 142  84 131 174 228  22   0  88   2  96 200  49  64  88 106
  19 195  66 186  10 255  48  36 138  40  21  11  48 136][ 56  13  82 110 149 182  82 119  21 133 255   3 107 235  34 208  88 254
 135  32  28 187  16 142 251 239 132  65 243 238 252 138][ 13 122 253  81 234 123 185 218  62 246 118 246 153  13 215  45  47  89
 255 255 145 244 103 208  76  11 111 196 207 241  37 241][122 171 243 112 250 233  61 199 171 189 252 169  47 175 196  16  46 191
 239 144  26  75 166 193 254 213  62 251 231 212 167 235][243 223  59  90 187 213  94 255 185  94 189 125 126 255 174  49 135 243
 221  98 246  15  58 255 251 222  45 255  18 214 135 127][197   8 159 189  46  46  41  27 190 187 210  82 213 243  73  91 231  85
 127 153  33 213 195  67 156 162 251 132 140  96  33  33][ 38 225  42  10 125 209 210 200 203 196 253  43  98 220 127  16 216 184
 195 115  14  35 250 189 123  85   1  63  83  63 118 214][175 104 237 237 100  22 237 222  50 246 116 135  25  15  83  59  76 236
  19 252 225 214 245 200 103 105 239 164 167 244 114 240][ 67 149  62 221 180 188 184  39 254  89  90  21 172 190 166  99 135  23
 127  21 182 201  35 215 143  62  90 194 144   0 129  95][149 132 119 231 214  43 111 251  61  34 123 218  95 123 188  49  63 151
  23 174 249 180  45 223 243 206  69  68 117 234 227 161][ 50  32 150 172  75 131 176 107 222 128 232  11 100 248 101  16 248 185
  98 161  12 227 210 217  21  36  11  63  81  40  39 134][238  66 232 183 236  25 189  69  24 246 213 191 203 140 223  11 206 205
 247 199 204 118 238 128 214 115 254 185  85 188 222 210][ 41 173  62 117  21 223 209  39 236 225 174  24 187  57  22  35 136 166
 120   9 220 185 113 141 227 217  16  17  66  72 212 106][ 87 134 224  13 178  34 235 186 117 111 219 247  73 106 159  68 119 205
  45 175 188 180 205  95  28  46 171 196 255 247  32  85][ 67  52 131  40 203 237 147  91  42 233  72  77 188 214  64  52 149  59
  83   5  19  18 178  83  21  20  25 170 152  70 135 243][ 33  77 105  77 116  11 111 252 117  32 118  66 115  97 149  52 122 200
   6 234 233 178 109  63 102 142 161   4 119 187  66 168][ 11 155 135 185  50 130  40  23  62  65  90 231 173 134 176 196  38  43
 186 149 151 152   5 253 172  36 186 192 172 132 169 221][ 87 221 253 179 182  96 127 183  57  87  18 179 221  63  90  75 167 215
 149 151 176 216  61 224 253 215 222 198 164 245 181 121][ 89 155 125 101  50 159 123  53 229 237 190 237 255  61 134  54  38 118
 253 108 133 249  37  61 235 255  33 144 106 166  71 125][ 15  58 198  81  75  58  40  18 123 242  86 236  72 232 215 191  39 108
 236  28 133 208 247 200  14  91  85 135 239 245  90 149][231 123 245 229 236  15 222 188  11 186 176 239 253 127 213  59 191 213
 127 239 224  97 203 248  54  90 109 182  85 251   3  41][104 180  60 113  21 253  81  23 125  77 230  24 182  25  18  32 137  50
  90  25  58 172 113   7 207 191  16  81 194   8 214 106][ 88  64  31 232  42  66  81  80  36   4 195  32  23 151  33  80  98 149
 109 224  72 129  33   0 209 225  34  21  32 130  36  99][ 33 237 121  99  84 205 239 247 126   1 120  64 179  25  84  32 186  58
  18  88 195 184  52 127  45 156  38  96  73 154 195 168][132  12 134 157 140  35  40 202 158 179 211  18 192 234 113  75 121 110
 106 177  50 245  75 222  12  34 223  84 148 105  48 128][180  93 105  78  52  75 199 184  93 102 190  10 243 117 157  37  90 212
  94 106 233  37 125  63 115 190  33  20 119 187  86 112][ 83 233 146 186  42 137 144 204 239  16 241  41 174 216  70   2 170 233
 126  67  70 107 138 113 144  80  11  59  76  22  43 143][112 131  24 172  56 132  74  40 166  12 235 136 199 195   0 208 220 181
 236 128  24  11 195  21 209 245 162 125  16 130  46   0][176  93 127  77  68  79 231 255 116 160 246  70 115  57  49  17 120 228
   2 104 233 185  81  15 103 171 100   0 121 184 240 186][ 61 121 113  71  85  95  83 120 101 236 255  14  75  21 135 180 120 220
 198 106 205 178 121 140 119 237   1  23  99 175  94 246][ 33   2 112  77 101  59 128  72  77 170 249 104  66  24 189 188 218 152
 134  42 141 178 101 152  18 220  32 183  95 255 122 133][ 62  20 227 201  21 118 113 218  87  87 255  23  11  29  63 124 121 152
 151 176 138 182 117 194  83 253 146  71 247 223 116 246][ 49   9 123 101 116 110  99  16  96 168 250 106  51  21 129  48 126 252
  86 106 137 178  97  42  69 172  32 128  97 251  70 169][ 56  97 122 106  69 221 113  68 229  20 238   8  27 153  42  80 232 184
 199  98  74 179 178  16 211 193   0   1 115  19 102 234][ 48 173  91  98 208 199 127 215  55  13 108   0  19 151 104  20 121 155
   5 216  90 154  56  55 251 141 148  69 225 130 166 250][190  94 103 223  66  50 107 112 149 134 247 231 105  79 183 205 110 241
 135 238 232 215  45 236  18 227 235 129  55 167 108 245][254  31 255 124 151 118  87 187 113 206 254  38 106 125   7 119 121 246
 253 160 237 227 245 142 251 255 197 151 227 116 126  95][ 75 180  54 215 117 252 248  51 185  13  95  52 172 190   6 229 135  63
 247 128 182 252 240 231 143 255 154 195 134   4 143 223][ 75 176 191  51  11 236  49  39 170  89  14  24 188 246  74  58 161  51
 249  17  19 201 178 103 205  23  90  67 192   4 135 123][200 188 149 245 177 174  44  55  62  43  90 112 189  55 128 236 135  63
 124  24  51 220  65 247 173 247  62 194 138 192 129  57][219  85 199 156 115 210  60 101 185 194 202 162 125 246 173 247 118 251
 189 225 101 131 166 207 176  98 238 139  39 118 167  93][ 37  85 125  69  52  78 103 184 108 232 126  64 211 113 157  52  20  84
 126 106 193 176 121  12 111 191 101   4  66 187  66 161][ 98 206   0 186 250 128  26 175  23  23 192 245 228 239  40  80 221 147
 191 149  10  14  75 247 188 102 158 207 188  22 176  26][128 169  29 249 204 237 161 206 206  49  64  80 148 147  97 107 201   2
 106  88  19 120 210 113 205 128 250 108 144   9  21 168][194 249 126 208  75 209 191 230 191 246 180 171  44 255 103  39 175 243
 251 193  98  79 182 253 127  18  95 235  71  53  39 255][ 82 154 134 159  59 144 176 194 190  29 211 231 236 238 166 204 231 115
 235 129 150 201  15 245 152  54  90 219 150   5  45  95][126 112 242 236 111  28 219 216 169 200 180  42  27 223 157  50 254 213
 223 234 136  35 226 200 211 249 169 190 103 191  70 243][ 13  51 151   1 107  59  32  80 233 249  54 236 140 130 193 191  38 100
 238  92   1 240 135  64  14  80 103 162 202 181  11 173][212  54  63 175 170  47 191 248 188 190 155 253 215 127   9  11 183  85
 125 231 224 197 153  30 241 227 107 180  44 115   7 115][ 26 169 190  30  27 240  17  99 174  85 237 177  44 246  34  16 162  51
 232 128  22 139  34  85 219 231  82  75 210   4 175 111][ 74 176  62 176 107 253  48  71 173  93   4  25 172 159 102  27 167  51
 251  17  54  79  50 193 223  81  90 235 130   4 167  91][ 40 140 250  95 212 247 115  83  86   5 127   2 115 249  54  64  89 186
 131 184 154 186  56  63 111 175 162  65 247 202 252 162][121 186 186  48   9 253  80  19 251  95 164  29  46 136  82  62 161 175
 236   5 158 111 182  83 211 127  16 123  98   4 206  79][125  93 121 101 116 110 111 184  33 232 254  72  83  85 145  53 124 252
  85 106 233 178 113  44 247 233 165 144 111 187  86 113][127 106 130   4  43 153  22  64 171 172 188 173  46 192 195 150 174 225
 236  87  76   3 166 168 146  85  13 187  78  63  11  77][ 83  79 194 173 178  34 108 214  45 160 218 231 175  42 145 212 102 239
  61 197 204 153 133 232 176 228 174 130 172 244  57  29][ 44 196 115 110  48 111  71 252 127  14 109   8 255 247   8  52  17  82
  70 106  97 165  57  63 227 222   5  28  82 243 198 168][236 189  17 123 209 205 103 189  51  30  97  88 215  87   8  61  25 218
  77 122 123  84 250  55 237 210  37 108  98 147 198 178][109 125 248 100 245  31  95 180  97 232 254   8  91 121  23  48 158 244
  84 106 205  50 249 168 127 221  37  52 103 251 194  99][237 117 107 101 116  46 111  16 113 234 119  68  83  17 145 121  60 204
  20 254 169 182 245  14 119 169 160 132 107 243 114 113][ 90 127  14 190  43 130  30 109 189 142 204 165 108 231  35  83 254 225
 255 231 108   3 138 239 240 247 207 155  56  54  43  27][ 66 148  46 223 117 252 184  50 189  95  95 181 172 255  42 228 167  51
 191   1  54 156  50 247 135 119  26 195 142   4  13 223][139  30  70  21  99 158  56 119 189 206 118 247  44 138 182 149 174  45
 247 133 229 157  22 206  22 123 250 131  47 132  43 221][ 33 243  82  64 101 157 230  85 109  72 125  76  10 152 212 180 156 168
  86  14 213 186  84 208  54  92  32 106  75 142 202 133][205  48 242 101  98  62 112  16 121 234 119 120  95  57 137 191 182 157
 244  32 165 244 129  10 214 251 112 134 238 229  75 131][175  29  40 201 237  61 204  23  89 107 189  92 139  56  22 173 201 130
 146  29 189  42 112 130  39 221 148 124 219  93 218 148][ 90 249  58 206  27 212 154 233 234 196 141  11 252 223 119 244 182 177
 251 195  74   3 186 253 243 125 139  59   6   6  47  74][ 86 252 178 186 139 229  20 204 191  22 160  11 110 254 107  89 163 179
 235 129  22  71  26 241 179 211  75  59 208 116 167  66][  9 178  15 185  96 150  57  27  38  77  95 228 253 215 202 112  87  10
 126 156 147 152 251 117 206 111 186 192 138 133 171 241][125  96 181 101  13  79  65  24  99 240 165   8 211  17  89 190  24 220
 120 120   9 118 249  16 205 216  65 116  99 171  86  98][228 165 252  72 205  77  69 171  67 176 172   8  82 241  93 119  89 210
 106  56 122  99 251  21 127 155 197 125 211 232  86 170][227  60 182 177 236 188 248  67 255 251 154  51 140 188 215 107 239 175
 127 149 180 255 231 194 156  26 218 138 133 108 115 221][226 255  59 254 232   5 158 252 169  26 185 121 124 255  44  51 135 115
  95 103 225   7 138 127 241  30 111 190  88 115 163 187][ 73 148 108  74  48 182 123  58 228  77  79 132 249 127 154 240  23  22
 189 172 179   8  63 223 107 125 170 205 190 134  45 113][218 159  78 173  50   6 109  55  60   4 126 231 189  35 146  81 102 167
  63 172 240 152   5 207 230 239 186 128  45 132 161  89][231 239  99 196 236  49 206 249 201 218  56 238 121 232 253  39  95 226
  23 239 241  99 174 202  58  88 231 172 255 254 242 245][  1  79 119  69  48 142 238  54 100 128 122 196 241 102 148 180  62 118
  70 238 225 184  37 111  36 174  34 128 101 178  99 184][108 225 232 235 252  15  66 216  79 161 185   8 219 201  89  16 217 200
  87 115 138  50 217 176 255 221 133 124 209 187  82 128][106 163 114 232 250 193 125  79 163  29 252 169  41 175 204 148 126 155
 231 144  26  91 230 209 126 209 174 233 231 132 167 169][ 47  53 226  72 245  63 122  89 123  73 125 206  74 255 159 180 190 139
 215 188 159 178  60 223 126 124   1 206 239 231 122 245][ 11 104 237  81 160 183 185 151  38 242 118 134 153  15 215  47  79  52
 251 156 129 252 119 192  79  75 254 132 199 244   1 248][  2 121 187 222  67 204 181  64 189 132  99  11  60 223 101  24 166 123
  99  66  70 187 146  97  83 178  90  10  64  19 167 219][ 85  79  78  36  18  18 238 112 116 132 250 231 105 106 179 192 126 229
 174 231 236 179   5 110 176 103 170 129 109 183  41  13][ 90 250 183 252  43 200  21 175 187  15 244 160 173 191  36 247 231 115
 237 128  98  79 162 225 177 247 126 139  82  20 167 123][  2 143 106 218 242 144 190 231  30  13  92 231  32 238 166  80 254  59
 131 132  86 154  34 247  54  52 186 203  21   6 173 223][ 51 141  98 143 212 147 234 125  87  65 222 199 104 236 182 228 124 174
  31 221 159 187 109 255  62  46 142 192  63 142 248 220][238  64 238 183 108  73 253  72 152 246 213 155 207 205  91  11 222 205
 115 103 232 119 238 160 213 115 223 189  69 189  87 210][142 121 250 187 170 131 190 205  30 254  81 191 253 254 105   8 191 121
 151 211 226 215 138 242 200  71 127 191 133 125 133 219][ 47 253 113  74 253 221 222 236  75 105  61   8 106 220  94 180 157 218
 211  95 223  42 250 247  63  92   5 127 211 159 214 254][ 72  52 251 120 123 237  49  95 171 141 188  56 190 151 196  52 135 191
 204  16  50 107 178  94 219 221  16 123 194 192   7  59][ 40 255 120  75 210 197 191 255   6   5 124 142  49 237  50   0  30 123
  19 202 210  58  58  63 111 141  37 233 117 154 134 250][105 253 122 102 245 220 119 247  97 200 126   8 123 121  17  48 248 254
  87  72 216 186 248  45 127 255  36   0  99 218 194  42][ 69 106 146 170  42 137 154  72 238   0 145 232 173 194 203 192 182  57
 206 211 198  39 143  83 144 212  43 187   4  23  43   5][ 61  85 115 229 118 110 111 112  41 232 126 106  91  55 145  53  62 252
  87 106 201 176  49 204 247 248  37 128 111 251 102 251][236 253  21  67 161 207  71 188  51 186 169  88 218 119   8 180 145 214
  76 106 121 228 249  63 175 222   5 118  74 243 194 179][234 176 226  80 105 253 113  91 187 127 180 189  10 141 214 156 141 152
 247  20 146 111 242 209  87  88  80 251 194 132  86 255][ 35 233  96   8  95 153 146 238 203  36 184 175  42 200 118 148 216 137
 194 117 222  43 206 223  58  20   5 127  95  12 122 134][205 239  20 186 236 136 175 173 170  22  29  16 253 227 232 199  99 107
 122  74 115  77 138 243 236 177 239 108  22 243 171 168][211 111 207 165  34  14 110  54  56 226  86 199 185  35 147  83  38 229
 125 238 237 220 133 104 230 235 238 128  45 244 123  25][ 95 139 104 175 186  18  15 184   4  76  92 230 245 102 186 224  86 110
  29 239 217 138 237  61 228  37 171 152  60 167  49 121][134  44 134 181 172 162 168  11 190 179 210  18 141 162  80  75 107 110
 127 145  56 221 195 208 140 243 223 212 148 104 177   0][ 50 181 123  75 241 195 103 247  53  77 109  48  18  23 136  52  88 154
  23 184 123 154 112 126 111 220 132  66 242 130 230 234][218 181  58 122 155 241  17  75 190  21 109 185 172 215 106  48 131  27
 233 144  50  15 186  87 219 229  26 107 242   4 167  98][123 107 194   4 107  24  22  64 233 140 188 239  46 138 199 150  46 229
 206  71 204   3 164 200 178 117  14 187 107 182  43  77][207 208 109  91  18 214 107 152 118  69  71 144 217  71 154 120  55 144
  29 252 163 132 125  95  79  47 186 196 182 129  53 112][ 56  97  58 106   1 203  81  68 165  12 231  41  79 223  43  16 248 184
 197  66  74 179  10  17 211 225   0  27  98  27 102 234][167 134 229 212 244   0 238 251 219 194  48 234 113 105 189  39 127 226
  23 173 229  98  76 207  62  30 239 236 237 236 114 132][  8 185  27 115 242 200 181 167 190  93 124 177 188 151  72  16 167  59
 195  16  83 120 138 117 109 151  62 203 192   0 135 251][219  90 111 118  34  82  95  52 113 206 246 247 123  63 151 123  38 245
 253 239 237 212 165 234 242 235 114 128 103 181 102 121][244  92 113  78  52 111 199 184  85 238 183  10 243 117 157  37  88 212
  94 106 233  39 125  63 117 170  97  20 119 251  84 112][237  33 224  83 237 124 237 152 123 251  53  24  90 121 223 191  25 206
 244 124 183 118 255 226  95  91 213 110 199 245 218 228][ 41 237 235 103 244 159 239 246  97 232 126   8 115  57 151  48  92 238
  23 110 193 186 248 108 127 253  36   0 103 250 210 233][186 173  58 238  83 213  91 104 181   4 237  10 127 223  35  48 248 185
 213 227 106  23  56 191 243 221 139  59  51  39  38 230][110 178 234  50 217 253  83  25 163 125 189 157 202 252  78 188 153 184
 236  18 158  99 250  49 223 213   1 127 227 111  94  87][138  42 102 157 107 209 188 103 191 206  86 163  40 143 247   1 110 185
 247 133 228 223 166 255  86  83 250 171   7 132  63 223][ 45  31 168 227 229  63 212  55  89 175  61  29 131  56  22  41 201 142
  21  29 188 186  80 162 239 223 212 113 217 216 216 134][ 51 255  65  78 178  14  78 252 121 170 248 236 115 106 149 181  54 239
  85 239 233 146 220 109 176  62  45 180 109 242 195  29][167 223 168 187 157  29 223 183  81  63 156  31 179  40  58   1 205 194
  23 221 254 106  88 162 239 223 222 120 217 216 216 202][ 76 189  30 250 137 237  86 204 171  31 173  25 190 255 104  26 129  83
 249  82  26 107 154 177 219 219  84 123 210  83 167  74][ 80 130 158 180  32 168  89  19 169  21 143 173 167  35   2  90 134 165
 109 132  24   9 195  65 198 183 122 209 168 128  15  19][  3  28  98 157  67 246 184  98 253  67  91 247  44 254 182 244 230  59
 179 135 165 156  54 239  22 126 218 130  47  68  43 221][ 45  27 117 111 242  15 239 184 101 232 127 228 123 117 149  52  30 122
  22 110 209 176 125  60 110 205  33 192 111 171  66 241][199  27  23 151 178 142 175  49 172 192 131 196 244  86 145 114  38 101
 127 239 225 141 148 110 172  62  46 128  12 162 161  49][219  85 247 158 107 208 189 109 249 194 217 162 108 254 173 231 114 251
 190 163 101 195 166 207  48  98 206 139  55 118 165 109][115 165 117 229  54  10 222  63 105 161 186 192 255 123  28 243 182 215
 125 111 241 216 197 237 174 250 207 146  45 224  83   9][ 97 105 121  69  52  78 103  56 101 232 126  72 211  49 149  52  26  84
 108 106 201 176 249  12 103 190  37  20  66 186  66  41][ 40 165  97 203 241 197 175 255  30  45 124  18 184 119 220  36  31  26
  19 152 114  58 122 255 109  12 191 236 215 130 198 251][ 60 105 104 233 244  15 199 220  82 168 252  10  19 201  81  16  88 232
  23 122 200  50 248  62 255 205 165  60 117 251 210 160][170  78  99  30  79 249 199 226 223 102   0  11  42 232  55 133 169 224
 227  71 228  47  62 255  23  82  65  59  87 125  84 238][ 44  21 127 101 244  14 111  49 108 136 127 100 223  87 129 113  54  60
  22  58 209 176  49  12 229 169  34 128 104 163  71 161][253 106 172  53  44  31 196 188 255 190 178  77 231 200  83  11 200 228
 108  79 236 103 207 168 250 219 101 176  74 188 218  73][ 41  39  80  72 244  57 234  92 121  45 125 204  43   8 159 188  90 138
  70  60 142  50 100 207  54  92  32 169 239 206  90 141][205 239  22 190 232   5 175 254 170  26  56 104 252 243 233 147 135 115
  95 107  97  71 138 115 180 153 111 172  24 242 171 169][ 86 218 134 158  59 144 186  65 190  77 211 247 236 206 166 204 230 103
 239 215 150  73 143 255 154  54 187 219 156   7 169  87][  2 180  55 217 117 252 184   2 253  93 114  21 172 222  46 108 231  59
 191  17 150 220 178 245  15  62  90 203 130   5 133 215][ 45 113 122  78 121 223  87 120  97 228 253  40  90 221 175  52 220 252
 214 106 205 179 252 172 115 253   1  63 115 191  78 255][189 204  99  94  93 217 194 224 215   0 227  10  99 200  61 225 120 232
 122 235 110 167  46 255  51 104 129  25 119  47 116  36][112 160 185  72  29  79 193 169  67 189 177   8 211  88  92  50 217 128
 108  56  27  99 251  29 153 222 129 127 209  40  86  34][141 107 146 187 160 189 110 216 127 158 117  96 207 211 233 237 151 104
  46  94 194 240  43 176 138 217 103 236 154 251 137 133][ 45  32  41  97  77 127  64  24  67 232 165   8 147  25  81 176  88 140
  92  44 137  54 241  24 199 201  33  52  99 171  90 224][ 11 187 121 105  50 178 123  26  47  73 126 229 157  23 130 116  86  28
 255 220 135 152 101 149 206 253 163 198  46 132  35 117][120 163   8  46  56 233  74  40  34  36 233 137 247 199  66  80 208 172
  76 100  30  11 202  29 248 229 161 121  48   3  14   2][177  77  95 109  68  79 231  55 116 226 246   2  51  49  17 113 104 228
  98 108 105 190  81  15 119 171 116  16 121 184 112 168][168 141 150 186 205 224 148 199 150  23 200  19 160 186  96 203 201  90
 163  16  86 107 138 161 249 211 222 107 144  88 188 138][ 91 127   6 190  27 198  30 229 189 192 200 199 109 238  35 212 246 229
 255 231 108 131 154 236 178 243 207 155  62  54 187  90][  2  60 182 145 237 188 184  71 255 219  90  49 172 190 116 107 239  59
 255 149 178 249 162 192  13  26 222 194 132  68 145 223][ 67 157  23  85 177 188  52 183 173   9 122  96 188 183 132 246 135  55
 126   8 211 216 179 237 175 190  54 194 138 192 129  61][242  60 255  68  31  70 209  59 113 202 186 127  50  60  20  48 237 245
 253 161 253 239 177 206 123  62 181 151 105  96 118 127][122 227 196  37  44  26   6 173 170 182 138 229 227  98 150 214  18  68
 237  45  72  65 207 137 168 103 239 151 134 246 223  77][ 41 171  65 109 116  15  74  57  97 232 248  76  51  65 144 176  24 172
  84 108 201 186 117  29 110 205 165  56 107 170  82 168][123 203 240 228 111  11 206 173  27 162 176 138 111  43 213 150 190 245
 253 239 200 123 207 216 186 218 205 188 103 190  74  12][ 44 140 250  91  84 231 243  82  86   7 125  18 112 209  54  96  89  58
   3  24  50 190 122 127  79  47 178  73 209 139 124 162][ 13  61  61 227 180  47 123 152 110 248  63  96 223 119 201 115 151  92
  93 126 177 240 121  28 207 217  33 244 210 235  65 241][122 163 120 234 250 209 153 109  35  21 245 170  73 207 204  52 126 155
 199 240  26  51 238 213 126 193 163 239 103 130 174 163][ 50 231 123  75 242 203  23 237  61   5 124 160 114  87 174  52 122 154
   7 120 122 154 105 127 249 140  36 199 113 146 230 235][ 41 253 251 103 244 143 231 247  97  73 124  72 115 249 156  48  88 238
  86   8 217 186 240  47 127 189  36  96  99 202 210 171][ 75 137 116 105  51 142 120  54 109   1 234 192 159  31  20 244 134 181
 125 220 154 152 197 221 135 252 130  70  38 132  67  12][237 253 213  87 185 255  70 190 255 250 188  92 202 114 141 183 157 246
 238 106 253  97 123 255  47 218  69 118 202 245 202  53][ 23 113  67   3 148  86 110 248 100 224 203 196 209  22 217 244 124 140
  26 254 205 146 125  76 164  12 143 196  45 183 114 212][188 115  90 232  35 203  82 192 181  12 247  41  79 223  43 217 250 185
 237 114  78 163  10 177 211 225  32 143  98  23  46  67][201  81 115  69 116  78  99  48 125 232 118  72 251  21 149  53  62 124
 110 106 225 176 241  12 103 184  33   0  66 170  70  41][ 56 236  59 250  93 213  83 228 211  12 228   8  59 223  34  49 216 184
 215  98 106  43 106  61 243 201 160 121 115  11 118 234][ 87 194 134 156  58 130 170  40 190 137 211 247 236 238 190 194 118 101
 255 231 164 197 143 239 180  38 171 202  13  39  41  21][153  80  23 225  32  78 108  52 189 155 114 116 223  23 136 255 166  21
  92 104  97 213  17  68 195 251 116 196  74 144 163  57][205 239  92 185 173 216 109 191 238 214  12 132 237 227 250 231  99 106
 234  90 118  72 190 243 238 241 199 109 182 244 173 220][170 220  38  94  77 221 180 231 159  26   4  27  40 188  54 165 169 187
 243   1 102 111  18 247  55  83  84  59  83  28 222 222][161 197  95  77   4  79 197  55 116 104 246   0 242  49  20 101  88 166
  42  40 105 184  81  15 119 170 116  16  81 152 192  40][ 94 126 235 102  34 122 123 144  57 206 255 237 123 111 223  62  54 253
 245 199 137 212 172 234 210 255 100 130 231 247  38 117][147   0 238 165 164  58 236  79  60 243  70 147 157  47  18  75 239  15
  59 189 180 220   5 194 206 239 222 197 165 196 249 200][127 120 250  88  89 221  83 216 171 220 181  45  90 221  79  60 188 248
 196 118 143  99 186 112  91 221   1 255 235  47  78 247][137 239 156 172 232  49  45 255 234 150  60   0 173 227 227 135 131 107
  78  44 100  67 162 219 238 217 111  45  18 240 171 136][ 34 176 248  81 251 221 177 223  27 125  52  57  24 157  78  58 141  91
 211  17 150 126 250 113  79  29  21 255 195  12 206 255][124 104 121  97  60 123  67  24  67 168 176 104 147  25 193 178 136 156
 108 115  11  38 225  24 203 217  33  63  64  43  86  35][122 249  98  46  83 209  83 100 169  68 244 171  46 207 166  20  58 169
 133 196  76 187 166 253 115 117   0 171 103 134  46 223][ 62  53 232  11  87 123 210  72  83 101 253 143  67  76  30 148 120 136
 195 167 140 178 125 153  87  77 129  39 255 239  94 214][110 179 232 112 233 124  84 159 187 255  52 185  14 189  78 158 133 223
 245  17 150  74 178 192  95  85  85 255 194  84 206  87][124 109  65 106  83 235  67 120  35  36 237   9  99 215   9 148  56 184
 192 106  10  19 216  63 241 197   1 121 114 135   6 162][122 129  68 228  85  26 202  41  41 164 182 138 107 107  84 150  58 197
 253 237  72 120 197 205 190 248 193  19 103 164  90  12][ 13  89 113  71 176 159 239 188 101 232 126 196 243 117 149  36  62 110
  86 238 129 176 125  61  47 204  37 128 111 179  66 249][180 236  58  90  93 213 194 232 215  26 241   8  98 216  61 161 216 248
 206  99 110 103  42 191  51 217 129  59  83  27 126 142][  3  28 227 156  83 242 186  66 125  67  90 215  44 254  54 236 255  59
 147 133 151 154  54 239  22  62 154 131 159  69  41 148][121 106 130 180  45 157  84 182 239 174 186  77 175 137  83 154 204 228
 109  79 204  39 194 169 210 219 101 184  74 188  90  75][160 233   0 154  92 133 134 236  22   9  80   2 160 200  48   0  88  42
  19  67  98  42  74 191  44  20 142 104  85  27 240 136][219 157 247 156 203 208 182 107 217  66 217 178 104 254 180 231 123 243
 186 161 119  75 166 223  50 102 206 139  55 100 167 198][ 90 125   6 174  25 214  94 101 189 192 206 141 239 239  35 212 252 237
 253 231  76 131 146 238 178 247 207 155  42  54  43  30][ 43 249  97  78 117 157 239 252  79 104 124  78  58 220 182 180  62 234
 214  79 199  58 124 253  63  92   5 170  95 159 218 253][161 221 172 179 212 141 213 183 218  61  56  31 183  57 122   3 201  66
  19  29 254 248  88  39 239 207 252 112 216  88 208  90][108 184 184 122 169 237  83 156 171  21  45  24 254 247  72  56 145  82
  97  90  26  98 250  49 203 221  21 125 210  91 198  42][194 169 150 177 172 174 184   7 190 187  82  16 174 170  48  75 199  47
 127  17  48 252  67 198 140 242  94 194 128  72 177   9][ 51 141 110 137  60 131 234 224  77  64 218 135 241 204 182  96 120 170
  31 247 222 187 101 255  62 124 163 192  29 143 112 220][194 217  31 220  99 196  53 247 189 204  70 112  60 183 164 117 166 123
 191 192 113 221 162 111 127 178 118 138  10  16 165 123][ 41 237  97 207 244 143 239 255  67 168 124  74  51  41 149  36  88 234
  22 232 217 186 108 188 111 156 165 160 247 250 210 168][ 90 163 200  38  58  26  90  41 163 164 135 169 239 224 194 214  50 228
 237 101  92  73 207 157 250 225 137  61  38 166  94  64][202 171 255  85  50 208 185  39 174 149  78 161 172 167 230 103  38  55
 235 144  50 201 166 109  79  32 158 203   6 128  37 107][ 74 168 144 185 232 137 124 151  63  59 246  24 191 167  64  88 239 175
 127 152  90  92 195 241 206 247 254 224 178 128 129   9][ 26 223  58 170  59 150  27 252 175  76 140 165 108 247  34  80 183 123
 157 231 194  11  26 127 249  85  15 159  24  22  47  91][201  49 191 229  34 110  57  16 174 250  70  96 245 151 193 106  38  87
 125  74 129 212 177  96 197 169 122 128   8 243  33 249][ 49 233 219 127 246 203  98 198 127  97  98   8 243  81 140  56  59 254
  50  88   3 248 253  61 109 175  21  64 233 145 195 168][161  32 248 113 100 173 105  19 127  41 118  16 155 131 212  56  14  40
   6  24 147 188  97  80 206 153  50 224 198 136  66 169][239  37 228  86 253  60 239 201 235 247 189  24  72 252 223 191 153 206
 243  63 182 119 255 194  63  26 197  63 199 255 222 228][ 53 251  73   6 116  14 207 248 120 232 240 206 241  98 159 181  62 228
  84 239 205 178  92 109  52  14 175 148 109 179  83 157][127 120  96  64 107 157 216  80 235 120 189 136  42 220 215 190 174 145
 215 206 143  35 246 241  19  89   0 251 103 143  78  85][144   6  14 181  16   6  73  57  52 134 195 151 213 103  10  67 116 149
  77 173  56 197  17  14 248 227 235 212  36 160  53 114][152 219  14 189  50 130 191 245 180  12 214 231 181   7 162  65 110  35
  15 236 234 137   5  61 224 161 174 128  60 144 165 121][ 96 205 156 186 205 224 148 231 138  31 140  57 166 185  98 202 201 114
 235  17  50 107 202 179 249 215  94 123 144  88 189 138][ 15  40 178 185 121 173 122 218 191 216  92   1 175 255  99 104 247 105
 127  93 134  88 146 249 207 215  43 170 146 229   3 195][204 220 151 242  99 100  49 210  61  91  99 112 252  23 105 255 167 215
 127 130  33 213  27 227 149 154  82   6 138  81  39  59][ 33 113 127  69  52 206 103  49 237 232 118  72 215  85 149  55  48 116
 110 106 193 180 241  76 103 186  97   0  66 170  71 177][ 41 189 243  79 244 175 231 247 123 105 124 104  58 249 148 180  89 234
  22  24 147 186 232 255  47  60  52 224 199 202 210 173][ 71  75 107   4  96  22 111 176  33 238 118 237  89  38 151 119  54 228
  52 238 205 144 165 108  86  42 225 128 111 183 106  85][  8 158 150 156 115 248  49 103 188  13 110  48  44 242 162 196 162  51
 202  16  54 169   2 207 152 183  18  75 130   4 173 143][ 65 121 147  36  37 156 182  86 239 200 122 108 190 152 103 166 164 103
 126  65 197 169 146 200 181 124  34 138  72 112   3  31][205 124 191  84 164 110 189 210 236 234   6  16 221 247  53 107 166 116
 125 120 161 245 176  74 219 171 103   0 130 241  35  33][ 79 126   6 141  58 146 170 152 172  64 210 231 205 194 179 198 102 229
 251 255 167 141 207  95  52  39 171 196  12 167  57  21][240 133  93  77  60  75 197  63  92  33 255  24 243  49 140 101  88   6
 110  40 121 184  97  29 225 171 112  84  81 136 192  40][ 34 207  72 190  80   1 110 253  22   6 216 231  97 230 186  81  93 203
   7 239 238 150  78  63  36  39 174 137  53 242 190 200][ 33 249 154  73  93 205 231 199 103  49 104   8  50 145  84  48  40 238
  98  88  83 186 210  49 125  44   4 104 233  26 226 170][158 213  23 242 163  70  29 252 177 219 147 119  93 223  40  67 246 213
  29 226 121 199  24 196 249 195 238 198  34  49 165 243][  9 237  97  79 180  31 239 191 116 232 126 196 241 117 157  36  94  78
  22 238 203 184 125  63 102 237 167 128 111 242 240 253][114 135 229 158 250 210 140 111  29   7 209 242  73 238 180 228  95 191
 191 129 252 155 229 215  62 118 254 219  55 132 180 205][ 35 173 225  77 244 187 238 255  87 225 120  74  32 232 180 164  89 234
  22  12 223 186 109 191  46  28 133 236 223 206 210 172][138 180  52 210 157 253 153 135 143  93  13  25 174 124  94 175 129  19
 251  21  54 104 122 247  15  91  24 123 194  76 159 110][246  90  82 168  42  11  18  72 173  12 243 235  79 143  37  88 254 149
 207 226  78 135   9 220 144 244  35 151 113  55  47   3][126 120 250 104 123 255 179 208 171 204 252  45  30 221 103  56 174 185
 215  83 132  35 178 216  83  93   1 255 195  47  79 215][ 48 199 115  74 242 203 135 237 124   4 254 162 115 119 172  52 122 154
   6 106 112 184  41 127 121 142  38  70 117 146 231 233][ 31 126 247  67 114 123 122 144 105 232  30 238  91  93 223 190  54 253
 213 127 133 244 173 232  78  77  37 130 239 247  74 245][177 253  26  90 112 205  87 244 114 104 108  44  50 211 166  48 157  58
   4  74  99 154  56  63  99 205  37  42  88  18  70 249][ 37  63 200   3 244  63 226  19 126 233 123  76 147  40 150 176  29  14
  70  29 159 184  85  30  46 221  32 112 204 203 218 133][118 126 227 102  50  54  91 152  57 198 254 231 123 111 159  62  54 221
 149 255 137 212 173 232 242 253 173 128 239 247 102 117][111 253 212  87 169 191  94 183 251 251 190  92 234  58 199 191 143 231
 252  94 253 105 255 253  62 222  85  50 202 244 202  29][ 23 140 204 179 166  42 104 134  62  51 202 147 247  42  24 107 227  71
 125 157  62 220  93  97 140 239 222  68 164 193 177   8][162 197   4 155 220 129 134 237 150  17  80  18 160 200  40  65  89  10
  19 194 114  46  74 255  44   2 158 232  85  24 240 136][137  47 250 205 172 123 125 103 223 246 124  37 175 162 247 119 131 107
 174  12  68 121 166 200 234 217  85  41  18 236 109 204][ 41 135  72 169 188   3 207  61  84 108 219 239 195  40 146   0  92 138
   7 109 220 186  69 158 236  93 165 208 117 142 216 197][123 109   6 188  57 214  94 228 181 200 200   9 110 250  35 212 220 229
 253 230  76 139 210 239 179 247 143 155  58  54 170  14][120 253  26  98 115 212  83 252 179 237 172  44  62 215 106  48 151 254
 196  80  71  11 184  63 251 205  37 251  42   2 142  91][180 127 120 104 218 195 146 200 193 164 184 170  66  95 165  17  94 241
  79 242  42  35  76 124 122 128  35 255 117  59 102 163][ 35 237  96   9 245 159 238 247  95  97 124 207  40 172 246 180  31 234
 151  93 215 186 108 255  46  92 132 234  95 222 218 221][ 67  12 183 189 169 252  61  39 188  91 138  16 188 190  20 239 129  55
 125   5  53 201 179 225 129 246  90 146 128 116 129 111][231 237 228  16 237 125 220 239 251 255 188 159  74  44  94 175 143 199
 255  55 247 111 255 243  62  91 213 255 207 125 219 220][ 51  58 106  12  82 148 184  82 104  76 208 239  40 136 182  16 238 173
  23 165 132 159 132  79  86  45 170 168 109   4  58 223][ 66 152 154 147 181 172  60 167 191  11  90  48 172 186  32  72 231 111
  63  17  82 217   2 247 141 182  94 194 128  64 161  11][200 167 126  93 173  88 109  47 239 214 110 149 175 166 246 119 227  42
 174  12 119  88 183 209 238 217  87  45  50 228 205  94][104 117 177  69  73  79  21  55 123 226  44   8 182  53   1  52 128  62
 113   8  65 250 241  26 101 158  84  50  66  88 198 122][180   6  30 190  12 231   4 105 212 142 211 115 231 232  41  75 217 172
 108  35  44 231  10  31 209 162 235  17  16 107  60   3][152 164 153 249 145 235  81  27  22 143 142  48 151  23  32  72  81  26
  12  56  42 132  97  26 203 199  49  85 178 200 132 107][ 50  96 104 237  31  75 223 107  69 228 244 139  43  13  22   4 122 173
  87 235  72 178 117 206 243  29 129  49 103 168  86 194][ 26  94 255 220 114 226  57 118 180 206 126 167  61 183 163  81 102 255
 183 128  32 219  32 109 114 231 122 131  39 240  39 251][237 144 245 101 173  31  93  57 107 251 183  88 223 121  92 255 149 212
 124  42 217 100 251 145 215 251  69 118  66 238 194  39][  3  88 162 186  87 180 184 198 191  71  72  23  44 250  55 200 237  43
 179 149 134 154  22 243  23  62 154  75 159  92  57 222][107 233 244  55 253 221 220 231 235 253 182  13 175  60 214 183 175 231
 254  93 223 107 255 241  62 219  85 251 203  28 203  95][ 99  75  99  12  96 150 239 180 233 192  94 199 112 230 183 116 118 228
  51 238 197 146 164 236 118  60 170 136  15 247 114 252][143  48 172 225 165 125  89 152 115 123 135  29 219  29  91  43 157 156
 253 185 191  84 249 130 207 219 217 119 138 213 222 114][ 82 139 225 188 218 210 158 103  87  37 216 179 169 174 180 224  75 191
 191 129  30 202 199 247 190 102 222 251 181   4 183 134][145 121  59  84 114 192 181  87 252 200 118  98  60 150 161  97  38  61
 174 209 193 253 182 104 116  32  46 130 109  16 165 255][ 69  28 211  67  99 124  50 210 123  75 111 112 124 247 237 252 183  95
  54 154   3 180 184  98  23 254  18   6 138 115  43 181][ 30  59 122 176 123 219 186  64 171 128  89 163  12 159 101 152 174 189
 215 211   4 147 130 204  95  69  43 235 229  39  39 147][ 32 205   4 185 172 131 140 239 158  18  88   2 161  72  32  65  73  10
  19  98  98  40  75 189 164 211 255 116  85  24 208 136][ 31 114 225 101  99  22 111  88  97 194 118 198 121  79 157 182  62 221
 149 239 201 212 181 200 119 124 133 132 111 181 102 252][ 54 102  42 108  92  39 158 216 146 170 249  75  80 221 117  48 220 253
  83 103 204  39 202  26 115  13  41  62  81 123 114 147][ 79 106  14 143  60 150 170  48 166 192 199 199 205 194 179 198 102 100
 251 207 133 129 207 252 182 103 170 216  14 151  57 132][ 86  66  74 170 122 130  10  64  45 164 251 231  79 194 171 216 126 165
 207 247 204 151  13  74 176 180  43 130  28  55  43  17][ 52 199 115  74 210 195 175 237 116   4 123 162  67 231 172  52 127 219
   7 234  88 178  40  95 121 134  39  68 117 178 229 224][224 222 221 127  36 136 100 182 244  27 114 112 179  49 129  83 192 118
 108  74 106 252 195  47 230 251 112   0  64 216  64  43][ 37  47 232  35 244  63 226  19 124 233 123  77 147  40 150  48 155  14
  70  29 151 184 109  46 172  93  32  68 200 207 218 197][ 99 169   1  72 157 157 194  79 107   1 168   8 162 136  84 180 136 170
 202  93  94  43 210 247  59  92  20 122 210  12 219 142][ 22 148  53  24 219 245 144 239 158  19 136  83  12 254 108 205 255  19
 170 177  54 107  26 215  57   6  95 127 209  68 165 134][222 208  23 250 171  70  29 252 189 218 147 114  92  87  41 255 247 213
  63 226 105  71  59 224 145 242 255 142  50 115 165  51][176 125 122 106  50 215  23 248 116 108 188  44 114  87 175  49 156 248
  68  98 235 167  56  63 243 207  33 179 121 147 102 251][ 40  17  42 120  85 221 112  23 229  13 239  13 171 139  54  80 200 170
 133 128  30 186 112 157 199 249 144  65  67   0 254  74][ 41 253 115  91 244 187 238 247 127  73 124  98 168 249 180 164 127 106
  22  24 147 184  44 255  46  62  22 194 223 222 211 173][201  17 119  69  37 206  97  48 237 136 246   0 222 213   4 117 176 180
 126 106  65 165 177  76  23 184   2   0  66 168  71 160][193  36 187  84 100 238 109  23 249 138  78  80 254 243 241 124 177  52
  62  24 193 181 178  74  93 191  55   8 136 224  99  40][ 26 151  22  28 115 248  48 103 189   5 110 183  44 166 166 197 166  51
 170   0  54 137  34 205  26 119  82  75 146   4 173 223][172 123  69 169 232 131 142 241 132 184 240 237 145   3 129 145  78 249
  79 226 248  54  70  28 228 128 235 252  93 185 162 145][ 92  73 142 188  26   2 110 208 164 128 210 130 253 239  49  74 102 229
  61 195  72 195 138 168 242 225 239 136  36 243  49   0][ 33 189 105 111 180 143 239 179 116 104 123  68 243 125 144  32  93 110
  22 110 249 184 125  63 111 205 167 132 109 234 210 249][ 50  89  99 109   5  79  65 119  69 108 246  10  11  29  22  52 104 188
  85 232 200 186  49 220 243 248 128 147 119 140 118 255][180  94  30 188  44  43 150 218 206 158 184 109 231 232  33  91 205 113
 110  99 172 103  74  59 208 227  97  63  88 121 124 147][ 28  38 219 161  82  34  56  74  54 131 203 247  23 131   9  88  55 157
  15 177  10 146 197  10 212 229  58 132 172 225  35 130][ 94 185 182 118 139 208 182 134 186 147 142  35 108 255  97 234 163 119
 249 211  80  73 154 224 123 103  95  75 130 116 173  10][ 11 187 186 213 103 189  57 103 253 205 254  55 172 186 230 100 236  43
 174 132 212 216  98 193 199  93  82 131   2  76 133  79][ 35 237  98  73 213 159 238 247  95  65 124  15  40 172  54  36 253  42
  19 221 215 186 116 255  47  28 156  98 223 142 218 220][122 105  66 188  57 211  94 236 189 200 240  41 111 250  39 212 216 233
 253 230  76 139 194 237 178 247 142 187  50  54  42  15][211 183   2 190  51 148  60 103 189  65 203 245 236 238  46 212 182  39
 253 133 215 141 182 199 176 116  30 138  12   6 171  93][ 62 176 178 224 221 253  80  66 131  61 189  27  14 157 110  24 201 155
 199  17  30  63 248 178 219 213  17 127 195  15 222 214][ 48 165   8  40 221 253  80  79  91  33 104   9 135 152  86  16 153 138
 192  17  30  58 208  23 251 213  16 127 208   8 222 142][108 115  72 101 232   9 111 184  33 180 125 237  91  67 219  18  54 204
 119 238 200  18 207   0 118 233 229 172 111 179  74 177][127 205  98  94  87 214 207 224 225  68 198 130 105 232 183 245 120 228
 144 239 237 139  36 237  59 105 142 201  39 167 122 236][227 192  78  76  76  18  72 236 225  81 246  26   2   8 158 119 200 132
 126 236 111 231 197 197  22  58 208  83 125 140 122  12][ 18  94 111  97  50 226  59 114 180 204 126 231  49 143 167  64  38 253
 141 148 160 157  36 110 234 229 170 192 101 129  37 121][ 53 215 115  74 210 211 166 249  84   0 123  98  83 244 172 164 127 251
   2 226 209 178  46 127  61 166  39  78 113  42 228 165][ 36 101 187 108  28  39 159  72 134 166 249   9 214 233  57   0 220 125
  83 107  72 163  88  28 113  13  45  60  81 123 115 162][123 169 252  55 239 217 248 229 235 253 182  41 239 188  94  51 171 199
 253  85 214 107 239 245 159 219  95 251  69   4 207 207][ 75 176 182 218  11 212 185   7 235  85 199  16 140 222  30 238 231  59
 249 145 150 205 178 193 203 121 154  75 130   4 167 102][ 79 106   2 158  57 144  10  64 172   4 207 135 237 194 187  84  94 237
 251 207 204 135 206 254 240  37 170 153  30 183  57  68][ 64  30 153 125  32 172 101  55 120  10 122 100 247 243 129  80 150  50
  36   8  67 156 131  11 196 183  48 136  72 224   3  41][  2 132 110  26 219 177  24 107 159  85 205 149  40 238  54  85 199 171
 187 149 182  11  54 213  27 126 154 203 151   4 172 214][105   4  55  76 109 254  97 112 237   8 255   8 250 209 148 181 184 180
 110  42  65 167 179  77  21 184   0  18  67  42 102  37][158 232 140 187 141 225 133 204 150  22  68 131 172 231 105 143 201 123
 163 211  98  79 202 177 201 209 223  43 146  92  63 170][  9  73  91 237  52 138 111  52  52  64  82 194 247 131 177  96 114 236
  31 239 201 152  97  44 228 233 162 128  44 185 113  41][237 112 189  97 173 126  93 152  97 246 135  28 219 125  91  59  13 212
 125  62 185 116 249 128 207 219 229  52 142 241  86 240][ 21  39  15 161 146 170 105  19  52 161 203 208 215   3   0  89 118 143
  72 188  57 152  69  14 172 230 186  68 172 130 162  32][ 52  95 123 110  50 199  87 248 116  78 252 109 115 117 171  48 158 240
  85 106 233 163  57  63 243 143  33 144 113 179 102 123][220  73 134 188 172   2  78  16 181 136 214   2 251 199  49  75 110 229
  61 251 104 199 203 168 242 241 239 136  38 179  32   0][137 148  23 189 160 190 124  55 189  91  83  84 253  62 184 251 167  35
 127  45 245 220  50 199 135 251 122 194   8 196 161 213][239  57 224 192 253 157 210 196 203 237 188  15  42 152 119 148 200 227
 215  85 158  43 248 178  59  93 133 251 223  31  88  95][201 112 149  65 105  61 108  31 111 122  54  92 190  18 213 191 132   6
 124  28 135 108 243  80   7 217 112 162 202  80  75  61][121  77  77 109  52  26  79  48 117 224 254  72 115  97 145 244 114 228
 124 106 233 176 101  46 242 239 161  16  46 187  80  40][ 49 157 107 109  52 207 111  51 116 232 126  68 243 117 144  97  88 174
  20 108 249 184 117  61 237 238 161   0 104 234 208 112][ 19  30 110 188  48 134 123 246 180 204 222 135 113 239  51  80 126 237
  29 197 172 155  52 110 249  47 170 192 173 163  54  91][  5  30 141 173  48  47 107 146  36 106  90 100 150  55 129 120 213   4
  94  44 169 148 113  30 196 174  33 148 136 225  64 113][219 180   3 184 147 180  28 127  61  91 193 213 253 238  42 209 183 139
 157 165 247  95 182 215 176 103 154 206  60  68 171  87][ 86 183 211 170 250  32  26 216 139 201 153 231  76 254 233  66 247 215
  93 243 151   3 140 226 184 100 175 254 188 119 161  21][  2 203 131 191 180 130 175 167 150  13 211 227 161 238  48  64 204 251
  15 195 254 154  76 127 172  54 190 192  20 130 181 140][ 38 135 105 171 180 139 207  53  20 109 219 239 195  45 154  64  92 142
  15 126 248 184 109  63 236 167 164 212  53 138 212 240][229  56 189  81 205 189 232  22 255 123 102  92 158 152  84 189 133  44
 114  28 183 124 242  84  15 123  80  98 202   1 203 151]