[222 205 156 181 187 114  31 175 190 182 142 177 205 119  67 203 167 119
 253 227 120  77 139 174 233 227 255 151 162 117 141  75][ 42 141  48 158 219 209 150 231 159  69 124 163 172 236  38 196 203  59
 131   1 118 170 106 255  39 118  10  27  87  78 157 222][  8 135  18 191 147 130 172 103  30   1  74 195 236 227  40 192 115  43
 138 133  82 152   3 255 164  38 154  65  16   8 173 136][  2 141  27 251  82 192 184 103  62   1  74   2 189 155  32  64 242  59
  19 129  82 152  18 215 229 167  26  65  16   0 165 170][ 80  39  91 229  58  11  58  41  44 168 250 232 215  67 136  80 118 157
 109 226  72 147 193  79 244 229  43 149  32 162  39   1][  2 141 188 154 185 241 176 199 159  21 204  17 172 222 102  64 193  59
 235  17  54  73  82 247 175 247  30 123 144  76 173 206][ 38 191 248  27 250 233 182 239  31 176  56 175 236 253  77   0  55 123
 243  83 118 120 222 255 126  23  29 251 253 223 143 155][103 107  36  47  44  31 206 232 207 248 176  77 235 104  87 130 221 193
 110 103 206  99 207 189 190  88  15 190  93  62  90 141][ 88 248 181 116  41 204  89 150 171 186 166   8 191 151  65  63 135 247
 125  88  11  79 178 225 219 249  82  58 130 144   7 123][144 205 111 253 150 194 255 246  20   6  94 131  49  47  48  65 122 254
  55 200 104 188  37 175  99 239 246 129  53 216 244 234][ 39  37 162  22 197 116 250  66  91 199 109  31   8 236 119  46 217 235
 147 151 150 242 182 226  23  28 138  43 199 111 126 214][154 207 106 255 214 130 254 246  21   6  94 131  57  43  50  65 127 235
  23 207 236 190   5 255 118 239 190 129  53 153 252 202][ 54 245 123 238 126 135 223 248  15 168 249 106 124 223 253   0 254 249
  23 235 195  35   8 255 122 140 175 190  85 187 115 161][236 180 149  97 169 111  71 136 122 179  35  24 214 115  72  59 145  84
 104 122  57 116 217  50 205 154  69 116 192 113 198  34][ 17  93 255 253 150 226 175 182 116 194  78   2 245 183 177  96 103 127
  59 202 225 216  53 111 229 175 254 128  37 240 165 248][ 72 156 190 245 173 254 120  31 254 187  14  16 253 191  80 106 165 119
 249  24 178 221 243 195 207 255 223  65 130 196 197  42][243  90  39 188  45 208 201  70 205  76 208  98 140 158 181 239 206 177
  31  65 201 175 102 192 144 112 202 154  22  28  52 109][139 125  39 221 160 159 175 255 126 234 222 198 253 230 147 100 119 111
 127 141 225 216 119 255 228  46 191 128  14 244 177 253][ 34 143  58 158 222 193 191 231  30   5  88 163 164 238  38  64 255 123
   3 129 118 186  10 255 125  54 158 171  85  74 181 218][165  99  65  71 116  31 238 184 113 224 115 204 243  64 157 181  92 204
  70 110 237 178 109  47  36  28 165 180 111 191  82 164][  1   9  67 237  84 135 234 115  70 160  74  66 145 131  48 224 120  44
  18 201  65 186  85  28  36 172 170   0  61 138 241 168][ 36 113 123 103  80  79 103 248  49 228 109   8  83  87   9  48  24 252
  80 106  73 178 249  44 119 141   5  52  99 179  70 242][195  48 167 220  45 246 169  66 253 203 211 112 156 150 181 239 192 181
 126 153 169 199 162 194 145  58 154 138   6   5  53 101][136 250 255 247 104 141 233  87 127  61 246  80 255 135 196 105  62 191
 110 152 131 252 243 241 199 251 114 192  96 136 197 249][129 150  15 189  32 175 173  51 188 122  82 244 245  39 160  73  39  35
  62 172 225 156  17  95 196   2 122 128  24 200   1 249][120 109 123 234  21 207  75 232  37   4 237  10  51 223  25  48 120 156
  81 106  72 163 120  61 243 205 129  61  97 139  70  42][ 34 137  42 170 220 197 215 237 142  93 200  11  54 253  62  64 216  11
  19  85  94  43  90  53 123   5 175 125 144  10 252 202][253 116 148 119 141  63  70 152 114 186 165  88 211 113  73 191  25  68
 104 106 105 244 219  42 165 203 101  52 106 121  90 160][100 229 153 106 221 109  71 152  67 137 105   8 242 241  73  48 217 218
  98  90  27  34 251  51 111 157   5  60 208 123 198  42][ 10 157  48 155 219 217 182 239  31  85  76 171 172 190  38 132 171  59
 147 129  86   8 122 255  47  87  30 123  87  12 141 222][124 233 148 102   9   9  66 136 162  49 163   8 231 211  72  82  32 196
 104  90  74  35 219  33 217 225   1 125  96   2  74  10][212 100 190 182  42 108 119 144 169 246 167   9 223 255  11  91 167 245
 109  99 104 101 155  34 243 227 101  29  96 115   7  99][210 255 211 181 243 168  62 246 191 138 114 245 172 191  97  81 167 127
 255  83  96 220 146 238 190 242 126 130  12 117 167 155][ 62  87 104  79  85  95 223 248  85 236 253 175  91  45 159  52 120 204
 151 239 205 178 125 222 119 125 165 133 119 191 118 246][120 165  56 235 184 207  83 157  51  61 188   8 247  87  72  16 153 154
  77  24  58 106 249  55 239 221  37 117 192 138 198  42][ 18 140   2 172  21 195 202 103  21   1 218   2  43 170  48  64 121 171
  31 161  56 187  17 159 185 230 138  65  53   8 177   8][108 177 144  64 249 173 113 218 235 189 172  12  14 209  77 158 133 154
 102  24  18  42 218  80  95 220  21 126 194 195  66 162][245 240  93 111  60  79  70 184  91 248 177  76 211  81  77  51 216 196
 124 110 105 102 249  31 191 219 101  60  88  59  82  49][240 104 157  62 169 104  84 174 171 154 160  56 182 115  65  27 129 118
 108  66 107  79 203  33 137 243  85  59 128 113   6  11][ 54 117 104 238  93  87 223 248  83 232 253 175  83 221  95  48 252 220
 215 231 204  51 253 158 119  93 165 191 119 191  86 211][120  78  94 101  36  43 100 114 116 166 238   8  99  35   3  17 120 228
 108 104 104 247 193  12 214 235  97  17  97 248  78  10][ 65 124 151 114  25 237  49 150 254 243 170  88 182 247  65 122 129 119
 104  24   3 109 187  34 221 158  87 122 200  80   3  59][ 34 161  16 155 221 225 144 239  30  29  72   3 164 186 104  64 217  27
   3  17  18  42  66 245  45  20 158 107 144  72 181 138][125 125 217 101  62  79  86 190  99 232 190 108 151  51 193  48  30 252
 108 106 201 186 209  10 247 205  37  52 106 186  66  57][108  33 185 227 172 109 119 153  43 189 191   9 151 247  75  26 145  92
 125  26  26  82 250  16 207 221  37 125 192 235 198 115][  1 137  27 253  86 207 185 119  60   1 106   2 181 147  32  96 114  59
  19 137  82 184  16  77 229 175  58  64  64   0 161 170][175 249  57 250 237 253 246 220 207 121  53  56 158 221  94  43 143  27
 215  83 151 106 250 241  79  89  53 255 210  31 223 199][249 189  63 254 185 207  87 253 253 232 164  12 255 215   0  49 132 247
 125  98 121 107 123  61 249 251 103 122  90  50 135 123][ 60  96 224 224 124  59  74 216  83 162 181  10  75  73 221  28  89 200
  85 250 138  38 109 186 218 221 165 252 247 187  82 128][  2 166 128 153 221 165 168 203  30  49  73  85 132 194 120   8 217  11
   2  21  54  56  91 215  12  22 155 100 144  72 145 128][ 63 100 224  97  52  51  74 216  87 224 189  10  75  73 221  60  91 200
  21 250 138 166 109 158 218 223 161 244 247 255 112 228][ 88 177 181 247 173  76 125  29 171  57 167  16 223  55  72 127 225 214
 125 152  91  73 251 129 207 251 214  84 130 160 228  42][ 73  49 185 101   5  94 117  24 104 232  39   8 222  49   9 178 144  84
 120 104  65 112 249   8 231 249   5  22  72 114  67  42][216  28 151 247 160 238 101  55 244 187 170  16 247  55   1 123 129 118
 108   8  57 252  49  46 233 231 118  16 128 112 133  42][186  77  98 238  21   6 222  96 117   0 242   2 107  89  53 192 120 173
  31 235 104 179   1 239 243 239 130   1  55 191 124 138][ 57 223  67 141 213 147 102 117  85  72 250 102  98  64 160 228 120 170
 134 104 221 187 101 191  48 196 164  64 123 142 248 188][136 234 255 117 120 143 105 255  62 175 118 208 251 167 192  57 127 254
 110  24  41 254 251  63 221 239 119  64 225 128 198 185][ 88 253 151 101 176  78  71 182 224 162 170   8 183  51   1  86   0 246
 108 104 105 201 209  12 225 238 101  16  98 240   7  42][244 237  92 102 248  14  95 252  50 174 175 173 115  99   9  17  55 254
 125 238 104 211 203  47 248 175 165 180  40 243  34  59][124 253  59  78  25  95  87 252 113 238 236   8 123 117   1 180 152 254
 228 106 105 227 249  63 251 239   5  31  99 251  70 123][130 168 213 213 234 232  41  79  63 179  98 144 180 247  68 127  35 254
 115 152  51  92 227 115  13  58 223 168 128 192 231 232][220  30 253 245 162 106 125 183  53 239  94 245 223  55 131 123  39 215
 189 188 185 216  33 234 239 239 246 128 166 241 133 123][ 82 136 150 181  11   8 104 194 175 146 130   3 231 226  64 219 225 231
 104 128   8  75 139 225 157 178 223  18  32  96  33   2][213  95 159 101 176  14 111 180 124 236 110 228 247 103 131 115  54 100
 108 110 233 208 245  46 236 171 101 144  40 178   1 121][ 80 253  63 126 147 200  53 231 249  68 110  32  62 247  32  48 162 243
 104   0  99 235 178 111 241 239  22  10  96  80 167 123][  6  62 174 178 179 255 184 194 154 255  25 191 140 188 119  10 167 123
 215  17 182  93 188 242  91  87  63 247 133 109  23 215][ 23 175 233 135 214   3 175 237  58 228  27 167 117 238 221   0  63 207
  19 255 243  80 173 127 124   6 175 228 165 243 183 248][ 64  48 159 249  40 140  48  19 238  57 162  80 150 147  64  91 128  21
 110  16   3 109 211  80 213 240  82  90  64   0  35  43][ 41 176  61 251 237 237 240 143  95  57  49 120 158  24  92 169 139  27
 246  17 151 120 203 241  79 217  51 127 212   8 223 131][ 80  93  30 245 146 238  53  39 172   6  74  33 183 183  32  64 162 119
 105   0  64 153  16  47 225 231 126   1  32  80 165  42][167  54 160 155 253 189 176  74  94  91 217 119 200 200 126 136 221  11
 155  21 182  38  79 210  12  20 154 255 221  79 185 151][220  92 255 254  44 106  95 176 177 198 214 161 255 127  49  91 102 245
 125 226 104 197 251 234 211 251  98 145  38 241  37 123][ 73 185 149 224 169 141  80 150  43 185  62 108 190 179 192 246 135  95
 252  24  27 104 211 225 175 253  52 242 202 132 139  57][ 16  29 191 244 146 234  51 230 172 132 174  33 183 183  33  82 162 119
  93  64  32 137  48  44 249 229  42  81  32  80  37 107][ 99 205 107 205  86 150 238 119  68  64  94 198  49  44 180 228 110 166
  18 237 193 186  53 253  54  44 170 192  61 130 248 252][210  33 212 244  42 136  88   8 187 177 162  25 143 203  68  91 230 245
 125 128  42  71 202 192 155 248 223  59 164 128  99   2][ 67  98  70 159  75 144 169  72 171 212 132 139 109 206  87 150 103 229
 251 141  38  67 255 253 157  94 219  59  39 133  43 196][ 55   7  78  10 156  51 226 200 197   5 251 143  66  72 190 196 120 198
  74 127 156 163  13 244  48  40 130  85 221  31 248 132][ 12 104 254 243 102 200 123 128 168  21  39 146 253 207  26 123  98 121
  27 218   2 192 170 224 199 249 218  65 164 147  39 226][166 188 120 218 255 233 151 238 159   7 124 187 228 252 110  36 223 123
 243  19 178 110 122 255  63  22  13 251 212  93 151 255][220 157  63 244 184 206  85 178 164 240 162  16 215  55   0 115 160 117
 125 106 121 201  49  44 241 227  99  16  32  33   5 114][128 124 122  85 118 202 181 118 252 142 126  32 180 187  33  17 162 126
  71  64  96 252   0 110 103 175  52   1  68 240  71 171][248 237  59 124 221 205  87 197 211  12 228  24  51 213  97  48 216 250
  65  88 122  47 250  63 251 205 133  57  82  11 246  42][171 207  99  77 244   2 239 182 112 202 122 231 121 104 149 244 126 238
  22 239 229 186 101 239  38  46 164 128 111 247 242 221][188  93 101  78 151 114  71 188  81 230 207 134  83 109 191 228  89 196
 156 110 233 162 125 174 179 239 133  20 119 255 244 116][222  96 134 164 139   2  20 104 161 134 163 155  79 234 106 219 250 229
 237 227 108  71 146 128 144 242  79  31 163 117 175   6][116 233  24 234  25 205  66 232 227 160 161   8  87 211  72  18 136 212
 104 122  74  35 218  16 217 193   1 125  97  11  66  10][216 172 188 116 169 253  85 159 187  63 182  25 191 191  66  27 131 151
 253  24  58 111 243  51 219 251 116 121 226 192 207 107][ 93 117  21 103  48  78  71 184 100 232 171  72 215  55   9 115 144  84
  92 122 105 224 121  12 233 255  37  20 106 115  67  51][185 217  63 254 169 207  87 253 245  74 246   8 255 127  32  49 220 241
 127 106 105 175 123 191 243 251 101  24 122  50 230 123][118 241 236  70  13  95 215 200 195 244 161  15  82 220  95  51 216 220
 251 115 207  99 255 176 123  24 133  63  89  63  86 214][ 57 239  67  73 212 207 103 245 100 100 252  78  51 129 160  36 120 170
   6 108  91 186 116  63 244 140 164  96 123 138 212 248][ 43 243 117  73 205  31 236 254  95 121 248  94 219 248 220 164 221 206
 126 253 239 243 255 213  63  95 215 124 223 220 250 157][138 184  58 216 115 208 185  71 190  77  68 177 172 158  38 108 166  59
 155 145  54  13 162 247  83  53  26 235   6   4 167 255][ 39  36 169  83 205 125 195 202  95 243 173  24 146 216  93  46 217  72
  82  25 135 102 250 178  13  28 149 124 209 123  90 164][ 77 249 183 254  61 221 178 232 255 248 163  12 254 249  73 246 177 229
 250  83  67 227 219 253 187 222  71 126  74  55  35  23][129  42 255 247 116 239 233  22 127 169 118 114 251  29 144 121 127 255
 110  24 163 252 229 253 205 255 115  64 197 136  69 169][ 25 141 111 253  23 210  45 119  52  64  78 130 189  55  48 224 118  62
 147 141 113 152  53 159 237 239 154  64  62 128 177 184][109  52 141 111  45 111 195  56 102 234 255  72 211 113  25 179 216 196
 126 106   9 226 249  24 133 251 225  52  72 107  90  34][182  32 233 169  92 107 201   8  86 231 161 159 211  76  95  40 217 141
 123 183 174 118 127 158 221  71 139 125 221  47  84 214][108 165 185 114 221 237  81 139 243 181 173  24  23 247  72  58 129 158
  96  16  26 106 250  18 219 197  21 125 224  74 198  98][252  96 149 118 136  76  69 184 243 190 167  24 215 115  73  59   1 212
 108 106 104 103 251   2 217 170 117  60 226 241  70  34][104 169 185 106 189 109  87 175  82  45 172   8 183  53  72  48 217 154
 109  24  26  42 251  51 239 221  52 121 208  88 198  42][ 53 233  59 106 212 207  71 253  66  32 237   8 115 209 105  48  88 232
   2 122  91  50  56  61 121 141  37 124 113 155 242 162][ 12 176 145 187 253 233 177 200  14  49  41  26 156 219  72 136 203  27
  19  17  18  50  90 209 141 148  27 126 208  75 129 162][ 57  73 106 108  85 215 198 196  85 128 228   2  51 216  55  32 120 232
  18 234 204 183  52 174 115 205 132   9 119 186 122 140][ 25 207  14 125 150 150 111 183 116   8  78  70 113 115 178  97 116 110
  52 236 248 152  37  47 231 239 167 128  59 176 248   8][118 177 104 138  95 209 146 200 131 100 153 143  10 204 127  16 248 153
 211 245 142  35 254 221  59  16 137 255 117  15 126 214][189 112 107 227  84  23 203 216  69 232 181  78  83  77 249  45 124 232
  23 255 233 183  60 170 115 201 165 164 111 187 114 240][ 25 137   3 239  20 143  99 117 100  32  75  66 177 131 176 228 120  40
   2 200  81 184  85  29 165 173 162   0  59 138 112 168][ 42 143  32 158 223 241 150 231 159   5 124 163 236 236  38 196 218  43
 131   5  86 170  70 191  42  54  10 123  87  14 188 222][214  79 190 188 139 114  60 166 173  22 134 179  76 238  39  91 231 247
 249 227 116  77  34 232 179 114  94 155 148 117 173  71][173 253 124 242 236 221 255 220 203 250  60  56 190 221 223  35 143  83
 215  83 247  98 234 243 111 217  37 255 214 219 215 203][217 176 181 240  41 204  89  27 171  25 164  24 191 151  72 126 128 147
 125   8  75  79 242 209 211 249  82  58   2 128  71 122][227  90 236  30 201 116 156 157 155  95 213 151 232 252  95 107 205 223
 241 135 207  70 254 227   7 123 222 171  85 116 246 223][ 84 100 186 182  10 108 127 128 168 182 207   9 223 255  75  90 183 245
 109  99   8  65 155  96 243 231 103  29 160 115  39  67][ 10 157  48 159 219 249 150 239  31  69  76 163 172 252  38 196 203  59
 147   1  54   8 122 255  47 118  26 107  18  76 141 222][ 58  73  66 236  21  66  66  96  85   0 235   3 107  89  53 192 120 173
  11 227 108 179   1 141 179 235 130   3  51 171 124 130][ 61 121 106 110  28  95  87 248  65 236 189  13 115  93  27  48 216 236
  84 110 205 163 121  60 243 205 165  52 105 187  94  82][195  54 167 208  45 242 169  66 253 219 211 112 140 158 212 239 231  21
 254 153 177 207 167 194 148  62 218 202 134  69  55 245][  0 141  59 191 214 225 191 231  30  71  88 131 180 239  32  64 255 123
   3 131  50 186  10 127 109  38 190 200  21  74 181 218][ 45 121 117  71  81  79 103 240 101 232 231   8  83  85   5  53  24 252
  84 106  73 178 121  44 103 216   5  20  67 187  70 242][142  90 190 217 101 244 177  82 254  95  86  55 188 159  99  75 229  57
 187  17 162 213  50 226  71  51 218 195 154  89  61 219][ 55 247 104  15 218  27 198 248  70 236 249 239  67 104 159  16  92 204
 198 231 220 179  77  62  58  69 165 245 125 191 122 213][195 173 163 221 188 183 111 127 119 235 222  84 249 230 176 228  93 238
 127 141 251 222 247 255 165 126 191 128 158 212 177 124][  9 133  17 169 181 139 160  47  94  33  72 102 180  50 160 196  91  10
   2  29  19 152  81 151 172 150  30  70 154  12 145 140][ 88  35   1 165  48  14 107  57  44 172 202 197 223   7   0 208 118 141
 108 172  73 152 193  12 164 229 171 132   8 162  35  49][ 90 189  54 186 185 253  48   7 191  93 142  49 190 215  98 124 167  51
 255  16  22  73 178 247 219 215  26 123 146  68 165 123][ 38 160 152 154 253 237 146 202 158  63  41  25 132 216 108   8 217  25
 195  17  18  46 218 211  29  20  27 127 208  11 207 130][  2 207 188 187 185 249 148 167 158  29 152  49 172 250  38  64 195  51
 239  17  54  73  74 247 234 247  30 251 144  72 141  79][ 90 189 182 245 185 252 120 135 191 121 142  17 238 191  68 122 167  55
 253  16  50  73 243 247 203 255  94  83 130  68 133  90][189 105 232 101  68  27 207 216  83 162 244  10  83  73 221  45  88 204
  23 250 200 246 109 152 114 201 229 180 119 187  82 160][ 18  13   6 141  21 134 168 103 172   4 218   2  44  42  48  64 104 167
  27 129  88 153  17 221 177  38 154  65  21  10  49   8][134 189  65 191 218 203 174 239  30 224  88 239 117 238  28   0  63 123
  83 199 119 220  30 127  60   6  13 228 125 251 131 152][ 20 253  61 254  56 205  87 232 174 184 168   8 183 247  65  19 137 243
  93  98  75  99 250  61 249 225  39  60  64 115   7 162][ 43 143  66   8 251 155 150 239 223  64 248 239 106 232 166 196 222  42
 130 100 222 171  76 191  58  92   4  91  95  14 248 141][ 10 157  48 155 219 249 182 239  31  85  76 171 172 190  38 196 175  27
 147 129 118  24  58 255  47  86  30 107  18  76 141 222][228  58 156 118 168  40  21 152 186 158 181 124 214 227 193  27 135 118
 108  18  48  71 203  32 204 162 101 187 128 241   7  35][179 129  99 136 213 150 232 109  93  65 195 215  72 200  62 228 248 171
  19 173 255 155  21 223  56  60 138  64  31  14 248 196][253 102 148  55 137  63  68 152 243 190 167  24 206 113 203 191 129  68
 236 110 108 101 235  40 131 219  69  55 202 253  74   4][ 68  60 159 115 186 232  49 134 186 147  42  48 246 247  65 122 163 119
 104  16  51 201 187  99 205 166 119  64 128  64   7  58][124 225  60 235  56 207  87 188  39  61 180   8 215  87  72  17 152 144
  77 122 122 100 249  61 235 219  37 116  80 155 198  99][255 108 228  81 205  59 196 142  75 182 172  24  10  40 215 191   9 198
 232  28  46 102 239 144  30  91  85 127 199 253  90   4][252 180 188  52 137  95  87 187 242 254 164  29  66 117  75 183 145 196
 236  34 237 103 250  14 251 211 101  63 202 116  94 119][108  35 240  64 237  89  70  77 107 172 188   8  10 129  69 180 152 140
 196  24  74  35 234 146  31 221   5  63 195 182  78  36][  0 172 223  81 184 235 169   7 190 183 230  16 176 167 196  42 107  62
 106 152  50 220 227 115  77 174 119  64 192 192 199 168][ 39 229 115 202 252 131 207 248  95 128 249 202 121 203 189  32  94 235
  23 235 227  35  12 255 120  28 167 252  93 187 114 161][ 97 235   1 163  44  15 202 184  79 232 184  77 231  72  84 130 220 197
 110  71 207  98 207 189 172 208  47  62  88  46  83  69][217 121  93 101  50  75 119 182 109 224 122 232 191  23 129 114  38 245
  76  72  73 248 241  44 164 201  37  16 108 176   7  57][ 24 207 106 191 150 130 238 230  20   6 218 131 115 107  51  64 122 235
  23 231 236 184  13 191 242 239 174 129  53 251 120  10][109  49 184 101  53  79 119  57 104 232 111   8 214  49  74  50 144  84
 108  42  65 240 249   8 231 189  37  52  72  42  66  34][ 16 129  26 185 150 192 161 111  54   5 201  18 181 211  40  64 249  27
   2 144  18 152   3  87 137 164 154  73 176   0 165 138][ 88  28 159 246 139 234  21 167 180 151 171  48 255 119  33  91  35 247
 109   0 120 201 187  46 249 227  86  18 160 112 165  43][237  97 172 182 205  77 212 200 194 250 165  25 147 248  91  11 201 204
 113 111 108 103 218 160 211 217 205  61  88 121  90 194][ 23 237 235 135 214 195 239 236  50 228  79 130 113 231 221  32  59 239
  19 255 115 208 173 127 252   6 175 228  37 243 183 248][ 94 184 148 186 137 221  24 206 191 127 132  25 238 247  74 223 161 243
 233  16  62  79 186 241 155 211  95 127 146  84 143  94][ 55 132 173 186 157 245 194 202 215 127 137  25 194 220 121 232 217 129
  59  21  63  39 123 179 153 215 155 127 144  75  84 102][ 39 255  64  79 117 147 134 248  87 104 253 102 226 232 191 164  89 106
 134  74 207 186 108 191  46  92  37 187  95 191  90 141][163 176 161  27 205 253 216 143  95 121   1  29 138 220  94 172 217  11
 179  21 159 126  91 147  15  94 157 127 219  12 218 214][122 232  46 186   9 213  88 200 163 244 160  11 107 222 127 154 233 241
 249 195  14  67 154 241 155 209 143  63 113   6  46 206][ 16 141  30 237  50 194  59 103 172   0 202   2 189  19  32  64 102  59
  15 192  66 137   0 125 225 165  42   1  48   0  37  43][125 221 233 111 150 118  71 190  84 226  79   6 115 125  57  96 125 214
  52 106 253 176 125  46 251 239 229  20 253 251 212 112][248 253  63 124 185 223  87 191 115 234 124  40 122 253 135 180 149 126
 228  32 233 251 243  31 107 255 101  55  98 240 206 127][ 92  53 250 230 226 108 119 216  43 172  61  41 223 255  75  82 183 223
 125 114  16  51 184  32 255 237  39  45 160 243   7 227][109 241 180 235 189  31 220 253  79 121 191  76 219 248  94 160 221 133
 126  47 221  99 251 149 251 223 199  60 218 254 218  22][ 62 242  96 106 121 213 222 248   3 236 189 175  43 221 223  52 156 216
 213 246 206  38 250 189 123 221   5 255 127 191  94 215][213  95 127 103  34  74  63 176  56 202  95 228 119 127 131 115  54 245
 125 226 225 209 173 110 242 235 103 128  44 243  37 113][248 188 188 248 169 237  81 151 187  31 180  25 191 191  66  91 135 147
 237  16  58  79 211  51 219 251 116 123 194 192 206  11][213  85 127 103  50  78 119  48 120 234 127 100 215 119 131 115 182 117
 124 106 229 209 169  14 230 235 101 128  40 243   3  83][ 36 236  25 106  92 207  71 236  82   8 236   8  50 209  32  48 216 248
  66 106 106 174 120  63  99 141  37 121  81  26  70 170][109 113 217  71 233  95 102 152 107 248  45  72  90 248 205 186 153  92
 224 122 197 114 248  32  47 221  69  46 203 243  74 148][ 32 181  41 234 252 197 195 237 142  69 217   9  54 221 124   0 216  26
  19  81  19  43 122 183 121  20 143 124 144  10 212 242][116 233  26 106  24 203  67 232 194 172 173   8 114 209  72  16 216 248
  68 106  74  35 200  61 241 129  37  61  64  11  70  42][216  14 150 165 161 170 116  39  61 138 122 117 143  43   0 218 162 167
 236   0  52 156 129  74 150 247 114   3 234 192 203  11][ 18 158  98 154  83 176 186  66 135   5  92 183  40 206  54  64 239 187
 147 145 182 159   6 255  27 116 154 203 183   5  61 223][ 62  40 208 227 199 237 242 192  75 161  41  10  78 219  77 142 235 249
 147  82   2  50 216 224  31 220   7  43 243 123  91 130][ 62  77  34 186 157 227 214 204 151 134 233 139  67 236  63   8 217 235
 201  99  76 163  26 186 179 215 133  59 241 127 254  70][ 80  60 159 242 186 233  49 198 190 209 168  56 182 215  65  58 163  51
 110  16  19 107 186 112 217 146  23 122 192  65  39  59][ 72 188 182 249 169 252  56   7 191  91 142  16 189 191  64 106 163  55
 249 144  18  77 179 243 207 255  90  91 130  68 165  90][ 94 159 252 246 178  60  95 183 185 223  30 245 255 127 139  95 167 247
 253 150 184  72 185 234 235 255 127 195 166 245 133 123][249 221  55 238  45  79  87 253 253 234 238   8 255 247   1 180 152 244
 125 106  73 167 123 189 243 255  69  26  90 178 198 123][108 105 217 102 249  76  87 158  99 191  44  40  86 243  73  62  17 222
 108  90  90  99 250  32 253 188 101  62 226 243 198  35][221 127  90 166  50 154  63 112  60 228 207 230  95 198 163 208  54 125
 204 230 225 145  60 110 240 229  47 128  44 247  47 113][116 105 126 194  14 192 111 196 168  20 167   2  80 195 125  90 106 208
  75 218  74   3 170  96 241 160 134  81  37  51 119  34][ 18 220  58 190  47 209 180 103 140  64 216  35 188 158  32  96 234  51
 155 129  70  15  34 253 177  97  58 155  20  24  37  91][160 172 221 119 112 171 105 191  54 171 242 244 243  99 128  57 127 254
 110  12  41 252 233  63 236 239 247 128 232 128 194 185][ 76 191 253 118 187 254  95 191 179 255  62  60 127 247 202 244 151 127
 253  24 243  72 186  63 235 255 117 255 162 230 134 123][165 221 125 115 180 247 207 183  84 202 124  80 243 125 157  33 157 122
  21  62 249 252 121  62 107 207 117 192 233 248 208 249][216 253 127 118 179 200  53 231 241 196 230  40  62 247   1  51  34 243
 108  64  97 235 178 109 241 163  84  11  98  16 167 123][154  13 103 255  54 194 111  39  53   4 218 162 235  39 176 196 114 247
 157 204 104 153  37 239 162 254 154 128  39 132 117 108][171 207 101  95 244 146 238 191 116  75  90 230 233 104 150 229  95 110
  60 173 245 248 101 239  44 126 254 128  79 212 248 221][213 117 253 101 168  78  87 184 104 234  55 109 215 125 195  59 151  85
 125 107 233 244 233   8 229 235 101 180 232 243  67 115][150 191  38 145 151 247 186 194 158 245 144 151 140 236 126  11 175  91
 211 215 182 249  62 246  59  83 159 231 197  77 181 214][  4 180 185 178 248 233 177 207 174  61   9  57 148 253  72   8 147  91
 123  17  18 104 154 113 205 135  63 125 144  75 135 227][252 232 158 250 141 237  80 194 255 151 165  25 175 251  97 155 129 243
 233  82  42 111 154 177 219 219  85 123 210  17  78  10][200  32 212 176  75 136 232   2 190 179 162  24 142 195  64 155  43 165
 234  24  34 101 195  66 156 179  91 105 192   0  11   0][ 93 116 149 101  57  78  71  56 101 232 171  72 223  55   9 243  16 212
  92 106 105 225 121  12 225 251  37  20 106 243  67  49][117 112  45 170  13  71 210 200   6 248 129  11 211 221  89  43 216 221
 123 243  73  99 219 144 209 201 201  60  81  59  82 242][ 92  55 216  36 178  40  82 154  50 175  59 233 215 179 201  26 183 223
 236  16  24  82 201  34 222 229 101 189 160 227  14   3][ 80 121  29 236  40 205  87 252 166 168 174   8 247 247   1  50 128 244
 108  98  73  11 242  61 241 193 103  57  96  51   7  43][124 248  93 234  40  79  83 188 175  56 182  40 223  83   9  17 146 212
 109 106  74  97 203  61 211 251  97 117  82 155  70  35][ 47 255  97  79 126 219 166 248  79  96 121 238 122  76 191 164  94 106
 146 111 199 178 124 189  46  28  37 214  95 191  80 221][ 60 121 115  71 114 203 103 224  97 168 254  40 114  87 133  52  58 244
  68 106  73 176 104  44 119 204  37  18  99 179  70 171][ 16 143  43 191 214 227 175 247  22   5  88 163 245 237  48  64 255 123
  19 133  50 186   8  63 237 167 175 200 149  90 181 250][ 92  33 250 227 178  78 127 217  42 164 239   9 223 247  73  82 182 223
  77 114  88 145 153   8 249 225  39  53  32 179 135  34][ 34 125 121 124 252 141 223 247  91 168 120  72  51 189  85  48 157 255
  87  73 235 122 208 191 127 222  21  58  69 152 210 171][ 84 111 218  52 162   8  30 158 178 182 174 169  87 227  65  90  55 247
 109  82  72  67 139  32 248 167 101  45 160 243 167  11][253 182 188 116  40  95  85  57 242 254 165  61 210 125  74  59 149 116
 253  32 173 103 251  12 203 219 117 191 192 224  94 115][248  36 236  52 141 121  85  79 211 247 172  25  35  44  87  27 137 230
 233  17 124 111 255 130 219 215  85  63 227 124 222  78][227 172 170 221 220 181  73 127 127 195 196  24 177 226 144 125  89 174
 122 141 191  94 247 215 159  62 159 104 140 200 242 172][ 28 237 107 167 214 195 239 238  54 228 206 130 113 231 185  32 121 238
  19 255 123 154  61  63 249   7 143  36  37 243 246 224][ 56  72  22 236  21  66  82 104 197   4 235   3 107 217  33 192 248 164
 139 226  76 179   0 157 243 227 130  19 115  63 124   2][ 43 125  99  93 252 151 255 254  87 232 124 234  57 189 181 164  94 250
  23 205 201 186 102 191  38  94 165 170 127 253 242 253][ 14  28 190 177 195 244 176  66 191  95  94  55  28 191  99  72 231  59
 179 145  23 220  50 242  79 231  90 195 186  69  45 211][236 236 157  52 168  91  69 172 226 246 166  28 247  97  75  27   1 100
 104 106 109 101 251  41 233 163 117  61  64 248 206  88][128 143  30 117 176 174 124 183 180 191  38  21 247  35   2  91 129  38
 109  56  48 221  65  47 238 235 119  65 168 192 137 139][ 57  35  11 173  48  78  75 120  36 236 127 236 211   7 130 208  92 140
 132 236   9 146 229  12 244 229 163 164  42 162  46 241][241  93 254  54  22  66  95  38 112 226 234  11 115  58  19 113 122 231
  16 227 108 254 149  46 240 239 198   1 109 112 106  10][ 51  23 236   7 110  18 156  61  65 228 159 231  97  44 151   7  94 230
 245 231 205 242 125 200  46  42 229 147  45 254  88  93][ 53 119 108  47 184   3 206 248   6 236 153 239 211 104 155   0  92 204
  77 239 204 163  77  60 232 133 173 180 125 187  90 209][ 84   3 206 133 166  42 105  18 232 180 190 231 133  34 195  91  98 132
 108 188 148 193 229  64 212  33 242 149 164 241 109  97][194 137  22 159   5 132 168  37 172   0 195   2 236 138  32 195  96  39
  59 128 112 153  16 205 149  50 218   1   0   0  57  10][231 181 172 191 141 116 157 155 154  91 153  21 241 252  94  43 205  95
 117 135 254  70 250 163 199 123 254 188 149 118 211 210][ 29  87  95 199 178 194  63 244 188 192  95 224 221 247 169  96  54 127
  63 234 193 145  45 110 244 166  47 132  36 243 165 241][125 177 164 170 157  63 214 121  79 232 173  13 223 248  90 178 217 204
 124 127 157  99 219 144 251 221 133 124 218 111 218  86][166 113 240 194 205  93 212 204 203 184 180  10  10 217  93  30 200 152
 211 114  74  99 250 240  63 216  69  63  83  62  94 142][ 85 177 157  33 176 110 102 191  50 255 170 109 215  54  72  90 149  70
 108  16  31 216 217  32 172 199 117  84 200 113 130  83][ 90 189  58 250 187 253  24 231 191  93 140  17 174 255  98  84 231  59
 255  16  22  75 178 247 219 245  30 123 146  68 165  95][165 255 124 242 236 205 255 188 203 250  52 120 223 249 219  43 143 211
  87  91 242 100 202 243 238 217 101 252 212 251 211 171][101 233  41  35  60 207 195 168 110 224 170  13 247  76  84  50 152 101
 104  79 205 120 253  61 173 157  13  48  68  10  83 124][236 117 164 227 237  45  87 188 131 250 189 125 214 113  73  31 205  64
 127 111 104 102 218 176 239 216 229 190  90 255 210 243][120 240 127 124  57 223  85 255 251 236 180  40 122 253 134  53 151  53
 244  32 237 235 179 157 107 255 117 179  67 160  78 127][  2 141  32 154 223 249 178 231 159  69  92 163 172 236  38 196 219  59
 131   1  22  40 106 255  47  86  26  91 215  78 157 222][110 176 180 250 173 109  80 139 219  63 161  25 142 255  76  27 201 147
 255  16  58 103 218 209 155 219  81 127 210  73 198  22][193 159 159 215 162 142  37 179 236 133 111 100 252 242 160 115  38 119
 110  10 209 217 182 104 204 178 126   0 136  98 163  57][ 92 101 255 103 182  74 111 184 113 162 127 202  91 119 153  55  50 244
 124 106 233 240 173 110 247 175 101 132 103 243  70  33][ 82 189 191 244 185 236  81 167 191  53 170  24 174 191  68  82 161 183
 253  17  26  73 147 247 219 254  94  91 128   0 135  10][ 78 157 254 246 242  52 127 191 187 223  63 189 253 127 206  87 183 247
 253 190 242  73 186 239 250 255 239 222 142 246 163 115][ 88 185 186 116 185 220  85  23 118 239 142  24 191 183  66 122 161 255
 124  24  25 217 179   2 219 239 119  73 162 192 167 107][ 29  79  78 190 150 130  78 240 180 134 219 199 119 107  51  65 122 231
  29 239 108 131  12 175 240 231 238 129  61 251 120   8][252  96 153 226  61  94  83 152  97 168 167   8 215  87  73 250 208 212
 124 122   9  39 249   0 219 233  33  85 162 171  70  34][ 45 121 184   7 253  31 247 248 107 232 173  12 250 248  95  50 152 108
  80 111 197  50 252  40 111 253   5  60  75  63  74 150][210 207 102 222 116 130 111 116 173  14 218 194 101 227 180  71 102 227
  47 238 224 137   4 239  50  62 234 136  53 178 225  45][ 44 158 210 191 215 171 182 255  30   3  88 230 253 249  32 192 127 123
 147  33 144 184  91 191 236 231  63 128 183 126 153 171][ 55 239 113 216 244 131 206 250  95 128 248  78 121 232 181 164  91 235
  23 235 235 186  78 255  60 158 167 172 125 187 114 172][  2 189  32 155 211 241 178 239  31 117  72 179 172 190  38 132 171  27
 147 129  54  24  58 255  47  22 158  99 146  76 141 222][ 80 175 255 119 178 234  49 191  54 183 110 176 247 119 128  81  55 127
 109  16  50 216 171  47 205 167 117 193 160 128 135  99][ 71 106 206 150 234  48 188 162 155 242 146 255 205 238 215 203  39 229
 255 135 197  85 143 224  30  50 255 143 141 245 153  85][202 152 183 249 169 236  48   7 191  31 162  17 238 191  64  74 193 119
 233  16  50 205 211 227 203 243  90  83 130  64 133  10][ 39 189 177 218 245 237 210 204  95  97 121  90 176 221 125 160 221  26
 147  81 147  58  90 183  47 220 149 126 216  91 210 178][236 245 164 230 237  45 199 188 129 254 189  29 210 121  91  27 137 198
 125 111 232 103 219 170 239 219 229 188 202 255 214 115][ 23 173  67 175 210 235 239 239  54 224  74 130 113 230  56 160  59 239
  83 175 113 152  61 127  61   6 143  36  53 250 179 248][101  49  57 101 116  78 115  56 105 236 127   8 214  17   8  48 144  92
  68 106  65 240 249  12 199 189  33   4  72 163  70  99][249 160 181 112  45 253  65  11 235 187 160  24 191 157  68  59 129 150
 124  24  11 111 242 129 147 217  80  58  66   0  70  42][ 61 253 105 111  60  15  71 184  81 232 252   8 115 125  17  48  92 232
  85 110 201 178 121  63 227 205  37  52 121 186  82 240][189 221 189 126 148 102  87 191  80 234 254  10 115 125  49 112 221 246
  53 106 249 251  57  47 235 175 229 148 251 251 216 123][200 105  95 117  48 200 109  55 169 200 230 136 191   7 129 113  38 183
 124  72  97 216 160 108 229 249  50   0  66 144   7  56][150 223  30 191 186 131 150 232 158  26 211 231 236 250  47 195 199 115
 239  67 230 205  74 255 168 115 111 219  28  63  41 135][ 92 101 154 166 138 108 127 200 164 140 203   9 223 251 107  82 176 253
 109 227   8 145 155  64 241 229  47  13 160 115  39   3][130 222  50 218  27 245 184 207  31  23 212 179 172 207  46  73 223  59
 155 145  34  15  66 247  19  54 154 203 151   4  37 223][205 124  21  69  57  94  70  50 233 248 174  72 222  51 129 247 128 212
 252 106 105 224 209  12 167 251  69  22  74 177  74  37][253 125 237 230 207  86  95 248   1 242 189  11  91 125  91  55 124 212
 245 239 205  99 254 168 123 201 197  44  47 255 122 114][ 10  30  34 152  89 181 186  66 151  71 204 151 168 206  55  72 205 187
 147 149 166 143  22 255  23  22 154 203 151  77  61 222][189 221 253 116 180 119  87 190  84 234  60  40 115 125 129  33 157 242
  21 106 249 232 121  62 235 207 101 208 241 249 212 123][ 47  13 101  94 205 253 231  35 193 196 237  10  34  56  52 167  72 242
  18  10 249 106 118 172  39 122 196  26  87 239 212 228][121 221  31 254 173 221  86 189 253 106 236   8 255 247   0 177 148 243
 252 106 121 107 122  61 243 251  69 122  90 178 202  59][ 36 169  81 106 236 137  86 197  75  56  57 104   2  25 205  20 216 154
  70  82  90  34  72 177  54 216   5 126  83 218 194 135][ 92 115 252 101 162 106 119  24  42 238  63 236 223  63 203  58 182  85
 253 114 193 240 233   8 238 239 101 181 236 243  15 115][157  77 123 182 211 182 127 242  53 198  78 130 127 231  35 117  54 251
 146 238 104 158  52 110 243 231  12   1  35 247  39 104][ 62 233 104 106 127 159 222 248   3 160  49 139 123 221  93  48 158 217
 213 103 206  51 216 191 123 221 133 255 119 191  82 194][216 188 156 248 169 237  80 215 187  31 164  29 175 191  66  91 167 179
 237  16  58  79 210  51 219 243  84 123 202  64 143  27][ 33 204  53  93  77 255 197 175  86 114 104  24 242 120  28  36 217  10
  18   8 107 190 123  63  37 158  84  56  89  88 210 172][ 92  87 254 229  34  26  63  56  56 238 247 229 223 127 139 115 182 213
 253 231 229 209 173  72 246 227 111 129  44 243  47  81][179 133 229 143 157  50 204 239  87 115 137 146 224 104 156 167  89 198
 218 173 253 227  77 223  42 122 223  87 127 254 248 140][ 40  60 243  92 119 251 179  66  91 230 124  42  42 189 197 180 155 123
 131  16 166 126 228 187  95  92  21  43 231 109  70 255][231  81 236  23 236  86 157  57  80 246 151 159 113 108  31  43 220 231
 115 239 237 242 255 136  71  43 253 144  77 254 218 220][252 121 176 250 173 205  87 220 219  88 181   8 222 219 105  61 210 216
  12 106  74  35 186 241 243 216   5  62  82 123 198  51][ 41 205  97 109 116  15  79 184  85  40 124  72 115 121 144  48  24 204
  86 110 201 184 121  63 111 205  37  52 115 186  82 168][ 72 185  59 248 114 204 121  87 178  13 108  56 191 151  66 112  38 187
 183 144  18 154 178 119 223 229  50 105  32 128 167 235][241 108 220  84  41  30  84  34 233 178 174   8  26  50   7 179 162 228
 104  76 109 253 213  76 183 251  69  19  74 240  74  12][ 81 184 189  37  24  78  81 184 170 253 166  44 247 118   2  51 161 196
 108  32  29  73 251  29 201 163 101  84 232  34   7 123][181 117 237  99 156  91 206 184  66 240 185  78 211 120 221 163  91 204
  92 127 237 112 125 184 174 201 165 180 253 251  82 164][ 88 207 220  39 178  14  95 191  48 165 238 205 247 103  10  80  55 247
 109 164  88 216 201  47 250 231 101  80  32 242 135  27][249 249 215  94 203  92  86 229 249  18 228   8 126 243   5 247 160 244
 232  74  97 111 186 107  51 249  68  10  74  50 234  42][  2 188  48 153 211 241 186 239  31 117  72 179 172 190 102 128 153  27
 147 145  54  24  58 247  47  22 158 111 144  76 141 222][237 100 213 231 236  41  70 170 139 250  61 120 223  49 201 159 143  70
 253  46 113 116 201 170 174 219 101 190 206 251 210 161][208 207 103 222  60   6 207 173 188  14 251 194 105 234 189  81 246 231
  45 238 232 135  40 239 176 174 234 136  21 242 225  41][ 35 164 225 153 205 229 201 111  86  71 224  27 177 232  20  57 217 170
 115 157  63  94 246  87  29  30 211 104 209  72 246 236][ 92  97  90 230 146  78 127 249  32 172 255  11  95 115   9  80  62 221
  77 250  88 147 153  44 251 237  39 165  32 179 166  35][ 92 115 158 166 184   2  86 216  38 136 155 101 207 243   9  82 242 197
 109 243  76 195 137   8 240 225  47 149 168 115 171  19][ 24 159 210 237 215 183  62 255  22 129  94 198 125 227  32 196 127 126
 131  17 146 184  21 191 238 231 175 192 191 238 185 185][249 105 126 117   1 220 109  39 101 128 230   8 187  19  16 115   8 182
 120 136 104 254 245  13 231 249  80  16  99 144  66  40][ 68  51 121 101 114  74 115  56 104 236 127 108 215  21 137  48 150  92
  76 106 129 240 225  12 197 189  33 132  64 163  71 115][ 92  51 248 101  34  14  62  57  40 236  63 237 223  63 203  50 182 213
 253 115 197 208 225   8 238 231 109 133 236 243  15  83][ 88 123  31 229  40 204  86 180 166 172 174 104 183 215  65  82 134 245
 237  64  72   9 195  57 227 229  39  25  32 178   7  59][ 53 111 105  47  60   3 207 184   4 228 217 239 211 109 155   0  94 204
  77 239 200 178  77  62 224 133 173 180 109 187  18 209][ 93 223 119 199 178   2  47 252  60 224  94 226  93 119 169 116  54 221
  63 238 193 145  45 110 244 238  47 132  38 179 165 113][ 27 172   3 173 151 227 239 239  54 227 202 130 121 230  48 164 121 238
  19 173  57 155  61 255 185 230 143   0 183 126 181 248][ 82 189  59 250 249 237  21 231 191  29 232  25 174 255 100  80 167 187
 255  16 122  11 146 247 251 245  22 123 144  64 167  74][248 180 173 116 141 109  81   7  82 255 164  25  51  61  70  27 137 246
 237   1  60 111 243   2 219 199  85  59 225 108 214 122][ 35 237 115  93 245 191 239 247  95  33 120  74 187 185  52 164 220  58
  19  12 195 186 118 191  39 222 148  34  95 220 210 172][ 92  71 127 231 178   2 111 188  53 164 223 226  89 103 185 116  54 245
  61 234 200 145 173 110 242 239 231 132  39 179 164  33][  7 189 179 209 241 252 185 211 254  93  78  84 140 190 100 236 229  59
 179  17 147 152 178 242  13  28  26 102 130  69 165 247][195 134 172 159 172  20 204 175 239  83 130 221 227  40  30 195 205 198
 121 141 254 109 199 245 174  59 222  81  28 132 216  76][ 43 145 135  94 201 212 164 237 175  91 237  84 232 246  46 182 205   2
 250 142  95 107 122 245   3 122 214  75  83  70 235 228][152  94 222 117 162  86  61 190  53 218 118 245 125 183 163 123 183 127
 172 224 229 220  35 110 234 235 118 131 170 240 173  27][ 47 255  98  11  23 159 186 232  79  64 121 199 106 200 191 164  62 107
 146  71 199 184  60 255  38  28   9  42  95 159  89 220][124 104 212 103  40  13  83 152 171 180 163   8 223  83  73  27 130 212
 108 106   8 101 219  49 215 251  65  62  98 163  66   3][ 49 207  73 237 148 151 206 254  94 192 248  70 243 104 181 160  89 234
   6 239 239 170 109 191 168 207 175  20 125 251 120 140][ 86  95 159 175 170  34 182 232 174 224 203 231 197 230  45 194 246 117
 234 231 197 145  31 252 160 230 207  22  28 123  41  21][ 93  79  78 174 150   2  79 248 148 196 223 231 115 107 187  65 122 229
  61 239 236 131  13 175 240 231 239 144  61 187 120  80][ 81 105  57 167  28 205  67  32 110 228 139   8 247  20  83  48 176 237
 120 111  72 113 249  61 245 129   7  52  96  11  87 104][252  96  89  96  44  78  81  24  97 168 167   8  87  23  73 123 208 148
 108 122  40 103 241  12 211 233  33  61  96 169  70  34][208 188 157 186 137 237  20 135 191  91 160  29 190 191  64  91 165  51
 237  16  55  77 146 115 155 243  94 122 136  64 135  27][ 37 172 172  19 157 175 194 138 202 177 168  25 130  40  87 139 137  68
  72  95  62 105 219  48 141  24  69 117 192 123  90 134][121 253  28 126 169 221  87 191 251 122 172  12 255 243   2  51 129 246
 124 106 253 107 250  61 251 251 101 122  72 112 202  43][ 37 117  81  77  82  23 235  88   7 192 109 206 113 199 165 180  94 168
   2 238 203 178 124 223  38  12   1  44 127 191  98 244][198 164 181  83 169 105 173 138 255 179  35  24 222 118  77 191 131  87
 120  18  51 100 251 114 141 154  93 118 192 113 135  36][ 30 158 186 184 211 242 184  67  63  77  90 179  12 254  38 104 231 187
 179 145  54 154  34 246 153 119 154 195 181  69 165 215][108 176 180 227 173 125  80 152  75 189 181  25 223  61  77  26 201 145
 253  16  26  98 251 144 207 219  81 127 210  75  70   2][ 71 106 202 183 204  32 174 134 170 227  74 207 245 234  83  74 239 239
  57 135 141  82 206  34 140  39 255 169 141 115  57 152][236 180 165 246 237 109 197 191 139 250 189 124 214 121  93 159 137  70
 253  46 249 103 219 130 239 223 117 190 202 126 210 243][ 90 151 108 206 219 209  29  61   3 125 157 175 109 247 202 199  86 154
 181 176  82  74 235 149 107 193 237 255  55 142 180 243][176   4 125 229 220 111 237  23  92 162 178  26 147   9  21  11  74 132
  95  57  40 252  85  12 229 139 245  16 229 248 208 170][248 160 181 112  45 237  81  11 235  59 160  24 191 153  68 187 129 151
 108  24  58 111 242 145 211 217  80 123 194  64  71  42][215 157 249 246 246  92 126 187  57 210 190 215 253 127  92 211 247 215
 253 183 243  75 154 235 255 255 239 204 173 224 235  83][144 207  15 175 150 194  79 252  20   4 218 226 247 103  32  64 122 246
  31 239 121 153   9  63 225 167 175 128  52 186 181 104][ 37 188 152 251 181 173 250 222  95 177  56  94 182 217 125  32 153  75
  18  91  55 120  90 183 111 157 149 124 217  89 217 138][125 157 253 118 180  70  87 183  81 234 190  40 115 125 145 112  93 246
  53 106 249 235 121  46 107 239 229 144 239 251 212 123][ 34 140  32 155 223 241 154 111  31  69  92 179 172 236  38  68 219  59
 131  17  22 170  98 255  47  22 154  75 149  76 157 222][210   2   2 158  21 132 168  96 172   5 195  19 236 202  40 193 248 163
 171 160  48 143  18 215 145  50 218  75  16  10  57   2][ 48 105 115  68 114 203 103 240 105 168 122  40 115  87 133  52  58 252
  68 106  65 186  97  44  51 140  37  18  99 179  70 169][181 204 237  71 244 123 199 248  83 227 117  26  83 121 223  33  89 204
  22 122 184 242 109 174 111  14 229 180 231 251 214 228][106  18 127  92 122  95 145 127 253 237 182  60  62  29 134  59 142 181
 253   0 173 239  51 221  83 251 112 147  67   0  71 123][154 181 172 178 141 101 148  79 158 215 128  19 174 188  95  11 201  19
 249 145 126  79 219 129 217  83 222 123 128  76 181  90][132 254 252 240 236  13 253 255 251 186  52 124 255 253 219  35 175 243
  87  41 227 108 170 251 110 155 101 188  76 248  67 185][138 224  60 251  75 193  56  77 191  23  65  50 252 223 104 105 227  27
 179 131 118  68  59 211 199 211  90  79  52   0 165 130][125  95  78 172  28   2  79 188  21 196 222 231 115  99 179  80 126 228
  61 238 233 131 109 175 242 239 231 144  61 187 240  80][222 151 108 205 139  87  28  59 131 117 141 183 201 127 206  71  71 151
 189 164 218  74 255 213 107  81 205 255  55 166 132 119][  8 189 123 249 114 205 113  87  55  13 108  32  63 151   0 112 166 187
   7 144  18 152 178 119 255 205  50  65  48 128 166 187][ 81 144 253 245  94  12 120  59  59 185 176  66 253 123  88 115 247 149
 127 177 177  75 209 205 223 235 255 236 165 160  35   1][ 59 188 129 185 221 245 192 207  23  91 216  72 250 244 104 172 217  74
 178 153  31  74 251 183 137 215 159 106 154  76 186 252][ 10   4 179 219 235 224 177  79  63  23 111  50 172 223 109 204 243  27
 179 144  18  74 155 211  79  62  26  75 146  68 165 234][ 37 253 229  71 220  91 231 156  67 240 122  66 115 125 221  38  89 206
  51  90 201 240 253 168  47  74 229  16 231 251 212 237][ 25 153 154 237 151 151 122 127  23   9  94  70 105 227  34 196 124 170
 146 220 159 184  17 191 250 239 135  65 187 142 184 154][252 243  91 102  58  11  87 248  33 172 183 108  95  83 137  80  50 212
  76 234  72  35 137  44 242 201  37 181  99 179  70  35][232 164 180 112 173 253  81   7 251  63 165  24 142 147  64  31 129 147
 236  16  58 111 242 147 211 209  80 123 194  64 199  42][ 57 207  12 173 156 151 207 254  86 232 254  70 243 104  51  96  88 226
  30 237 237 168 125 191 233 239 175  16 125 250 248  88][ 66 189  59 250 251 237 113 103 191  23 104  25  62 255 100  80 163 187
 243  17  50  91 146 247 223 215  18 107 208  64 167  42][ 48 107 115  71 114  75 231 252  97 128 106 104 115  83 141  52  62 220
  66 106  72 186 101 109  55 172   5   0  97 178  70 168][ 88 249  27 228  42 204  87  52 164 132 174 168 247 215  65  82 134 245
 236  64  73   9 243  41 243 225  37  24  32 146   7  59][ 40 188 133 185 205 229 224  79  22 123 232   8 178 252  80 188 217 138
 243 145  27 122 243 145  13 214 219 126 211  76 246 250][ 41 175 121  69 116 143 231 119 118 168 126  72  51  49 148 164  24 174
  86 104 201 184 113  63 111 141  37  48 123 138  82 169][212  71  79 165  38  10  79  56  36 166 214 167 247  99   9  83 118 228
 125 238 104 213  65  12 240 227 231 148  36 243  36 112][124 243  90 229 178  10  95 248  33 172 191 236  95  83 137  80 118 213
  77 234  88 147  73  12 250 229  39 149  43 179 166  35][148 188 158 178 171 173 182 211 158  59  19 112 254 255 105  11 167 115
 255  19  50 229  26 243 201 211 111 183 144 105 141  19][129 178 253 245 110  45 249 127 187 186  52 252 189 187 209  11  39  57
 119  12 160 124 146 219  76 154 119 172 220 232  67 185][ 85  79 115  68 242  66 111 252 117 160 254 226  89 231 181 244 118 252
  60 234 201 145 173 110 114 238 167 132  39 179 228  33][241 233  26 126 139 220  86 229 249  18 228   8  62 250   4 179 160 127
 108  66 109 111 154  43 179 251  68  59  72  50 235  14][ 32 189  51 121 213 237 245 103 123  11 120  24 190 185   4 180 137  59
  83   8 115 186 242 247  47 222  20 106 219  72 194 170][248 236  59 164  93 207  67 228 241 164 230   8  54 149  16  48 184 252
  74 107 104 191 176  63 241 148   1  56  96  26 118 106][ 98  48 252 116 106 204 185  23 171 125 182 253 188  31 134  59 142  53
 255   1 129 207 243 213  87 251 122 147  76 128   7 251][ 90 181 189 179 143  97 148  47 143 183 155  43 238 125  74  10 203  19
 253  17  90 105 203 177 217 215 222 251 164  78 149  75][ 88 167 200 103 144 166 111 191  34  37 110 133 115 103   8  80  53 222
 109 156  26 152 217  61 237 175  37  64 160 130 166  40][ 87  89 142 173 154  78  15 168 172 224 207 135 215 230  35  98 118  85
 120 231  77 193 253 104 177 162 207  20  44 179  41  84][111  39 145 231 173  61  22 157  11 186  61 104 206 241 205 190 151  94
 252  58 193  96 235 128 174 221 117 191 130 254 203 165][222 144  55 218 141 117 211 232 141  90 181  26  94 219 108 239 249 209
 255 106  59 103  58 245 147  88  67 126 210  47 103 103][131 189  51 209 243 244 184 199 254  81  70  16 140 158 100 237 167  59
 147  17 179 216  50 215  15  26  30  70 146   4 173 255][ 76 212 149  94 169 120  20 174 187  27 171 120 238 119   8 254 145  87
 232   0  59  77 219 115 139 246  84  95 154  81 138  60][181 115 125 103 166  91 199 184  88 250 183 234 211 120 221  35  58 196
 124 123 233 244 237  44 238 203 101 180 109 187  82  49][ 72  51 120 101 114  78 115  48  40 236 127 237 223  31 130  48 182  29
 205  96 192 176 225  12 198 213  33 133 108 162   7 115][228 116 157 101  32 111  99  24 122 250  51 120 214 119 201  59 145  84
 108  58  33 244 249   2 197 190  97  52 192 113  71  51][149 189  28 185 180 175 210 234  95 176  24  22 182 248  35   1 153  43
  26  57  54 233  25 255 232 158   5 118 216  72  89  10][249 237  60 126 169 205  85 191 243 188 172   8 255 251   2  51 129 230
 108  74 122 107 250  61 251 251  69  57  66 112 194 106][223  94 247 119 146  38  63 178  53 130 163 245 125 127   9 123  55 247
 253 226 172 197  61 110 251 239 255 144 163 245  39 115][233 199   6 190  61   6 207 189 144   6 227  85 233  99  59 199  89 231
  40 174 232  39 232 191 240 254 202  28  18 246 241  96][250 224 161 190 201  64  13 175  18 151 200 155  96 231  88  86  89 207
 113 129  90  78 219 195 217  38 222  60 129  80 182 106][181  79 109  39  60  15  79 184   4 236 159 205 211  65 155   3  94 196
  93 111 233 176 125  44 228 137 165 148 108 187  80 113][180  86  92 250  28 235  82 220  21  23 229 179  67  79  43  89 217 152
 134 114 106  38  91 183 211 241  16  95  48 155 116  18][107 165 168 154 221 180 216 207 219  93 141  29 168 236  94 138 201 203
 243 157 158 106 250 243  95  93 158 127 211  69 218 198][ 52  63 243  85 242 235 182 194 123 229 120 243  43 253 165 128 127 123
 131  83 176 250  36 238  47 222  20  34 229 217 231 235][125 161 168  42 185 241  90 136  79  93 189  41 207 232 218 240 217  67
 236  85 158  43 235 181 234 253  39 255 208 159 238  71][116 225 138  38 216   2  79 173  34 132 175 137 115 227  74  82  48 204
 104 238  88  67 203   8 249 164 101  60 168 242 162  42][108 183 145 230 173 125  86 191  11 235  61 104 222 125  76 150 151  86
 253  34 209  98 203 162 175 223 117 190 202 126 218 163][241 105 222 116 195 188 116  39 233 130  34   8  62 186  69 123 162 119
 104   0  69 121 146  96  23 187  84  43  64  80  75  14][252 112 177 227 173 111  82 152  75 189 181  25 219  29  73  58 153 212
 253 122 154 102 217 146 207 217   5 127 210 251  86  18][175 252  98  26  93 149 174 232  95  66 108 143 104 200 127 180 253 203
 130 239 231  54  30 255  62  95   7 110  91  63 106 156][237 221 253 118 246 214  87 181  80 234 126  42 113 125 149  48  95 246
 245 106 241 235 121  63 123 239 101 144 111 250 214 123][ 76 224 149  83 137 125 197 138 235 243 163  24 222 118  77 191 129 215
 232  19  51 101 251  96 157 146  93 127 192 113 199  38][121  95 111 236 220   6  79 188  21 204 254 199 115 103 179  80  92 228
  63 238 201 154 117 174 243 239 167 128  63 187 240 120][ 85  73  47 165 186  74 111 160 164 224 206 130 215 150 179  98  98 229
 124 239  77 139 165  44 240 160 175 149  36  51  33  98][108 172 211  88 217 240  74 202 115 129 236  72 128 195 196 244  89 190
 226 152  27  26 234 115  31 182 145 109 195 195 230 164][ 82 147 157 163 139  97  20 173 143 179 139 163 236  62  72 206 167 151
 235 145  83  73 219 209 153 214  95  95 144  74 173  31][ 24 189  91 237 114 202 123 119  53   9 122  97  63 151  32  80 182 187
   5 128  27 152   0 127 229 229  58 192  32 128 167 187][230 189 108 201 136 183  30 175 143 247 141 155 153  63  70  67 205 247
 249 166 248  77 251 215 111 217 205 247  21 160 140  82][  2 156 176 155  87 229 176 207  30  71  64  19 172 158  38  72 201  59
 147 145  54  60  82 247  13  22 154 107 144  12 157 222][ 53 249 229  71 148  95 199 188  70 240 186  74 243 125  93 162  88 214
  60 123 201 240 125 172  45 202 229  20 101 251 212  56][ 61 173  18  74 213 191 242 232 115 128 237   8  74 248  46 180 184 234
  66 122  54 179 158  63  59  92   1 111 219 111 234 134][245  80 109  39  38  11 111 184 108 234  23 236 215  81 155  59  54 196
 124 111 233 244 237  44 228 235 101 148 108 187  80 113][ 66 180 156 240 169 237  49   7 171  31 165  24 142 187  70  31 131  19
 234  16  50 111 242 209 223 210  82 123 194  64 135 167][ 42 189 187 250 249 237  49  71 191  23 108  24  44 255 100 188 235 187
 131  16  18  58 178 247  95 223  18 107 210  64 231 170][252 115  81 100  42  11  70 248  33 164 163 236  91  67 137  17  62 212
  76 106 201  55 249  12 242 201  37  20 107 179  98  49][ 84 108 214 126  42   2  22 204 232 138 168 104 102 242   5  58 178 245
 236 226  72  67 138 104 177 226 103  27  64 115  39   7][129  48 221 245 106 173 185  87  30 187 112 116 188 187  64  11 135  63
 119  12 161 252 147 211  76 154 122 160 204 136   1 169][164 209 125 251 140  79  87 248  86  54 229  18  83 117  41 123  89 208
  35 106 104 102 123  48  71 203 197  52 113 251 212 178][105 176 137 168 237 245 144  79  70 121 252   8 182 185  98 176 201  10
 242  25  31  42 210 145  95  93 185 127 218  76 218 154][ 41 157 123  69 116 143 226 119 116  40 126  76  51  49 148 164  58  42
   6   8 193 184  49  63 103 141  32   0 107 136  66 169][ 68  52 189 101  32 110  49  26 122 186  62 120 214  55 193  58  23  84
 108  56 161 244 177   2 205 174  97 180 192 241   7  49][223  92 228 119 139  54 111 186 177 154 171 212 121 127  25 223 117 247
 253 174 168 197 217 238 185 255 223 144 171 247  35  48][216 121  95 108  42 205  81  48 160 192 166 136 191 151   1 115  38 181
 236 106  73  71 243   9 243 233  32  25  34 130  14 122][102 180 225  10 233 117 222 137  11 255 185 185 202 252  95 190 221 223
 245 179 159  98 235 210  15  92 221 255 215 231 214 246][ 81 128 157 229  92  14 232  41  43 185 178  66 157  27  80 123 238 149
 127 185  24  91 209 205 221 186 251 100  33   0  35 138][178 237 255 127 147 233 172 199 119   3 232 210  35 237  21 168 127 219
 131 145  59 250  86 127  47 142  22  41 245 216 239 168][ 38 167 164  26 221 213 221 205 139 125 189  29 106 236  94 158 221 139
 195 149 158 107 250 241  63  84 149 127 211 222 214 222][  9 157  59 253 149 223 245 103  94  65 124   2 191 248  52 160 216  43
  18   9 215 184 114 191 239 253  22  64  89  72 217 170][ 25 141  10 185 181 151 123  95  22  69 204   7  57 227  50  64 220  42
 179 220 158 155  50 191 234 237 135 105 154 140 168 218][120 237 188 118 173 205  85 255 115 190 164   8 179 241  66  17 129 238
 109  72 122 107 250  61 251 251 117  57  98 248 198 106][109 240 144  90 217 188  82 142 251  19  44  28 234 242  79 254 145  94
 232  16  38 102 218 115  42 255  21 127 218  80 202  14][208  68 252 165  36  10  79  56  36 166 151 133 215  35  19  91 118 196
 125 238 104 197  65   8 240 227 225 148  44 243  32  32][157 205  86 242 159 219 182 231 220 226 175  90 125 112  32 164  59 115
 202  99 117 173  29 190 191 199  13  81 127 125 137 132][ 21  95 123 101  50  82 111 244 100 224 254 230 113  38 181 112 118 253
  28 234 201 145 165 108 242 237 167 128  45 179  98 185][208 174 191 254 170 226  61 231 190 159 134 177 245 247  34  91 167 119
 109  16  50 205 171  53 201 227 127 217 128  80 165 107][194  48 189 251 104 204 184  19 187  89 115 125 188 159   0  59 142  17
 119   5 163  94 210 213  71 187 122 234  72 128   3 187][253  89 127 234 173  87  86 216 199 216 181   8  95  89 249 191 216 208
 252 122 237 103  58 184 187 217  69  63 250 255 120  35][249 206 142 190 157  22  79 191 145  14 231  21 239  99  50 215 217 230
 236 174 248 103 233 191 179 247 215  29  50 116 252 100][223  78 158 246 137  54 110 178 177 158 167  28 109  99  27 159  45 231
 236 174 232 199 185 238 187 239 223   0 163 247  43  44][213 114 253 103  38  75 239 184 124 234  55 238 215  77 217  43  55 212
 124 107 233 244 237  10 212 203 101 180 109 251  69 113][ 53 172  18  10 215 191 226 203 123  65 105  10  42 216 126 180 185 170
  66  29 151 187 158 127  58  76   1 107 203  14 251 134][236 116 184  97 173 127  87 152 115 186 180   8 223  29  89  59 157 220
 213 122 168 118 249 130 239 217  37  53 194 251  70  35][ 94 179 185 175 159 105  18 169  15  37 153 171 207 109  72 128 154 215
 237 193  26  41 203 177 219 213 143 255 180  15 149  67][148 246  87 115  50  11  47 249  52 186 107 245  85  71 136  19  55  85
  77  50 113 212   9  95 236 130 117 196  40 130 135 177][130 181  62 251 179 213 184 103 254  83  71  16 188 222 100 105 227  59
 187  17 119 217  50 247 205 219  30  67 144   0 173 186][ 82 217 156 174 171  64  20 141 175 177 138  43 174 246  65  82 194 119
 237  80  31  11 219 241 187 244  31  59 144  50 173  27][113 205 111 237  20 142  79 183  69 192 238  70 115  51  48 112  88 238
  63 108 201 186  81  63 231 237 164  16  56 186 240  58][130 152 176 155 221 229 176 199  30  79  64  19 172 222  38  72 221  59
 147  17  54 188  90 247  13  22 154 107 144  12 157 219][242 173  44 243 156 229  93 175  18 183 139  17 145  63  84  75 205 215
 121 152  58  77 249  62 235 143 255 124 128  65 196  42][ 74 176 176 216 233 237  49 199 171  29  44  25 140 191  78  30 161  19
 234  16  18   9 146 241 221 148  90 107 210  64 135 211][213  91 127 101  50   6 111  48 100 232 246 198 115  15 145 113 126 245
 124 238 233 181  37  76 240 235 231 128 109 178  98 121][153 157  30 190 157 191  85 239 215 247 166  31 110 113  42 141 185 226
 234  76 124 239  51 191 251 195  85  83 219  93 169  78][ 34 184 187 250 251 249 177  79 191  21 124  56 188 255 108  56 235  59
 195  16  18  58 242 247 207 215  18 107 208  64 167 251][220  86 220 229  36  46  95  16  32 202 182  33 215  51  75  91 246 213
 125 110  40 197 193   8 194 235 230 144 172 243   0  33][120 169 188 118 173 201  85 255 227 189 188  40  63 241  64  19 129 254
 237   8  90 107 202  61 251 251 117 121  98 216 198  43][233 232 144  24 201 149 208 207 219  63 228  24  42 216  70 189 201 170
 226  16  46 110 218 115  30  91  84  59 218  84 234 142][208  75 111 228  60 202 111 180 228 168 210 226 247 135 177 115  98 244
 125 235 200 153 133 108 240 161 174 145  36 179  53  41][245 120  89 101  66  14 111 216  33 226 227 204  83  71   9  59  62 196
  76 238  73 151 253  72 149 168  97  52 105 179  66  48][ 86 145 155 162 154 101  26 136 134 161 139 137 215 255 104  64 183 215
 249 243  30   3 155  16 251 197  15 126 176  99 165  18][ 80 180 189  97 178 110  17  19  34 255  46  57 151  55  64  26 133  23
 109  16  56  88 241   2 203 199 117 244 224 192 134 115][ 54 180 232 227 188 101 154 137  19 251 189 185 211 124  95  58 221 219
 221 179 191  98 251 178 203 221 141 255 221 107 222 210][245 253 169 231 156  15  78 189  87 232 154  78 243 121  89  34  92 206
 124 127 253 248 253 175 173 204 165  52 109 250 216  13][ 69 191  29  37 160  47 109 187  36 121  46 236 215  39 139  91  23  70
 124  46 153 216 105  29 204 182 117 212 136 224   3 121][245 105  67 164   2  74  79 240 161 224 242 142  19  23 129 113 106 229
  92 238 105 151 180  44 241 232 167 148  41 179  98 120][245 217 189 239 156  15 199 252 198 186 161  74 211 113  57  99  93 212
 122 106 233 103 121  60 253 139 101  52 217  59 208  32][102 165 228  80 205 249 212 207 235  55 172  25 130 236  94 191 137 202
 226  17  94 106 254  49  31  80  85 127 211  76 222 230][137 160 144 241  52 175  57  19  62  43 118  80 189 179 128 237 135  59
  54  24  51 252  81 195 205 223 114  64 154 136   9 169][ 91  51 246 229  37  30 127  17  41 236 159 167 207  63 215 102 246 213
 253 237 140 209 229 200 215 249 239 130  38 230  37 113][ 88  91  91 108 114 202 119 119 172  12 126 228  63 151 160  80  54  49
  71 104  65 153  32  77 241 164  34 128  96 144  39  59][112   0  30 164  76 138  97  64 227 176 163  10 215 131  64  90 232 164
 106 184   8 227 193 196 213 176 131  84   0  10 114   2][213  82 125 101  38  74 111 184 100 234 118 238  87  81 145 123  54 228
 124 110 225 244 229  10 244 170 101 132 109 179  67 113][105 160 184 168 253 253 177  79  78 117 173  24 148 241  74  32 153  10
  82  24  22  42 250  17  95  29  21 125 218  72 219 194][255 220 222 158 159  54  86 172 217 166 199  23 239 114  47 223 243 230
 249 234 108 199 217 175 178 255 215  23 174 127 248  70][138 176 187 184  97 236 177  71 190  91  64  17 188 223 104   9 133  27
 179  17  51  92 146 211  77 247  90 202 144   0 167 251][  8 181  40 217 221 213 121 255 150  69 108   5 177 199 114  64  92  42
 155 188 154  42 114  31 111 141 131 104  82 136 244 250][221 114 252 101  38  43 123  24 112 234  55 238 215 109 217  59  54 212
 124 106 161 244 237  10 198 235  97 180 236 251  66  49][105  39  69  69 180  26  78  61  97 168 254 200 243  33 145 182  16 230
 108 106 233 176 237  14 174 255  37  16  74 242 202  40][ 42 248 251 218 125 209 185 207 159  29 244  58  40 223 100 176 235 187
 151 144  18  47 106 243  95 221 150 235 211   8 231 235][130 168 160 155 213 249 176 207  31  87  80  27 172 204 110   8 153  27
 131  17  54 126 122 243  15  22  26 107 208  12 159 222][ 45 177  44  75 157  63 194 153  67  61 173  28 202  72  94 188 153 140
 192  62 158  98 249 149  79 221   1 127 210 239 218 198][ 19  89  95 141 102  66 174 103 172  72 218 230  53 138 177  64 250 237
  46 239  69 187  16 205 180 160 170 128  29  48  41 153][228 174 250  87 246 107 111 219 115 231 127 186 115 229 219  24  59 238
   7  26  48 254 172 106 126 143  53 101 231 249 198 224][100  45 216 226 208 165  75 216  50 161 105   8  87 243  73  16  17 251
   3 122  26  18 216  50 123 140  37 108 176 243 162  34][138 176 147 248 243 228 184  71 190  19  64  16 156 159  96 232 135  27
 179  17  51  76  18 211 205 247  26  75 146   4 165 187][ 44 113 188  97 229  95  87 152  99 184 188   8 219  25  73  58 152 220
  85 122 200 240 249   8 239 221 101  53 194 251  70 163][ 91  26 230 149  35 242  56   6 173 196  70 167 140 142  39 221 166  53
 253 149 133 157  53 232 146 113 154 131 174 132  45  93][126 176 189 112 217  93 144 203 251 251 164  25  10 252  71 187 137 148
 249  17  62  99 250  16 219 223  85 127 195 108  94 214][245 112 121 103 102  79 227  88 120 232 119  12 119  21   9  48 178  92
  70 106 129 180 177  44  85 173  33   0  97 179  71 179][252  36 165 231 172 102  75 152  82 242 129  16 211 119  89 171  89 220
 121 250  57 118 251   2 205 203 193  52 162 243  80  32][244  97  91 236  28 197  67  64 193 132 179  10  83 211  13  80 248 164
  76 106  72 163 209 136 177 160 129  56  97  11 118  34][245 112 233 101 172  79  95 152  83 254 181   9 211  61  93  58  31 221
 117 250 136 118 249   2 239 207 229 180 237 251  82 211][ 91  25 242 229  55  30 122  48  45 200 222 167 207  63 150 230 238 245
 253 237 136 209 181 200 215 249 170 130  39 164  33 119][237 107 153 101 100  31 231 144 120 234  54  72 211   0 215  59 152 108
 100 110 201 244 229   8 100 217 101  52  72 187  90 165][221  58 158 228 168  44  89  19 168 250 182 120 223  55  67  91 135 213
 125  56  24  69 131   0 219 233 101 148 168 225   2  35][ 73 217 189 101  40  30  85  61 170 249  46  76 215  55  18  50 132  68
 124 108 209   8 243   5 231 253 101  20   8 160 194 121][ 32 177  45  73 220 207  73 127  86  93 204   4 176 213  58  96  88  26
  91  60 211  42 115  29 111 141 179 124  16 136 212 250][108 113 188 101 108  78  87  56  97 170 191   8 223 115  65  59 156 244
 108 106 200 240 249   8 231 249 101  49  98 251  66 163][209  76 110 101   4  14 109  53 100 130 230  68 243   3  17 115 124 164
 125 238 233 181  17  14 231 171 230   0 104 178  96  56][209  94 254 101  32  46 109  54  96 226 126  68 215  35 145 123  54 244
 124 238 233 244 181   8 231 171  99   4 108 241  99  56][218 170 188 186  11 217  20  71 171  31 160 185  46 175  98 155 161 179
 237   1 110  79 130 177 219 211  94  59  18  68 143  91][245 237  37 247 188  15  78 191  85 226 138  88 243 121  24  35 217 198
  92 111 249 251 217  47 169 223 133 116  72 248 208  40][  8 188  51 251  51 233 178 239  62   9 120  32 191 223  96  32 251  59
 135  16  18 184  74 119 237 212  58 235 208   2 167 171][145  26  27 189  22 198 169 115  60  70  86 198 189   6 179  96 102  45
  58 141 225 156  53 206 197 163 250 128  53 160  37 248][130 184 176 155 221 237 176 207  30  93  80  19 172 222 110  72 221  27
 147  17  18  28  90 243  13  18 154 235 144  12 141 219][241 141  30 239  20 142  70  55 212   0 238   0 243 113  48 113 216 166
  31 110 105 185  81  61 227 169 162  16  56 138 120  42][ 42 234 121 250 127 209 187 206 158  29 116  43  44 223 100  32 239  57
 151 144   2  47 106 247  95 221 186 235 213   8 103 235][234 180 236  24 201 253 209 239 203 119 172  29  10 172  70  31 137 130
 227  21  54 111 250  83  95  81  85 127 211  76 214 222][139 156  30 249 177 252  48  55 189  27  78  16 188 183  32 228 165  59
 154  16  51 157  18 247 143 247  26  66 138  64 169  59][ 97 119  77  69 116  14  71  63  97 232 126 236 243  32 151  51  24  70
  68 106 201 248 245  12 102 185 101  16  72 242 194 125][ 93  52 220 101 164  47  74  25  99 162  39  92 223  35  89  59  55 212
 124  62 153 240 217   0 207 203  97  52 234 235  74  16][180  92 125 127  66  79  87 252  84  18 241 114 115  83   9  49  90 208
  23 106 105 246  89  63 101 138  97   0 121 185  98 171][252  32 212  99  11 106  81  24  35 177 167  24  95  83  72 159  50 149
 237  50  24  86 217   0 223 225  97 117 234 163  10   2][ 45  54 168  97 188 127 219 152  71 254 189  13 211  77 223  56 157 204
  71 126 172 114 125  18 207 221 161 245 210 255  94 242]