[114 173  50  58 139 157 148 239 234  18 168   9 175 232 118   0 169 171
 233   5 126 107 134 179 187  69  31 123  81  84 171 142][228 229 113  98 246 137 199 237 233 162 185 232  23  89  12  17  58 189
  87  99 112  47 200 127 116 152   5 124 101 130 195 160][165 167  80  75 244 175 235  16 127  73 127  84 154   0 158  52  59  10
  70  28 179 184 109 118  44 156  50  68 200 131 195 165][ 80  40 222 117  48  79  81  59  50 164 230   9 183  55   2  80  50 189
 109   0  40 218 209  12 219 231 113  17  96 160   6  43][212 236 223 247 136  43 108 190  54 179 242 210 215  99 137  73 115 207
 110 154  51 220  79 119 236 174 119  68 160 240 161  32][220 231  30 175 187  11  39 252 182 164 221  40 239 227  74  22  63 223
 238  98 107 195 203  63 248 231  47  61 106 115 171 129][254 236 180 186 137 213 150 238 151  23 129  25 238 250 107 139 201 243
 235 211 126  79 218 243 187 243 223 123 210  85 174  78][221 180 189 119 186 111  27 190  54 235 214 124 215 119 136 121 151 215
 125  56 185 216 249  63 251 239 127 214 168 224 135 115][124 125  28 101 157 111  86 190  97 168 190   9  87 113   9 146 184 214
 236  98  88 227 217  46 251 231  37  21 107 123 206   3][173 205 253  71 180  11 111 188 116 234 127  64 211  97 157 116  59 198
 110 106 233 240 109  46 110 175  37   4 111 251 192  33][207 182 228  19 168  57 173 191 114 255  31 252 205 104 218 175  55  71
 253 189 183 100 239  83 236  27 253 252 207 244 155 117][108 164 124 112  61 253 208 154 235  63 181  24 139 217  94  58 137 146
 236  24 190 101 250 147 219 223  81 127 194 137  78  35][ 54  97 192 107 221  15  66 200  71 160 169  73 194 201  93 148 217 204
 206 114  14  35 217 186 187 212 133 127 243  63  90 134][ 62 118 186  10  89 253 210 200 195 252 189  13  74 220 111 148 153 104
 196 119 142  35 254 185  59  85   5  63 211 127  94 215][212  78 140 181 138  34  93 191 148 182 130 191 215  99   3  91  69 231
 109 167 104 197 201  42 240 227 253 149 164 121  20  74][  5 172 188  63 188 173 166 170 250 246  32  29 231 232  83  11 137  99
 106  15 226 105 222  59 236  18  79  56 200 113 211 192][202 248 232  51 235 121 188 142  59 119  20 189 140 188  94 158 135  95
 245  81 150 126 250 243  79  95  93 255 199  85 159 223][ 81 132 172  53  44  42 100  51 116  99 195 149 247  40  18  67  34 230
 108  37 188 252  85  13 196 227 122  17 108 232  89  10][120 188 190 122 169 237  87 254 187  31 188  25 191 255  74  27 165 243
 253  16  58 107 186  51 251 223 116 123 194  80 198 123][205  95  23  71  52  31 102 180 109 232 246  76 255  64 151 181 148 100
  78 110 229 176 105  44 166 217  37 144  74 187  75   5][149 229 221 103 178  74  55 168 116 162 251 232 223 113 137  48  59 223
 108 106  97 240 205  46 236 239  37   5 229 242 163 161][124 112 184 114 169 253  81 218 227 255 165  29  31 221  75  59 129 213
 253  16 143 103 250  32 219 217  53  61 232  81  70 115][ 73 180  26 120 115 173 113  83 169   9 109  29  62 147   2  16 166  59
  77   0  18 137 146  85 211 253  48  74 200   0 139  27][ 73 176  26 184  33 172 121  18 186  27 103  93 190 211  74  88 165  43
 125  28  18  13 146  83 211 253  50  72 136   0  43   3][252  81 188 118 172  76  93 188 224 250 183  25 215 127  89 123 128 213
 125 107 232 103 251   0 211 235 117  29  64 241  70  99][203 134 135 191 169  52  56  47 184  95 195 245 236  38  10 219 167   7
 253 133  55  77 139 119 140 243 122 195 136  68 175  91][228 180 253 114 169 109  85 155 251 251 191  24 222 255  77  63 153 214
 124  58 187 103 251  82 223 218  85 126 194 241 198  51][ 94 188 150 252 153 197  92 238 191 146 232   8 174 255  96  18 205 251
 249  16  10  75 218 253 251 223  79  58 210 112  35   2][150  55  74 175   2 166  43  88  52 134 207 199  69 199  43  72 118 173
  35 238 136 146 157  74 209 161 139   4  45 243  41 240][101  99  82  70 112  11 102 112  49 168 107 236  66 227 141  20 120 204
   6 110  77 146 133  78  52 190   1  10 105 179  98 133][237   6 205 255 236  35 205  59  22 242 157 254 209 107 249 107  95 198
 127 175 249 103 111 154 220 219 255 188 191 248 240 160][ 97 233  17  69  85 143 103 167 107 160 106   8 178  49   4  52 144 110
 106  72  65 248 241  45  45 190   5  64  74 128 194 168][229 229 169  99 217 111  71 136  19 250 173  24 210 117  73  60 153 220
  81 126 123  98 249  50 111 157 133 124 194 123 210 242][219 122 151 184  41 217  24  64 171  93 128 253 175 198 234 222 134 177
 236  85  15  71 130 241 144 240 122 251  10   5  43  85][244 100 220 255 237  43 254 232 127 178 243  24 207 107  13 155 251 199
 110 162 100 247 219 238 183 250  71  55 193 113 207 130][ 68 102 155 167  48  42 107  16  40 136 235 201 215 103   8  80 182 213
 109  98  24 144 201  46 197 231  35  20 224  99   7  32][124 176 188 114 173 237  81 219 235 253 165  25 159 221  74  58 141 147
 253  17 154 111 250  16 219 217  21 127 194   9 214 115][ 63 115  97  75 119  23 195 248  69 108 253 238  91  92 159 180  92 140
 150 238 205 178 109 188 118  77 161 244 127 159 122 245][165 236 196  59 233 189  70 140  87  51  97  28 243  96  93 189 217 202
   2  94 127 118  95  51 140 222  85 116 216 253 210 132][252 112 157 114 139  77  85 216 163 243 165  24 159 215  73  59 135 213
 236  82  43  71 250  50 219 219  85  62 234 113   6  51][ 81  28 189 229  48 110 105  50  52 235 202 116 247  55 128 114  39  86
 124 168 169 216 113  14 197 167 122 128 168 224   5  57][244 186 188 176 168 237  17 154 138 191 132  61 150 159  67  27 133  85
 253  19  58  69 218  48 203 211 125 127 208 105   7  83][213  89  87  35 130 174  46 144  44 232  91 230 221  87 137 120  54 109
  60 254 193 144 189  96 228 168 111 128  45 243 161 113][196 178 156 179 168  44  89 159 190  63 135  29 215 103  74  91 133  19
 109  16  58  68 219  19 205 211 127 124 128 192 133 114][173  48 249  83 229 127 115 216 122 235 101  24 154 243  77 184 153  94
  82  24  35 244 249  34  79 223  21  36 202 241  74 162][ 88 169  90 238  27 201  86 224 175   4 168  41  47 251  97 144 162 243
 236  66  14  11 154  49 243 213   1  59  98  19  47  10][231 253 172  30 205 253 214 232 219 218 249 109  98 252 127 187 217 234
 226 103 239 103 222 191  63 123  69  63  89 127 126 214][120 168 172 114 141 125  84 143 147 183 164  25 179 253  90 154 137 214
 233  24  30 107 251  51 219 223  85 125 210  89 222 106][ 37 244 189 103 156  79  71 184 119 226 231   8 211 121  25  49 217 204
 122 106 233 246 249  46 239 191  69  84 201 251 210 162][228 167 121  98 250 136 126 169 169 160 169 233  87 203  72  80 182 247
  77 243 114  11 200 110 124 164  37 124 101 131 135  32][220 239 214  95 187 219  87 236 247 246 175  44 110 231 207  55  17 238
 238 106 110  71 235 255 250 150   5  63  50 247   6  87][ 69 113  81  69 112  79 103  56 112 232  99  72 211  51 136  52  48 220
 100 106 193 176 249  12  45 172  37  36 104 163  66 161][ 78  36 188  80 137 124  17 138 251 215  36  25 142 188  71  62 129  94
 233  16  22 104 178   2 203 215  80 127 194  69  15 126][ 72 185 149 186 171 201  18 142 171  17 168  40 174 247  64 150 131 123
 237  80   2  74 202  53 137 213  28 123 178   6 135  43][ 44 173  16  11 153 253 146 200 254  37  45   9 230 208  75 132 153 106
 194 114  54  32  90  63 173 212   5 127 210  95  78 198][  1 188  23  29  49 191  32 103 255 203 106  80 252 242 160 244 245  63
  58   1 183 216 146 127 140  54  18   2 136  64 169 157][ 24  52 218 247 210  62 126 125  57 162 123 138 127 127   8  80  55 223
 191 162  52 210 153 207 247 239  47 129 163 242 175 131][141  78 199  63 244  58 110 184 118 234 123 197 241  98 155 245 127 238
  62 238 237 212 205 111 172  62 231 132  47 247 122 213][ 14 252 176   3 145 252  50 142  43 189  45   9 142 148  79 148 129  95
 192  82  22  88 249  50 175  84  21 119 194  87 143 198][ 45  53 125  99 248 111  67 184  97 232 189   8 211 119 201  49  21 212
  84 122 153 240 249  28 239 153  37 116 194 227  70 177][ 63 103  82  78  83 155 198 232 127 132 233 204  74 232 189 148 154 232
 194 110 204 179  12 223  50  92   1  47  83 183  74 132][181  99  97  71 114  15  78 120 112 232 115 108  83   0 217  52  60 204
  20 238 201 242 237  14  60 140  37 164 111 179  82 165][ 80   4  18  57  16 171  32  67 252   0 227  16 167 146  32  84 176  45
 110   0  78 153   3  31 144 245  26  66  64   0  35   4][ 52 249 106 123 212 205 247 212 119  93 253 143  83 205  26  16 120 219
   7  82 222 178 120  53 111 201 165  97 245 155 214 210][229  48 188 116 173  61  80  88 235 254 181  93 142 184  95 191 137 196
 108  14 156 103 250 192 155 217  81  62 202 109  74  71][124 113 208 103  77  31  70 216  67 168 169  77  75 113  73 150 216 204
 236  98  76 114 217 168 183 213   5  63 107 127 218   2][250 188 150 252 137 237  20 239 191  27 168  24 174 255 101  27 141 243
 255   0  58  79 210 243 179 243  87  59 210  80 135  27][104 253 157 252 169 205  85 190 175  59 172   8 183 247  64  50 129 118
 124  72  75 107 251  53 233 255 117  56  64  80 198  59][ 47 120 161   5  29 127 203  80  67 224 129  12 147  28  87  44 204 172
  89 157 141  39 245 130 131  92 137  52 219  63  82 212][  2 248 178  28  91 205 178 230 234   5 104   9 172 156 100 132 136 123
 195  81   6  43 146 125 189  20  30 123 209  22   7 158][ 95 184 246 117 162  22 252 250  59 218 118 161 109 255 148 118 183 253
 245 133 132 241 171 232  90 251  79 130 199 228  99 215][124 176 235  97 160 106  85  23 115 255 183 189  83  61  74  26  25 150
 237  16  26 242 241   0 223 203 117 117 224 192 198 115][239  54 248  87 226  62 185  27 122 251 117 252 120  38 223  63  55  95
 246 156 181  86 167  66  78  30 125 172 207 228  75 149][173  46 235  71 228 122 235 144 121 238 127 237 219 108 223 191 146  76
 213 127 165 244 237  42  78  95 101 129 198 247  86 244][124 185 190 114 169 237 117 151 187 255  55  25 191 183  66  27 165 119
 253  16  26 121 186  33 203 223 117 115 194 112 199 123][206 166 149  57 234 105  13 187  58 123   9 248 221 118 200 187 151  95
 125  50  51  68 203  51 140   2 125 254 144 101 131 225][220 182 189 118 168 108  93 191 163 191 183  56 223 247  72 123 135 215
 237   0  56  79 235  35 219 227 117 189 224 240 134  99][104  29 127 101  84  79 119  56  97 224 238   8  83 117   3  51  24 244
 119 106 105 240 249  14 103 171 101  17 107 250  86 242][ 64 189 148  55 137 237  52 175 186 183 138  25 174 182  66 158 129  87
 232  16  54  73 219 115 173  22  93 119 128  84 143  78][103 169   4  58 141 141 198 169 139  53 161   9 166 232  95 150 137 227
 232  71  94 107 218  49 137 212  13  63 208  31 218  14][  1 195  59 103 180  15 111 188 126 104 250  64 247 115 152 112 212  70
 126 110 201 176 105 111 237 190  39 196  72 179 195  33][213   7  77  37 146  10 108  59  52 162  74 196 211  99 145  80  54 172
  44 172 233 212  69  14 132 166 165   0  45 224   0   8][ 56 207 126  69  86  91 198 231 117 160 254 170  67  40 132 180 122 212
 134 106  76 186 101  14  54 239  37  21 103 250 254 172][171 176 105  81  85 223  97  87 115 107 246 254  50  29 148  61 125 158
 151  24 171 254 113  79  71  62 176 194 111 136 214 251][ 69 140 221 247 164 170 111 158 126 179 122 192 247  99 153 120  55 110
 110  26  19 240 205 127 236 174 119   4 236 251 193  41][208 130 142 191  44 136  89   7 174  21 134 149 247 227  10  74 130 167
 109   5  26 205 195  33 192 227 250  89  36   0 181  74][252 125 126 230 221 111 247 252 233 162 189  10  95 249  61  19 187 198
  87 106 232  35 184 174 119 221  69  60 101 251 211 130][124 112 121 101   3  91  79  56  33 164  47 136  95  71  73 148  54 220
 201 106  72  80 249  12 247 205   1  53  99 179   6  50][101 104 237  69 164  30 207 144  83 232 191  76 211  56 215 190  17 196
 124 126 141 240 253 138 111 255 229  20 207 251  88 109][218 202 190 186  43 240  24 134 190  31 134 177 173 143  98 203 231  19
 237 145  46  77 131 177 211 227 250 219 144  85  45  75][223 180 182 147 131 116 189 223 251  87 151  23 140 188  94 239 167  87
 249 149 183  93 187 227 155 123  94 199 143  84 175 127][ 48  91 115  76 114 202 103 115  37  12 126  32  51 151 165  52 126 184
  70  72  72 186  32 125 113 172  32   8  99 162 102 233][120 176 159 127  40 207 121 252 191 185 247  41 223 247  72  91 241 231
 127   8  24 203 235  85 223 251 117 253 194 128 230 227][ 66 158 222  92  51 172 122 178 175   7 110 133 237 231  46  84  55  35
 237  12   2 136  18 127 103 254  80  75 218 198  13 123][120 185 188 126   9 237  87 232 175 182 172   9 255 255  67  26 129 243
 237  66  10  75 218  49 211 215  85  59 240 115  15  90][ 32 105  19  76  72  31 128  74  78 168 240  72   2 136 133 176 200  28
  66  96  65 123 241  28  21 136   1  62  73  40  99 164][ 62 178 226  87 235 219 127 240 119 207 246 175 235 237 158 180 127 254
 231 134 172 242 255 162  94 255 133 195 231 164 126 215][184 215  91 109 114 203 103 117 100  32 126  96  95  19 128 113  54 188
  70 104 113 184  33  93 116 169  32  64 107 146 226 169][ 74  50 123  88 106 208 185  88 174 141 214 161 205 223 224 126  38  61
 255 209 146  75 166 209  83 113  59 235 166 132  39 115][ 90 121 183 252  41 212 156 228 169 220 164   0 173 254  69 183 234 245
 253 194  73  75 178 233 179 241 207  59   2  52 167 251][202  48 190  54  41 252  17   3 171  29 167  25 174 151  70  91 132 183
 237  16 150  77 178  65 211 249  80 123 194   4   7  95][ 26 172 179  84 211 234  53  71 189   7 110  32  44 183  36 148 163  59
 202   0  18 153 160 107  49 246  22   3 194  64 167 235][171 167 101  69  92  91 205 127  87 236 188 238 163  13 148 165  88 140
 215 172 249 250 101 157  46  73 165 244 103 172 214 252][ 80 160 158  51   8 136   1 136 166 177 131  17 215 195  64  91 129 101
 108  16  14  73 203  17 200 161 115  92 160   0   3   0][224 190 151 183 232 173  36 206 187 187 178 125 102 226 197  95 169 231
 110  16  47 111 203 115 156 146 119 190 201 120 203 157][ 74 217 183 220 235 220  53 231 175  28 142  41 172 191  38 215 230 119
 235 192  66  73 178 241 183 241 222  27  18 124 165 123][ 34 182 223 210 227 228 240 117  57 219 125 125  84 115  78  31 253 191
  55 144  48 222 218 198  95 158 215 202 201  66 230 219][165  98 171  90 228  13 227 216 254  94 113  92  82 200 125  41 185  72
  70 126 134 101 186  96  19  24  97 108 200  59  82 196][ 93 112 189  99  45 111  67 152 106 250 167   8 215  17  73  58 145  68
 124 126   9 101 249  32 201 219  65  52 200 115  66 114][222 120 183 252  43 208  29 196 175 158 134  33 174 222  71 255 230 245
 253 195  76  71 178 224 147 241  95  59   2  53  47 111][ 48  59 123  76 114 205 119 115  37  12 124  40  51 151   0  20  62 186
  71  72  72 154  48  77 117 172  32   8  99 130 102 251][175 255  97  10 242 147 175 248  95 236 125 239 105 204 191 164  63 235
 151 239 231 178  44 255  62  92 173 174 127 255  91 245][ 73 223  17 101  52  15 111 188 124 168 126 104 255  83 152 240  22  76
 124 110 201 176  73  47 236 253  39 128  74 178 195  41][ 37 199 197  15 244  58 111 188 127 234 123 197 241  98 155 244  95 206
  54 239 237 208 237 111  46  62 231 132 174 247 250 213][161 204 119  93   4 171 229 166 236  50  98  80 243  32 148 163  73 102
 106 106  97 252 103  61   5 170  82  16  69  88  82 172][ 94 239  22 142 155 219  87 252 183 166 205 173 206 231 203  21 127 238
 238 106 108  67 235 255 251 246   7  63  34 247 167 103][234 241 248 115 227  93 189 255  59 247  20 157 143 189  94 186 135 223
 245 209 214 126 254 241 239  89  93 255 231 212 159 255][120 161 153  97 208 205  99 223 123  45 108   8  18 147  72  48  49 154
  68  24  26  56 176  23 127 141  37 100 224 130 198 162][ 84 180 189 245 176  78  91 187  54 233 246 124 215 119 136 112 151 215
 125  48 185 216 249  31 255 239  61 212 168 224 135 115][ 37  53 121  99 176  79  71 184  96 232  63  72 211 119 201  48  28  84
  84 122 217 176 249  28 111 157  37 116  66 163  70 241][ 76  39  25 167 176  46 107 184  40 136 235  76 215  99   9  82 146  69
 108 110  25 144 201  14 228 245  43 148 136 227   3  32][ 96 163  58 104 112 141 115  80  99  45 108   8  55 147  64  16 148 190
   4  88  90 186 224  29 255 173  32  96  96 130  70  43][118 172 150 190 139 237  22 232 187 183 169  25 110 254 105 154 249 247
 233   2  62  71 154 251 185 214  79  63 128 119 175   6][244 236 222 246 141  15  84 237 251 178 163  25 227 249  77  27 233 231
 104 195 108 103 219 232 185 218 199  61 225 113 234 130][244 112 157 114 139  77  85 216 171 242 161  24  30 215  73  59 135 213
 124  82 107  71 250  96 219 219  85  62 232 113   3  51][  0 132 153 185 214 163 169 207  30   3  72  82 181 162  40  64 219  27
   2 144  51 152   1 159 236 135 190  64 152  72 161 168][ 49 167  93 233 244 167 227 127  86 169 248  86  49 233 176  32 123 138
   6  61 187 186 105 159  92 207 183 100 253 136 240 169][124 159  82 100 245  63  86 191  97 168 254 109 123 113 128 144 217 246
 236  98  72 186 201  46 250 239  37 151 107 254 206   3][120 168 148 254 153 205  84 239 171 149 172   8 190 251  64  18 201 251
 253   0  10 107 210 177 251 223  21  59 210   0 102  10][ 80  48  90 181  48 234  81  50  48 165 167  57 119  55   0  80  54 189
 109   0  40 217 193  14 209 231 112  17  96 128   6 107][ 60 118 130  12  73 127 179  88  99 238 253 109  74 196  47 156 248 204
 230  34 141 179 184  24  83 101  33 191 107 127 110 215][105 181  17  69  85  95  96  63 107 169 106  76 242  48  12 180 152  14
 104  40  91 184 241  15  47 252  21 112  74  10 194 174][252 116 120 100  32  95  95 188 121 238 182  13 223  95  91  49 158 213
 221 106 232 246 249  14 247 217  37 181  98 179  70 115][164 191 105 107 212 205 247 255 118  94 124  71 243 253 123  16  89 218
  23 122 250  50 122  63 111 141 165 100 241 250 214 243][207 182 228   3 172  58 237 153 123 255 151 253 201 108 222 175  23  70
 253 191 188  84 237 210 142  91 239 244 134 247 159 101][205 223  55 103  36  31 102 184 237 232 247  76 255  80 159 183 182  68
  92 110 229 225 121 109 166 251  99 144  74 179  75  21][205 112 185 118  41 124  85  25 107 255 167  28 222  87  74  59 149  84
 252  14 131  70 251   0 199 251  81  62 194 102 135 115][ 45  39 225   1 244  63 231 218 125 127 126  84 139   8 159 188  89 138
   6  62 191 176 101 118  44  92  50  68 203 221 195 228][218 188 150 184 169 237  20 231 191  31 168  25 174 254 100  27 129 187
 255   0  50  79 210 243 155 211  95 123 144  64 135  27][197 111 181 181 164  30  69 151 122 250   2  92 214  32  81 250 129 102
 124  93 253  92 249  34 173 223 237 116 136 120 210 100][168  40  78 113  17 219 113  18 180  55 230 144 139   3   2 155  43  40
 202  56  36 252  49  14  70 203 112  17  98 128  78 202][ 82 172   0 186 153 141 148 111 254  25 136  25 167 248  64   0 201 171
 105 129 126 107 218  55 185 196  31  59  80  64 187  10][165 253 172  62 204 239 150 232 222 210 249  13 247 252 123  48 217 127
 115  99 231  99 218  59 249 103 111  63 217 123 219 210][ 63 111  66  30 219 155 214 104 215 132 105 139 107 232  63 144 248 235
 194 198  76  51  14 191  50  77   5  43 115 127 106 134][101 240 189 103 204  79  71 184  86 250 231   8 210 113  89  51 217 204
 122 122 105 242 251  24 237 154  69 116 200 123  82 162][ 89 181  30  48  17 172 112 119 171  89 111  77 190 179   2  16 164  47
 124  20  23 201 146  69 211 249  16 106 136   0 139  11][ 28 172 218 229 208 206 126 242  51 138 254   1 159 243   0  80 121 253
 125 170  56 218 217 110 255 239 167   5 160 240 238 130][201 130 158 184  40 172 120  18 254  89  70  85 191 147  10  90 167   5
 124  29 150  77 131   3 201 255 114 200 136 128  41   3][124 112 188 112 173 253  81 218 235  63 180  24 159 153  95  58 137 145
 108  24 142 103 250  16 219 223  49 125 192 217  78  35][120 245 184  98 141 109  81 158  83 181 172  25 210 189  74  58 153 214
 104  24  26 107 251  51 219 221  21 125 208  88 222 106][234 189 184  26 217 252 149 199 187  23 172  25 172 190  70  27 129  59
 225  17  54  79 210 115 127  23  92 123 194  68 143 206][ 45 117  66  69 116  31  98 120  97 232 123  76  91  16 157 180  26 204
  70 110 197 178 221  76  54  28  37   4 107 183  74 133][132 172 140 191 141 173 231 170 254 246 138  29 247 233  83  11 129 110
 106  15  34 109 219  63 173 182  87  56 192 120  83  72][230 189 215  82 203 240 190 143 187 179 170  56 104 255  77 255 163 247
 249 210  51  75 155 227  63  62  93 127 131 113 199  46][ 93  78 133 165 172  62  76 158 234 250 138  76 215  32 217 235 133  68
 124  63 221 193 251   0 137 243 253 148 136 123 145  37][125 106 232 103  52  30 207  16  82 232 190  76 211  40 215  50  24 236
 116 127 204 240 237  40 238 237  37 144 237 187  88  33][ 20 231 205 103 176  10 111 185 116 162 255 192 211  99 153  48  61 220
 108 170 232 240 205  46 236 239  39  20  97 242 198  32][ 88 176 156 186 169 228  16 143 170  91 136  57 190 255  74  90 135  19
 253  17  30  75 219  49 219 247  94 123 144  64 143  11][ 47 246 179  22 123 255 154 216 139 236 157 237 108 252 207 180 151 121
 215 103 135  67 250 157  26  95  41 191  74 239  15 215][ 48  79  94  71  82 155 246 101 117 160 250 238  99  40 132 144 122 244
 194 224  76 186  69  46  54 231   4  17 111 186 238 140][120 249  90 232  27 193  86 228  39   4 172   9  63 215  97 208 248 251
 205 192  78  43 144  63 251 197   0  59 115  19  46  10][120 172 190 122 173 233  80 199 187 159 180  57 191 251  98 155 137 243
 237  17  62 107 202  49 219 211 117 123 242 104 207   3][ 17 156 211  94  50 250  34 103 126 195 106 118 124 242 164 244  55 127
  58   8 183 185  53 127  56  46  22   2 108  64 169  61][124  48 184 242 173 237  81 218 163 249 181  25 159 221  75  58 141 147
 253  16  26  99 250  16 219 217  53 125 226  65  70  98][173  48 184  85 225  93 117 152 122 250 100  28 158 243  79  57 145  92
  98  74  97 244 250   0  71 187  85  40 202 240  74 162][118 253 119  94 251 251  86 236 255 246 168  44 106 246 239 183 249 246
 238  98 111  99 254 255  59  94  69  63  82 127 198 118][179 183 101  71  29  91 235  61  69 229 223 254 195  44 158 165  92 142
 215  45 253 188 125 159  47  90 129 246 111 142 220 244][ 68 164 157 247 172  43 108 190  54 187 250  80 247  99 216  74  83 206
 110 152  43 212 203 115 204 170 119  68 136 240 225  32][164 110  11 190  72 165  79 216 150  14 193  69 241 231  57  89 220 232
 107 238 170   7 250  59 241 166 139  40  16 115  38 240][ 80  42 154 184  40 140  89  22 166  29 134  13 183 147  66  90 165 167
 109  28  10  73 131  49 216 229  50 216 168   0  35  11][192 151 191 119 160  78 125  51 176 223   7 116 247 119 128 115 134 118
 125  40 249 200 225  13 193 235 112 144  32 224 135 113][213  85 239 101 162  66 111 189  52 194  90 228 209 119 185 121 118 221
  61 238 193 208  61  72 228 168 239 132  44 243 161 113][120 161 248  96 216  77  81 157  35 181 172   9  19 181  74  16 153 158
  69  48  26 122 217  16 255 213   5 117 224 130 198 106][220 182 188 118 168  44  93 159 163 191 191  25 159 247  74  27 133 215
 237  24  24  79 250  35 219 251 117 253 224 224 134  51][237  46 205 253 236  43 237  59  94 243 150 254 211 105 209 107  95 230
 127  46 185 114 239 154 222 255 255 180 188 249 208 161][124 253 188 186 137 197  84 239 147  55 165  25 174 255  74  27 201 211
 233  17 126  75 218 177 251 211  85 127 210  92 142  74][245  34 188 116  45  61  81  80 235 254 180  93 142 184  87  59 141 197
 108  30 172 103 226 192 155 216  81  62 202 101  74  71][213 135 157 231 188  46  79 186  58 170 187 112 215 115 136 115 151  87
 125  42 249 193 201 110 232 254 111 148 136 243 129  33][174 249 232 123 105 217 151 220 155 118  52 173 174 221  95 156 143 123
 213  87 198 110 250 179 111  93  21 187  87 159  31 223][252 184 188 178 170 109  17 194 146 255 149  57  22 255  66  27 133 213
 253  19  58  79 154  48 219 195 125 255 200 105 143  83][ 18  50 126 121 106 129  56  90  47  29  86 229  13 143 228  89 166  61
 255 144 130 223 167 208 214 241  58 203  38 132  39 243][196 231  17 163 234   8 111 253 168 162 105 200 213  67 136  19  54  93
  66 106  96  22 200 127 228 128  47  44  44 178 131 160][ 55 161 101  75  90  83 202 232   7 224 185 234  73  79 157 164  62 216
 215 254 203 146 109 221  58  76 161 244 127 167 118 244][ 74 172 148  23 153 221  52 167 186 183  10  25 172 182  66 150 129  83
 232  16 118  73 219 119 173  22  93 123 130  68 143  78][ 74 176 186  34  75 232 176  71 171  21 109  41 172 222  78 154 161  63
 225  17  22  58 154  65  93 117  24 107 194   6 175 218][124 112 184 114  41 109  81 216 227 255 165   9 159 223  75  58 133 213
 125  26 139 103 250  32 211 217 117  61 224 243  70 115][ 78 244 176  17 225  92  52 207  58 247  44  25 142 246  74 158 145  95
 224  16  86  94 242  98 173  87  21 111 194  84 143 223][244 205 191 238 221 111  71 236 240 130 173  26 115 121  25  19 185 198
  74 106 121  99  88  47 251 207  69  60  65 123 226 162][120 233 158 252   9 205  81 198 227  17 172   8 191 243   0  26 128 242
 108  64  74 107 210  37 211 243  80  57  98  24  70  42][219 122 147 184  41 189  24  74 191  95 160 253 142 134 199 188 167 177
 236  21 143  71 130 243 144 244  26 250 138   5  35  85][124  57 184 254 153 205  87 201 182 132 165   9 255 247  67  26 144 243
 237  66  26  67 186  49 251 229 101  59 242  35  14  98][195 148 188 159 170 112  61 175 190  83  70 245 252 118 138 111 231  83
 253 129 247  76 255 243 140  50 254 206 156 100 165 127][ 40 176 186  42  91 237 179  71 235   5 109   9 174 157  78  16 161  59
 194  17  18  43 146  83  95  85  16 107 194   6 199 218][237 197 253  71 180  26 239 188 117 226 127  64 211  97 157 116  59 206
 110 106 233 244 109  46 110 175  37   4 111 251 192  33][108  32 253 227 236  43 232  73 127 187 179  90 219 232  93  10 251 141
 127  49 152 114 203 194 220 255 239 124 197 234  83 128][ 80  36  22  13  16 138  32   7 236  33 234   0 174 128   0  80  32  38
 108   0  24 153 129  79 176 164  16  80  64   0 131   8][120 188 189 122 169 205  87 222 187  31 164  25  63 253  66  27 129 211
 253  24  42 107 250  51 251 223  85 127 242 208 198 107][237 113  24 101 112  15  87 184 112 168 101   8 215  83  11  48 144 220
  68 122  72 178 216  14 231 201  37  53 104 178  74 130][193  89  63 117   0  14 101  53 232 232  34  76 182  55   1 115 132 102
 120 108 193 216 177  40 229 251 116   0  72  48  67 106][120 185  24 106 250 197  87 255  50   9 236   9  54 215  66  16 144 187
  69  80  90  10 218  55 251 197  36 105 176   2 174 171][108 185 188 250 137 205  85 190 131  53 172  25 190 247  74  26 137 210
 233  80  90 107 218  49 251 211  85 127 210  90 142 122][124 112 184 112 172  77  81  24 235 190 181  25 159 157  67  26 131 213
 109  18 142 103 202   0 211 217 117  61 192 153  78   3][109 181  16  65 125  31  66  57 107 233 175  76 194  24  94 180 152  12
 232  60 157 240 217   6 175 221   1 118 202  14 218  20][ 72 171 154  96 112 141 107  18  35 173 110  77  55 131  64  16  52 238
  69  92  26 154 128  45 253 173  33 104 104 130  66  41][124  48 187 118 139 237  87 144 242 182 167  24  87 245  75  58 177 244
 108  26  24  99 186   0 219 203  69 125 224  99 198 115][  5  14 151  95 172  42 231  51 236 138 119  96 243  99 145 111   2 102
 110  14  48 240  75  44  68 186  98   0 192 233  65  32][124 112 185  98  40  77  83 216 227 252 181   8  23 223  75  58 136 208
 125  90  10 103 250   0 211 201  37  61 226 179  70  99][ 37 117 121 103 240 111  99 184  96 232 127  72 211 119 137  48  20 220
  84 122 137 176 249  14 239 189  37  52 200 243  66 177][ 45 112 188  85 229  31 245 157 126 255 102  12 154 209  71  56 153  92
  98   8 130 244 251   0  79 219  85  36 202 186 194 227][208 214 191 116 168  76  85 183 184 223 166  60 247 119   8  91 135  87
 125  10 240  77 179  35 225 251 116 144   0 240 135 123][ 93 121 181  37 141  30  71 157 226 249 138  76 215 112  89 254 145  70
 120 127 153  97 251  32 169 254  69  52 138 123 209  36][205  88  54  87  45  31 102 184 253 250 182  76 222  88 157 191 150 100
 126 111 229 229 121 236 134 250  99  20  74 183  75  21][120 160 184 250  61 205  81 223 195  61 164  24 191 219  72  18 201 154
 237  24  26 107 218 145 219 221  17 125  82   8 198  42][ 40 175  83  65 116 203  99 118  99 160 120 232  51 133 132 180  26 184
   2 120 147 186 100  63  46 156  33  96  67 138  70 168][138 249 232 115 203 221 255 191  59 117  60 157 155 189  94  51 143 223
 213 211 199 122 250 241 111 217  93 255 103 212 207 251][245 112 189 112 139  77  85 216 235 186 164  24  31 215  73  59 133 213
 124  82  75  71 250   0 217 217 117  62 224 113 135  51][ 69 215 157 229 168  14 111 189  56 170  58  68 215 115 201 115 151  87
 124 106 241 208 217   8 237 170 103 148   8 242 131  33][ 77  55  28 231 176  14  98  56  44 168  47  68 223 115 137 208 146  68
 108 110  73 208 217  12 228 241  35   4   8 163  11  33][221  93 239 101 176  70 111 158 116 234  82 192  85  55 145 121  54 212
 125 254 225 212  53  14 229 175 231 132  44 241  33  49][216  32 152 183  48 238  91  16 176  45 167  57 247  23  10  82 166 245
 109   0  56 205 201  47 209 231  48  81 160 131   6  67][ 45  61 237   1 149 255 238 151 100  97 254 148 155  44 151 168  73 142
 210  61 159 184 117 130 175  95 150  68 207 221 218 244][124 180 184  98 141 109  87 222  99 183 172   8  82 189  74  50 145 222
 105  56  26  99 250  51 251 205  21 125 240  90 198 106][245  34 181  52  45  45  81  26 233 254 176  93 142  40  87  31 141 197
 109  29 172 103 226 192 209 216 113 186 192 252  67  71][ 81 177  27  40  91 236 114 115 171  65 169   8 190 147   8  48 162 147
 120  16  23  11 146  85 217 245  16  74  72   2 171  27][116 253 255  94 218 251 150 236 222 226 168  41 114 252  47  49 251 255
 234  98 117  99 190 127  59 143  69  63 193 123 238 214][ 37 231 225  15 244  58 111 188 119 226  91 197 211 104 159 244 127 206
  54 239 237 176 237  62  46  46 167 132 239 247 242 244][116 232 158 182 141  45  68 232 227 178 160  25  67 249  64  27 201 231
 110   2  12 103 203  48 217 195  85  57 225 121 226   2][106 165 176 122 217 237 144 231 187  61 168  25  46 252  78 148 137 155
 195  17  54 107 218 215  27  86  20 127 210   4 135 206][120 159  82 103 240  63 118 183  49 232 250 237 111 123 128 144 190 254
 204  34 253 186 193  46 254 255  37 146 234 238 202  27][ 85 248 191 117 148  78 101 183 234 250  14  12 247 176  81  50 161 110
 120  29 193 249 185  40 233 207 117  52 200 114  83  42][101 240 189 119 173  79  71 184 254 248 163   8 214 113  73  50 153 116
 122 122  73  98 251  26 237 155  69  52  72 123  66  32][ 80 237  12 191 152 201 133  47 238  37 138   4 247 192   0  64 192  39
 104   1  75 105 211  61 161 163  62  25  88  80 141   8][ 47 126 250  14 123 255 155 216 175 204 253 237  78 220 231 180 150 121
 215 103 135 131 174 155 114  93  41 191 206 255  15 245][202 156 253 255 170  98  61 191  62  87  78 177 253 254 130 123  71  87
 249 129 247  76 239  99 236  39 254 137 188 240 133 121][ 65 148  61 229 176  14 127 187  56 170 250 104 215  55   0 112 183 215
 125  40 185 216 217  15 237 175  45 212 168 162 131  51][219  96 147 184  73 189  88 206 187  82 160 153 175 142  65 249 135 169
 249 215  15  71 146 208 147 240  26  59 146  21  43  92][ 73 190 222 181 170 172 125 191 190 251 142 244 191 183 194 123  39 119
 125  28 177  73 195  99 238 183 127 208 138 224 131 121][120 105 154 108   9 205  83  68 227   1 172   8  63 211  65  16 128 242
 236  64  74  43 210  49 243 229   0  59  98  26  78  42][ 32 185  51  74 244 205 103 245  83  13 108   8  50 213 164  52  28  58
   2  88  83  58  50 127 111 156  36 104  83 138 230 233][105  36 104 117  85 223 233  35 113 229 166  24 179  45  22  48   8 164
  88  13 172 250 117  15  71 127 145  17  67 140  86 232][111 166 164   5 173  63 206 152 123 251 172  76 202  40 223 190 153  68
 252 127 141 112 221 130 142  95 197  54 202 247  90   4][230 173 159  86 218 248 182 207 186 187 170  56 116 254  76  59 163 119
 251 211 119  79 170 115  63  43 127 123 193 113 207 143][149 125 190  63 172  79 150 232 126 242 249  41 247 252  11  33 153 127
 127  99 111 227 219  59 233 227 111  53  88 123 155 130][164 181 105 233 180  47 231 255  22 226 120  69 211 125  49  17  93 218
  23 107 233 176  89  31 237 140  37   4 121 248  80 186][120 182 152 114 169 172  93 159 171 191 173  29  31 247  72  26 133 215
 237  16  26  75 218  33 219 219 117 253 194 192 142  19][ 89 241 157 126  57 205  85 191 235 121 174   8 255 247  72  50 133 214
 124   8  75 105 251  53 251 255  21 122  74  16 195  59][ 88 190 150 190 171 189  16 199 187  31 160  61 175 235  66 155 167 243
 237  17  62  75 154 177 219 243  94 123 242  68 175  11][ 54 165 193 201 220  35 106  79  23  33 249  74 195 203  76 212 121 142
  31 184  27 186 217 215 190 156 135 124 189 138 248 128][129 248 158 151 106 175 185 206 190 243 230 188 247 230 202 123  47 111
 122  12 163 221 239  97 220  35 127  32 204 240   3 249][239  49 245  83 237 127 101 153 251 251 177 124 222 249 205 191 151 215
 126  58 179  99 251 192  31 218  85 126 202 229 195  53][118 239 119 222 219 251  87 236 191 230 253 169 110 231  47 213 127 246
 239 226 108  67 234 255 187 118   7  63  50 255 166 103][ 96 161 156 187 172 205  81  31 135  61 181  25 183 249  74  90 201 150
 111  16  26 106 219  17 223 211 117 125 144   8 212  10][ 48 223  78   7  83 147 182 100  69 160 250 207  99  40  54   0 124 230
 194 227 204 187  85  44 114  38 132   1 111 190 234 158][106 107 225  71 116  90  79  52  83 228  94 234  99  73 213 164  88 236
  36 239 201 242 237 170  46 108 165 176 103 191  86 236][ 88 177 152 170 155 237  16 143 170  49 172   9 191 247  74  80 149  27
 249  16  30  11 218  49 251 229  28 127 144  66 143  11][118 172 150 190 201 237  86 200 187 151 169   9 110 255 109 158 201 243
 235  18  30  99 154 177 155 214  85  59 210 127  46  22][124 116 121 101 100  79 127 184 121 238 246  41 223  31  19  49 158 221
  93 106 232 182 249  14 231 219  97 181  98 179  70 123][ 34 253 177  26 201 221 149 231 155  31 164  25 172 252 102  20 137  59
 227  17 114 107 242 243  59  22  28 123 210  92 135 238][124 233 184 126  25 205  83 200 166  20 173   9 127 215  75  26 145 217
 237  66  74  99 218  57 219 225  37  61 112   3   6  98][193  28 222  85 234  40 180  39 248  19  98  56 244  58 135 123 167 119
 106  34 228  93 134  67  84  43 118   8 200 112 139 139][126 163 100  14  63  91  82  40  73 100 173 173  67 104 158  22  26 196
 204 102 156  35 237  29 114 121  65  63 119 175  94  70][237 255 189  95 168  31 119 188 127 190  54 108 243 245 197  55 149  94
 110  74 225 116 235  63 239 251 101  54  74 249 198 251][ 85 167 141 103 176  14 111 185 116 166 239  68 211  99 153 112 217 198
 108 174 232 208 233  46 237 239 167  20  96 226  66  32][ 84 205 159 231 144  79  87 188  54 166 174   1 247 119   9  82 241 215
 109  98 104 197  89  47 233 231  37  21  32 243 134  98][ 66 188 150 248 169 237  20 103 191  27 168  24 174 254 100  27 133 179
 255  16  58  75 210 243 155 215  95 123 208  64 135  27][192 177 159  92   9 204  53  39 248  19 226  24 190 178   4  51 160  55
 104   0 112 109 147  65 133 178  80  27  64   0 135  42][ 32 159 115  77 114 207  99 115 117  12 120  96  51 151 164  52  62 186
   6   8 195 186  48 127 117 172  32   8 115 130 102 249][ 69 170 205 245 236  43 111 186 222 227 218 254 215 169 208 106  79 102
 126  28 145 252 229 226 204 255 255 244 140 233 209 161][224  29 125 101 120  78 119  57 104 234 250  72 247  55   0  51 148 118
 127 106 225 248 241  14 231 175 101  16  72 162  70 187][120 169 252 120 141  77  85 222 179  23 164  24  63 255  72  58 129 210
 233  88  42 107 250  49 251 219  85 125 242 208 198  42][ 72 249 187 122 241 220  87 215 187 201 124  41 190 223  96  48 134 123
 245  80  83 106 186 225 251 253  52 235 194  16 167 123][192 169 158  63 141 237 101 175 254 146 130  24 246 241  67  11 161 110
 106   1  34 105 219 127 237 179  87  57 192 112 147  42][239 163 100   6 237  24 206 168 235 244 185 173  75 104 222 151 136 196
 236 239 220  99 238 201  30 120 193 189  71 166  86  68][189  38  99  68 113  59 238 122 117 226 119 252  75 104 159 189  63 172
 214 174 237 182  36 158  54  79  33 149 111 253  90 213][ 85 149 157 229 160  14 111 185  52 170 122  68 215  51 128 115  54  87
 124 106 241 208 217  14 237 170 103 132  40 242 129  33][239  49 245  70 233 127 252  25 235 248 185 120 207 254 221 191 190 215
 254 122 181  99 251 192 191 248  69 126 207 231 203  53][113 249  57 124  57 205  85 190 235 121 168   8 182 211  72  50 129  86
 124  72  75 107 251  53 251 249  21  60  72  16  67  58][124 249  56 106  24  77  83 216 162  60 173   8 119 215  75  18 176 217
 109 122  74  35 234  49 251 197  37  61 112 179  70  99][114 181 105  99 208 221 253 191  51 125  60  29 209 125  94  51 189 223
 213 189 251 122 251 119 111 221 245 252  73 194 198 251][237 124  51 118  45 207  67  48 252 234 163  24 214 209  65  51 153 116
 122 106 105 231 251  14 253 223   5  60  72  59  67  50][ 81 180  27 104 210 172  83  87  42  73 109  76  22 147  64  16 181 139
  20  28 147  26 144 119 249 173  32 104 200   3 163  35][109  43 137 164 188  12  79 157  99 233  14  76 247  97 211 114  16 206
 124  79 157  88 201  40 236 181  37 184 138 242 218   9][ 89  93 245 229 180  70 109 183  48 234 234  64 219  55 145 247  22 244
 125 232 233 220 241  14 237 239 229 128  42 240  98  57][245  13 173 111 152 103  71 184 180 134 175  16 211 119   9 121 217 196
 104 254  57 199 123  46 233 239 133  92 144 115 100 114][208 121 188 116  10 207  21 164 234 240 166  40 247  61  67  51 162 116
 108  80  73 105 187  60 219 195 101  49 192  48  79  43][ 89 188 158 180 139 236  80  23 170  25 142  29 191 179  66  90 165  55
 125  16  31  73 147   1 219 231 122  88 136  64 139  27][105 183  83  47 240  46 127  63  57 232 251 237 127 126 136 208 190 239
  86  38 253 186 109  47 190 255  37 130 108 226 130 221][109  35  32   3 125  31  67  24 115 172 117  13 202   9 223 156 156 204
 198 126 140 114 233  24  70  93   1  53  74 191  90 196][169  61 168 179 213 255 233  23 116 227 254  29 179  60  83  41 201 170
 146  29 191 252 117  42 207  95  20  64 234 204 216 216][124 172 189 112 137 237  81 155 227 183 173  24 147 247  65  58 137 214
 104  24  26 107 250  16 219 207  85 125 192  96 198  98][116 112 184  96  44 205  81  80 235 191 180   9 151 153  67  26 141 149
 109  80  10 103 210   0 219 221  53  60 192 147  71   3][ 33 161  81  75  83  89 226  77 115   1 121 122 114 208 204 180 120 154
   2  58 223 178 236  83  22 140  16 106 107 138 234 172][ 38 112 138  58  73 237  92  92 171  90 161  13 167 207  75  27 201 169
 221 134  78  71 218  80 211 217 212  57  88  82 202 218][ 77   6 151  85 169  62 100  53 237 142 111  84 222  97 128 222 160 100
 108  44 177 225  35  14 199 255 101  16 202 240 201  33][ 79 188 253 255 234 224  63 190  62 247  78 149 253 231  90 122  87 127
 185 133 147  92 255 243 236  55 255 200 188 244 133 120][172 255 107  66 242 211  23 253 246 238 125 169  89 221 235  48  23 120
 213 126 231 215 174  62 106  77  37 173  70 215 134 243][ 92 180  30  38  56  45  83  56 161  61 175  41 247 243  10  19 134 214
 109 106  24  67 202  37 211 225  96 121  96 131   6   3][177  40  45 109  13 207  65   7  67  33 230  24 178  29  84  48 200 172
 113   8   8 190 241  20 199 248 144 113  67   8  86 106][248 224  62 112  77 205  85  39 240  21 164  24  51 145  64  59 200 180
 104   8 122 111 242   5 219 203  84 121  96   8 198  42][205 103  24 103  48  30 103 184 105 168 111  12 223  99 139 112 144 196
 108 110  76 208 249  14 230 249  37  20  42 179  75   0][124 226 232  39  77  31  79 152  99 228 167 137 203 105  91  22  25 204
 236 127 204 114 237   0 239 255 197  53 103 183  94  68][220 120 184 116 168  77  85 220 171 190 180  24 159 151  67  58 133 221
 124  82 200  71 250  32 219 217 117  62 192 113   7  99][120 176 188 112 169 253  80  27 171  63 181  24 159 187  74 155 133 151
 253  16  26 107 218 145 219 219 117 127 194 196 206   3][ 33 161 114  26  93 157 224  77  90 165 121  28  98 200 126 176 153  42
  66  29 150 122 206 119  28  28  17 107  89  14 219 142][251 127 104  71  94  27 134 124  80 224 221 238 113 120 156 164  88 254
 212 227 237 250 237 175  62  44 165 177 111 191 218 157][237  72  54 119  45  30  78 188 233 250 182  76 255  88 159 183 130 228
 124 111 237 101 127 237 182 251  99 144  74 183  75   5][148 239 159 127 186 203 182 236 190 190 185  32 247 254  73  33 191 127
 237 227 110 225 170  63 233 231 111 181  65 115 143 163][191  55 235  78 250  63 159  89 189 206 253 237 127 253 191 180 158 125
 215  39 165 163  44 138 114 125  33 187 223 255  47 245][109 116 209 103 116  14 111 184 112 170 127  76 211 113 153  48  22  76
  84 106 193 180 249  46 101 175  37   4 232 243  66 161][ 80 252 191 126 168  76  85 190 178  95 166  60 247 247  72  91 165 215
 125   0 107  77 187  33 251 235 116  24 160 240 167 123][124 112 249  98  60  77  83 216  99 172 181   8  23 215  73  58 152 216
  93 122  10 103 248   0 219 205  37  60 224 179  70  99][ 73 191 223 119 184 142 127 183 187 250 110 252 255 183 194 114  39 127
 125  12 241 216 251 107 238 255 119 192 138 208 131 121][124  56 251 116 138 237  85 219 162 246 172   8  23 247  65  26 179 252
 109  26  26  99 186   0 219 207 101 124 224  96 198 115][192 157  29 229 112  14 127  58  40 168 122  88 215  55   0 114 151  87
 125  40  33 216 217  15 237 174  39 196   8  34   3  51][ 51 207 106  15 211 151 230 237  69  12 254 199  98 104  62 208 124 202
 134 231 222 187  69  63 126  44 164 193 121  31 232 158][148  77 157 183 190  75  22 168  54 186 147  48 215 124   9 107 179 213
 124  99 108 229 105  62 233 227 111  21  96 121 141   3][236  32 177 100  44 109  72   9 107 242 161  89 223 109  93 159 155 197
 125  45  41 103 233 192 145 216  69  60  70 228  71  96][ 53 205 255 103 244  10 239 184 117 226 123  70 211  97 157 112 123 204
 118 110 233 240 109  46 110 174  37   4 239 251 226 161][124 181 153 242 169 236  92 159 171 255 173  29 159 247  72  26 133 215
 237  28  26  75 218  33 219 219 117 124 194 192 203  83][  9 177 188 117 169  15 117 153 106 236 102  12 158 177  70  58 128  94
 104  72 130 240 251   0  79 253  85  52  66 160 195 226][ 90 186 150 186 171 237  16 199 191  27 160 253 174 239  96 219 231 243
 237  17  62  75 154 241 152 242  95 123 154  68 171  31][120 160  56 122  61 221  80  93 195  61 165   8 191 219  72  16 201 146
 237   8  26 107 218 149 219 217  17 127  82   8 206  10][108 105  82 101  53 143 118   0 233 172 186   8 207 201   1 144 152 228
  76 110  76 241 208 140 167 253   5  53  98 191  78   2][ 65 145 191 117 160  44  97  51 234 221 106  68 247 177 128 122 167  71
 108  12 145 232 179   1 205 175 118   0 200  98 129  97][ 97  99  17   4  56  15  64  43 107 168 184  76 167 128  69 146 216 228
 110 108  77  99 195  29 180 144   5  60  72  56  74  12][126 243 232 102 147  22  87 216 115 236 255 173  74  93 207  20 220 220
 245 247 206 215 249  46 251 111 165 215 107  55 254  87][ 96 236 248  68 108  25 252 239 235 242 252  10  42 168 213  51 235 205
 119  73 192 122 230 224  62  24 119  44  69 248 194 141][108 124 120 229 101 111 127  18  49 238 126   8 159  63   3  48 158 221
 213 106   9 176 241 138 199 223  97 177 102 241  70 243][221 221 111 103 162  26 111 188 113 234 222 228  91 103 155 115  54 244
 125 238 233 212 237  46 246 235 103 132  46 247 234 113][ 84 205  31 230 152  78  87 188 164 166 174   9 215 119   9  82  49 213
 109 106 104 193 249  46 249 231 101  20  32 115 134  98][237 254 245 127 232  15 119 188 127 250 118 252 255 245 197 182 151  94
 110 110 225 116 235  59 110 251 101 180  74 248 195 121][120 161 252 120 141 205  85 223 227  53 172  24  27 183  64  50 137 210
 104  24  90 107 250  49 251 203  85 125 242 152 198  42][ 73  32 188 181  40  42  57  27 254 179 199 176 245 247 210 107 103  63
 127  12 160 220 199   3 204 175 123   0 132 224   1 160][116  58 156 190 140  77  69 200 162 190 168  13 231 241  65  91 201 230
 108   2   8  99 203  48 153 210 101  57 200 122  70   2][ 52 164 192 233 221  43  66  73   7 161 249  74  67  72  92  80 121 140
  14 184  30 178 201 150 158 220 131 116 253  10  90 128][ 96 177 152 251 108 205  81  25 134  61 237   8 183 211  72  82 201 158
 111  24  26 122 219  17 205 209 113 124  80  10 214  35][167 230 164 155 253 157 232 207  95 123 145 223 204 232 254 200 221 203
 255  21 191 110 207 211 156  30 223 252 156  76 217 213][ 89 249  31 112  57 205  85 183 234  49 170   8 190 151  64 112 161  55
 124   8  67  73 178  53 249 249  21 122  72   0 131  42][120 176 184 240  41 253  80  91 171  61 181  56 159 159  66 154 135 147
 253  16  30 107 242 145 219 217 113 255 194 128  78   3][244 101 157 111 136 111  71 172  86 178 160   8 247 119   9 123 209  86
 120 106 105  64 251  59 225 171 101  60 144 123  86  34][221 221 238 103 226  26 111 188 113 234 247 166  91 103 155 119  54 244
 125 238 233 212 237 238 118 235 231 132  39 183 226 113][180 137 201 249 212 163 234 222  22  33 218  66 177 195 241 104 121 202
  31 217  91 146  75  51 140 142 191 228 189 217 112 168][161  38 219  89 244 171 107  87 122  11 120 252  17 129 213  24  27  10
   6  28 179 188  68  83  68 140  48 228 200 208 194 177][119 167 200  70 202  50  78 185  51 171 237 238  66 230 205 246  85 204
  36 174 157  82 237   2  62  46 165 188 163 247 202  53][205 189 247 119 176 142 111 183 187 242 111  84 253 247  16 243 183 111
 125  14 241 216 155 111 239 251 111 128  46 242 131  57][120  57 251  96 210 205  83  83  34 228 236   8  23 183  64  48  18 252
 100  24  25  58 178   8 251 205  37 124 224 162  70 251][ 80 105  18 180  49 140 114  66 237 136 234  72 174 242  33 214 160 109
 108  64  68 227 146 204 177 244   3  11  64  48  43  15][ 32 181  61  99 156 109 223 187  34 123 173  12 243 127  88  50 157 211
  89 171 219 104 251  63 239 159  21 116  72  66 198 250][104 165 153 114 232 237  93 223 171 249 173  25 151 247  72  26 133 215
 125  28  26  75 250  51 251 221  53 124 192 192 198  99][160 236 252  87 108 153 233 246 107 243 120  26 185 168 212  51 235 239
  87   1 224 126 230 243 126  30 246 168  69 152 195 140][ 75 188 191 223 138 244 189 167 190 223 135 180 252 246 182 235 167 119
 251 137 179 201 190 251  79  35 255 155 140 100 173 125][ 77  90 158  95  41 158  96  16 237 205 182  84 238 227 135 254 132 100
 236  12 149 237 163 104 202 255 101  17 202 180  73 117][ 45 181  95  47 240  63 111  57  61 200 123 236 255 110 154 176  30 207
  86  46 213 186 109  77 172 255 101 192  76 226 130 241][ 51 199 106   9 218  19 142 237   6 100 252 175  98 236 190 192 124 138
 135 229 222 179  13  31 122  45 165 215 117  94 248 222][ 53 205 209 103 244  10 111 184 117 226 123  70  83  97 153 112 123 204
 118 110 233 176 109  46 124 174  37   4 111 251 242 160][ 58 229 110 174 255 211 158 237 134 228 205 139 109 236  58 128 218 107
 211 231  92  11  14 189 186  65 143 191  55 182 190 222][ 45 102 209  71 116  31 239 184 116 170 127  68 211  97 157 180  24  76
  70 110 225 176 109  46 100 174  37   4  79 251  82 160][ 41  36 175  49  85 239 241  67 214 247 103  25 179 189  82  43 201 142
  83  29  58 254 113   2  79  31  80  65 192  72 222 234][ 87 185 159 186 170 201  60 237 175 217 131 173 236 246 106 218 231 247
 238 213  23  75 154 113 153  50  95 251 152   3 175  87][173 235  97  67 248  19 207 252  66 248 180 236 209  65 221 180  89 204
  84 254 203 102 237  52  46  88 165 252 111 183  82 245][120 161 185 112 141 205  85 223 227 181 172  24  19 181  64  50 137 146
 104  24  26 107 242  17 251 205  21 125 210 200 198  42][100  32 189 115 137 109  81  24  98 183 165  24 243 117  73  58 153 214
 104  24  26  98 251   0 207 223  85 125 192  75  70  42][220  86 189 247 184  11  87 184 180 190 147 249 215 111   9  75 183 213
 109  99 104 229  73  46 249 227 111 149  96 113   5  51][100 121 187 224 172 205  83  86 171 173 188   8 150 151  65  18 132 177
  77  88  74  35 210   0 243 221  37  56 192 147  71  59][249  75 126 110  45  26  78 188 233 248 182  76 235  72 151 243 162 228
 252 110 237 103 109 173 242 251 101 145 110 183  74  13][ 68  22 156  55 168 110  85 154  50 247 167 157 215 103  75  91  21  70
 108  46  40  68 219   2 205 167 117  52 224 241   4 114][124 112 249  98  52  77  87 216  99 172 165   8  95  87  73  48 152 220
  69 122  72 103 248   8 243 205  37  60  98 179  70  35][205 238 244 119 232 155 111 183 127 186 118 252 251 233 212 183  39 238
 126  78 227 248 239 123 110 219 117 160 110 244 203 169][120 161  56 106  61 205  81 217 227  61 173   9 155 219  74  16 137 148
 204  16  26 107 218  21 219 217   1 127  82 138 198   2][100 113 136 174 232 141  84 205 171  91 173  13 146 255  75  26 200 233
  93   6  74  35 218  16 227 157 197  61 216 114 202 146][105  57 185 101 169 205 113  23 106 232 110   8 159 181  80  48 128 126
 108  72 145 184 241   0 239 253   5  52  74  32  71 179][ 92 120 184 114 169 125  85 152 235 255 172  12 159 151  67  58 133 244
 252  26 138  99 250  32 219 221  21  63 202 115  15  59][ 89 185 155 164 155 236  80   7 162  81 138   8 191 179  64 250 166 247
 252  16  31  73 147   1 219 229  62  90 168  66 139  26][252  32 245 101  45 127  72   9 105 178 161  24 207  13  92 191 153 132
 124  42  41 102 217 192 147 251  65  53  66 166  74  36][212 161  30  50  40  44  83 184 168  24 163  89 215 243  72  27 166 213
 109  98  24  67 138  33 209 225  97 124  40 163   2   3][252 255  56 106  56 109  87 248  34  44 173  40  87 215  73  16 148 220
  77 106 106  99 232  63 251 197  37  61  96 179  70  35][ 64 189  29 229  32  78 103  51  40 170 106  96 215  55   0 115 150 119
 124 106  65 216 209  15 229 191 103   0   8 226   3  57][120 185  26 104 218 205  83  53  35   1 172   9  55 147  64  16 182 187
 204  80  91  11 144  53 251 197  32 121 104   2 142  27][129 142  77 251 246 171 233 247  86  59  83 246 241 163 184 105 127 174
  62 157 187 252  77 247 204 174 250 192 189 200 209 169][ 39 226 114  10  95  61 146 200 219  20 169   9  66 200 127 156 217 201
  66 118 150  99 174 113  26  28   1 127 209  63 106 134][ 48 120  90 101  98  15 119 112 100 164 102  44 119  19   3  16  50 228
  68 106  64 176  17  44 247 169  33   0 104 179  74 171][104 177  25 233 124 205  83  24  46  45  45   8 151 145  72  80 144  28
 110  88  26  56 218  17 205 221  33 124  64 138  70 163][208 184 159  63 136 205  21 171 246 146 226  24 247 245  72  91 177 119
 104   0 122 237 155  59 217 163 117  25  96  96 133  50][ 51 231  98  68 222  19 158 253  83 164 216 239  97 232 158 165 126 206
 212 239 252 243 237 189  58  44 141 180 103 191 218 133][ 11 253 225 223 219 236  47 191  59  73  92 228 253 231 216 116  55 123
 127 156 147 216 247 241 173  60 191 232 190 214 135 253][208 190 159 189 187 234  52 239 190 187 226 125 174 183  64  91 167 255
 237   0  50 205 146 115 249 231 127  55 136 112 143  27][ 97 232 157 158 236 141 192 142 154 177 160  72 246 242  68  26 205 251
 106  21  11 106 203 113 140 146 221 122 208  24 130 136][ 89 176  25 100  41  78  81  56 105 160 166   8 223  19   8  50 146  84
 124  40   9  96 241   1 195 249   1  52  72   0   3  34][229  88 253 109  96  46 103 156 112 206 242  37 247 113  25  90  92 236
 109 110 232 180 225 107 229 174  96 128 104 243  70 107][103 104 192  92 203  17  22 136 251 246  36 173  96 226 231 126  19 236
 234 246  68  71 190  88  62  62 197  63 147 119  78  70][225 241 157 229  28  79  71 184 102 224 163   8 214  21  64  50 144  84
 120 106  73 116 249  57 237 137 101  52  88  43  66  34][104  61 251 100 242 205 115  95  51 236 108   8  55 151  64  48  54 190
  84  24   3  58 176  10 127 141  36  40 226 130  70 251][173  96  40  99  13  31  71 184  82 250 165  76 211  65  89  61 152 204
  64 110 233 116 249  27  71 217  65  52  90 187  82 160][217  90 254  92  41 222  81  22 239 220 182  93 250 236 151 126 164 100
 236  76 197 109 179  97 211 251 116 155  74 164  78 127][100 241 153  98 248 204  87 157 171 189 169   8 215 247  72  50 145 223
 109  24  26  75 218  35 253 221  53 124 192 210 199 163][ 94 241 191 190  10 214 189 168 174 212 199 161 253 246 106 114 167 117
 251 195 135 201 191 117 251  99 111 153 132  50 175 115][166 104 162  24 221 217 150 200 203 212 176  13  66 200 127  24 153 233
 203 119  70 103 154 248  57  16   5 127 209  63  95 214][ 37 103 200  71 212  27 230 168 116 162 111  72 211  96 157 180 120 204
  98 110 232 240 237  46  36  47  37   4 109 251  90 132][ 50 135 106  40 150  83 158 109  20 100 255 171  67 108  62  64 122 142
 139 165  94 179  77  31 122   5 141  85 117 206 252 218][ 33  47 201  81 228 171 172  87 126  19 120 244 145 160 212  56 123  10
   2  28 147 248  71  82  12  14 118 224 205 200 211 169][125  32 204 101   5  31  66  24  97 160 167   8  91  25  87 187 152 196
 244 106  12 246 217 136 215 251  65  21 107 171  90   2][124 105 184  98  13  93  83 208 227 161 172   8 191 147  67  50 128 252
  77  88  10  35 250  32 219 221   5  61 194 187  70  42][100 181 185  99 153 109  81  25  98 189 173  24 210 117  72  58 145  86
 104  56  26  98 251   0 207 157  21 125 192 107 198  98][ 41 167 115  64 240 175  99  87 107  13 124  76  58   1 148 180  28  42
   6  60 147 186 160  95  63 156  32  96 194 194 194 169][ 73 172 214 119 233 156 124 179 191 146 110  92 253 227  84 247  39 111
 127  12 227 216 155 229 111 251 119 136  10 228 203 176][230 251 174  18 233 156 180 135 171 219 162 185  12 188  86 251 133  87
 249  81 214  75 138  96  61  50  94 255 193  84 143  95][ 64  57  59 101 177 207 117  23 111 232 106   8 182 147  64  48 128  63
 124  72  73 184 145   8 239 252   4  18  72   0 195  58][ 73 174 246  87 233 157 109 183 251 179 126 204 233 233 222 183  47 110
 242  12 231 248 254 225  62  91 117 160 239 212 202 172][ 80  57  19 190 123 196  48 101 237 136 235   0  46 210  33  84 160  57
 108   0  68 139 146  76 177 180  26  26  72   2  35  15][124 105 121 100  96  78  71 176  97 172 108   8  23  23   1  48  18 252
  68 106  72 178 240  40 247 233  37  52  98 179  70 162][ 88 249  31 116   9 205  85  55 235  49 174   8 190 147   0  51 160 183
 108   0  75 107 146  53 243 249  84  58  74  16 139  42][212  48 157  48  40  12  81 152 186  58 161  89 215 211  73  27 135 213
 108  98 123  71 219   0 209 163  99 124  72  33   3   3][141 145 125 111 240  30 111  57 109 232 127 228 223 119 154 183 158  71
 119 111 241 208 109  77 238 251 103 196 110 166 195 241][ 53 205 195 103 212  10 103 184 117 226 251  78  83  97 153 116 123 206
 118 110 233 178 109  46 124 174  37   4 111 251 114 160][252 244 188 114 169 253  87 252 179  59 173  24 255 255  72  27 157 215
 253  18  58 103 250  51 251 223  85 125 226  82 198 123][ 64 125 155  96 112 205  87  86  41 140 120  76 183 151  65  16 180  59
  69  24  75  58 176  10 245 157  36  56  64 146  71  59][244 127  92  98 216  47  87 248 178 180 165  25  87 215  73  19  20 220
  77  98 104 103 216  62 243 201  37  60 112 243  70  34][133 142 207 251 246 171 235 212 126  27  91 246 241 225 184 104 127 106
  54  31 179 252  79 247 204 174 246 192 189 219 209 161][255 201 238  87 102  18 111 252 113 234 118 146 121 111 159 119 126 236
 119 238 233 246 173 238 118  43 231 132 103 177 242 113][124 161 120  98 121 205  83 200  99  61 173   8  19 217  72  16 153 152
  76 122  26  35 218  21 219 221   1 125  82 139  70  34][194  61 187 244 112 236 125  87 185 205 122  25 190 191  36  16 166 187
  87   0  48 152 176 110 247 190  58   2   0 208 135 251][101 240  57  99  28  47  75 152 114 177 163  24 211  93  88  56 157  84
 121  60 186 116 249  23 205 159 149 116 192 131 194  34][108 116 189 101 137 111  87 152 122 191 165  24 214  55  73  58 145  84
 104  58  25  68 249   2 207 155  69  52 192 115 198  50][108 161 120  98 221 205  87 157  99 181 173   8 147 217  74  16 153 222
  65  90  90  58 248  50 127 221   5 125 227 139 198 162][122 179  40  49  45 221 217  91 107 253 181  29 171 172  94  58 137 142
 253   5 158 123 247 145 223 213 217 255 192  12 214 215][175 108 238  87 102  26 239 252 120 242 118 154 121 109 223  43  63 236
 119 239 225 246 173 106 126  11 231 132 101 249 114 241][216 190 159 189 155 235  61 182  62 255 202 253 191 183  67 219  39 255
 237 144  51 221 211 127 249 231 127 145 168  80 175 123][ 33  40 157 191 108 141 128  46 142 177 224  72 246 194  65  50 201 106
 106  76   3 106 210  57 141 146  95  56  24   8   3 136][121 160  25  96  13  78  81  56  96 168 167   8  95  83   8  48 176 148
  92  40   8  99 248   0 211 233  33  52  96 130  66  34][221  90 254  54  46  24 116 188 249 254 182 253 239  72 151 187 166 229
 236 103 237 101 239 226 178 251 103 155 110 181  75  93][244 120  29 190   8  77  85 216 160  62 164  25 183 151  73  27 128 144
 109  98 106  71 218  49 209 195 112  56  48 113   6 106][ 96  48 173  79  13 109 193  13 202 117 173   8 178 149  92  58 136  20
 123   8  11  98 243   0 197 184  80  56 208   8  86 234][ 54 231 106 140 158   3 142 237  82 164 216 139  65 232 190   1 122 205
  67 231 220 227 141 157  56   4 141 125 117 186 246 196][ 41 181 113  73 113 207 225  83 123  65 108   8  58 149 132 180  20  58
  18  24 147 186 176  95  47 156  16  34  67 128 194 188][212  48 153 113  40 108   1  26  54  59 163 120 215 119  72 123 133  85
 108  18  59  68 219  18 201 162 115 124 136  65   7  51][182 121 160  56 143 201 150 200 139 220 176  41 238 220 103   6 152 121
 203 115  70  99 154 249 185  16  15  63  81 126  23 223][ 40 105 121 101 116  79 103 180  97 164 126   8  19  21 129  48  26 252
  68 106  73 186 113   8 103 205  37   0  99 186  70 168][133 142 207 249 246 171 105 219 126  27  82 246 241 227 249 104 127  42
  62  28 179 252  79 247 204 174 183 196 188 200 209 161][230 239 172  22 233  29 150 236 218 182 141 157 224 232  79   3 153  78
 225 103 118  99 218  51 108  23  77 127 217 127 155 214][102 251 161  18 233 132 182 199 170 187   0 233 172 252  93 154 135 127
 243  83 214  75 138 113  60  48  95 235 192  84 163 159][252 188 188 114 169 253  87 218 179 187 173  24 223 255  72  59 129 215
 253  26  58 103 250  51 251 223  85 125 226 113 198  50][105 169 246  90  73 157 236 245 235 153 252  76 168 235 214 246  46 232
 250 204 214 123 190 245 127 121 103 232  75 134 235 140][ 80  33  18 158 123 132  18 105 237   8 233   0 110 210  40  84 240  59
 106   2  64   3 138 109 145 180  10  26  64   2 163  47][108 120 181 101   9 110  87 144 123 186  38   8 214  55  65  62 145  84
 108 106   9 116 249  34 205 190  69  52 194 113  70  51][208 121  19 112  17 205 117 117 236 192  98   8 182 151   0  48 160  61
  72  64  65 249 144  45 241 184   4   2  72   0 135  58][100 245 145  99 248  77 103 188  43 189  41  72 214 243  72  16 145  94
  68 122  83 114 249  55 237 156  37 124 192 147 199 163][244 124  29 181 136 111  87 136  50 178 161  25 215  83  73  27  17 213
 109  98 104  70 219  58 241 131 101  60  96 113   2  34][ 89 241  31 126  41 205  81  45 235  17 169   8 255 211   8  51 162 187
 108   0  75 107 146  17 211 249  80  58 104   2  67  10][181 111  44  15 221  43 199 232  82 166 235  11  66 104  31   0  89 206
 106  99 108 243 221  62  61  38 133  53  97 123 222 196][124  97 122 101  13  95  87 120  97 164 231   8  83  25  27  50 216 196
  72 106  72 179 241   8 115 249   1  21  99 187  94  98][ 94 249  47 174  11 214  59 248 166 212 207 129 253 215 106 114 102 245
 253 227 140   3 191  65 219 225  43 157  36  34  39 114][176 135 110  45 150  11 252 111   4 100 250 131  67  44  58  64 120 142
  91 165 124 187  69  31 250 101 166  85 117 142 244 200][ 91 120 191 124  41 252  89  18 235 222 190  77 190 156  87 122 165 117
 253  12 133 109 178  97 211 251 112 154  74   5  71 127][201 190 157 189 185 253  61 191  55 255 254 253 191  55 194 255   7 247
 253 144 187 206 243 255 239 243 126 209 170 212 175 123][ 53  69 195  79 244  10 111 184 118 226 251  70  83  97 153 116 123 204
  54 238 233 240 109  46  60 174 165   4 109 251 114 160][173  34 210  83 113 187 224  64 123  35 117 248 139 192 222 188  59 138
 130  24 183 246 108 115  14  94  48  96 239 205  74 132][230 249 227  30 203 192 182 173 250 246  32 205  96 238  71  86 177 109
 107 198 198  71 158 121  61   2 205  43  25  54  70 222][  0 125  63 254 240 204  63 230 172  13 106   1 180 255  32  83 166 123
  91  65  82 137  50 101 245 162  62   8   0  81 167 251][ 64  48  18  48  97 205 112  71 233  13 242  88 142 146  36  28 128  41
  76   0  14 175 146  85 145 240  18 123  64   0   3  15][ 41 190  83 100 116 143 111 119  57   9 124 108 191 147 128  48  30 186
   6   8 211 186 224  79 245 157  32 168  74 130 194 185][244  88 125 124  42  75  85 248 176  86 164  56  87  87   1 123  38 212
 108 106 105  71  58  28 209 227  97  28 112 177  38 115][ 97 169 185 100 212  79  71  63 114 172 236   8  19  49  64  48  88 220
  68 106  88  58 241  10 255 141  37 124  97 168 214 234][216 121  31 244   3  78 117  55 168 128  38   8 190 151   1 115 166 116
 105 104  97 205 176  40 241 227  68   2  34  48 135  59][120 113 216 100   2  74  87 190  33 164 174  40  23  51  65  82  48 220
 237 106  72  82 209   8 243 225  37  61  98 178  70  42][120   5 103 108  93  75  71 107  80 166 234   8  67  96  23  19  89 196
 104  34 104 227 229  14 113 166  69  21  97 250 118 104][ 92  32 158 184 153 249  80   3 166  21 131  25 143 147  74 218 129 151
 237  17  30  75 194  16 219 241  24 127 160  65 142   2][124  33 122  96  36  79  83  88  96  36 165   8  87  17   8  48 176 132
  76 104   8  35 185   0 211 237  33  53  96 162  70  34][ 37 225 185  99 148  15  75 152 118 176  35   8 215  17  89  56 153 220
 112 122  10 240 217  16 205 139 165 116 192 179  82  32][212  84 149 183 168 110 103 184 188 250 131 124 215 119   9  91  51  85
 125 106  41 197 251  34 205 162 103 148 168 115   5 115][ 40 125 121  71 116  74 103  53  96 160 127   8 115  53 133  48  58 254
  70 106  72 184 113  46 103 173  36   1  99 250 198 168][230 239 132  30 221  15 134 236  87 174 160   9  98 232  79  21 217 238
 234  99 126  99 203  63 185  22  69  63 209 127 214 198][135 249 149 151 234 132 174 205 186 146   0 229 228 216  73   2 175 123
 115 215  67  67 154 113  44   4  15 174   8 114  51 157][ 47  98 226  19  79 121 180 200 202 119 245  15   8 200  95 143 232 201
 194  87 134 119 238 240  20   1  67  63 199  31 127 198][178 123 130 158 139 205 150 109 142 136 144 107 230 220 101   2 156 121
 203  99  68  99 138  88 177  16  15  59  81 126   7 159][252 188 188 112 173 253  87 218 243 187 172  24  31 255  64  59 137 246
 253  90  58 111 250  51 219 223  69 127 226 113 198  34][109 124 177  69  65 111  99 210 123 170  42   8  26 183  69 190 177 124
  96  90   1 116 184  98  31 156   5  38 194 115  70 161][198 190 164  18 217 169 151 175 186 183 136 153 236 236  78  31 133  87
 233  19  50 105 218 115  45  22  93 127 192 117 135 126][ 41  52  49  73  85 252 232  90 123 105 125  64 152 146 212 180 153  12
  18  24 131 176 240 215  15 252  16 110 203 130  75 180][ 68 180 145 241 168 108  17  27  38 187 139 120 215  55 200 122 135  23
 108  24  27  64 251   2 201 166 115  84 136 225 135  49][120 161  85 106 105  73  81  41 107  17 233   8 223  83  72  50 146 152
 108  42  74  34 219  21 215 249  65 125  96 130 194  34][167  52 193  79  93  63 192   9  91 226 161  92 194  88  93 188 217 140
 114  60 175 102 251 158  47  94   5  62 219 110  90 132][216 104  23 244  51 200  49  70 164 132 226  40 191 151   1 113  34  53
 108   0  33 205 162  45 209 161  50   1  98  16  39  43][101 241  17  99 240  79 103 188 106 232 121  76 215  87 200  52 144  92
  70 122  83  48 249  61 173 156  37 100  64 147 198 177][ 90 182 151 189  51 234  80  39 191  11 234 253 239 174   2 208 167 167
 237  20  62 205 131 159 154 247  24  83 170  68 139  95][ 86 172 148  22 169 184  20 175 187 183 139  29 238 242  74 223 129 103
 232  22  54  77 154 115 168 246  93 127 138 116 139  14][ 80 113 107 236  26 196  91  88  38 196 207  41 247 215  67 112 118 189
 125 234 137   3 251  29 243 225 171 157  36 163  39 114][120   0 173 108  25  91  64  40 198 168 236  40 243 116   4 178 216 244
 236  96   8 235 203  29 201 231  97  63  81  42  94  42][220 108 157 183 136 107  71 154  50 186 162  88 215 115  65  27  49 213
 108  34  41 213 217  42 213 227 125  52 160 113   7  34][199 182 133 177 169  60  52  15 187 123 131 125 140 190  78 223 133   7
 249  21  55  77 211 194 140 114  94 223 136  68 139  87][ 86 160  18 190  57 161   2 232 175   1 233   8 230 194  44  84 144 233
 104  99  26   3 138 127 145 180   3  59  80   3  39   6][125  85 121  78  92  95  71  56  64 236 253   8  83  85  31  48  88 252
  68 106 201 162 121  14 115 237  37  60 115 187  86 112][ 41 187  83  73 240 142 107  55 121   9 124 204  59   3 128 180  30 170
  22  12 147 184  84  79  38 188  48 192 106 136 194 169][ 28  57  63 190   3 196  53 112 164 156 198  33 253 247  33  73 182  59
 125 194  66 193  50  77 209 227 111   1  32  34  37 243][ 64  48  27  16  33 205  49  71 233  93 230  28 174 214  38 153 160  41
 206  16   3  45 178  65 145 144  18 123  64   8 143 255][ 53  69 193  79 244  14 111 184 116 226 251  70 211  97 153 244 123 204
  54 238 233 176 125  46  44 174 165   4 109 251  98 160][124  33 122  96  16  75  83  88  96 164 165   8  87 145  72  16 176 148
  76 104   8  99 248   8 211 205  33  53  96 170  70  34][ 84 106 250 244  34 234  51   2 161 166 110 169  95 183 195  90  38 245
 237 194   0 213 160 106 210 167  97 129 160 241  39 107][ 75  28 191 124  41 236 185  22 235  89 174  13 190 157  71 122 167 119
 253   1 131 105 178 225 211 253  90  26 200  65 103 123][107 235 170  72 125 157 250 244 238  68 252   5 168 200 118 134 232 104
 235 220 198  43 174 241 127  93 134 121  67 134 127 206][ 76 181 136  35 171 125  21 159  34 125  13 173 222 245  74 154 149  94
 233  16  22  72 251  49 207 215 125 127 202  86 143 219]