[ 25 189  50  59  23 141 179 251 118  69 104   7 174 217  58   4  58  43
   3  93 182 184  30  63 232  76  11  74 119  15 163 194][102 113  36 236 253  71 222 249 131 232 189   9  74 221  93  48 220 221
 215 243 216  99 250 156 187 222 133 255  83  47 214 215][197 220 159 221  36  46 111 178 116 202  74  86 117 115 176  99 116 102
  58 110 225 220  49 111 101 174 103 128  40 241 113  49][ 82 245 255 197 130  74  61 191  58 182 142 164  93 183 129 118  54 213
 125 232 225 217 181  75 241 174 111 132  37 176 167 121][244  45 202  38 154 104  86 203  49 196 171 173  67 238  79  82 248 199
 236 114  92  35 205  42 250 229  37  31 225 115 230  82][ 19 207  70  15  50  27 206 237  52  64 218 236  99  72 148 144  58 228
  84 239 237 184  77  63  52  46  36 128 109 182 250 140][103 161 249  87 237 125 222 142  75 255 189   8 235 124  93 190 141  70
 125  94 223 106 251 179 175 223  85  62 194 243 210 238][ 59  77 107 109  50 154 127 117  53 196 254 128 123  47 183 116 126 253
 157 238 233 155  37 239 242 255 162 128 103 182 102 125][197 127 189  65 170  29 111 184 122 250  38  72 254 116 221 191  55  84
 120 122 225 112 251 106  45  15 101  52 192 241  67 101][180 124  61 126 112 239  87 248  50 186 245  24 119 127   1  25 153 249
  85  34  42 246 122  63 243 203 117  48 112 113  70 163][ 10 238  34 154 245 221 190 238  31 125  92   9  44 172 118 132 189  75
 131  85 198  57  42 247  63  87  30 171  82  92 223 223][164 112 156 115 140  63 132 201  90 187 161 120 210 216  77 187 217  29
 122  51  61 103 219   2 133 147 119 126 217 123 218 128][220 234 142 190   8 200  87 160 166 156 131   1 247 243   0  83 160 245
 109 195 106  71 139  45 241 227 239  25  32  51 175  10][207 101  54  14 251 155 158 105 222 224 221 137 220 200 191  37 158 109
 250 111 244 103 142 223 114  57  15 191  94 174 171 133][ 70 106 173 155 138 225 171 128 142 246 129 163 212 199 193  74  67 117
 123 211   2  69 239 112 205  32 239 253 148 115  21 112][ 88 189 182 253 189 126 124  55 191  83 206  16 253 191   0 106 163 119
 253   0  50 201 179 195 203 255  94   3 130 100 165  90][253  20 239  85 172 122  70 152 241 250 183  24  83 125 159 251  17 228
 252 122 185 229 249  10 203 235 229  21 235 249  92 112][221  61 151 117 168  46 109 155  54 250 134  80 223  55 193 255  39  70
 124  62 177 208 249  10 205 251 103  68 170 241 131  97][221 255 173  55 162 126 127 191 191 255 158 180 223 119 130 255  55 215
 253 174 249 204 255 238 234 239 119 148 174 245 135 113][130 220 186 223 246 193 191 231  30   7  80  50 180 254  38  64 239 123
  19 128 118 190  58 255 111  54 158  75 144  72 181 203][ 62 113 100 110 221  95  86 121  65 236 253  13  75  29  31  52 216 212
 215 230 220 163 249 140 123 221 133 127  83 175 214 214][144 205  95 172  18 194  95 226 180   4 234 163 115 119  32  81 120 245
  29 226 120 139   0  63 241 167 171 145  49 179  36  58][182  36 245 241 236  41 248 202 251 178 177 154 159 171  85  27 175 195
 127 153 184 103 206 192 158 218 223 252 229 201  67 129][ 13  55 251 247 230 100 249  91  59 223 127 246 157 255 217 106 127 255
  55 152 147 242 251 194  95 239 255 224 175 233 103 241][249 249  49  58 153 205  87 253 171 120 160   9 191 222  66  49 132 251
  92  71 127  75 250  61 249 217   5 122  80  22 131  75][109 241  17  76 189  95  71 184  99 236 239  12 210 209  68 180 216 236
 236 106  89  34 249  30 187 253   5 126  74  43 206 115][ 52  20 255 125 180 111  87 122 116 171 255  24  87 125  41  58 153 213
 117  34  56 247 121  14 211 239 113  20 241 121  70 162][253 100 222 102 195  62 118 204 177 162 111  20  95 115  43 159  51 196
 112 126  36 215 152  42 243 235  69   7 235 243 234   2][ 72 189  58 101  49 206 113  55 105 169 110   0 191  55   0  48 166  62
  92   8  81 184 177  13 239 253  48   1  66 194 198  43][105 253 188 126 169 189  87 191 234 155 172  76 254 242  74  50 133  99
 104   8 214  75 250  53 251 255  85 126 194  82 203  11][  6  51 226   0 211 251 184  67  43 229 127 191   8 172  87 158 191 191
 211 149 150 250 164 192  30  84  31 231 231 228 175 215][212 126 222 181 242  40 126 222  57 154 114 244 143 234 193  91 183 223
 108 114 166 220 131  98 188 243 103 132 200 241 139 129][216 253  31 188  59 221  21 231 190  93 172  45 191 151  34 241 166  59
 236   0 111  75 178 191 243 241  58  59  10  20 175 123][208 184 250 112  42 204  81  87 251 189 180 120 183 159  64  18 167 191
  77  16  26  73 146  32 219 237  53 121 224 128 198  43][ 41 149  62  83 245 159 117  55 124 107 127  28 210  49  30  49 153  30
  50  40 241 248  49  31 111 191 116  68 202 200 194 162][ 11 247 105 251 246 159 237 255  95 121  95 246 157 171 250  97 127  11
  55 157 243 248 127 215 238 223 191 228 190 200 209 249][ 44 172 217  81 210 226 107 155 114 163 110  16 113 115 193  56  51 126
  50 152  50 216 237 114  77 143 181  68 165 192 198 168][122 186 119  86  43 253  89  67 171  85 176 157  46 223  70 158 174 183
 253 132  11  79 242 241 147 250  81 186  67   4  38 127][ 61  99  97 101  21  31 206 120  97 228 237  14 203  72  23 180 120 236
 196 111 205 178 125 142 179 205   1  16 107 191  90 164][109 116  25  98  21 207  67 120  97 232 237  12 146  81   9  48 144 204
  80 122  75  50 248  28 227 217   1 124  74  19  66  50][ 92  32 218 101  96 107 115  88  51 166 231   9  95 215  65  88 182 157
 108  34   8 247 153  10 213 247  97  20 224 227   7  35][192  28  29 117 192 206 229  55 252 186  98  80 247  17   0 107 161  62
 106  24  97 252 209  12 197 170 118   0  72  64 193 168][116 161 155 106 153  69  71 201 166   5 173   8 119 243 104  16 216 210
 104 202  26  35 138  49 251 197   1 125 240  51 230  34][124 108 191 250 153 253  82 194 187 151 173  25 191 255  97 154 137 243
 253  18  58  99 154 178 219 215  69 123 210 123   6 194][248 225 156 240 137 205  85 199 179 179 164  24 151 183  66  27 137 179
 121  16 122  79 210  32 219 211  84 121 192  80 206  10][ 49  13  34 142 220 131 162 230 196  64 218  71  32 184  55 192 104 234
  10 213 198 171  20 255  56  44 142  74  93  30 120 142][217  12 156 181  40 106 121  50 253 243 166  16 255  51  18 107 131 103
 108  13  49 237  83  14 200 243 115  16 202 224   1  11][ 34 167 225   3 213 235 239 207 127 101 106 131 163 236  94  16  91 138
  67 149 158 184 237 247 110  28 149  69 231 206 214 206][ 83 117  85 101  19  78  61  63  59 224 106 232  63  54 129 246  54 149
 124  32 193  89 181  93 177 230  15 182  32  48 135 125][125  96 123  96   5  95 115 152  97  96 231   8  91  85  12 180  56 212
 212 106   9 244 185 132  67 217   1  85  99 163  70  98][216 176 159 122 169 237  81 223 171  27 164  24 191 223  72  27 167 147
 253  24  58  79 154 113 219 217  81 127 210   0 167  11][249  79  78 175   2   3  87 252  20 172 214 175 115 121 163  81 126 228
  53 239 236 146  77  61 240 227 237 128  61 187  48  75][198 106 169 130 168 225  15 200 142 246 129 169 196 198 235  90  71 113
 109 215  10  71 238 112 152   0 175 253 148 115   7 114][229 237 156  86 232  13 198 172 251 186 169  72 242 248  77 147 141 246
 108 110 232 103 202  59  40  26 101  62  72 123 210   8][205  54 123  97 226 106 127 159 125 234 247 248 223  63 197 121 183 213
 126 186 241 244 237  74 254 255 119 196 236 241 131 177][ 50 207  34 142  29 131 174 236 134  68 217 131  96 236  62  64 121 106
 203 199  98 171  12 255 184   6 143 145  85  30  52 204][252  97 112 106 221  93  86 216  99 172 181   8  74 217  77 180 185 216
 196 122  74  39 168 146 123 221   5  63 243 187 110 167][153 252  24 249  27 189 144 119  22  57 132  28 159 151  66  32 141  59
 223  16  50  92 210  23 207 193  57 255  90   8  11 155][109 255 180  54 173 189  86 156 239 189 172  77 238 249  91 146 145 110
 104  79 198 107 219  57 235 223   5  58 194 127 194  75][124  97 249 103  16  79  87 240  32 228 175   8  83 119  73  16  24 220
 109 106   9 178 249   8 247 205  37  53  97 179  70 114][218 149  22 250 219 193  49 103 191  23 135 185  44 247 104  93 163  59
 235  16  50  79 138 215 219 214  90 123 146   4 167 107][188 112 240 229 229  31  87 216  83 170 180  10  91  25  89  57 152 204
 117 122 232 118 249 138 215 217 101  52  99 251  82 163][ 22  38  99 161  50 226 121  67  55  71 211 183 141  15  26   8 127 141
 223 181  62 150  69 214 220 230 186 197 173 132  39 208][  1 129  79  65 144 207 237 119  44  97 110   5  81  55  18  80  46  38
 123 252  81 153  49  93 111 174  38  68 105 130 227 248][  0 188 159 245  42 237  49  39 190  31 234  48 180 179   0  27 131  51
 107   0  18 216  83  65 205 130 122  80 128  64 135  43][213 213  61  63  40  77  79 184 230 218 135  88 247 119  25  99   5  83
 124 107 235  69 251  61 225 163 109  28  48 179   1  33][ 41 179 113  65 241 159 105 119  47  45 124  68 184   7   4 180  28  58
  70  60 147 184 112  95  47 221  36 224  66 128 194 169][214 116 246 247 110  46 250 152  59 186 243 114 207 127  29 123 255 213
 127 163 168 247 203 234 151 250 203 150 165 243  99   7][  0 164 173 249 137 165  73 159  22  55 204  20 161  39  72  72  65  26
 106 156  58  76 123  19 207 230 215 125 176  64 132 234][102 164 252 211 236  47 248  75 127 187 187  91 222 255  92  59 255 159
 127 149 178 118 203 210 158 158 223 246 197 232 211 133][173  52 165  47 141 127 199 184  86 250 229  24 210 116  27 191 217  76
 250 110 173 118 251  31 141 251 197  52  82 127  82 246][ 33 199 121  75 244  75 233  61  87  25 117  80 243  65 156  53  94 138
   6  40 219  52 109  21 102 184  48  68 119 138 214 161][ 53 227  65 225  82   7 195 216   6 169 249 202  81  81 216  16  92 220
  86 249  11  50 205  28 252 132 169 244 125 139  50 160][188  22 126 127 102  62 115 112 117 134 119  32  91 113   1  59  62 244
 230  42 160 244 113  12  71 235  97  17  99 251  86 161][244 127 220 118 250  47  95 252  51 190 188 173  83 103  79  27  63 222
 109 250 122 227 249  42 123 207 101 189 225 243 198 123][248 181  56 116  25 201  81 231 178  53 164  57  38 145  74  16 137 158
 201   0 122 111 194  39 251 229  20 123  96   0 206  10][161 166 204  23 196  43 229 223 126  51 251  92 211  96 216  28 121 206
  98  28 179 254 223   3  76 171 246 100 233 200 218 128][228 172  69 145 204 105 232  75 255 179 179  26 157  74  92  25 107 139
 110 153  51 126  95 212 156  26 223 116 213  73 211 128][125 253  19 126  57 205  22 232 255 232 169   8 254 247 109 240 177 251
 238  98  67  67 250 127 185 214   7  59  90  51  35  51][ 85 205  15 119 144 142  70 182 116 130 234  64 243  99   1  81  81 230
  72 238 121 137  25  47 185 174   5   0   8 243 226  40][252 255 254  71 184  14  95 188  51 174 190 172 115 103 207  19  63 222
 109 122 104 210 249  46 251 223  37 181 227 242 198  57][221  93 103  69 182  90 111 184 101 224 126 230  91 103 149 245  54 196
 124 238 233 144  61 236 102 234 231 132  47 243 112  49][120 186 146 186   9 197  81 194 167  29 160   9  46 211  96  84 201 179
 205  80  10  75 138 177 153 208  19 123  66   0  46  11][ 53 101 106  78  92 147  71 248  65 128 253 138 114 205 191  52  92 248
   6 238 200 179 124  61 115  12 133  60 119 187 114 228][225  28 222 125 226 174  57  39 126 195  98 144 181  50 167 113 198  55
  58   8 181 216 117  30  76 175 118   0 152 192  97  24][ 28  61  63 101  56 238  87 178 164 120 174   0 215  55   1  51 128 117
  93 104 105 201 113  44 225 233  39  20  32 225   7  50][ 58  31  22 174  59 166  54 119 173  12 250 229 110 255  39 208 228  51
 239   0   4 139   2 127  50 247  40 139  90  78  45 155][205  45 180  63 173  47  78 186 244 138 226  88 243 248  25 107 217 231
 106 251 188 230 219  46 237 243 231  24 202 249 168   0][160 194  28 155  13 137 161  71 222  31 241  16 164 130  32  77 201  58
 106   1  34  60  67 213 133  18 210 123  16   8  28 142][212  70 218 133  76  10 238  64 121 182 243  18 207 170  81  90 123 205
 110 138 104 247 205 192 180 178 207  21  37 120  99 128][ 49 255  74  41 212 159 166 247  22 105 248 237 179 164 162 176  92 238
 134 212 223 186  68  63 238 197  37 224 125 138 250 153][249  96 113 104  93 221  65  72 227  96 173   8  59 157  92 180 152 144
 216 104  75  39 241  31 211 221   1  57  99  15  86 226][237 254 225  22 253  95 215 184 115 238 189 109 227 109 223  52 153 206
 228  94 253  99 251 174 127 223  37 191 202 255 214 215][252  56 222 114  41 253  82 208 163 158 164  41  79 243  65 155 137 244
 237  82  44 103 218  40 219 209  97  59 226 243 110   3][132 176 188  89 232 205 177 219 254  59 180  16 148 211  72  43 173  26
 107  24  50 109 123  81  79 153 119 109 208   8 231 163][ 21 212 189 218 141   5 159 232 214  31 129  18 244 251 120  64 221  91
  59 203 122 103 123 243 249  14 223 126 144  58 161 226][164 175 104  97 252  43  71 186  83 174 188  25  19  41 211  17  25 206
  69 126 120 126 201  62 110 143  37 117  97 233  86 138][ 69 175  95 227 210 138 110 184 108 128 106 198 249  99 144 114  98 237
  98 238 101 144 173 109 174 174 167   0  45 130  35 132][199 170 252 112 168 248 216 135 235 211 176 153 142 204  94  59 135 243
 108  17 150 109 134  96 142 218  85 123 192 209 203  15][139  38 168  30 215  55 156  95  90 207  93  94 156 232 155 169  31 203
 151 173 182 230 110 202 230  31 127 189 223 125 155 197][ 48  36  98 204  29 211  64  96  69 164 204 139  99 197  51  37 120 168
 138 226 108 163  52 157 243 193 129  23  51 174 124  78][194 255  26 158 187 209  23 239 190  68 200 185 172 230  34 212 215 123
 234 129 118  11 170 127 184  54  31 187  16  84 175  95][244  96 156 118 136  72  85 184 240 190 167  24 215 115  73  27   1 212
 108 122 104 103 203  34 217 227 117 124 224 177  70  34][ 71 248 183  82 203 221 189 198 235 243 160  24 140 254  85 175 167 115
 122 145 151 111 190 224  29  88  95 122 200 117 167 254][204 167  28 109 152  46  71 187  50  63 173  28 215  99  10  83 149  86
 108  42 122  72 217  23 235 231  37  84  64 224 134  34][  1  84  87 201  38 138 100  55 237   2  90 114 190  17 168 229 102  48
  30  40 209 188   1 205 134 184 114 194 108 136 129  45][192 180 187 213 180 206  49   7 250 171  54  56 150 181 196 107 163  54
 125  24 113 237 161  66 203 185  52 210 128   0 197  43][ 14 160  32 186 203 225 185 203  62  19  65  19 157 222 122 105 243  27
  51 145  54  78 254 215 221  71  26 109 180   5 167 226][216 145  92 173 170  73  85 191  38  60 166  41 119  55  10  83  38 215
 237  98 122  75 203  61 251 225 116 117  48 128 142  75][  0 156  59 191 246 227 191 231  30   7  88  35 181 254  32  64 255 123
   3 129 114 156  10  63 109 166 190 200  16  88 165 251][ 37 225  65  71  85  15 207 189  97 224 109  76 211  65  29  52  24  76
  66 110 201 176 125  29  44 156   5  52  75 186 210 180][223  77 103  69  54  18 110 186 117 226 126 198  89  35 149 245 118 196
 124 238 233 176  61 238  54 111 231 132  47 243 120  52][229 116 156  55 168  47 150 137 232 186 161  92 215 248  73  59 157  85
 108  51  61 103 219   2 193 131 109  60 200 123 139   3][188 113 248 101 101  31 119 120 113 170 118  10  91  25 209  59  62 204
  21 106 200 240 241 136  71 217 101  36 103 249  82 171][ 82 121 125  69  50  74  45  55  45 224 102 168 189  55 129 119  38 183
 253 136  65 216 229  76 245 171 126 128  45 144 135  56][ 93 253  19 126  57 221  23 232 255 200 169   8 254 243 105 244 145 251
 254  66  75  67 250 255 185 246   7  59  90  51  11  55][ 16 137  43 225  20 198 227 117 228  73 254  32 112 151 176 112 232  38
 127 216  80 153  33  95 123 173 166 193   1 130 246 235][130 143 236 179 150 137 189 231  30  53  29 151 229  44 126   0 111  75
  23  21 246 120  95 247 236   3 126 241 253  72 153 219][ 45 125 120 109 124 159  71 184 114 232 108  76 243  81 131  48 217 108
  70 110 207 178 249  31 111 173  37  60  88 186  74 249][ 72 247 125 101 178  94  93  63  39  44  62  40 223  55 136 112  22  23
 237  40  81  24 225  20 239 237  37 212  34 210 135 123][136 175 252 113 208 171 107 159 118 183 110  16 209  35 130  49  59  62
  66 152  50 216 109  31 110 239 181  65 225 192 198 168][217 121 252  69  50  27  55 190 122 162  38  40  63  51 197  55  38 245
 120 232 225 217 181  74 247 203  69  48 111 240   3  56][184 239 124 105  88 207  95 253  53   4 100  17  55   3   2  81 120 136
  79 106 122 143  97  63 255 137 164  65  50 128 230 234][105 251 184 110 185 157  87 189 235  13 173  12 254 243  74 144 149 107
 232  90 210  43 250  53 235 253   5 126 194  86 203 107][208 156 127 117  50 250  52  39 185 202  98 113 126 183 164 211 167 119
 157  34  97 221  32 110 187 243 110 131  32 112 101 123][ 42 221 162 158 125 217 190 238 159  87  92 171 172 236  55 132 203 123
 147  65 102  62  58 255  39  87 158 171  22  92 157 222][184 190 253 127 248 175 109 183  54 175 246 184 243 103 128  88 127 254
 110   8  58 252 251  63 207 239 117  64 225 192 198 249][116 101 196  45  24  10  70  40  38 160 202  64 195  34  21  82  80 196
 104 226  72 209 221  12 184 166 143  16  33  51 114   0][198  34 166 220 171  99 156 248 190 158 192 217 204 239  57  95 215 125
 255  99 228 199 206 218 211 114 223 191  22 117  61  11][252 101 150 116 195 126 118 204 241 182 174   9  75 251 111  27  57 228
  96 126  44 243 152  42 123 235  69   5 227 119 106 130][ 64  32 168 167   4  76 113  19 162 241 135  25 183 183  66 122  33 100
 121 156  10  88 251   0 207 169 246  44 160 226  27  90][ 58 177 227  75 215 235 226 207 119 101 248 143  42 236  92 148 121 154
 131 145  31 186 221 183  63  68 149 119 227  78 246 246][214 102 246 247 110  46 254 200  59 178 243  82 223 106  93  91 255 213
 127 227 168 247 219 234 150 250 203 150 173 251  99 129][ 45 149 126  83 244 175 117 183 125  25 126 104  86 121 142  57 179  54
 102  56 144 248   1  52 111 175 116  65 233 193 202 163][ 61 117 104 109  20  31  71 248  69 236 253  13  83  93 187  48  92 200
  22 110 205 178 125  29 243 205 161  52 123 187  90 208][244 173 201  38 146  98  70 175  48 228 168 185  83 110  73  83  88 207
  77 247 124  67 205  46 248 161  37  60 105 243 166  82][111  38  36  14  57  31 158 105 223 234 189  93 206 200  62 181 221 233
 222  47 252  39 222 222 178  31  11 253  90  47 139  68][ 92  90 150 190   9 206  82 168 182 134 195  69 239 243   1 218 240 229
 237 227  73 197 155  41 209 227 203  25  42  51  47  18][ 81 132  12  63  60 106  88 170 118 115 139 249 215 120  26 123 211  71
 124  37 191  72  77  29 200 227 249 213 156 131 152  64][248 160 188 120 169 237  81 223 235  27 165  24  63 211  72  59 129 147
 125  24  58 111 154  81 219 219  85 125 210 192 206  34][109  52 173  46  45  63  67 152  70 250 189  76 214 116 219 191 221  68
 124 111 141  99 249  24 199 123 101 188 218 255  90 117][ 96 141 237 111 152 235  67 175  30 101 106 129 243 115   8  80  83 142
  41  24  27 152 127  55 237 174 181  84 184  74 196 122][ 53  37 225  67 214  59 226 200  71 224 249  74  83  88 221 188 121 204
  82 250 137 178 109 216  30  12 129 116 255 251 122 164][ 36 168 249 218 252 237 215 137 219 191 176  24 150 217  77  58 153 218
  78  90  18  98 234 176 109 153  37 124 208 219 214 161][ 60   2 246 111 173  62 113  17 229 174 255   0  91 105 129 218  46 244
 236  42 136 225  35   8 215 255  97  17 227 235  70  35][228 160 204 145 204 105 232 203 255 179 179  90 223 170  93  27 107 135
 110 153  59 127 223 208 156 154 251 124 229  73 243 128][146 188  22 241  25 253  16  71 191 117 134  29 174 158  98  41 129  51
 217   0  63 205  50 183 139 209  24 115  26  12 141  94][244 255 220 117 176  43 127 191  51 174 254  61 247 119 203  16  23 222
 109  56 120 220 201  46 238 239 101 245 224 240 198  59][ 93  41 191  97 168  94  87 151 119 251 142   8 223  55 195 122  55 214
 124  26 217 217 185  34 235 239 117  84 162 240 203  97][200 176  18  56  89 249 176  79 186  83   4  25 172 151  66 153 161  27
 219  17  23  79 146  17 147 209  26 107 138   4 175 218][  2 166  33 161  48 226 105   3  52 101 203 147 157   7  26  88  95 143
  27 181  27 152  97 214 205 246 154  68 132 196 164 112][ 28  33 218 227  50  11 115  88  41 161 231   8 223  19   9  24 182 157
  76 122  24 179 153   0 215 245  33   5 226 163   7 162][ 73  28 190 181  33 238 113  51 239 235 126   0 255 179   2 252  39  53
 236   8   1 189  51  66 205 255 112   0 234 224   1  59][ 42  58 234  16  83 244 184  66 171 197 252 159  40 174  87  42 236 185
 211 149 150 203 182 226  27  93 154 171 199 101  47 214][211 215  46 189   2  18  77  47  52  54 194 167 101  50 178  97 246 135
  61 229 236 221  37 189 176 227 250 130  52  36  53 111][167 148 167  87  85 255 161 123 255 211 233  86 248 116  12 175 125 240
 242 188 161 246 122 207  31  30 215   6 203 108 115 244][177 205  14 191  30 155 134 228 196  64 219  98  99 200 177 225 104 234
  74 107 205 169  77  61 176 225 166  16 125  27 120 140][116 113 123 103  80  79 103 240 113 236 239   8  83  87   9  48  24 252
  68 106  73 178 248  14 247 141  37  52  97 179  70 242][ 41 163  82  65 244 159 232  83 127 105 124  64 147   2 148  52 220  10
   6  56 151 184 101  95 110 156 160  64 203 128 202 141][169 127  25 171  44  47  71 158  94 234 184  76 151  16 195 144 153  72
  70 111 237  54  89  62 164 145  37  60  88 123  90  89][215 223 133 164 137  22  94 190 175 242 138 237 207 186  83 246 167 199
 253 231 205  73 159 234 184 112 207 158  12 119 185  29][105 177 188  30 108  13 149  45 202 154 185   8 246 120  29 162 221  82
 121  33 192 107 219  29  77  63 125  58 212 106  83 171][ 88 188  27 240  58 237  49  86 186 169  42 109 191 151  64  16 166 183
 109  16   3 121 146  85 217 197  51 120 104   0   7  59][116 165 185 103 188  77 214 140 107 251 184   8 247 124  93  50 145 207
 125  83 223 112 217  51 251 221   5  63 192 123 218  10][212  79  78 166   2   2  79 112 164 166 207 131  83 103  41  83 126 244
 109 238  72 147 137  40 240 225 239 148  33 243  36  32][122 184 117 122  11 245 216  75 171  85 160  25  42 222  70 158 237 179
 249 132  15  79 250 241 147 248 144 123 115   4 102 126][ 17 157 118  41  22 195 147  98 213  68 220 167 239  89  50  68 122 161
 142 225 254 169  20  95 232   6   3  67 127 132  33 134][237 120  51  98 109 221  83 144  97 200 182   8  90  93  15  53 152 244
 228 122 201 246 248 168  71 249  33  19  67 191  86 103][120 233 156 112 137 205  85 135 163 183 164  24 182 179  64  26 129 178
 233  16  90 107 210  49 219 211  84 123 224  80 206  42][128  82  30 155  13 141 160  73 222  31 209  53 164 194  40  77 201  48
 234   0  34  37  74 243 149  50 218 123  24   9  29   2][ 11 183 105 251 246 159 237 255  95 121  95 246 157 191 250  96 127  11
  55 157 243 120 127 215 238 223 191 228 190 136 209 249][ 29  55 251 247 246 102 249  91  59 223 127 246 153 255 217 106 127 223
  55 156 179 250 239 194  95 239 247 196 167 233 103 241][252  56 212 122  41 233  82 152 163 154 160  41 239 251  65 155 135 241
 236  82  46  71 202  40 219 211  97  59 226 247  78   3][ 10 239 160 155 255 213 190 238  31 127  92  27  44 172 118 132 169 107
 131  69 230  62 106 247  63  86  30 235  83  92 255 207][221 204 196 119 137  46 237 190 188 242 167  84 223 115  13 255   1 100
 121  46 225 197  91  46 205 251  87  20 202 245 203  32][133 254 155  39 178  46 110 178 126 170 123 116 223  98 129  80 183 111
 110 126 161 212   9 110 172 166  47 196 168 243 131  17][223 253 245 119 186  94 127 188  63 254 150 181 255 127 139 118 183 247
 125 222 237 212 239 234 255 255 103 150 162 245 135 127][216 185  49 178 185 205  87 191 235 249 138  76 191 178  72 247 133 223
 124  81 251  75 250 181 185 240  23 126  10  20 135  43][210  94 175 190 168 192  31 166 150 158 144 179 245 255  97  67 207 243
  61 195 104  79 138 255 233 162 255 137  20  49 181 107][ 97 238 157  21 104 107  68 142  82 242 160  88 247  96 193 155  25  68
 106  10  45 102 219  59  12 150 117  60 216 249  74 136][ 90 253  50 252  59 221  20 246 191  77 238  41 175 183  35 116 166 187
 253   0  78  11 178 247 243 247  18  27   2  20  39 123][ 54 236  34 154  29 195 142 232 150   7 217 131 226 236  62  64 217 234
 203 119 106 163  74 191 185  22 143 123  85  15 244 202][165  97  41 107  93  79  67 184  67 224  45   8 211  81  27  48 152 136
  80 110 201  50 121  62 103 221   1  52  80 139  82 224][104 185  51 101  53 204 113  55 233   9 126   8 191 183   0  48 160  62
  76  72  89 184 176  13 231 253  32   0  66 130 199  43][ 52 124  61 255  40 239  87 120 178 190 161  24 247 119   1  25 153 245
  77  34  40 231  89  63 193 231 119  20 224 113   7 179][ 72 156 188 249 169 244  48   7 254  31 142  16 255 191  32 106 193  55
 255 144  58  77 115 147 203 247  90  91 146  64 165  26][ 92  38 152  52 170 104  80 138 162 191 171  57 215 179  73  26 131 215
 236  16  12  67 203   0 218 199 117  61 224 113  14   3][ 85  93 223 103 146 106 111 178 116 194 107  98  83  51 129 114  54 244
  52 234 225 144 189  46 228 175 103   4 173 243  96  32][249 249  53 186  57 205  87 253 235 120 160   8 255 215   0 181 128 243
 221  67 107  79 122 191 249 217   5 122  18  22 135 107][208  79 158 180  42  74  20  36 188 150 130 241 239 167 163 219  38 245
 237 227 108 205 131  42 240 227 111 145  36  49  45  27][188 103 120 110 228  91  86 248  83 166 189  40  91 121 127  48 216 216
 132  98  76  35 104  58 123 205  37  61 119 251 254 163][114 186  18 186  41 141  16 198 175 157 168 109 174 195 100 214 197 243
 236  80  74  75 210 177 155 240  21 123  90   4  47  15][212 122 157  22  42 104  21 130 250 158 178  56 246 242 193  59 131 116
 108  66  32  69 235  32 128 162 117 155 128 113   7 103][218 189 182 253 185 220  92  39 191  25 142  17 175 191  68 114 163 119
 253 144 122  73 179 227 235 255  94  91 130   4 167  75][216  20 151 247 160 110 101  55 180 155  35  80 247  55   1 123  33 118
 108   8  41 237  49  14 193 166 118  16 224 112 133  42][109  36 196  65 237  63  66 136  83 178 173  24 202 104 223 191  25 196
 204 126  60 102 205  48  14  90  69 127 219 253  90   4][237 239 148  86 168  15 134 172 250 186 160  88 246 112 201 179 129 102
 104 106  97 103 202  56 168 155 101  56  72 113 202  40][205 182 253 241 226 106 253 183 125 251  55 240 223  63 201 123  55  87
 126  56 177 252 237 202 236 255 119 196 204 240 131 177][ 37 117 105 110 253  95  86 248  87 232 253   9  82  93  31  48 220 220
 215  99 236  50 121 158 119 221 165  61  83 187  86 243][252 180 172  52 137 127  87 184 210 254 165  13  82 125  75  59 153 212
 236  34 236 103 251  26 251 195 101  63 195 126  94 115][249 249  16 242 249 157  86 253 251 121 164  76 191 211  72 181 133 223
 252  74 251  79 250 183 187 217  21 122  10   6 202  59][104 157  51  98 113 252 115 113 105   9 127  72 191 151  32 180 180  58
 196   8  19 184 144 191 235 253  32  66  66 130 102  43][169 183 115  65 244 159 225 119 125  73 126  84 186  24 148  53 142  42
   6  28 243 184 117 221  46 216  50  64  74 136 195 173][ 60 255 120 102 242  59  87 248  80 174 124 172  83 109 147  16  63 254
 132  98 232 178 104  46 123 207  37 189 225 251  78 163][ 45 253 105 111 124  15 199 184  86 236 124  76 243 101 145  48  92 200
  87 110 201 178 125  63 103 205  37  52 127 187  82 240][221  76 148 119 173  62  77 142 254 243 166  16 223 115  89 255 129  71
 124  14  41 101 251  34 201 255  87  20 202 113  73  32][ 72  56  27 176  50 237  57  23 186 205 100 169 191 151  64 112 166 187
 255 128  19  89 178 117 221 213  58 233  32   0 135 123][146 174  44 154 185 249  16 193 191  95 133 177 174 206 110   9 131  59
 205 147  62  77 106 119 139  18  26 251 144  71 175  94][ 97 112 157  53 104 107  68  31  62 243 160  92 247  32  65 187   1  78
 106   8   5 116 219  17 140 146  85  52 216 248  74 152][121 184 145  81 217 173  96 223  55  49 234  88  18 179  64 252 113 158
  42  24  27  26 217  51  29 222  17 118 154   8 192  56][125 117  18 126  57 223  86 232 239 200 237  12 254 250  47 244 152 249
 222  98  77  35 250 253 179 255   5  59  90  55  75  22][ 16 143  59 175 182 227 175 119  20   1  90 226 245 231  32  64 126 123
   7 169 121 152   8  63 233 167 175 128  48 122 181 233][ 82  28  30 124   2 166  52  39 172 138 234 224  54 191  36 115 231 183
 125   0  64 201   3  77 147 166 122   3 161  96  41  11][ 95 253   0 166 185  20  94 180  41 226 138 205 111  58  83 214 135 231
 253 199 237  11 223 238 186 246 143  58  14 119 171  30][141 207 140 190 190 139 158 189 158  82 144 215 245 237  58   1 223  67
 191 103 230 109  14 191 232  83 111 189  28 252 153 217][129 182 255 245 226 106 237 183 125 243 118 208 157  39 208 123  55  95
 126  24 177 252 229 202 205 255 119 196 228 224 131 169][ 92  52  29 230 168 111  87 184 176 166 171  24 215 119   9  27 145 213
 109  98  57  67 249  46 241 199 101  20 224 115   7 114][241  96 129 228  64  68  75   4  32 160 163  24  19  23  80 114  72 220
 120  78  73  86 241  32 209 168 128  60   0  51 118  96][230 180 188 250 205 237  80 203 155  55 161  24 142 255  78  31 201 147
 251  16  58 111 218 211 159 218  85 127 210  72 206 134][244 160 189 120 233 237  81 203 235  63 164  24  22 211  76  63 137 146
 108  24  26 103 250  81 219 216  85 127 210 193 198  34][220  96 151  39  19  74 114  88  33 160 227   9 207   3   9 210  50 221
  76 242  72 151 153  76 211 241   1  85  42 163  47   2][ 12 153  94 107 210 143 112 185 101  17 106 100  90 121   4  16 182 151
  98  80 147 184  27  85  79 171 116  68 233 130 106 139][ 84  97 147 174  25  78  66   8 163 200 195  73 207 215   9 210 240 229
 108 226   9 195 153  72 145 246   3  30 168  51  43  18][237 110 157  54 168  95  21 188 234 254 164  24 254 113 195 191 129 100
 236 106  97 103 235  40 160 211 101  61  66 113  11  73][ 82 153 251 101 178 202  52  39 233 225 106  32 188 191  36 112 166  55
 109   0  21 153 161  73 255 180  22 131 160 128 167  59][163 112 170 182  88 228 153  84 178 207 213 149 185 221  95  42 204 185
 213 149 174 198 242 194  67 121 154 169 197  85  39 250][237 131 181  63 188 106  64 186 114 121  19 121 215  44 152 123 147  70
 124  37 189  64 237  21 204 243 113 212 148 161 145  65][ 88 243 124 101  50  94 125  61  41  44  54 169 223  55 128  82  38 213
 253  96 208  24 225 133 231 249  36 151  34 146 135 123][217 241 124 101   2  90 109  39  96  33 238 136 187  23   0 114  38 183
 120 136  73 216 245  77 229 233  30   0  97 128 163  40][209 204  30 127 168  14  92 183 188 186 162  85 247 115   0  83 165 231
 108 102 108 205  89  47 226 235 117  16 104 240 194  11][ 85 113 157  35 168 111  22 157 238 251 171   8 215 112  73  42 145  86
 108 114  29  97 217   0 237 197  37 116 200 123 139  18][ 90 189 190 250 153 204  92 167 191  29 138  17 174 191  64 114 229 183
 253 144  90  73 147 247 251 247  30 123 130   0 167  10][253 112 236  38  41  92  95 152  99 254 183 157  91 109 223  59 157 196
 253 110 237 103 255 128 211 251 229 189 107 183  94  87][212  71  95 103 162  74 111 184  56 162 123 224  95 103 137 115  54 213
 125 234 225 209 173 110 244 235 103 132  37 243 167  33][109 120 252 109  47  31  83 178  75 228 132   8 159  49 211  62   6 228
 120 111 140 116 253  24 207 223  65  52 246 189  82 100][124 245 248 103 244  79  87 188 115 169  44   8  87 121  88  48 177 222
 117 123 218 114 217  43 255 205  37 116 233 243 210 130][ 92  61 254 116 252  94 118 151 114 171 174   8  83  63  65 122 177 246
 124  24 220 248 177  34 255 239 117  69 160 240 206  43][160 174 254 127 176 171 105 191  62  47 118 176 243 231 128  88 127 254
 110  28  58 252 233  47 206 239 117 192 225 224 198 249][ 39 107 232  15 120  19 206 252  83 230 189 237 195 104 223 148  94 204
 198 255 204  98 205  58  46  13 165 189 109 255  90 197][ 90 140 182 249 169 236  16   7 191  31 138  17 174 191  96  74 193  55
 233  16  26  77 211 179 139 247 218  91 146  68 133  10][212  71  79 230 178   2 111 184  48 134 223 199  85 103 185  83 118 229
  61 238 104 145  13 110 240 175 239 132  37 243  33  32][220  29 159 246 138 104  85 183 176 150 171  57 119 119   1  91  35 247
 109  34 120  73 139  42 249 227 116  24 160 240 166 107][ 93  93  87 231 178 106  63 184  44 224  91 224 221 119 137 112  54  87
 126 234 209 144  45 110 236 238  47 132  44 243 129  49][ 90 253  51 250 185 221  28 231 191  21 236  25 174 255  34 116 231 187
 253 128  78  11 178 247 243 247  30 123  18  84 167  95][ 56  49 250 101   6  30 117 121 113 162 118  10  19  25 213  58  62 220
  21 104 200 240 241 136 195 249  97  36 103 170  66 171][225 252 157  63 172  45  69 191 254 251 170  92 247 241  65  91 129 102
 104  28 187 108 251  55 173 191 117 124 216 120 210 120][152 156 148 185 169 239  16 135 191  59 162  17 239  59   0 219 129  55
 237  16  62 205  83 151 203 243  91  87 146  64 141  26][ 13  53 251 247 246  38 233  91  63 251 127 246 153 255 209 104 127 255
  55 156 179 250 239 194 222 239 247 196 167 233 103 241][ 62 241 160 169  29 201 210 232  23  53 144  43 231 221  72   0 217 217
 223 115  90  34 219 181 219 213 141 127 119  31  22 210][ 41 245  81  55 245  15 103 247  61 226  97  93  94  97  10 149  59 110
  66  46 113 240 120  62  36 158  85  36 122 252 210 248][ 10 253 176 153 221 213 180 231 159 127  92  27 172 252 118 132 169  59
 147  21 118 122 122 247  47  87  31 235 211  76 191 223][ 41 125 120 124 253 143 223 242  91 168 124   8  50 253  21  48 156 250
  87  78 232  58 240 190 119 156   5  56  87 185  82 170][238 107 160  64 189  53  79 156  83 172 158  76 138 129 209 254  81 254
 253 217 154 119 232 226 123  92 133 255 142 255 124  37][246 210 156 154  45 141 144 200 159  31 145  61 134 192 106  79 201   1
 238   3  42 103 218 241 144 146  90 127  24  25  29  23][109 120 121  69  45 223  83  48 105 232 180  40 186  29 151  53 140 244
 220 106 205 102 241 168  71 249  33  58  66 173  70 111][  9 215 109 251 246 159 237 255  95 121  94 246 217 171 248  96 127 138
  55 140 243 184 109 215 238 207 191 228 191 136 209 249][145  78 103 109  98  26 238 119 116  38 250 230 113  40 145 225 126 236
  46 239 237 180 101  15 180 170 234 128 109 250 112  61][125  13  98  69 198  58 238 183 113 226 126 198  89  56 149 245 122 230
  48 238 237 184 181 238  54 111 199   0 111 243 250   4][220  94 142 190  60  38  30 250 150 206 158 229 245 231 171  75 215 119
 189 231 108  71 139 174 250 231 239 153  28 241  57  83][112 165 185 112 137 109  85  15  99  55 173  24 150  51  72  58 129  22
 104  16  26 107 243   3 219 213  84 123 192  72 198  42][ 56 220  92 125   9 207  93 126 164  54 230   4 115   7  34  83  73 164
 233 106 104 173  83  61 243 235  80  17 114 146 110 122][ 36 232 253 241 236  73 227 200  74 180 176  40 150 121 213  26 139  88
  78  91   3 102 235 176  77 153 101 124 213 185  87 169][108 173 168  98 217 205  71 143  99  37  45   8 243 229  90  48  17 206
  64  88  26  58 248  51 255 221   5 125 226 210 198 234][191 105 170  62 205  23 214 232 215 134 228  11  98 200 127 128 216 232
 194 103  76 103 158 186  51  77 197  59 115 127 122 198][118  56 149  50 169 233  80 136 171 186 161 121 207 210  65 159 135 241
 236  82  30  71 202  32 152 210  65 123 234 103  10  23][112 168 158 178 141 232 241 199 170 151 176  25 182 203  66  26 169 179
 109  17  18 111 130  97 217 144  94 121 192  64 231 202][240 116 222  37   2  42 119  32  57 166 242  15  83  41   7  19 186 229
 101 231 108 244 209  78 240 170  97   0 109 113  66   2][ 83  93  47 172  18  86  55 245 188 194 194 231 116 182 163 243 118 245
 253 231 237 219 181 110 177 163 110 130  45  48 167 127][112  35 128   5  24  10  66  41  38 160 170  76 194  34   1  80  88 196
 108 224  72 131 193  12 176 164 165  16  33  34  82   8][114 233  16 122 121 157  82 198 171   5 168   9 174 194 102 144 204 179
 200  80  14  43 218  51 179 213   0  59  80   8  10  10][232 188 156 113 173 173  81 151 251  59 176  92 159  59  64  59 133  23
 108  16  58 108 219  17 207 219  85 126 218  72 195   3][130 166 159 155 218 160 189 239 190  23  72 247 228 226  40  81 103  27
  43 128  50 223 139  87 188 166  94 202 148  64 167 138][112 235  26  58  41 137 146 200 142  53 168 137 167 192  98 146 128 121
 232  65  14 107 202  49 216 213  13  59  64  10  15  10][109 117 225  71 236  63 206 152  75 234  57  76 211 112 221 182  23  76
 116 126 193 112 253  42  46  28 101 180 206 251  82 181][249 165  57 105  25 102  73 123 113  45 239  24  83  51  24  48 120 132
  72 168  57 187 241  15 209 237 128  68  99   0 226  98][109 130 149  63 237  58  69 191 123 123 117 120 207  33 152 255 149  78
 252  13 153  92 239 177 140 122 113 246 130 165 218 101][105 122 121 101 108  93  81  48 105 232  52 104 191  29 149  55 134 180
  84  72 200 176 225 205  71 249  96 178  71 168  70 111][114 253  59 248 249 229  92 231 191  29 232  25  46 255  36  80 231 187
 255 128 122  11 146 247 243 245  22 123  16  80 167  58][ 72 189 250 117 240 206 113  55 114 169 110   8  63 187  64 112 179 254
 116  24  24 218 145  46 127 239  53  96 232 128  70  59][ 93 223  87  71 178  74  47 184 125 224 123 224 221 119 137 244  54  85
 124 106 193 144  45 110 180 174  39 132  46 179 161  49][176  49 253 229  22  75 243   3 105 160 186  26  23  25   5  18  42 181
  95  48 104 180  81  10 213 141  33  16 101 136  67  42][217  76 172 190  44  23  30 190 150 202 154 247 247 124 179  99 215 101
 125  39 237 229  79 191 160 247 127 158  28 252  25  89][ 82 157 159 184 185 236  17   7 191  21 138  17 174 191 100  90 225  55
 237  17  26  73 147 247 153 246  94  91 144  64 165  10][ 33 168 152 120 217 191  48 207 126  49 108  24 150 128  98  88 209  14
  98  28  22 122 218  55  76 141  21 125 216   8 202 136][115  12 234  13 213  54 239 111 117 199 238   6  97 232  54 116 121 238
  50 173 188 187  53 238  58 110 214   0 239 246 248  76][ 90 243 121 101  50  14 121  53  41  44 182 233  63  31 128  82  38 149
 253 232 200 152 225 205 215 249  32 150  98 130   6 123][ 49 236 122  99 116 219 115  20 113  13 119  56  51  17 134  52  58 184
   4  24 170 186  96  63 230 253  48  65 227 131  78 161][ 49 239  73 205 212 159 206 238  94 170 248  74  51 104  53 160 217 234
   6 232 235 186  89 191  45 207 167  52  85 121  88 172][ 35 109 115  93 245 159 239 246  95 162 124  74  58 185  53 180 220 250
  19  76 225 186 114 255  39  94  20  34  95 216 210 172][ 43  43 198  71 153 159 226 101 143 233 191 206 106 236 222 134 172 230
 238  92 157 233  47 180  58  95  69 243 203  15 218 157][255 160 204  21  79 114  84 232  19 247 133 186  75  48 206 191 123 206
 244 172  61  86 239 129  30 107 213 183 175 229 222 198][ 53 111 232  39 124  27 206 188  18 164 249 239 195 104 223  16  30 204
  69 239 204  50 205  62 108  13 173 188 101 251  90 192][212  96  87  97   3  74  90  72  45 160 163   8 207  83   9  91 178 213
  76 242  41 133 217  76 147 240   3  23  40 179  43   2][223  31 143 167 174  54  94  58 133 250 155  71 215 126   3 235 197 231
 253 167 189 199 219 170 185 227 239 146 168 127  56  83][ 13 241 147  75  25 141 226 152 239  65 175  68 234 195  92 148  56   0
 106 220  19 169  27 241  47 252   6  74 219 134  99 148][ 41 189 105  65 116 143 103 255 114 232 124  72  19  49 208  48  57  76
  83 108 195 184 249  31 111 205  37  36  99 170  82 168][ 11 177 109 249 246 159 237 255  95 121  95 246 185 255 248  96 127 139
  55 157 211 248 111 215 238 207 191 228 191 136 241 249][ 41 237  97 109 116  31 207 184  86  40 124  72 243 121 145 160  24  74
  87 110 203 176 121  63 111 205 165 180 119 186  80 168][210 120 219 183  18 206  59 160 168 192  74 133 253 135   1  82  38 127
  57 198  96 220 152 110 225 164  14   0  44  51  39 250][ 93 253  48 126  25 221  86 232 239 216 173  12 238 250  15 180 145 251
 252  67 207  99 250 189 187 253   7  63  90  55  11   7][ 85 125 155  36 184 111  71 219  98 235 170  72 215 243  65  50 145  70
 108 122  25  97 217  34 249 197  37  60 200 115 131  51][210 156 159 191 137 237  17   7 191  55 170  17 238 182  64  91 161  55
 233  16  50 205 147 115 137 246  90  83 144  64 133  58][  0 234 147 178 234 233 177 199 190 149  65  57 188 211  96   8 179  43
  99  17  18  90 138 115 221 132  31 104 192  80 167 234][197 188 157  49 168 173 112  23 186 251 162  92 151 179  64  27 133 215
 108  28 187 125 209  50 205 155 117 112 200  64 139  27][254  82 148 170  41  13  86 200  27  62 177 253 206 200 107 223 223 209
 238 103 110 103 219 144 144 208  65  62 122  63   2  87][225 160 153  55 104 105 224   9 122 243 163  88 182  48  72  58 131  12
 106   8   3 116 219  19 196 177  81  56 200  72 203 144][ 17  29 199  79  36  46 238  48 108  74 122  70 243  51 177 226 118 102
  62 238 193 176  53 104  38 172  98 128 105 243  65 185][205 110 159 165  32 106 174  48 120 162  82 240 221  34 145  43  54 101
  76 239 228 212 133  74 228 163 110 128  68 241  11 129][172 234 249 225 108  75 227 216 106 188  52 104 159  13 213  58  11  93
 102  90 195 118 235 240  76 153  37  60  69 185  71 169][ 60 127 120 102 182  15  87 248  81 174 189 239  83 105   9  16  63 244
 197  98 232 163  73  46 251 207  37  53 103 251  78  19][ 90  90 110 231  34  82 191 240 164 198 214 163 241 110 147  99 102 245
 253 227 233 213 165 109 244 103 234 129  37 182  53 121][ 93  21 142 172  60  38  95  56 173 206 223   7 215 122  59  67 240 197
 124 175 173 195  89 204 241 247 235  20  24 106  57  83][120 160  56 122 141 205  81 204 195  21 164   9  51 217  90  16 201 130
  81  24  90 107 218  53 219 201 149 125 113   8 198  42][ 84 105 218  52 138  40  94 142 178 182 174 173  87 227  67  90  39 247
 237 194  28  67 139  34 250 167 101  61 160 241 143  10][216  24  86 173  34  98 115 112 161 196 119 167 111  79  35  83  54 245
 237 226  13 149 149 201 208 224  34 129  47 163  39  91][102 184 129  19 137 253 128 206 179 121 128  57 134 181  72 158 137  90
 233  17  18  75 202 177 153  20  29 127 194  77 158 254][164  37 159  98 136 111  79 200 170 182  41  24 215 247  73  59 145  80
  81 126  49  71 186  50 193 136  65 124 208 243 199 224][ 81  92 159 188 170 110  21 175 184 218 170  56 247 114   1 123 163 119
 124  34 105  69 147  43 240 167 127 144 136 112 131  11][158 116 174 178 153 228 157 206 186 223 132  17 220 223  91  43 201  83
 217 149  62  71 250 226 203 211 222  91 192  85 183 218][144 207  15 175 150   2  79 252  36   4 218 231 247 103  32  65 116 246
  29 238 120 137   9  63 241 163 174 144  52 186 180 120][255 253   0 182 153  20  94 164  57 226 136  13 111  58  91 208 213 239
 221 199 237  11 220 174 185 253 143  58  40 119 155  94][157  78  15 183 176 182 110 178 180 202 207 212 247 103 147 241  87 102
 124 238 237 212 109  46 226 235 239 128  40 241 169  81][ 92  89 159 246 184  79  87 184 178 184 167   8 215 119   9  91  16 245
 109 106  41  65 251  44 249 231 101  28 160 243   6  35][249 249  28 126 249 157  86 253 255 120 164  12 255 219  10 177 133 211
 220  74 239 111 122 191 251 219  69  59 106 144 202 155][226 156  37  30 221 237 151 175 147  95 164  25 226 253  94   5 153  82
 243   1 122 111 122 183 107  22  85 127 210  92 214 254][ 37  65  89  76 108   7  79 120   0 128 253  78  83  67 185  48  88 200
  22 238  73  35 120  24 113 168 161  60  89 187  98 160][192 190 254 117 176 171 105 191  62  47 118 181 247  99 128  88 127 254
 111  28  58 220  67  63 238 239 119 192 232 192 194  57][ 15  53 251 241 246 160 233  83  63 219 127 246 157 255 213 106 127 191
  55 157 147 250 231 194  94 255 255 228 167 200 227 241][129 168 255 245 238 110 233  55 255 243 114  82 157 167 208 123  39 151
 126 156 177 253 179 192 221 251 118  64 228 192 161 184][ 60 249 120 232  92  77  87 252   6  44 188  43 147 221  65   0  88 216
 215 113  74  34 219  21 251 193 165 125 113  58  86 203][101 103 192  71  86  31 238 188 121 226  63 206 211 104 223 182  50 204
 116 111 197 240 221  42  46  46 165 180 111 191 218 132][ 19 202 110 143  54 146 235 112  76  68 214 199 225  78 190 101 126 164
  63 239 196 153  37 253 246  43 234 129  53 142 125 253][212  94 158 167  34  42  63 152  36 254 151 231 215 103 195  75  54 213
 125 254 161 213 141   8 208 163 111 148 172 243   1  81][ 50 175 227 133 213 114 239 239  49 229 202 131  73 236  55   4 121 239
 177 165  60 187 173 206  59 110 143   1 231 246 246 252][193 253 189  55 136  92  85 191 234 254 166  24 247 117 202  59   1 198
 124 106 125 109 255  61 239 163 117 117  64 240 135 123][128  28  63 126  98 232 183  98 252  90 114  48 188 255  37 123 163 115
  87   2  96 253  34 111  69 187 114   3  64 113  39 235][120 220  60 110   9 207  87 166  36 102 174   8 243  23   2  80 201 176
 105  10  72  47 115  63 227 239  80  17  88  26 206 122][ 95  75  83  71 114  18 111 188  53 224 122 226  89 103 153 244  54 221
  60 234 193 144 173 110  54 174  39 132  39 179 161  53][ 80  31 155 236 186  74  23  55  40 170 218 224 247 183 129 114  54 119
 108   0  89 137 161  10 240 231 126 144 128 240 167  41][221  29 191 181 141  54  94  62 132 250 138  83 247 124   1 235 197 247
 253 167 189  79 211 170 243 235 239 144 168 125  56  75][128  68 121 243  36 233 121  38 184 178  54  56 183  23  64  11 166  63
 119  17  96 252 192  38 205 129 126  96  68 152 133 171][212  65  78 173  38  10  79  56  36 198 214 163 247 103  11  83 114 228
 125 238 104 213  73  12 240 227 231 144  44 178  32  98][198 242 144 176 232 121  20 159 170 251 144 252 142 182 200 190 135  95
 252  17  23  78 218 144 138 209  61 255 136  84 139 151][232 164 149 112 237 237 213  79 251 179 160  24 154 179  68 191 137 146
 238  16  58 111 210  16 153 155  85 127 211  72 198 170][ 45  96  73 106 124  79  67  24  83  72 229   8 243 209  25  56  88 136
  84 126  11  38 251  29 195 185  33  60  90 171  82 224][ 33 253 123 125 244 189 228 103  95  11 120  74 179 185  52 160 169  42
  19   8 211 186  82 191  39 223  20  42  89 216 211 168][109 131 204  67 169 121  76 141 171 117 191 168 203  32 223 254   3  70
 252  30 158  80 239 176  14 253 117 247 198 215 218  69][ 45 255 104  42 244 169  71 223 115   5 252 140  51 201 218  48  93 218
   6  91 222  58 252  63 126  13  36 109 125 219 254 200][ 93  17 190 172  60   6  89  57 109 204 215   7 222 123  59  82 240 133
 127 237 157 131 241 204 209 247 235  20 136  42  56  82][ 49 205   9 237 148 223 198 246  86 224 248  70 179  40  49 160 216 234
   6  77 237 184 113  63 237 207 167  48  89  88 216 168][165 108 149 118 141 110  71 136 240 138 169  24 211 113  73 191 153 246
  80 122  41 101 184  42 165 158  69  60 192 115  66  32][126 160 236  37 207 114 145 232  67 247 165 187  75  60  78  58 251 197
 249 162  28  71 239 129 219 107 221 119 167 111 222 198][121 161 232  34 221 217  91 140  67 229 188 175  51 205  90   0 158 203
 197  85 158  42 254  53 251 205  37 121 101 143 206  90][ 36 107 123  91 228 218 103 212 117  69 124   0  51  73 159  56  58 234
   6  90 218 176  44  53 103 217  36  65 119 155 198 225][160 168 129  24 157 233 193  71 218 181 160  25 166 129  66 156 137  42
  66  28  26 111 218 114 137  20  21 123 208  72 199 206][ 53 103 104  39  52  15 207 188  64 164 155 207 211 104 155   0  30 204
  77 111 204 176 205  46 228 141 165 148 109 187  82 192][117  71  78 174  36   2  79 184 100 194 223 134  83  99 187  83 122 196
  61 238 233 147  93  46 242 239 231   4  45 179 120   0][207  22 229 151  34 104 188  48 169 242  19 245 253  46 221 239  39 119
 253 167 161  80 205 232 132 114 127 146 142 247   9 117][253 237   0 182 145 158  94 228  49 238 168  13 127 123  27 144 153 239
 221 231 108   3 216  47 251 207 173 184  42 119  26  90][ 60 127  94 230 185  15  94 248 129 166 189 141  95 111  11 146 158 245
 205 110 104 163  88 174 243 207  37  53 107 255  74  82][ 96 114 125 101 102  77 249  16 105  44 116 104 191  29 149  50 166 181
  85  72 193  48 225 201  71 248  32 178  71 128  71 173][ 34 189 123 248 251 237 117 103 191  23 104  25  62 255  36  80 235 187
 183   0 114  27 146 247 127 214  22 107 208  64 166 170][252 120 157 116  41  78  82 184 163 186 166  40  95 115  73 251 128 244
 237 106  40  71 219  40 219 227 101  61 226 177   6  35][153  70 198  85   5  30 111  52 116 134 230  20 251  97  31 199 112 108
  40 238 232 180 213 170 224 235 226   0  43 253 121 136][ 33 175 105  69 116 159 227 246 118 168 126  72 178  17 148  36  24  44
  22  12 193 184 117  31 109  12  33  32  71 136  82 169][ 40 189 251 101 114 206 115  55 114 137 110  40  63 147  64 112  50 191
  21  24  19 154 144 111 111 237  52  64 106 128 226 187][244 112  95  34  11  78  66 216  41 224 163  76  95  87   9 123 176 213
 108 226  13  71 217  72 145 240  67  22 105  51 106  18][ 24 235 147 211 211 169  35 199  62   5  74 210 172 199  96 148  51 122
  35  24  18 216 154 115 189 132  23 106 162 129 165 168][199  50 221 211 170 104 188 159 171 251  17 252 156 182 197  46 135  87
 253  17 151  68 203 192 142  18 127 254 140 241 139  21][ 37  14 212  95 180  47  68  19  94 187  59  84 210  32 149 255  73 102
  76  44 184 244  73  30   4 190 113  20 216 233  82 133][249 237  60 122 189 221  87 255 243 116 164   9 191 251  66  49 137 215
  92  76 126 107 250  55 251 219  85 125  98 128 202 202][253  83  85 170 169  31  86 248 137 182 161 141  79  79 105 155 158 213
 236 102 109  99 218 144 179 209  69  62 122 255  66  84][221  82 255  69 166  90 127 148 233 138 118  98  93  55 145 127  54 245
 124 122 225 180  53  74 247 235 102 128 231 243 101  37][130 188  56 153 125 245 184 103 159  93  80  23 172 158  38  65 205  59
 147 129  54  58 114 247  15  16 154 235  16  12 181 223][123 137 163  14 221 246 238  71 119  69 234   3 107 236  54 212 121 238
 179 157  30 186 247 243  59 124 150  73 243  78 246 238][ 84 109 216  54 218  72  94 142  34 178 170 137 119 227  67  26  35 207
 109 214  76  75 139  40 248 225 109  61 160 243  42  10][  9 144 105 249 246 155 233 255 127 113  94 246 185 139 188  96 127 139
  55 141 211 184 101 215 238 207 190 196  63 136 241 249][141 127 151 103 162  46  47 144 172 190  27 116 221 114 201 235 167  87
 124  46 241 212 189  98 228 251 111 132 162 247 131  33][125 249  58  46  29 157  86 248 239 204 173  13 239 218  79  16 156 235
 204 103 206  35 250 189 251 221   5  59 122  63  74  71][108  48 180 227 173 125  82 152  75 189 181  24 223  29  73  58 137 208
 253  90  30  98 251 176 207 221   5 125 210 123  86  67][192 158 222 125 176 171 105 183  62  11 118 245 247  35 128  80  23 238
 111  28 186 252  65  31 238 255  55 192 168 192 195  57][ 77 247 149 131 169  61 116 157 239 249  63 108 206 115 201 254 135  70
 238 122 211   1 203 226 174 221 101 246 130 247 137  37][ 69 215  87 101 176  14 102  53 109 168 123 100 215  51 136 119  54  68
  76 110 241 176   1  12 164 252  37   4 104 178 195  33][150  95 218 167 146  98  63 247  52 143 250 247  85  39 163  64 119 223
  13 178 120 153   1 110 240 166  62 134 173 115 165  91][ 62  52 172 170 143  96 149 207 142 151 141   3 126 253 107  10 249  83
 249 177  30  67 187 176 219 199 223 127 149  87 183  90][215  85 191 119 137 118  77 191 225 242 143  84 215 118  25 123 165 214
 124 234 233 197  57  12 177 251 207  22  40 113 160 116][221  50 253 165 170 110  63 152  42 254 151 253 223  54 203 123 183  85
 253 183 149  84 237   0 200 227 111 212 172 243  13 113][144 134 255 253 230 106 125  63 124  23 119 242 213 167 168  73 127 158
  47 136  56 220 197 198 196 163 242 129 164 200 165 171][212  86 222 165  34  10  63  56  40 238 151 229 215 103 139  91  54 213
 125 231 232 213 141   8 244 163 111 132  44 243   7  19][104 180 148 112 173 253 145  71 235 191 172  24 174 179  68 191 137  19
 234  16  18 111 242 209 219 211  84 123 194  72 207  42][117  95  78 237  76  70  79 176 117 192 238   6  83  99 179  80  88 228
  60 238 201 146 125  44 245 175 229   4  57 187 112 112][149 102 117  71  38  11 239 184 108 230  55 238 219  69 221  47  54  68
  76 122 225 244 109  14 172 202 101 180 103 187  71 241][124 177 185 224 159  97  23 201   3 165 141  11  87 255 105   0 251 211
 249  49  26   3 187  16 219 199  15  63 180 122 183 114][124 177 232  36 143 122 151 200  98 229 175 171  67  60  75  18 251 213
 249 147  28  99 255   2 219 231 205 117 229 123 214  82][221 223  76 183 130  10 111 184  52 206 215 247 221  71 139  83  54 245
 253 231 253 148  13 110 236 225 239 132  44 243 169  81][221  46 222 119 137  62 110 178 237 134 143 144 207 163 211 254  35 230
 236 142 236 197 175 234 178 255 215   1 162 247 105 108][104  51 121 101 100  77 249  80 105 108 182  76 191  15 148 178 174 149
  87  72 193  50 241 192 215 249  34 176  71 128  71 249][125 249  56  46 189 221  87 248 239 236 173  13 255 221  11  16 152 251
 221  70 206  35 250 189 251 221   5  59 114  63  70  75][208 188 191 119 170 232  21 167 174  63 166  48 247 247  64 123 167 119
 109  16  50  77 171  49 217 227 127  89 160  80 135 107][ 36 223 115  75 212 207 231 213 117  68 126  66 115  93  29  48  60 218
   2  90 219 176 125  53 103 140  36  64 103 219 214 240][248 173  57 118 173 205  85 255 246 118 164  25 255 255  66  49 153 174
 125  72 122 107 250  55 251 203 117 125  96 152 198 106][197  89 213 103  34  78 102 176 120 250  51 104 255  19 137 127  54  84
 124 106 225 212 169  72 164 186 101 132  72 177   3  49][212  66 220 229  32  42  95  16  32 234 135  37 215  39 131  91  54 197
 125 238 104 197 193   8 210 235 226 144 172 243  33  97][160  95 125 111  76  71  87  61  84 162 229  74 115  23  33 121  92 188
   2 106 232 182 121  28 103 235 224  52 113 186  68 171][  8 189 115 121 114 203 115 119 117   9 122  96  63  19 128  52  54  58
   6   8   3 184   0 127 103 205  48 192 107 128 102 187][  9 128 105 249 118 187 233 127 127 113  94 214 189  15 176  96 127 138
  55 141 179 184 101 215 206 207 186 196  63 136 241 185][  1 189 123  69 116 159 227 119 124 169 126  68 178  17 148 164  60  42
  22  12 195 184  49  31 102 141  48   0  75 136  83 169][ 28  60 158 178 169 173  63 192 190  23 135  17 254 247 105  75 167 115
 233  19 114  69 154  51 193 211  95  58 128 121 165  50][217  78  14 255 141 158  69  37 244   6 199  16 235 227  50 207  65 230
 232 174 104 165 227 175 225 235 210  17  34 252 252  96][245 114  31  34   9  78  66 216 105 232 163  76  87  87  73  58 252 213
 108 226 205   7 217  72 145 168  67  62 105  51  98  48][205  28 157 183 172 124  92 191 196 251 154 120 247  59 145 251 199 231
 125  45 189  79 195 170 234 251 125 185 148 120 152  11][116 225 200  36 216  64  71 141 162 183 168   9 119 227  74  18  17 222
 105 240  74  75 202   8 249 164 165  61 160 242 166  10][ 32 189  59 253 213 237 245 103 126   1 120   0 183 248  36 160 185  59
   2   0  83 184  50  63 237 255  22  65  89  72 199 170][228 116 213  86 164 106  71 152 114 154  57 120 210 113 201 191  17  86
 108 122  41 100 234  42 169 158 101 188 192 115 198  33][ 32 189  91 122 241 237 181 103 255  23 104  24  60 255  36 144 233  59
 130  16  19  58  50 119  63 223  22 107 209  64 231 170][174 182 225  91 215 127 231 255  83 103 125  94   8  37  92 189 125 202
 130  60 179 254 253 247  63  30  21 102 247 205 214 244][125 109  69 166  57  91  70 252 161 234 184  41 111 123   9 146 186 227
 221 231 109   3 200 175 186 223 165 187  46 119  82  75][ 85  79 115  69 114  18 110 252  96 160 250 194  89  71 149 244  54 253
  52 238 201 144 173 108  54 236 167 132 103 179  99 161][149 125  78  39  54  10 239 184 108 224 126 239  87  72 155  33  50  68
  92 111 229 176  29  44 244 169  37 148 109 187  91   1][ 88 127 155 101 186  12  47 183 160 140 206 228 183 167 193 114  38 247
 108 200 217 153 241  40 253 165  38 128 168 242 167  57][ 61 121  65  75  44  95  71 216  71 120 180 108 211  81 221 180  88 200
  92 110 203  34 111  57  38 201 161 188 123 187  82 181][221 167 216  98 176  57 126 187 123 167  47 152 207 227 219 240 183  78
 236  62 180  20 173  34 254 221  37 125 230 247 203  69][ 49 221  29 189 148 207  71 247  86 224 238   4 247  61  50  32 216 234
  78  73 239 184 113  63 233 207  53  16 120  88 216 122][  9  50 253 225  45  95 249  90 111 252 182  78 191  29 211 175  46 156
 254  24 129 124 245 152 207 217 113  53 103 140  79 253][104 184 181 216 205 253  81 207 207 127 172   8 162 184  70 190 201 130
 234  16  30  43 242 145 223 215  85 127 210  76 214 110][121  17 190 172 125  78  89  24 109 236 230  15  95  87  58  82 240 133
 127 237 153   3 241 204 215 233 235  93  58  42  36 114][124 165 232  35 210 121  87 143 114 231 237 185  19 189  75  48  59 206
 101 150  30  54 237  50 255 205 165 125 229 243 214  82][130 152  50 153 125 229 184 103 159  93  80  23 172 158  38  73 205  59
 147 145  54  62  82 247  15  18 154 235  16  12 181 223][246  65  77 110 201  79  94 232 131 250 177  77  67 239 109  27 156 213
 109 110 109  99 218  24 179 217  69  61 121 251  74 146][201 190 158 125 176 174 109  55  62  43 126 244 191  35 128  80   7 174
 108  28 185 220 193  31 238 255 118 192 232 192 202  57][206 176 189 115 141 125 144 138 235 243 167  24 222 253  77 187 131  87
 249  17  55 101 219 240 207 219  85 127 194  81 207   2][ 95  50 253 229 162 126 127 152  43 254 151 253 223  62 219 122 183 213
 253 255 157 212 237 192 206 251 111 148 174 247  13 113][219  64  38 236  13   6 111  60  21  70 198   7 251  13  51 101 120 164
  59 239 232 135 117 157 245 105 202   0  59 191 116 112][  0 189  59 251 240 249 177 103 190  29 124  48 191 255  32  48 235  59
 134  16  19 186  50  55 239 197  50 107 209   0 231 235][113  93 103 205  84  14 111 180 113 224 238  68 115  51  49 116  88 228
  60 238 201 186 241  44 245 172 167   0  43 186 112 120][  9 144 109 249 118 187 233  87 127 113  86 246 189 143 180 104 119  10
  23 141 179 188 101 215 198 239 186 192 191 136 113 185][189 100  69  99 196  79 111 184  49 226 163  72  83  85  89 187  57 212
  92 254 105 246 249  12 205 203 229  68 235 179  82 176][130 184  49 155 109 237 185 199 158  89  80  19 172 158 100  73 207  59
 179  17  50 124  82 245  13  22  90 235 144  12 133 219][201  50 121 241 109 221 121  18 111 109  54  24 191  29 214 173 174 185
 254  24 135 124 241 208 199 217  82  49  70 140  69 252][106 160 185 250 251 233  49 207 187  31 100  57 172 247 106  88 227 155
 167 144  18  90 234 243 223 215  58 239 144  64 167 235][228 188 187 224 223 100 119 218  83 171 108  26  86 247  97  52 181 254
  51  26 179 119 186 242 127 140   5 110 162 251  38 179][ 68 118 157 101  34 110  49  26  56 234  62 124 215  55 193  58  23  85
 108  56  33 212 177  74 197 174 113 132 192 241   7 113][ 52 255  55  67 213 207 231 247 101 106 122  66 114 125  28 164 125 218
  22 106 219 184 121  63  37 204  36  64  67 250 214 241][ 16 159  83 109 114 206 121 119  45   8 122  96  63 151 160  48  54  59
   6 200  81 152  48  93 225 180  32 192  96 130 167 185][249  51 121  97  96  94 233 112 105 108 183  78  27  15 148 176 110 149
  93 238 201 178 113 204 215 249 162 144 103 131 102 113][213  91  93  37  38  10 110  56 100 224 118 230 215  72 147 115  54 228
 124 111 229 180   5  78 244 171 101 132 109 179  75  17][221  82 220 229  32  46  95  16 160 234 183  45 215  51 203  91 230 213
 125 110 136 197 193  40 211 235 103 144 172 243   1  49][244 125  95 166  40  75  86 248 169 224 184 105 119 250   1  19 186 229
 125  98 109  67 202  44 179 218  69  58  36 251  66   2][120 249 121 106 252 221  87 252  99 108 252   9  59 221  80  16 152 218
 213  90  74  58 232  61 251 221  37 125 114 155 198 251][121  17 123 232 124  78  91  88  33 228 255  14  91 151  43 112 122 148
  93 236   9 163 241 140 211 237 161  28  35 171 118 114][172  84  93 127  68 111  71  48  84 162 227  24 243 117  41 123  88 244
  51 106 105 244  89  40  71 170 208  16 120 251  80 176][ 76  40 153 250 201 237  87 154 191 159  44   8 255 243 105  90 149 115
 107  90  18  97 186  35 221 223  85  40 144 115   5  42][205 118 245  69  38  47 239  24 108 226  55 204 219 101 221  47  55 196
 124 110 161 244 253  10 197 202  97  52 111 251  65 113][ 57 159  91 101 116 139 102 119 101 232 122 108  51  48 148 176  58 238
   6 108 201 184  69  61 108 205  37 128 109 138  90 185][ 61 219  72  45 124  27  70 248  70 232 188 236  83   0 147 176  94 204
  70 110 205  50 109  61 246 201  37 180 127 187  90 157][100 173 145  94 217 116  70 168 243 155 169  72  66 243  76 182 145 222
 100  82  27  74 218  99  57 190   5 126 194  99 226  39][ 88 249 122 100  50 204 127  53 160 204 126 164 191 151 194  82  38 125
 125 206 193 217 176 108 254 233  38 128  40 178  39 123][236 112 185 101 165  95  87 152 115 190  52   8 219  61  89  59 157 220
  85 106 232 116 249   8 239 217 101  53 194 251  70  51][ 44 164 169  99 188  77  71 157  82 187  61  24 151 157  88 176 153  76
  84  57 219 114 249  18 237 221  37 124 200 202 214 176][ 73 159  30 117 177 190 124  55 189 203 126  84 191  51   0 240 133  38
 124  12 181 152 241 111 239 255 118 192  74 192 203  25][ 37 165 121  75 244 207 227 181 122  65 125  64 211 113 156  52  90 202
   2 120 147 184 124  63 111 156  36  68 209 138 214 160][ 49 229  81  78 211  95 230 237 115  33 233  72  91 112  12 180  57 158
  66  42 123 178 125  31  55 236   5 102  99 130 230 164][179  77  45 232  13  23  79 124 133  72 204   2  83  69  48 241 216 176
  31 110 233 163 115 191 243 217 192  28  18 186 252 104][137 130 204 249 100 170 105  23  54  55 102 146 145  35 128  89 111 140
  42 156  58 220 199  85 204 171 242  68 172 136 200 168][ 79 178 244 225 169 124  88 157  43 249 151 189 207  63 222 191 167 215
 253 181 150  64 235 192 223 217 127 247 134 229 143  87][ 24  90 122 237 118  70 191 244  20  76  86 162 113 215 163  96 126 252
  55 234 225 149  33 239 119 175 170 128  61 187  61 251][223  85 206 166 160  14 110 184 177 202  31 197 219 103 219  83  55 213
 125 238 237  69 157  10 226 251 239 132  44 243  40  80][ 95  50 244 229 161 126 125 153  43 255 151 189 223  63 219 254 183 213
 253 191 157  80 253 192 223 251 239 247 166 247 135 113][ 95 115 237 165  34  94  63  16  40 238  31 229 223  55 203 122  54 213
 253 231 133 208 165  72 198 227 111 128 172 247   7 113][ 32 253 121  99 244 207 119 253 115  96 124   8  51  93 208  48  26 218
  23 120 219 186 248  63 127 205  37 108 117 154 214 251][253  64 122 236  28  71  67 120  97 200 253  10  83  85  57 112 120 188
  20 106 201 167 120  30 243 237 161  60 113 171 118  96][249  21 121 225 100 126  75 113 105  96 183  26  27  31 150  49 110 148
  95 238 233 182 113 206 215 233 162  16 103 131 110 240][248 181 188 112 139 205  85 183 162 119 172  25  31  55  66  19 133 151
 237  16 122  75 240  17 251 195 116 117 224  64 134 123][218  90  82 188   3 210  57 118 173  68 198 167  45 135  35 211  38 189
 221 128  68 157 176 200 210 225 202 131  38 180  47  91][172  88 215 111  13  15 103 184 196  18 227   8 211 113  57 251  88  84
 106 106 105 244  91  40 229 235  69  20 107 123  64  34][ 37 141 155  83 180 191 230 247 116  11 234  80 242 125  60 160 221 122
  82  24 251 187 121  63  43 223  23  64 192 232 226 168][161 100 232  27 212  63 224 206  82  99 224  30  19 168  92 168  89  78
   2  29 191 254  85  50  28  12  20 100 221  89 250 140][ 78 176 240 225 237 124 248 141  43 181 183 155 205  62  94 158 191 213
 255 177 150 115 251 192 159 217 223 247 135 230 207  71][ 44 112 188 101 229  79  87 152  99 170  55   8 223  61  89  58 152  92
  84 122 201 240 249   8 239 219 101  52 194 251  86 179][193  94 127 101  32  14 111  54 100 226 114  68 215   7 145 123  54 229
 124 238 225 244 181  72 229 171  98   4 108 241  67  56][ 16 173  59 251  56 235  83 238 102  13 252  32 183 223  32  32 219  59
  14  16  26 168 106  55 235 197  50  65 112  10 165 235][129  96 121 241  36 141 120  16 109  49 243  24 159  29  84 105 174 185
 127  16 143 188 241 208 199 217  18  32  64 136  69 186][241 221  55 239  52 206 103  53 116 200 226   0 115  53  32 113  96 254
  62 106 105 185 113  45 241 168  36   0  42 170 112  42][ 34 238  56 251 120 225 187 206 158  29 124  51 173 223 110   0 207  59
 135 144  18  62 106 247  79 213 186 235 209  10 229 235][ 52 165  57  99 156 111  67 141  86  53 169   8 211  17  72  48 153 158
  72  56  58  96 121  23 239 141   5 116 208  10 214  34][221  18 158 228 160  44  89  18 160 218 183 124 215  55 195  91 134 213
 125  62 169  69 193   0 203 235 103 148 168 225   3  35][130 152  52 155 109 229 184 207 158  25  80  51 172 158 100 205 199  27
 179  17  18  92  82 241  13  16  90 235 144  12 165 187][160 234 252  24 205 153 196 206 251  55 164  25 162 200  87  31 137 202
 226  29  38 111 230  51  15  30  85 127 211  92 222 206][  9 128 127 249 118 169 233  83 127  81  86 214 189 143 180 104 127  11
  55 157 147 188 101 215 198 255 186 192 191 136  97 249][245 112 251 101  66  78 115 216 105 226 102   8  91  87  77  58 178 212
 104 122 129 245 185  72  95 139  65   4  99 179  70  34][205  36 245 101 164  47 107  24 121 234  55  92 223  37 217 175  23 212
 124  62 185 244 249  10 133 219  97  52 234 235  67  48][ 33 205  45 237  60  15  79  63  68 104 188   8 243  37  48 113 216 160
  31  44 233 170 113  29 227 223 225  16  24 184 208  56][152 219 122 236  21 151 255 246  20  68 246   3  57 207  50  96 124 184
 147 236 232 191  49 159 243 239 162   9  51 184 124 218][ 73 157 159 119 177 156 117  55 237  73 110  68 190 179  34 240 164  39
 124   8 213 153 176 111 239 255  54   2  74  64 203  95][ 45 161 185  99 244 111  99 217  90 177  45  24 215 121  88  48 153  76
  80  58  19 240 249  18 207 205   5 116 232 235  82 160][244 109  95 174   8  14  79 104 168 162 169  72 119  98  33  51 190 245
 108  99 105 195 152  44 177 162  77  24   8 115  38  40][152  90 126 237  86  70 253  82  52  68  86 130  57  23 179  96 126 252
 151 232 224 156  53 206 247 239 170 128  55 184  61 251][233 233 212  80 233 152  84 143 251 183  36  24 138 178 198 223 131 206
 232  24 118 110 198  83  46 251  85 127 194 244 202  14][189 123 105 101 100  31  70 244  69 232  54 236  51  28 149 177  62 236
  86 110 205 180 101  28 246 201  37 180 111 187  90 125][ 70 166 138 187 178 165  56 131 190  63  75 245 133 239 104  88 231  63
  47 149  50  92 139 243 220 246 187 239 148  64 165  67]