[ 67 229 157  30 136 237   7 175 234  81 137   8 246 242  76 114 129  67
 104  19  87  75 250 113 185  54  94 120 152  82 131 108][ 88  51  10 172  58  38  58  81 164 204 207 229 215 199  35  80 118 165
  93 166  12 131 144  12 240 225  42 137  40 226  43  83][  9 252  21  97  97  14 112 182 105 154  32  80  30  19   0 191 165   4
  68  44 225 252 145  68 199 218  85  70  74 112  67 163][166 140   4 155 148 163 170 239  22  19  91  18 224 106  56  65  89  10
  19 177  50 188  73 255  44   6 159 196 149  72 176 128][160 174 219 243 240 235 235 215  62  47 120 242 177 239 128  24 127 187
   7 152  50 252 109 119  76 135 183 192 229 200 231 233][ 41 156 124 117  52  14 105  55 117 235 118  84 243  49 146 113  21  46
  84  44 169 252 113  15 239 255 112 192 234 160  90 169][253 125 241 102 165 124  95 180 225 202 189 104 123 125 159  55 150 246
 221 110 253  39 188 170 243 253 101 154 103 247 198 119][195 190 146 154 186 165  62 223 191  91 155 245 188 214 234  88 231  51
 255 149 183  77 154 243 188  60  62 250 156 213 171  93][249 112 121  98  61 221  66  24  67 232 181  76  51 217  89 176 152 172
  92 110 203  39 248 159 211 217   1  60  74 139  82  50][226 134 248 172 252  67 214 235 155 170 184  59  70 124 183  16 219 197
  87  33 124 111  64 223 250  30 239 191 213 104  94  11][141  68 117  69  21  94 103 184 117 226 102  64 219  49 133 181  25  92
 112 106 233 244 125  14 175 250  69   4  98 243  66 164][194 172 158 184 137 173 156 199 190  31 160  29 172 170 100  27 165 115
 235 145  54  79 146 115 153  18  94 123 152  80 175 154][ 33  48 254  89  74 207 177  89 254 249 116   0  80 215 230  62 126  56
 114  24 195 243 243  81  79 153  69  44  91 136 102 179][ 42 180 184 125 105 173 149  47  58  27 240 121 188 188  76 186 141  27
 253   1 195 110 211  99  77  23 126 186  72  68 139 187][124 181 173 110 157  79  71 233  22 251 169  24 211 117  72  50 153 212
 121  42 121  99 217  31 249 143  69 124 208 122 214  50][165 102  65  67 244  43 239 122 117 234 127 212  83  65 156  52  59 136
  22  46 225 180 109  78 100  14  37 132  79 251 210 165][228 237   9 168 236  97 135 239 142 154 152 107 212 251 105  66 219 195
  95 227 114  35 202 251 252  20 175 188  20 123 177 131][228  45 255 244 236 175 111 146 251 186 186  88 218 233  85  27 205 231
 110 146 184 111 203 234 159 254 117 122 201 249  66  33][230 164 224  90 201  60  88 143 251  59 161  25  10 237  92  31 129 151
 253  21 190  79 218 211  27 126  85 127 194  68 222  22][226 174 236  23 236 107 205 111  90 230 187 187 227  44 214  18   9 230
 103   5 252 254 237  10 126  46 245 177 197 232 214 206][ 98 174 224  90 221 173 148 239 171  19 184 217  34 236  84  18 141 155
  83  17 158 107 210 243  59  28  28 123 213  76 214 158][163 174 232  23 244 155 204   7 251 231 178 189 163 136 150  16 171 174
 207 149 254 254 228 207  14  94 148 177  71 140 222 204][ 83 179  18 170  59 153  18 205 171  17 137 237 238 194 106 212 182 137
 237  85  30  11 154 209 184 212  15 254 152   6 171  23][209  77  93 237 180  74  71 189 100 232 250  96 247 115 129 115  82 244
 108 106 105 184  97  45 228 235 100 144  36 186 228  41][198 140 236 247 174  96 188 171 190 147  18 179 253 111 221 107  39 115
 125 167 112  69 143 233 238 123 255 149 132 244 133   9][148  76  86 255 135  98 228 231  52  19 227  18  83  59  32  75 105 215
  27 163 120 253  17 238 241 226 222   5 165 121 244 138][ 88 164 151 242 155 224  49 207 183 149 234  50  12 247 104 222  39 159
 233 144  18  75 171 194 217 228  31  79 162  68 167  42][211  50  83 164  50  10  58  16  41 232 243 237 207 130 129 212 182  45
 204 102 197 149 129  76 144 240  34 146   8 135  43  21][ 36  70 100  39  36  42 239  40 100 166 251 233 195 105 155  27  90 196
 109 239 104 244  77   8 196  34 225 148 101 255  86  64][ 45 240 181  67 205  95 242 200 239 243  37  24 222 217  89 191 153  92
  82 122   3 116 186  48  79 217  69 118 194  59  67 162][215  22 191 183 170  62 124  91 252 254 211  87 220 126 155 123 247 213
 127 167 181 213 185  74 213  99 251 132 140  97  39 113][116  98 121  67  56  79  67 152  34 236  37   8 211  69 201  48  24 212
  76 122  73  50 233  28 237 137  37  52  96 179  70 113][120 177 121 114  40  77  71 184 162 184 172   8  87 215  64  48  17 222
 108  74  75  99 250  57 249 201  37  60  96 162  70  98][ 92  20 158 246 130 102 125  16 176 138 167   0  95 247  97 123 242 245
 253 162  57 213 153  72 211 227 239   1 160 115  45   3][ 55   5  70 131 148 155 234 109  69 160 203 198  67  96 189 196 122 130
  10 253 157 186  93 220  60  12 135  68 255 143 248   4][ 33 207  78 143 220 131 238 239  86 161 218 226 241 227 176  64 121 238
  42 202  66 186  79 255  60 134 175 164  53 154 240 168][ 92  36 212 163 179  47 122 136  63 179 187  24 207 123  73  91 183 213
 127 178  48 241 153 198 159 247  79  87 162 227   3   3][165 103  65  67 116  43 239 120  85 232 123 204  83  97 157  52  94 136
  22 110 233 178 109  30 108  12  37 196 111 251  82 161][ 32 164  51 120  89 233  33  75  50  53  96  25  54 149  64  28 137  58
  65  16  50 122 178  23 221 134  17 106 192   0 134 234][216 186  90 113 163 233 112  23 161  61  54  57 159  19  64  26 163 147
 205  16  18 156 128  97 223 193  48  97 226 128 167  11][184 191  74 104 114 131 127 245  53  12 116 231  57 199 162  16 126 170
   7 236 122 154   0  63 126 141 164 192  63 130 234 185][101 125 183  70 217 108 103 180 233 202 175  76 126 112  13  54 176 230
  88 106 229  99 184 106  49 190  69  26 200 115 194  37][ 80   4 191 245 172  46  84  59 248 179 139  16 215  57  64  75 163  23
 109  32  56 225 211   8 201 255  87  20 136  96 129  34][104 189 185  96 253 237  87 222 235 237 188   8 190 253  86  52 153 218
 255  17  27 107 250  49 255 157  21 127 210  90 214 250][252 107 229  68  75  90  71 184  97 166 166 136  67 109 213 183  56 244
 224  98 104 119 237  40  51 225  69  61  99 183  70 246][136 173 182  94 253 221 180 103 255  63 101  24 174 184   6 191 129  42
 226   0 118 120 210 119  47 122  84 107 210  76 207 143][ 67  50   2 153 107 148 184  72 175  73 210 247 140 206 118 216 238 165
 255 149 159 135 134 209 148 112 154 202  12   4  59 213][ 57  99  65  77  85  91  99 112 101 228 239  14   2   0 150 180 120 140
 194 106  77 178 245  12 119  44 129  33  99  46  94 196][201 166  57  25 170  57  57 159 254 115 132 184 188 134 202 121   7  19
  90  12 183  13 230 115 196  17  58 252 144  68 135 121][ 36 192 255  87  13 205 225 128 239  28 167   8 242 209  61  63  24 112
 106 106  66 225  58  97  79 154  69  16  66 187  70 162][199 132 213 148  60  18  72 187 251 226 146 214 253 106 153 226  23  69
 124 173 165  77 143 207 170  62 239 156 140 224  25   5][252 160 158 112 141 125  80 203 227  55 165  25 159 185  74 155 137 134
 233  28  62 103 210 128 219 251  85 127 202 108 202   2][ 77 225  23 175  24  79  99 248 166 224 199 204 215 193 139  96  16 108
 106 110  73 177 221  61 228 160  37  52 104 187  16 240][ 22 145 191 255 172 102 189 175 142  93 218  19 212 127  40 106 253  95
  63 145  18 217 123 241 253 174 254 198 148  88 181 115][203 175  14  53 163 176  60  39  61 203  74 245 172 167   2 211 167 111
 253 133 117 216 131 111 238 119 254 203  10  68 171  91][128 184  63 249  32 236  49 103 252  17  98  16 180 151  32 113 162  59
 106   0  50 141 178  87 197 161 114  72  64   0 135 171][229  32 172  52  13 125  80  10  99 243 161  25 210  56  87  59 137 196
 104   1  45 103 219  18 155 155  85  63 200 105  90   6][ 62 245 161  68 219  71 151 248   3 236 184 239  74 253  77 148 157 221
 215 115 201  99 251 158  57  20 141 190 223 126  86 247][ 56 251 122 104 242 137 127 247  51  12 124 169  55 199 130  16  54 250
  71  80  90 154 160 127 126 133  36 233  98 146 166 251][232  98 230   7 100  26 103  53 121 198 119 237 227  96 158  23  18  68
 100 110 232 244 165  10 102 178 100   1  70 182 214 124][ 69  99  25  39  48  15 103 184  56 168 107 108 215  67   9  16 150 204
  76 110  65 208 201  12 228 180  33  52   8 179   2  33][  2 217 119  91 106 209 188 230 236  80 112 226 188 222 164 228 110  59
 250 192 195  41  38 245  52  24  58 138  93  16  37 189][ 13 117  61 101 180  78 119 184 109 236 127   8 215 117   9  48 148  84
  92 106 241 176 121  46 231 255  37  68  64 179  71  99][ 92 244 157 118 169 108  85 159 235 187 174  24 223 243  73 250 129  86
 108  24  27  65 219  35 249 247 117 124 138 112 131  35][ 45 101 181 100 157  31  71 184  71 168 168  76 211 113  25 182  24 196
 104 106 201 227  89  28 225 222   5  52  75 123  82  36][201 221 158  70 233  28 119  53 232 138  47  76 254  49   4 243 132 118
 104  74 209  45 187 107 103 187 100  24  74 242 203  43][  3 241  36 153 109 157 184  79  14 125  81 183 140 156 254  73 207  11
 191 149 214 248 103 209   4  24 218 230  21  12 145 223][252 240 252 114  11 237  81 216 227 119 165  25  23 215  75  59 161 144
 253  18  26 103 250  49 219 201  81 127 226   9  70 114][232 232 184 249 124 143  89  90  31 169 245  24 159 155  80  24 223 169
  87  24 170 126 203 210 223 223  59 124 144 136  66 161][122   5 102 100 149  90  94  41 113 228 174 137  75  45  23 244 122 196
 221 172 108 163 181 206 179 255 133  23 103 230 126  78][ 45 105  49  71  93  95 230 168 127 224 111   8 250  88  31 180 152 236
  82 106 205 178 121  63 103 221   1  48  74  63  90 134][ 94 190 222 178 162 136  63 231 186  63 134 185 236 167 234  95  39 247
 237 146 114 221 136  99 248 167 126 195 164  80 167 123][109 230 145  79 184  15  71 184 114 168 232  72 243 112 205  48 153 204
 108 106 239  98 235  63 109 158  37 124 216 162  66  32][ 26  79  83  92 114 210 190 102 165 128 122 226  41 135 165 244  46 249
 134 192  64 155  36 109  50 164  42 131 103 144  39 173][220  93  59 238 184 100  87 191 160 206 172  24 247 119   1 115 151 119
  93  42 121  11 250  46 243 239  38  24 136 114 167 123][253 105 101  71  76  90 198 168  97 224 166   8  83 104 151 183  24 228
 108 110 109 242 237  40  54 233  69  21 107 255  90   4][ 60 181  59 106 241  77  83 121  97   9 237   8 127 215  40  48 188 154
  20 122  91   3  56  63 251 205  33 124  98 131 230 179][134 201  22 159  77 135 182 236 158 130 210   3 228 250  33  65 248 253
 170 195  96 255  75 255  53  50 207   3  16  57 181 138][ 67 183 144  48 184  44 125 175 171 253 136 189 142 163  74  26 135 143
 125  21  22  73 211  66 252 212  29 254 136 196 139  83][ 84 111  83 102  48 202 111 112 160 140 235  72 119 231   1  16  50 252
  77 106  73 147 136  46 241 164  37   0  32 243  38  97][120 252 184 126 185 221  85 199 235  13 172  40  62 191  70  48 131 251
 238   0  78  43 242  49 251 221  20  59 210  82 198 107][222 123   2 190  25 148  90  64 169 192 193 205  47 206  99 208 244 237
 221 215  79 135 154 239 176 244 139  59  10  55  43  86][220  46 146 126 203 184  48  67 243 131  99  88 110 242  73 218 177 255
 232  16  62 122 138  35 152 246  85 107 226  96 171   6][161  47  64   7 116 187 234  71 124  33 251 214 163   8 150 160  42 170
   6  13 180 184  69 191  38 124 178 192  77 143 218 140][149 205  69  83 148  42 238 165 244  18 186  82 243  96 157 231 123 194
  74 234 249 180  77 110  44 174 199   4 245 251 240  36][105 189  16  91 221 157  80 191 255 113 108  28 174 176  94 180 129  46
 234  28 159  58 250 183 159 221  21 122 218  12 202 142][167 143  82  91 244 188 234 151 125   9 120  84 169 202 188 244  63  42
   6  28 151 184   4 247  38 124  34 192 223 157 203 133][ 68 185 189 115 168 237  21 151 254 251  34  40 246 247  72  58 129 115
 124  16  19 105 187  49 237 154 119 126 192  80 135  59][ 73 180 177  97 160 110 113 159 121 171  58  88 223  51  72  58 145  94
 108  56  57 244 241   2 205 254  53  84 192 192 194  33][174 166 228  19 236 187 248 204 127 247 247 191 235 108 222 141  95 206
 239  21 190 254 239 245  30  90 213 245 231 221 222 196][126  94  99 101  71 123 190 248 105 230  90 175  73 204 247 132  62 253
 183 231 196  54 172 248  54  88 203 175 103 255 119 222][185   6 197 101  16  10  97  57 117 228 231 212 211   3 152 116  80 140
  44  44 185 148 117  14 198 254 161   4 106 160  66 112][216 180  62 250 137 237  80  95 191  27 165  24 190 255 104  91 165 179
 253  16  58  79 154  87 219 219  82 123 210   0 167  59][180  71  91  77  18  10 103 120  52 130 235  64  83 115 133  20 120 220
  68 234 104 178 137  14  49 174  37   4  97 242  98 160][ 37  56 184 113 181  63  82 146  91 255  36  28 158  56  87  62 157 108
  80  94 189 244 249  34 207 223  21 118 202 125  74 214][184  50  82 101  96  11  82  80  57 168 113 125  79   9 129 145 182 189
 196  98 108 182 193  14 210 217  33 179 106 162  74  19][ 92  73 194 238  12   2  78 248  53 128 214   2 107 227  33  84 120 236
  63 234  72 147 137 232 242 237 135 140  55 251 112   0][191 188  39  87 169 127 134 250  87 250 190 125  66 252 143 181 221 126
 252  55 253 227 251 186  59  95  69 182 203 124 218 215][ 38 104 224  26  93 241 144 200 215  85 164 143  10 204 127   8 217 136
 195 213  14  39 254 240  27  20 147 127 215  31 126 214][204 248 157 243 168 205  49 158 170 249 162  24 191 247  64 122 163 119
 124  80  19  77 251  35 221 195 119 120 128  80 135  59][ 34 172 179  94 201 228 179 198 174  77 232   1 168 254 102  16 201 235
 226 132  30 139 178  99  67  28  18  11 208  67 230 206][ 95 178 152 176 185  44  88  31 187 249 169 189 159 183  74  26 135 159
 253  20  30  75 210  64 218 215  61 255 136  68 139  19][ 36 250 145  90 104 137 147 152 158  28  96 236 230 199 229 157 207 123
 230  66   2 110 234  57  12 146  97  58  80  27   6 161][248 172 188 122 137 237  81 206 179  23 164  25  55 255  74  27 201 210
 233  16  42 111 218  49 219 195  85 125 240  80 206  10][124 113  56 110 189  79  87 248  99 168 173   8 211  81  73  50 216 212
 108 122 200  35 249   8 251 253  37  61  98 187  66  34][ 96  48 185  84 224 104 113  19 179 157 110  56 150 183  73  90   1 158
  97  24  18 122 242  64  95 181  80 105 194 193 134 163][254 255 168 242 237 125 159 252 155 254 157 159 239 253  95  35 221 243
 223 243 252 103 250 186 251  91 207 255 151 255 158 251][194 123 114 216 107 193 188  70 173  28 152 167  44 158 101  74 238 179
 223 209  66  11 130 225 183  16  26 171  21  21 165 219][233 109  77 103  52  15 103 184 120 232 127  76 243 113 153  49  26 196
 124 110 233 176 253  46 230 255 101  16  76 251 210 169][ 47 119  98  28 121 191 150 121 223  74 253 237 106 220 167 181 220 184
 198 103 237  35 110 223  50  92   1 187  91 191  90 213][116 125  83 102 112 206 103 112  32 204 234  72 119 231 129  16  48 252
  68 106  73 147 184  14 241 172  37   0  96 243 102 113][ 98 176 184 123 232  13 145 143  59  27 113  57 150 189  76  24 157  27
 247  17 147 110 203  83  77  63 112 254 216   0 202 187][109 165 132 107 157  31  66 184 119 177 173   8 195  97  91 180  25 204
 232 126 251 116 223  63 175 223   5 117 218 191  74  36][  3 181  36 155 236 157 188  71 143 121 217 191 140 156 254  43 239  11
 127 151 214  58 111 241  28  24 158 238  21  14 209 213][194 174 143 191 232 233 164 199 190  27  82 241 180 242 224  11 131 107
 111 149  50  77 138 115 140 166 127 234 144  81 163 139][100 125  63 101 176  78 119 184 108 172 126   8 215 119   1  48 180 116
  92 106 201 177  57  14 227 255  37   4  64 179  70  99][ 94 164 147  90 155 240  16 207 183 145 239  48  76 247 108 252 227 191
 232 144  27  75 170 211 155 246  23  79 162  68 175  38][ 77 102 163   7 100  62  99  16 121 206 126  77 238 104 215 158 180 108
  68 127 165 244 161  42  71  93  37 128 194 247  83 237][ 54 111 138 142  93 183 194 200 151 132 205  15  98 200  55   0 216 232
   2 215  14 163  24 174  50   4 133  57 217 127 120 134][131  91  66 140 114 130 111 113  53 136 115 231  49 195 179  84 126 173
  23 238 225 154   4  78 100  44 170 128  45 162  34 177][ 93 189 157 118 169 120  85 159 239 251 174  40 222 247 201 250 131 214
 236  24  27  65 251   3 251 255  53 126 234 240 131  51][195  50  91   5  50  62  57  19 108 106 247 252 158  22 130 244 182  29
 126  44 165 149 165  74 132  53  42 130  12 132  11 117][125 117 183  70 219  94 151 248 232 194 173   8 126 114  13 182 176 119
  88 106 225  35 184 110 121 239   5  30  75 115  99  38][112  33 121 100  40  75  71  56  34 168 172  40 215 215 192  48  18 252
 108 106  73  99 235  25 233 205  37  56  96 162  70  99][ 16 159 127 231 176 171 111 191  60  44 127 229 247 103 136  64  54  46
  79 108 248 152  41  63 236 175  39 192  36 194 133 121][ 69  99  17  37  48  14 111  56  40 172 107  76 215  67 137  80 150  76
  76 110  65 144 137  12 228 180  37   0   0 179   3  97][128 175  25 173 236   9  45 255 142 178  88 232 149 163 225  67  71  25
  46 105  64  10 198  16 236 128  47 172  20 248   1 169][223  19 182 126  41  92  93  24 171  92 167 173 239 223 207 255 166 213
 253  70 205  69 251  32 211 249 105 159  10 183  15 119][228  52 172  52  13 109  81  10 203 243 161  25 150  57  71  27 137 132
 105  17  42 103 210  16 201 216  81  62 200 104  82  82][127 205 255  70 180  62  94 188 233 202 190  40 123 125 157  54 151 246
  85 110 252 225 172 238 107 255 101 144 231 247 210  45][100   2 196  39  36  42 234   8  44 166 251 205 195  97 153 142  90 196
 109 111   8 240 205   8 132 182  97 148 196 255  82   0][211 218 175  49  34 248  41 134 186  95 210 245 189   6 147 123 167 247
 253 213 167 220 165  97 132  50 250 192 132  21  39 125][252 120 253 120  10  77  81 216 227 190 164  56  23 159  67  59 171 208
 125  80  10 103 186  16 219 201 117  61 225  49  70 115][252  32 188 103  44 109  81  24  98 191 165  24 211 117  75  27 153 196
 109  58  56 102 251   0 203 203 113  61 240 235  70  98][ 66 180 188  24 237 253 176  79 255 127 172  25 142 188  78 158 129  18
 234  17  54 107 242 209  31  87  80 123 210  76 207 215][ 47 251 240  94 255 157 186 248 203 177  61 172 232 232 223 166 159 123
 243 222 198 106 222 241  46  92  13 254  95 166  75 140][ 49 207  67 157 212 139 238 255  86 161  90 226 241 226 240  64 120 238
  34 200  90 186 207 191  60 132 175  40  61 152 240 168][132 206 159 181 172  38 236 175 190 146   2 208 213 227 121  75  71  71
  42 173  96  69  11  74 172 178 127 132 148 240 161  40][195 134 189 180 168  38 156  63 154 187 146 208 188 187 112  75 135  87
 125 173 160  77 131 202 137 190 255 150 132 224 161  41][ 65 134 209 196 124  34 232  59 120 163 146  88 149  42 148 227  23   5
 126  45 165 109 133 206  28  62 123 156 140 160   1  45][ 66 179  16  49 248 141  61 191 171 121  32 221 140 163  74  22 135   7
 125  21  82  73 210  85 236  20  29 254 136   4 131  89][ 98 167 224  90 217 173 220 207 187  57 169  89   2 249  92  26 141 155
 113  17 158 107 218 211  27  30  21 127 217  64 210 134][129  57 151  87 202 238  37   3 235 179  34  88 182 179   5  58 163  55
 106   0  33 253  16 115   5 158  80   2 200  97   3 170][121  93 102  69 223  90  70 164  97 224 238  12  98  56  23 183  56 230
 236 106 205 186 245  44  54  40  69  19 107 254  90  94][ 34 166 227  18 116 169 233  65 255  79 251 189 235 200 158  16 155 171
  79   5 182 233 238 231  14 126 178 209 197 206 215 204][250 127 103  68 203  94  87 244 161 236 174 140 106 188  71 183  44 246
 236  98 205 107 241  44 115 225  69  59  99  54 206 127][ 37   7 101  71 244  43 239 120  85 234 123 198 211  97 157 181  27  76
  22  46 161 176 109  30  44  30 165 132 111 255  82 165][ 13 205  93 103 244  14 103 188 125 160 110  64 211  97 152 112  18  78
 126 110 233 184 125  47 230 255  37   4 108 187 210  40][109 249 145  96 249 221  87 154 123 233 174   8 158 209  78 180 145 222
 236  88  91 122 242  55 255 221   5 127 202  25 202  39][182 162 228 147 236 219 252 200  63 247 247 191 203 236 222  11 251 206
 255  23 254 243 239 241 190  91 215 247 231 223 222 212][ 73 181 145  97 176 110 101 159 123 171 106  88 223  51  72 184 145  94
 108  56  17 240 209   0 173 254  53  68 200 194 194  33][212 241 185 225 188  69 219 157  78 249 155  27 215 253  88  98 221 213
 127 209 218 107 251 146 237 157 175 252 148  58 181 115][216 184 150 250 137 237  80  67 191  27 161  24 191 219  64  91 161 179
 125  16  58 111 154  51 219 219  80 127 210  65 163   3][132 200 150 159  13 131 166 228 158 130 194   3 228 226  33  65 232 125
  42  66  96 247  27 255 181  50 207  11  16  57 173 142][103 161 145  42 152 205   7 173 106 121 137  72 246 242  72  48 145  75
 124  87  27  11 219 113 185 148  15 126 152  83 131  36][ 37 107 188  87 109  63 228 148 235 252  53  13 162 137  87  63 136 108
 100  94 197 240 250 160  71 217  85  48 194 255  82 236][220  36 212 227 187  42 122   8  63 179 179  16 207 123  73  91 179 213
 125 242  56 213 217 246 159 251  79 119 160 227   3   2][237 157  85  86 233 220  71 179 241  58 166  24 122  51 128 255   1 246
 236  74 121 125 251  63 191 251  85  82 106 177 202  44][ 74 189 186 114 219 217  63 231 171  37 174 137  46 255 102  16 167 255
 235  16  86  11 178 241 251 245  31 123 194  70 135 106][ 41 253  49 104 253 221 215 239  95  97 252   8 187 189  84 180 152 250
 211  89  75  58 112 189 191 221   5 122  82  28 214 250][ 76 209 189 235 188  70 171 188   6  57 154  66 213  63 104  98 221  87
  63 217  83  88 219  49 237 166 255 212 144  26 181  59][105 174 178  50 253 189  80 199 251 189 172  29 174 232  86 158 129 106
 236  29 190 121 170 183 219 223  21 123 194  76 222 207][213 148 191 241 134 110  61  31 124 243  67  86 215  62  72 107 183  87
 125 177 177 212 215  66 205 170 127  68 172 112 161  50][129 220  31  93  66 142 165 254 252  90 114  84  52  18 164 107 165  16
  82  42 225 237  51 127   5 170 114   0  73  16  99 169][144 156  30 187  26 230  49   7 190  21 202  49 181 151  32  64 231  51
 237 129  50 137  19 119 225 231  58  67 144  64 165  27][131  34   7 169  40 246 168  67 174  89 210 213 157 142  80 234 236  13
 127 149 151 157 215 209 132 112 186 192 140   4  57 213][ 45 116 123  75 244  47  99 216 112  72 125  76  83  81 169  48  61  72
  22 122 163 182  57  63 111 143  37 100 249 187  66 161][ 70 107 151 146 194 168  38 196 175  17 203 240 236 194 104 218 162 123
 106 210  18  89 138  97 188 176  94  75 128  83 163   5][133 135 197  77 204  42 230 171 228 146 106 210 211  97 157  71 123 194
 106  46 120 180  71  74  44 174  71   4 245 248  64 160][109 116  91 106 240  46  67 216 115   8 125  72  87 211 201  48  53 216
   4 122 171 182 184  63 243 237  37 108 232 179  66 161][233 253 190  87 233  28 247 183 233 206 111  28 254 241  22 183 132 102
  96  78 197 116 250  35 103 249  68  40  74 242 203 232][229 166 238  23 228  40 227 168 122  95 115 253 227 232 158  26 155 198
 102  15 182 240 239  99  76  62 113 192 197 239 214 197][165   6 229  87 244  59 238 120 125 234 115 212 217  96 157 173 123  76
   6  46 161 244 109 206  36  30  53 132 207 255  82 165][ 33 176 255  77  78 207 177  89 239 252 244   4 144 151 230  46 106  60
 122  24 195 239 179  81  79  24  19  62  91   8 103 255][252 112 121  69 112  79  71 248  98 236 167   8  83  87 201  48  48 220
  68 106  73 116 249  28 119 137  37  52  97 179  70 113][ 60 170 154  58 195 185 112  67 114 151 101  25  46 225  74 152 185 170
 226  16  54 126 138  51  95 231  85 107 227  64 238 130][ 11 217 119  91 106 209 172 229 238  89 116 226 185 222 164 228 110  59
 186 192 195 184 103 245  38 121 186 200  95 144 169 189][224 172 221 253 252 173 201 142 251 187 184  88 178 169  85  27 201 231
 110  24 186 107 195 243 156 186 215 120 192 248  82 136][ 96 158 153 164 124  35 152 119   8 174 152 127 180  40 128   2 207  55
  79  33 240  43 193  78 124  22  63 188  84 104  23 169][ 92 152 191 126  58 203  51 184 190 189 103  40 254 247 104 114 182 117
 237  66  66  73 171  61 217 231 103  95  98  35   7  43][ 60 119  82  79  80  14  70 120 116 170 235 100  83  99 137  16 120 204
  68 234 104 147  73  14 112 175  37   4 105 243 106   0][124 225  55 118 173 221 199 168 230  24 171   8 243 221  93 164 216 240
 108  74  75  32 250  49 177 217  69  58  66  59 214  98][ 32 255 115  89 114 203 175 247  61  12 124 226  40 199 164  52  62  58
   6  72  82 186  36 255 126 156  36 234 119 144 230 233][ 67 176  16  48 249 141  89 191 171 121 160  61 142 179  74  16 135 159
 253  20  22  75 210  85 220 212  29 254 200   4 139  91][ 62 241  48 234 173  85 158 248 139 120 189  13 254 221 127  34 156 217
 215 103 206  35 250 177 243 217  13 191  83 127 150 215][254 112 188  16  41 124  17  10 187 255 183  61 142 220  78 159 135 213
 253  17 174 103 242 130 155 115  85 255 194  36  15  87][141 113 178  66 141  93 247 248 235 240 165  12 222 217  95 175 176  68
  90 123 197  97 186 160 127  89  69  62  74 127 203 166][208  79  63 239  36  78  79 181 100 174 242  96 247 103 129 115  86 244
 108 106 233 225 105  45 225 235 100 144  32 178 196  41][111 245  33  75 253 223 199 188  91 252 189  12 202 217  94 180 153 206
 214 126 223 106 251 191  47  93   5 126  91  31 218 246][214 190 218  23 242 184  62 254 186 159 118 245 109 231 202  83  55 255
 239 162  34 221 143 111 254 167 127 167 166 240  47 147][ 60 235  90 170 115 217  90 208  35  12 253 173  47 207  98 144 190 169
 197  86  94  27   8  61 250 197  37 249  51 135 238 195][ 64 145 159 245 170 110  53  55 174 251  10 112 212  55  64 106 167  87
 121  16  17 201 147  64 205 166 126  68 136  64 133  59][222 255 158 190 249 156  94 246 187 142 254  45 111 255  35 208 231 255
 239  66 108 203 154 255 251 247 103 155 106 247 174 155][220 188 149 119 171 236  81 154 178 187 166  24 255 247  64 122 163 119
 124  24  43  77 187  35 205 211  87 120 162  64   7  59][ 72 184 188 112 137 237  81 135 171  57 164  24 190 159  64  59 129  51
 249  16  19 105 178 241 203 217  84 123 210  64 135  58][160 143 110  89 114 131 235 117  52   4 116 166  49  71 166  17 126 186
   7 236 242 186  36 127 110 139  32 193 119 128 230 249][252 117 120 111 188  79  87 184  97 168 189   8 211  89   1  48 152 220
  76 106 232  34 249  46 251 201  37  60  99 187  66  34][141 233   7  38  24 207  39 248 230 224 199  72 247 213   9 160  16 108
 122 110  65 129 127  61 245  65  37  56  42 187   2  96][205 213 143 167 176  46 111 188  52 234  95 228 213 119 155 115  55  71
 124 239 241 209 173 110 236 175 239 132 172 243 129 113][180 113 123  68 112  79  71 248  96 236 167   8  83  85 137  48  48 252
  84 106 201 243 185  12 115 137  37  52 105 179  70 241][ 70 239 147 146 202 160 174 196 174  17 203 224 228 226 233 222  51  75
 106 210  83  65 138  97 188  32  47  72 128  83 163   0][ 53 117  83  70 112 206 103 120  32 200 239 100 115 119 129  52  48 254
  68 106 105 146  57 110  49 172  37   0 104 242 102 241][218 148 182  60 131 246  56 103 187  95  70  21  12 190  38 255 167  55
 185 129 183 221 147 215  27 119  90 199 138  68 175  95][109 252 164  67 221 127  71 248 115 254 172  12 203  65 222 151  25 204
 234 122 111 118 251  54  47  91   5 127 211 255  94 228][129  48 127  73 106 207 177  91 239 248 244  36 176 151 228  38 108  60
 122   8 195 253 179  81  85  24  51  62  81   8 103 251][ 93 245  58  70 157  31 199 248 233 238 173  76 126 248  95  54 189 230
  88 111 229  99 184 238 187  95  69  62 202 127  91 102][119 121  11 190  89 199  94  96 161 192 201  13 119 222  35  16 216 169
  93 199  77 131 146  45 177 213 139  56   8  35  34  82][ 48 189 123 188 176 201  87 239  59  70 104 141  39 239  42  16 179 251
   5  96 122  43  56  31 251 213   5  45 112 242 230 122][197 164 181 241 128  46 109 143 126 179 130  80 215  55  88 107 229 215
 125 153  57 220 211  66 205 162 127  68 136 112 161  48][118 167 211 218 218 240  26 205  63 181 233 178   0 230 236 220 127 159
 239 144  26 219 235 242  58 164 159 239 177  66 166  37][145  29  43 165  84  70 107 112 112 232  90  68  21  22 145 112  52 172
  20 239 233 156  53  78 241 232 170 128  44 163  51 121][124  57 155 230 241  70  95 208 161 137 255  32  95 247 105 208 244 253
 181 242  24 147 136  32 251 229 175 205 162 179 174  51][224 168 154  26 201 168  48 194 250  23 228  25  38 227 103  27 129 123
 226  16  50 111 138 113  91 177  80 123 210  65  46 138][ 37   6 103  69 180  63 239 186 124 235 122  68 211  96 157 165  31  78
  22  46 177 176 101  78  44  62  39 132 207 251 209 165][210  73 102 254  44 128 238 244 157 146 210 131 109 206  53  67 238 229
  63 199 232 199 202 235 178 122 206 136  53 189  48   9][102 181 144 146 252 173 128 203 170  49 185  93 198 248  76  16 137  11
  67  17  19 107 218  85  28  20  31 126 217  66 211 130][ 57 159  99 237 246 179  79 254  21 104 254 230 123 239 177 228 127 238
 151 172 137 186 101 255 250 239 167 192 191 223 240 249][106 174 162  50 189 189 208 199 187 189 169  25 174 232  84 158 129 107
 237  21  30 105 138 177 155  86  21 123 194  76 222  14][ 88 219 191 183 138 196  61 182 166 149  14 129 181  55  64  67  37 119
 121 208  90  73 187  33 233 227 126   1 160  80 165 123][116 125  63 100 180  79 119 188 104 172 190   8  87  55   1  51 180 116
 108 106  72 241  57  12 243 233  37  20  96 179  70  99][148 254  91 115 178  42  87 179  52  47 238 245 119 103   9  81  55 222
  77  40  56 221   9  47 233 167  37 208 160 240 134  51][205 213 145 235 189  15  67 188  55  57 155  80 223  51 200 228  85 220
 126 250 123  28 219 179 237 253 167 116 186 171  32  41][214  36 222 179 138  42 106 136  63 178 163  18 207 114  73  91 243 213
 127 242  56 215 217 234 157 242 207  85 160  99  33   2][ 88  79  23 163  21 207  99 180 172 236  10   0 247  23  33  64 160 102
   8 120  41 153  49  60 233 129  38  80 160  27  21 106][109 205 244 103  52  30  94 184 115 192 127 128 123 125 157 116  23 246
  53 238 204 248 253 175 111 255  37 128 231 167  66  45][212  76 150 159  13 162 166 224 190 130 194   3 228 226  33  73 248 109
 106 194  96 213 139 255 181  38 207  19  16 121  41 138][ 93 213 237 231 180  62 111 184 116 226 207 196 213 119 155 114  55 198
 125 238 241 212 253  46 255 239 239 132 166 243 177 113][ 11 217 112 219 107 145 188 239 238  17 252 166 185 218 182 228 110 187
 254 193 199  42 103 245 118 121 186 201  95  20 169 157][216 180 159 250 139 237  17 207 190  23 161  24 190 243 104  91 163 147
 236  16  58  79 154  83 217 215  82 123 144  64 167  34][246 167 236 191 141 127 206 201 255 246 253 155 203 236  95  11 249 206
 255 247 190 243 239 179 191  83 207 117 197 255 214 214][ 88  92 151 231  49 238  99  54 160 168  42   0 183 183  33  82 160 118
  25  24  33 153  48  44 233 229 156  16 130  82   5  58][109 161 145  97 244  46  96  29 115 161 107  88 223  51  72 176 145  30
  68  56  17 240 209   0 175 253  37 100 194 226 202 160][203  54 114 193 242  62  57  23  60  75  94 244 157  23 130 252 167  23
 254 157 181 156 229 198 198 125  58 192 142 197 139 245][237 252  49  82 245 237  71 244  81  98 173  24 114 121  25  53  25 234
  90 122 107 118 120  63 127  30   5 120 234 219 210  42][112  33 121 101  26  75  83  56  98 164 172   8 119 215  64  48  18 244
 108 106  72  98 249  29 233 169  33  60  96 162  70  34][186 173  58 114 215 221 118 231 251  49 236   8  46 157 100  53 168 187
 211  81 114 251  56 253 251 217   4 123  83   8 199 170][218 184 182 248 139 249  48 199 171  21  36  57 172 159  96  91 163  51
 235  16  18  75 178 241 219 211  90 123 146   4 167 203][  2 255 119  93 114 131 175 247  61  12 124 226  40 199 164 133  62  59
 134 200 226 186  36 255  52  30  38 130 119 144 231 237][ 96 137 184 110 188 201  23 141 134  13 173  41 230 245  75   0 136 114
 109  80  26  43 234  49 249 149   4  59 208  27 212 106][128  76 150 158  77 131 166 230 188   2 194   3 228 226  33  65 248 109
  42 195 100 255  26 239 181  38 207  11  16  56  57 138][125 181 129 171 249  13  70 140  51 121 169  77 199 243  72 144 145 203
  84 119  31   2 219  53 188 212  13 126 184  87 130  16][123 191  55  78 249  94  23 247 225 232 254 108 122  60 134 183 140 246
 252  96 205  43 241 109  51 121 101 154  75 118 238 127][ 69  99  81 101 112  79 111 184  32 232 107 104 215   7 137  48  18  76
  68 110  73 144 237  12 228 172  33  36  64 179  70 113][252 120 252 242  42 201  81 220 163 191 180  56  31 151  65  27 171 177
 237  16  10 103 234  16 219 193 117 127 226 144  70 107][223 112 190 118  41 124  93  24 171 254 167 189 207 222  79 255 166 213
 253  66 236  71 250 128 211 249  97 187  34 117  15  87][ 87 191 194 165 242  54  62 191  63 234  90 231  77 110 155 208  55 239
 181 167 213 208 141 110 190 103  47 132 173 246 171 213][118  48 188  48 169 253  17  75 235 127 165  61 142 156  71  30 133 147
 237  17 158 111 242 210 155 215  81 127 194  76 143  87][108 166 229  39 116  42 235 184 122 255 127 253 203 109 152 142  27  78
 231  47 176 240 207 163  76  55  97 197 199 239  87 224][117  87  71  69 146  14 102  56  32 232 235  76  83  35 137  48  56 196
  68 238 105 176  93  14 180 174  37   4 105 243  98  16][ 82 146 222 245  50  74  17 120  55 174 119 185  79 119   8  81  55 189
 237  32  40 213 129  79 219 231  97 135  98 160  39  51][ 67 240  16  32 120 140 120 190 171 121  32  93 158 147  74 150 167 133
 125  92  19  73 210  85 156  16  31 254 136   4 139  25][ 90 169 178 122 209 205  54 199 187   5 232   9  46 255 100  20 160 251
 195 144  18  11 154 245 251 244  30 107 194  68 167 138][ 47 171  96  30 123 153 158 232 207  68 125 137 110 236 159 180 158  43
 211  71 134  34 110 253  54  95   1  59  87 191  74 212][ 20 222  14  47 178  34  39 191  52 235 222 244 247  99 168  96 119 118
 108 170 249 221  13  62 232 167  47 196 168 242 161  49][ 37  87 105  79 124   7 207 184  82 104 253 238  83 125 157  36  95 220
  21 111 233 178 109  63  96  46 165 180 125 187  84 241][214  74 143 183  10  34  45 170 188 214 130 213 245 230  11  75 103 101
 105 135  96 197 139  96 144 162 254 128 128 113  33  80][252 115 252 242 170  72  85  85 163 190 181 169  63 159  65  27  38 181
 237  82  74  71 202   0 211 193 117 189  96 178 134 107][220 215  14 178 170  32  94 172 160  30 151 189 223 103  11  91 167 215
 237 230 124  71  75  32 242 227 110 149 168 115 171  83][233 141  45  87 181 190 231 183 121  79  63  28 251  33 158 247 129 102
 108  14 177 252 233  47 239 255  84  80 194 213 202 108][ 88 183 241 101 187  88  53  63 123 237  63 120 255 247 194 246 183 159
 236  16 211  88 227 219 254 245  53 255 226 212 143 127][236  96 253 103  12  79  71 152  83 182 165  24 211  85  73  59  25 212
 104 106 105 102 249   0 197 171  65  60 114 251  86  98][160 239  67 157 212 131 174 231  86 128 112 194  49 226 176  64 120 234
   2 204 114 186  70 191  60  38 182   8  53 152 240 136][125 245 104 226 252  15 223 248  82 232 189 168  83 109 219  48  31 212
  85 255 232  98 109  62 254 207 165 252 245 187  82 241][ 37  97 217  73 228  15 111 216 115 168 124  76  83  81 217  60  26 204
   6 126 201 178 125  56 102 136  37  36 107 243 194 160][239 253  96  80 253 221 214 254 123 252 180  29 234 253 222 180 153 206
 212 124 255 106 248 191 191  93   5 255  90 156 218 255][ 13  93 149 247 160  98  15 180  22 250 131 224 213 119 193 235  85 119
  61 218 121 216  89  40 236 231 255 144 170 243 128  57][145 215 127 175 178  14 127 189  44 104 215 229 247 119 138  65  54  71
 125 110 241 144  41  61 224 235 103 128  44 178 161 121][220  51 252 246 170  64  29  89 163 188 135 169 111 231  74  83 102 247
 237 226  72  67 138   0 211 225 109 185  32 242  38  75][201  98 169  15 100  94 111  56 121 202 119 205 211  96 159 191 176  76
 100 111 229 244 169  10 102 123  96 132  78 247  82 245][236 112 189 101  13  77  81  24 107 244 161  29 215  25  65  27 128  20
 105 106  73 102 249  16 195 219  81  60  64  41  70 114][208  90 191 231  40  14 103 180  32 142 246 100 247 119 129  83 150 116
 108 110 233 213 249  40 225 235 103 144  40 178   5 121][110 166 227 179 188 233 234 200  63  65 217 249 207 236 156 132 155 138
 239  23  59  97 207 247 140 118 155 221 199 207 215 244][210 253 158 190 248 204  94 246 187 202 250  13 255 255   3  80 231 255
 125 198 110  75 218 127 251 247 126 155  24 113 171 219][237 108 180  95  13  95  70  40 231 234 166   8 242 120  23 183 216 228
 120 106 237 231 251  44 163 251  69  18  74  58  90  14][251 245 112  81 255 223 244 127 123 238  52  61 110 220 214 181 191  30
 212  52 231 127 236 223  62  95  53 247 111 156 207 223][229  85  69  69   0  10 103 176  96 226 171 204 211  35 137  51  50 196
  76 110 233 176 253  14 164 168 101   4 105 179  66  48][118 161  87  88 218 193 176 205 191  17 249 186  72 222 108 248 251 159
 234 144  31 203 142  85  56   6  15 239 209   0 175 135][ 84 253 159 190 184 206  95 242 188 202 250  77 247 247   1  80 199 255
 125  71 107 203 218  47 249 247  47 152   8 115  35  91][232 224 181 122 201 249  17 143 171  23 160  25 174 247  76 159 129  19
 232  16  50 111 226  49 139 211  84 123 210  68 135 234][128  52  61  89 106 237 177  90 236 122 255  48 144 151 196 111 110  31
 123 152 163 255 243  80  85 168  50 234  81  72 103 251][ 92 125  63 100 168  78  87  60 224 172 174   8  87  55   1  51 180 244
 108 106  72 227 177  12 243 233 101  20  96 178  70  43][ 19 191  74  37 114  46 122  59  52 233 122 231 221  47 146  80  54 175
  55 165 149 152   5  76 110  39  47 192 173 226  43 153][181 113 123  68  96  79 103 248  96 232 254   8  83  85 149  48  28 252
  84 106 201 178 125  14 113 137  37  52  97 187  70 224][ 87 112 133  54  42 108  13 141 171 254 135 188 215 214 203 127 135 229
 124  79 201  69 235  32 177 242 125 190  32 119 135 117][204 172 211  82 235 248 118 135 123 179 108  24  62 247  68 252 179 254
 232  16  51  94 186 115  31 223  85 107 194  81 134  34][ 84  36 222 161 138  42 106 200  63 178 163  16 223 226  73  91 243 197
 110 178  48 213 137 192 157 178  75  68 160  99  35   2][223  62 133 184 168  52  28 155 191 250 128 253 141 238 193 219 135  69
 253 181 167  69 239 194 136 214 255 190 156 116   3  85][228 112  61 101  40  79  65  56  96 252  39  76 215  21  73  51 132  84
 124 106  73 100 249  24 197 153  97  52  64 179  70 115][237 228  80 219 253 191  78 186  83 178 229  26 203  67 200 253  91 206
 130  58 107  86 201 222 158 219 215 116  58 221  88  36][ 92 216 151 246  19  78  79 184 181 170 134  66 126 119  41 231  52 116
 253 106 105 193 185 172 249 230 205  20 162 179  21  49][204 152 190 255 168 252 185 146 254  95 134  16 253 247 154 107 131 119
 125  24  50 205 179 117 203 251 122 209 128 193 133  99][ 37 115  65  71 112  15 102  56 100 232 123 236 211  83 137  48  30 204
  70 110 193 176 109  12  36 140  33 132 105 179  66 161][218 247 115  69 243 218  61 127 123 237 126 252 110 159 206 244  55 191
 236  48 245 217 165 222  62 253  53 167  98 148 143 125][ 92  88 255 231  34 110 119 152  40 206 118 100 247 119 129  90  54 117
 125 106 193 212 249  42 196 239 103 128  40 243   7 123][254  98 192 168 253 123 202 200  63  82 113 185 207 204 223 156 123 217
 247 119  47 118 207 210 158 215 143 255 223 191  94 212][161 239  67 157 212 139 230 239  86   1  96 210 177 192 176  64 120 234
   2 204 122 190  69  63  44 166 182  64  61 152 240 136][ 37  21  83  79 112  78 103  56 116 200 107  64 115 119 137  52  54 254
  84 106 233 146 125  47  37 174  37   0 105 242  98 241][228 177  29 170 254 137 160 237 170  57 153 124 212 208  72   0 187   3
  74  49  51  43 218  85 188   0  47 124 216  10 131 129][212  76 150 157  28 162 166 194 188 130 194   2 228 226  33  75 104 229
 106 226  32 213   3 238 181  34 207   0 128 121  33  10][203 190 116  83 226 188  60 151 253  91  94 244 157  63 150 255  39  95
 255 158 183 156 229 226 102 255  62 192 142 213 171 157][ 93 237 224  87  21 158 106 180 115 128 110   2 123  89 221 244  49 238
  53 206 206 188 253 255 111 255 133  65 103 183  86  44][107 183 114  94 251 187 222  63 251  77 253 252 104 236 158 180  23 231
 213  45 183  43 236 255  62  62  21 218 207 198 202 221][ 13  61 151 103 176  15 103 184 116 234 106  64 215 115 137  49 149  94
  84 106 225 240  89  47 237 190  37   4  72 242  66 185][109 246 252  67 233  95  87 184 123 254 180 237 218 221 207 182 157 222
 236  54 239 102 251  50 111  95  37 255 202 255 222 247][  1  15 119  69 180  63 239 183 124 233 122  68 211  32 149 228  31  70
  54  60 177 184 101  14  44 190 103 196 205 248 209  37][ 86  17 148 159 139  60 188   9  43 209  11 215 236 102  79 222 166 215
 232  21 145  64 215 192 157 118  94  18 136 102 137  20][  2 207 119  93 114 147 175 255  61   4 122 230 104 199 180 132  62  59
 134 236 226 152  37 255  36  30 142 130  87 148 231 253][120  97 121 101  10  75  83  56  34 164 167   8  95  87  65  19  50 212
  72 106  72  64 249  12 241 201  33  52  98 163  70  34][ 82 143 238 158 210 240 191 167 171   5  94 163 104 238 182  84 103 243
 177 129  86 137 174 255  60  38 158 203 181  70 183 124][ 88 180 158 250 139 249  17 207 191  23 173  56 191 247 106 158 163 147
 236  16  58  75 186 147 219 247  95 127 178  64 175 115][116 164 172 183 141 111 223 200 134 247 169   9 211 237  91  27 217 215
 249 115  62  99 251  48 251 211 205 125 209 123  86 210][ 80 191  43 174 176 199  87 111  56  72 248 109 119 231  32  17 176 187
   5  37 107 139  24  95 249 166  39 156  24  98 167 123][212 114 152 178  42 172  24  92 170 191 161 253 167 199  73  27 135 149
 109 144  10  71 202  80 216 145 127 248 136  18   7  27][214  48 189  48 169 108  25  75 187 255 161  61 142 158  79  27 135 151
 253  17 158  71 242 194 211 210  89 191 192  69   7  87][190 237  96 114  89 221 254 232 247 117 165  27 105 204  95 176 185 203
 211 199 110 103  62 247 123  93 141  63 115  23  94 222][ 61 143  67  71 213  58 103 191 117 232 254  76 227  97 152 244 121 238
 102  42 249 184 109  47  46 238  37   0 107 254 218 168][ 69 253 233  71 240  14 111 184 114 226 206 132 209 103 155 112  55 206
 125 238 241 208 253  47 127 175 167 132  38 243 242 112][253  60 157  54  41 108  81  18 186 251 165  25 183 255  65  59 129 239
 124  16  47 103 250  34 211 239 113  56 232 113  74  82][124 236 251 114 242 203 119 232 123 130 116  40 126 117 137  53  51 250
  70 114  99 115  40 127 127 134  37 119 227 243  70  35][233 248 188 127  45  93 215 184 239 254 164  12 242 120  86 179 137 230
 108  79 239 109 251  61 235 251  85  63  90  60  90  79][124 117 216 231 178  74  95 184  49 160 255 168 255 119   8  80  55 223
 221 226 104 146 217  14 255 239  37  21  96 242 166  35][ 60 117 120 103 246  75  87 184  97 168 254  40  83 121 137  49  26 220
  68 106 105 176 121  46 247 237  37  20  99 251  70 163][237  36 210  65 213  47  99   8 113 166 231  24 211  17  85 188  25 204
  66  58  56 246 193  10  15 252   5   4 227 233  90 164][ 37 229 113  69 228  15 103 249 113 162 124  64  83  97 221  52  57 206
   6 110 233 178 109  10  44 140  37  36 107 250  66 160][165 231 101  69 244  59 238 249  84 226 120  70 211  96 157 164 121 206
   6 110 237 176 109  14  44  14 165   4 253 250  82 164][ 93   4 164 181 160  38 111 187  48 243 143 208 221  99 219 110  55 199
 125 189 153 216 253  10 232 239 255 196 174 244 161  96][ 53 229 105  71 244  15 207 184  83 224  61 202  83 101 217  52  63 220
  23 238 233 242 125  62 109 142 165 180 119 187  82 240][226 204 102 254 236  32 238 238 157  18 208  19 236 235  53  83 207 239
  63 199 232 207 203 251 182  58 222 136  23 253 112   9][ 49 159 110 237 246 179 110 246  21 233 254 230  51 175 183  96 126 238
  31 204 137 187 101 191 254 239 166 128 189 216 248 249][229 141 225  87 181  60 198 167 121  51  39  24 227  41  28  63 137  70
 124  14 188 248 253  39 175 254  84  80 194 213 210  44][105 188 251  92 233 253 113 166 123 127 110  24  58 178  70 124 161 254
 224  16  23 126 242 119  31 255  84 107 194  80 206 206][ 93 223  79 103 178  42 111 188  52 232 222 230  83 103 139 240  54 198
 124 238 249 144 109  46 246 239 231 132  46 243 168 113][252 221 173 126 147  94  87 188 208 222 188  61 243 125 171  51  21 242
 221  98 253 101 124  47 235 239 101 155 242 253 214 123][ 88 121 254 124  27 208  23 236 161 132 236 168 123 255  33 178  34 241
 253 226  72  67 226 232 243 225   5  11  99 179  38 106][ 15  61 246 211 238  63 190 221 251 251  63 187  92 252 223  42 191 127
 247 119 180 241 174 226 126  95 111 230 199 255 195 215][185 109   3 188  89 197  87  98 177 194 224  25  63 215  35  17 216 169
  83 160 105 143  82  30 241 245 128  24  50  36  38 210][ 11 203 100  91  43 153 188 238 127  29 114 230 169 202 190 229 111  43
 166 193 198 184  79 245  38 120 154 195 127 156 233 141][116 252 173 252 156 237  87 202 130 254 172   9 183 253  67  26 201 246
 125  83  42 107 218  58 249 199 229  61 192 121  86 114][  1  15 115  69 180  30 239 183 124 233 122 100 211  32 149 100  30 110
  54 108 185 184 101  46  44 190  38 192 204 250 193 109][ 37 103  66  71 114  11 238 248 100 160 123 236  83  64 157 180  62 204
   2 238 193 178  77  46  52  44  33   4 109 179  98 132][190 252  44 114 157 213 215 238 183 126 180  25 187 221  86 161 137 251
 215 195 110 111 250 183 251 219 221 255  83  21 126 218][111 246 253  69 232  95 191 184 123 254 188 237 222 125 223 182 159  94
 255  62 197 114 235 154 127  95  37 190 206 254  78 117][ 77 114 145 162 104  45 121 156  42 185  41 221 255 199  73  24 151  15
 125  20   3  82 218  16 220 197  63 236 136  83   3  25][ 53 101 123  79 240  75 103 120  96 136 127   8 115 117 157  52  26 246
  84 106 233 176 237  47 117 174  37   0  97 242  70 161][ 13 245 151 101 177  15 103 188 124 234 110  64 222 115   1 247 149  86
 120 106 225 240  89  47 237 255 101  20  74 243 195 161][ 26 227  70  25 218 211 172 239  62  53 242 242   8 134 160 213 127 157
 234 177 118 219 135  85  60  35 255 197 229   4 175 173][226 205 230 255 236  40 238 238 159  26 216  26 232 235  53  91 207 239
  63 195 232 126 203 251  54  58 222 168  23 252 208 137][252  60 191 246 137 108  81  18 250 243 160  24 183 247  65  59 161 255
 124  16  43  71 186  34 211 231 113  57 224 113  71 122][ 67 189 189  17 168 239 157 159 174 251 142  20 156  54  66 111 133  87
 121 157 179  72 243 112 205  18  95 254 152  80 129 123][ 52 249 247  86  83 219 183 233 107 240 104  42 110 241 173 180  50 248
 162 106  67 242  46 253  27 222  69   7 227  58  71 175][101  99 249 101  32  14 111 152  96 234  63 104 211   1 217  58  22  68
 108 110 201 176 233   8 228 168 101 148 104 243  66  49][ 92 188 188 248 139 249  81 207 183 119 172  57 159 247  98 122 163 179
 236 144  58  75 186  19 219 199  87 127 178  64 175 114][ 92 185  22 152 219 193 181 237 174  21 192  59 108 208 106 131 163  59
 234  17  86 107 154  85 184   2  79 127 192   4 171 195][212  76 134 189  14 170  34 194 180 130 194   2 229 227  33  75  99 228
 106 218  32 221   3 110 156 162 207   0 160 121  33   8][ 52  62 190  85  85 127 192  80 113 174 230  12 195 144  87 187 216 236
  68  58  45 246 240   8  23 251  65  49 201 105  94 166][124  33  81 101  11  75  83  56  35 164 167 136  91  23  64 150  50 212
 232 106  72 210 249  12 211 193   1  53  99 163  70  50][248 121 159 100   8  78  85  52 160 186 166   8 215  55  65  27 160 245
 108 106 105 227 211   8 243 235 101  16 104 176  70  59][124 164  88 231 176 106  95 184  49 164 239 136 215 119   8  80  95 222
 205 234 104 146 249  46 239 239  37   5  97 243  70  34][ 35 207  70  79 112 131 239 254  61  72 126 231 241  67 180  21 126 106
  23 238 225 152   5 127  36  62 170 128  31 146 114 185][ 91 246 122  68 243 219 188 127 123 239 127 239 110 252 222 180 183 255
 215  33 215 251 164 221  62  95  55 231  79 134 239 223][105 240 187  80 121 221 241 239 251  91 108   8 190 188  78  48 145  31
 224  17 151 122 242 113  95 255  20 107 195  20 199 254][ 94 115 168  70 169 124  31 156 170 255 143  12 223 247 203 126  21 212
 253  94 138  67 254  32 243 101 111 189 130 119  15 115][208 216 190 252 139 244  16 159 190  31 134  17 238 255  98  75 167 119
 249  16  54  77 179 243 219 243  95  95 128 112 165  99][ 15 255  83   7 242  31 239 189 125 224 122 204 219 100 157 244  62 206
  86 110 213 184 125 127  44  62  37 196 111 182 227 245][167  60 188 100 184  63 154 216 154 254 172  13 214 252  71  58 159 125
 209 119 166 103 251  58  75 221  45 190 200 123  75 211][ 15 253 242 211 254 155 190 253 127 226 126 171 220 252 215  32 191 127
 247  53 214 249 174 202 126  95  47 230 199 254 227 215][ 60  53 120 103 240  75 119 185 117 160 255  40 247 119 137  48  62 222
  85 106 104 176 105  14 231 239  37  21  96 242 198 163][153 159 127 255 180 155 110 244 189 192 254 230 251  47 181 241 238 231
 159 238 253 185  45 191 174 251 174 144  61 187 241  89][109 173 227  71 244 110 111 189 118 224 238  64 217 119 157 116 113 238
 127 238 217 144 253 110 125  46 167  68 231 243 242 112][207 255 244 115 162 188 126 150 255  95 126 244 173 186 222 255 167 115
 255 159 182  92 175 227 238 254 126 194 142 213 139 221][155 237 106  83 213 221 239 247 119 110  76  18  40 152 214 244  41 234
 146 207 239 220 189 255  63 111 150 161  39 212 254 236][ 85   4 173 247 172 118  73 187 115 231 143  20 211  99 219 126  81 198
 125 188 153 201 253   2 203 255 215  20 166 227 244  96][249 242 188 119  61 157  81 188 234 253 166  12 255  89  74  51 133  68
 236  72 239 109 251  53 235 219 117 116  74  16  78 123][ 88 183  17 174 147  71  71 125  52 232 201  74 127 119  40 209 118 191
 157 235 121 154  89  63 241 231  47 128  58 102 167  59][ 84 166 202 116  82   2 127 121  51 134 230 171  69 103 137  80  63 253
 207 164 104  83 141  94 126 167  39 173  37 160  38  96][  3 171  74 167 112 134 106 112  52 233  91 199 241  35 146  80 126 173
  23 237 157 152   5  79 108  44 171 192  45 130  43 153][ 63 237  97  71 213  15 239 252  87 224 123  74  89 101 221 164  60 204
 118 238 201 240 253 254  45  30 133 164 111 255 210 164][ 77  88 249 231  98 110 123 152  40 238 126 236 255 119 203 122  54 245
 125 106 129 144 233 104 199 175 103 128 168 243   7 123][101 117 157  71 205  63  70 184  97 234 175  72  82 112  29 183 153 196
 120 106 237 114 249  10  39 223  69  52 202 251  74  36][ 57 191  66  79 245  58 102 191 117 232 126 108 106  97 158 244 123 238
 230  42 253 184 109 175  62 126  37 194 111 254 218 189][161 237  71 157  84 139 228 231  86   3  96 210 177 192 176  65 121 170
   2 140 123 188  69  63  44 166 182   0  61 152 240 136][ 45  44 214 211 205 251 100 226 255 182 239  24 206 227  71 191  73 238
 234  26  52 246 250 254 142 219  85  35 170 253 202 132][ 87 217 151 198  11  22  78 188  39 144 134  66 126 119 137 246  54 212
 124 106  73 193 155 237 187 234  69  22  42 179  40  57][222  52 189 176 169 108 153  10 187 255 177  61 158 191  77  27 135 151
 253  17 155  71 243 192 209 243  91 191 192  69   7 115][254 112  22 186  41 245 156 204 173  30 177  57 140 222 111 223 204 177
 223 195 110  71 218 242 147 208 154 187  18  85  47 222][201 188 188  54 169 252  20 135 251 219 166  29 190 190  70 251 129 119
 252  17  63 111 243 227 219 251  86 123 202  68 139  95][ 30 188 155  57 219 233  63 207  63 231 236 157  47 231  66  16 183 255
 227 148  54  95 186 115 255 199  31 107 160  84 167 218][ 35 158 114  72 123 159 186 255 123  73 126 237 104 236 190 244 191 171
 215  53 151 187  44 255  62 126   5 207 223 134 203 213][168  44  17  60  89 253  81 115 179  26 228  24  62 211  33 181 201 186
 210   8 107  79 114 191 211 219  80  59  82  68  78 234][109 237 150  69 185  31  71 190 127 170  62  72 251 113 154 183 145 102
 108  46 237 224 235  47 174 255 101  20  74 242 202   5][123 183 122  70 242 251 255 119 123 205 255 175  77 254 182  52 191 191
 247 133 215 187 174 215 126  93  47 235  79 198 239 215][238  52   4 186 169 117  24 200 191  22 161  57 204 222 111 207 205  27
 251 147  46  71 218 242 147 210 218  63 146  87  47 215][111 182 249 101 250  31 255 248  59 238 126 237 223  61 214  54 191  93
 247  61 133 114 237 202 126  95  37 182 207 246  71 245][104 241 187 115 253 221 177  69 251 105 101   8 158 217  76  48 152  63
 243  17 211 122 250  81 111 255  21 122 194   6 199 227][233 236 188 117 121  13 223 158 251 254  36   9 191 253  83  59 133 109
 125  79 226 108 251  57 109 219  85  60  66 245  71 234][ 93 165 173 103 152 110  75 156  99 229 143  16 211  99  90 114  17 198
 121 188  27 192 249   2 207 255 149  84 162 195 214  96][  1 223 115  69 180 142 239 182 124 201 122  68 243  33 148 100  30 110
  54 108 249 184 101  47  44 190  54 192 204 154 193  57][173  59 182 124 109 175 209  82 241 254 244  29 178 157  67  63 204 244
 106  82 168 247 242   8  85  27  65  50 202 253  86 243][ 80  78 142 189  78 162 106  66 180 130 194 194 245 163  33  75 104 238
  42 136  40 221  71 110 148 166 250   0 160 241  33 136][242 107  22 252   9 194  94 228 169 132 160   9 110 207  37  83 232 245
 237 194 104  79 130 236 179 242 206  27   3  49  46  14][ 39 233 198  15  93  31 162 232 206 240 225  74  98 232  63 166  88 236
  98 111 207 243 207 125  28  58  71  62  93  47  90 132][ 50 161 255  76  82 211 162 105 106 128 233 138 107 214  44 176  58 185
 226 224  73 179  46  93  27 192   3   7  97  34  39 164][121 248  60 118  41 157  80 188 235 248 182   9 255 217  64  51 135 116
 108  12 238 101 251  53 219 219 117 124  66 144  67  75][124 172 120 111 208 110  87 184 112 162 239   8 211 119   1  48  89 220
 100 170  40 242 217  62 239 175  37  80  96 227 102 162][234 180 180 114 169 124  16  15 187  63 165  25 142  62  78 159 129  23
 233  17  54  74 250 210 143 211  84 127 194  68 143  79][ 92  60 191 114 137 236  81  83 243 247 167  24 183 247  65  58 161 255
 108  16  59  79 178  34 217 231 113  59 224  97   6  98][ 20 239  86  77 242 155  54 230 189 160 106 224 111 227 133 148  54 127
 198 242 112 153   8 127  62 164  39  67  97 179 175 137][168 252  60 113 237 253 213 254 147 255 180  57 187  29  82  59 205 211
 221  17 238 111 251 181 207 219 117 255  86 220 214 251][154 235  70 153 203 147 172 231  54  53 214 243 169 134 130 197 111 191
 234 129 230 222  71 213  60  99 254 193  39 148 175 140][ 60 149  85 239  19  55  78 248  53  32 239 202 127 119   8 244 126 222
 148 234  25 146  89 191 179 231 163 196  59 231 170  49][124  49 121 101  67  91  83 120  97 164 231   8  91  23   5 180  56 212
 196 106  73 210 249   8 247 201   1  51  99 163  70  50][ 94 115 186 102 169  28  95 156 163 236 165  44 223 247 203 126  20 212
 253 126 202  67 250  40 251 253  45 189 170 247 142 115][ 85 115 249 101  32  10  71 144  96 232  59 108 211  19 209  50  22  68
  76 110 193 176 233   8 224 172  37 148 104 243  66  33][ 43 188  42  27  69 245 254 230 119  95 214  17 160 188 182  45 233 234
 179 141 254 250  54 247  95  95 222 163   7  68 126 238][ 80 189 190 248 186 233  17 199 191  61 164 185 175 191  98  91 167 179
 237 144  62  75 162  81 219 211 115 255 176  64 175  91][ 82 188 190 190 138 224  17 135 190 151 138  49 183 191  66  90 163 247
 249 145  62  79 147 115 217 231  95  91 160  64 167  26][ 63 237  67  71 213  23 238 253 117 168 255  78  91 120 157 164 125 238
  94 239 253 179 253 238  62  94 167 164 111 255 250 165][ 45 189 227  79 245  95 239 253 119 232 250  64 218 117 157 244 121 238
 126 238 249 186 253 238  63 126 167 132 239 247 242 165][112 125 191 252 188 237  87 198 162 190 172   9 183 181  65  18 137 246
 125  80  10 107 210  57 249 135 117  57 224 121  86 106][ 84  40 211 161 210 170 226  66 190 177 107  18 221 163  64 216  43 237
 106 152  16 241 137  64 156 166  67  68 225  97  35 160][120 121  29 100  41  76  85  48 160 184 166   8 255  55   0  83 132 244
 108 106  73  67 242   8 211 235 100  24 106 178  70  59][ 75 185 189 115 169 204  61 167 174 251 134  17 188 191  66 123 133 119
 249  25  83  73 251 113 207  91  95 114 130  64 135 106][131 207  71  93 116 131 239 252  60  64 114 198 241  98 149 101 126 106
  51 238 225 152  69 127  36  46 234 128  93 145 113 188][ 43 241  43 104 117 141 241 220  15  73 244  79 178 157 124  32 220 168
  87  93 203 186 112 189 247  93   0 184  95 158  82 251][195  92 231   5  99  52 173 182 121 250  90 100 124  62 215 255 166  85
 117 239 225 208 181 232  53  58 206 130 143 244  35 253][110  41 150 214 205 253 116 195 255 223 191  28 238 234 103 191 169 226
 234   2  53 235 186 225  31 223  85  59 202 125 206 198][105  50 249  69 112  95 113  19 123 236 127 237 222  54 134 180 182 157
 238  12 133 240 241 194 198 255  53 146  74 166  79 125][ 52 107 232  44 236  11 215 248  80 238 244 137  83 109  19  25 152 204
 103 111 204 178  76  56 114 139 101 181 245 251  86 194][216 188 188  50 169 252  20 135 251  95 166  25 191 190  74 123 129 215
 253  17  63  79 243  35 219 243  94 123 200  64 143  91][ 20 173  62  33 151 139 246 231 255  37 106   8 102 120   6  48 170 106
  74  81  22 185   0  63 255 207   5  83 225  89 207  10][  9  75  66 167 116 130 106 112  52  65  95 198 121 195 186 212 122 172
  19 237 129 152  13 239 108  45 170 192  47 135 248 192][215 213  84  78 155  22  94 189 239 128 175  78 106  82 205 246  54 196
 124 234 207   3 155 235 178 168   5  30  43 178 168  13][106 176 177 176 169 253 145   7 187 255 173  25 158 191  72 154 133 159
 253  17  27  75 242 192 219 213  94 127 194  68 135 115][ 88 250 190 116  40 237  81 150 235 186 178 104 255 249 193  18 167 245
 236  65 137 101 138  39 216 247 117 186  72  17  11  11][  1 204 115  69 180 142 239 183 125   1 122  84 243  33 148 100  23 110
  22  44 241 188 117 111  44  62  52  64  78 152 208  44][246 115 248 102 184  31  95 252  35 236 181  45 115 215 219  54 150 212
  93 126 200  71 248  42 251 217  37 191 106 179  78  83][249 113  58  62  29 205 210  72 238 164 161  13 230 216 107   0 152  40
 104  83  78  37 154  31 209 209   1  63  88  47  90   2][ 92 180 187 114 155 233  81  67 163 165 173   8  23 247  64  56 179 191
 237  16  26  75 186  18 219 199  53 121 224  66 135  98][146 234 110  29  10 147  60 231  55  55 198 183  33 142 182  77 127 238
 171 133 236 220  71 253 190  98 222 193  37 148 188 204][208 175 158 190 170 224 185 167 186 151 130 153 229 239  66  91 167 119
 105 145  50  73 138  35 217 163 223  89 128  96 175  74][ 77 224  17  99  49 111  75 152  39 245 173   8 223  87  73 252 145 140
  92 254  11 144 249  20 239 221   5 116 170 151   2 112][ 20 169 211  49 210 171  98  67  54 161  99 146 135 163 192 216 115 172
 106 152  16 248 141  86 156 167   3  69 224  33 107 128][ 48  35  79 108  26  67 138 105 166 128 235 194  99 198  36  16 120 189
 108 224  89 163  33  29 177 165 171  29  97  34 102 160][120 121  27 100  41  76  83  48 161 200 166  12  63 151   0  50   0 244
 108 106  73  35 242   9 211 233  96  24 106 162  70  59][198 106 158 181  74  32 176  66 188 182 162 251 228 226  65  91  99 117
 107 195  32 199 131 104 148  34  91 155 132 113  39 131][ 45 185 123 106 253 205 247 113 107  72 125  72  30 221 116  48 156 184
  87  95 211  43 250  21 127 217   1 106  91  10 211 243][118 113  90  68 123  94  82 120  33 168 172  40  90  23 197  52 188 220
 196 226  72 243 233  76 115 252   1  51  99 179 102  55][235 224  53  94  41  93  69 125 251 126 165  24 238 253  28 183 132 180
 252  78 233 103 250 215 179 120  80  58  66 156  70 124][112 185 190 252  56 201  85 214 162 189 188  41 183 181  64  18 131 247
 109  64  10 107 194  49 249 167  52  57 224 216 135  43][ 82 190 190 184 170 140  28 103 190  63 168 185  39 175  98  90 167 183
 237 145  22  75 130 117 217 231 126 249 144   0 175  91][126 165 229  99 157 126  67 168  99 241 175   8  75 119  92 183  17 198
 253 184  27  98 249 132 187 253 133 126 227  39 214 102][210 248 183 126  11 204  52 134 191 187   2  24 236 255 104 123 161 127
 249   1  98  77 154 241 219 242  93  59   2 112 135  10][107  54 249 101 114  31 251  83  59 232 127 236 221  61 214  48  63 221
 247  61 129 242 237 206 126  93  47 166  79 166  67 245][ 55 233   6  14  93 141 134 232 206 160 169  11  98 200 127 130 216 236
 106 103  78  35 222  61  56   0  13  59  89  63 122 134][ 36  13 120 111 212  79  99 184 116 168 238   8 211 113   9  48  89 220
 102 168  56 178 121  30 239 175  37  20 225 235  70 162][ 61 151  88 239  18  23  90 248  37  40 255  78  83 115 139 112 126 220
  22 238 156 146 125  31 250 239 161 213 187 179  42 129][151 207  86   7 114 130  46 244  60 136 122 228 105 194 165 213  54 109
  68 238 225 145  13 126  52 170  47 128  40 183  43 181][195 124 231 149 103  52 173 183 121 210  82 214  44 190 215 191 167 111
 117 173 229 220 182 234  53 122 222 130 143 244 179 253][254  52 148 154 139 125  26 200 159 159 169  25 204 254 111 207 205 219
 251  51  54  71 218 240 151 210 223  63 146 127  47 215][107  50 123  69 114  63 123  83 123 237 127 237 158  31 134  52 190 157
 215  12 149 184 229 194  86 125  32 130  78 134  71 245][ 94 235 134 174  27 192  11 200 135 148 139 131 108 199  43 214 120 249
 235 242  74   3 203 253 217  32 139  61  50  39  36  66][ 66 184 157  56 139 233  17  11 170 119 161  61 174 174  66  27 129  19
 233  17  22  77 242  17 201 211  90 127 144  68 135  82][168 188 188 115  45 253  80 183 143  63 180  57 190  61  78  27 141  19
 253   1 174 109 251 177 207 219 117 251  82  76  86 123][ 88 188  62 126  43 236  83 246 235  26 174   8  62 183   3  51 165 119
 236  64  32 105 178 127 211 255  80  27  64   1  47  59][131 202  71 157 100   2 174 190  92  66  82 214 241  32 181 229 122 108
  58 239 225 188  69 127  36  42 250 128  29 185 113 172][ 32 132  63 120  21 238 113 103 244   9 111  16  19 191  48 112 201  50
  19  24  58 169  48  31 235 239  16  65 208   8 244 226][  6 185 180  51 169 175 149 183 158 191   2  93 142  56  83  15 133 103
 121  85 146 120 219 112 237  22  93 118 200 116 131  91][116 111 139 190 248 193  79  97 178 140 249  41 119 231  35  16 216 251
  76 194 104  11 234  62 248 229 173 185  80 115  38  98][ 15 109  66 139 213 210 238 244  52  64  79 198 233 195 186 196 122 106
 147 238 101 145  29 255  38 109 138 193  47 151 248 212][147 202 238 157  34 138 108 134  63  23 194 151 161  42 150  73 111 239
  47 133 238 220  71 127 230  38 222 129  45 220 248  12][ 36  37  89 101 212  79  71  56 112 170 254  72 211 113   9  16  89 220
  68 106 120 178 201  14 239 175  37  20  97 234  66 162][ 80 169 158 180 168 128  60 103 174  23 138 145 183 231  66  82 167 119
 105 149  90  73 131  53 249 167 127  89 160  64 175  10][ 20 170 206  49 146 186  98  66 118 133  98 146 131 194 128 216  51 238
  42 156  60 216   5  62 140 231  51  65 224 129 105 128][249 120 123 100  96  76  83 112  97 200 181  12  63 151  65  49  52 180
  68 106 201  39 176   9 211 233  32  56 106 163  66  59][ 80 251 158 255  42 141 119 246 174  28 230  41 183 247  65  82 166 255
 111  66  66 107 202  61 245 161 118  25  32 128   7  11][ 82 236 151  92  27 235  49 206 190 191 130  56 108 247  37 218 163 119
 233  17  34  79 139 127 153  38  93 191 128 113  39  43][124 237   2 174 157 141 150 236 134 164 137  13 230 200 123   0 152  99
 203 103  78  43 218  63 185  20  13  59  80  63 159  78][161 131 197  89 212 191 228   7 119  49  98  80 163  40 148 237  89 142
  34  28 191 248 101  85  12  58 212  64 203 200 216 140][  5  46 198 181 162  42  40  19  62 179  67 245 205 226 201 203 103 109
 106 156  53 212 143  64 140 162 251 132 140 225  41 129][244 120  50  58  13 205  19 104 237 196 161  13 110 217  43  21 176 105
 202  99  70  39 154  63 209 208   1  59  90  63   7  86][ 53  97 200  99 128  79  79 216  98 232 237   8  83  83 203  48  88 204
  84 254  73 146 249   8 255 141 165  52 105 243 106 176][253 161 108  98  25  95  80 168 115 120 165  24  75  93  94 177 152 132
 252 110 127  98 127  21 187 217  65 125  99 143 202   6][124 181 187  98 146 233  83  71  35 133 237  40  23 215  64  48  51 187
  69  16  26  27 184   2 251 197  37 121 224 194 166  98][ 53 207 120  77 178   7  95 249  86 172 255   7  83  67 183  80 124 204
   6 254 204 179 109  63 122 174 165  84 113 187 226  64][188  99 195  39   4  15  79 248  48 172 243 207  87  65  25  16  62 236
   5 111 105 182 201  42 240 233  37 144 101 187 114 169][ 80 171  30 184 138 140  61 231 174  29 130 189 183 175  66  82 167 179
 237 149  26  75 130 113 249 231  62 249 176   0 175  27][183 192   5 183 140  15  77 189  23  50 131  82 211 117  24 107 217 196
  57 238 249 220  89 189 173 186 213  84  16 168 208  32][ 88 122 154 116  41 189  17 214 171   8 190 108  62 151  67 216 166 247
 236  64 137 107 146 113 211 245  49 186  74  81  47  59][ 48  51  27 108  24  71 131 121 132 168 169  64 147 134  32  48  92 189
  76 225  89 131 209  28 241 225 171 124 113   2  38  34][ 45 189 123 104 244 173 243 242 105  72 124  76  63 153  84  48 156 187
  87 125 155  58 240  61 127 221  32 248  91 139  67 227][195 172 231 151 199  52 172 103 249 219  82  86  44 190 214 191 167 111
 243 141 165 220 182 195  23 122 222 130 143 116 179 221][210 177  51  82 153 212  81 167 251  21 138  24 174 158  76 245 160 159
 120  16  30  75 178 245 187 248  30 123   2   4 231 110][118  60 148 186 137 125  18 200 139 191 185  25  78 254 111 223 237 211
 255  83  62  67 218 224 155 210  75  63 146 127  47 135][112  97 123  76 122  75  87 104 233 164 172   8  82 219   5  48 154 221
  64 106  76  99 186  76  51 188   1  59  65 179 102 166][124 111  34 174 184 203  87 252 180 172 232 169 199 231 161  80 210 124
  77  98  72 195 200  62 240 165 175 185   0 179 166  67][ 23  95  70   7  50  22 111 240  52 232 254 228 121  66 183 116  54 236
  22 238 229 145  13 110 176 174 239 128  45 179  43 149][ 11  55 251 229 118  27 251 123 127 233 127 238 217 173 212  48  62 221
  23 189 145 178 229 206 126  93 167 160 111 130  83 241][254 247 248 100 184  14  95 248  35 172 181  13  91 111 223  22 158 212
  93 110 232  99 233  46 251 217  37 188 107 179 194  51][105 165 113  99 180 235  99 191 123 121  56  56 246 113 136 180 147  26
 108  24  51 120 233  31 173 222  53 118 194 202 199  43][  3 191 243  30 227 248 188 103 187 203 120 237 172 254 230 188 167  59
 166 149 213 218 182 225  46  54  94 138 202  68 175 221]