[116 168  61 114 155 201  19 232 234  53 161   8 214 247  72  50 129 211
 200  82  90 107 186  53 249 215  21 127 192   2   7  34][112 163 147 108 117 143  67 105 115 140 250  73  67 249  40  16 248 236
  68 112  88 187 128  15 185 252 133  94  97  42 118  10][ 80 168 156 179 139 237  81  11 254  55 167  24 151 179  74  25 163  19
 104  16  26 109 219  49 217 211  81 125 224  64 135   2][ 72  60 186 113 177 252 117  23 251 155  62  16 190 191  64 122 167 119
 253  24 146 249 178  98 207 255  54  64 194 192 163  43][162 161 227  94 239 208 184  65 251  71 117 187  40 236 126 156 255 187
 179   1 214 118 174 195  23  60  90 235  71  76 247 247][ 73  16 246  77  91 158 177  88 230  64 230  36 124 211  38 118 118  53
 106  96 133 163 183  77  87 233  66  10 107  34  35 167][112 249 185 102  12  76  71 188 226 228 172   8 183 149  67  50 128 220
 108  75 201  99 186  32 241 173  37  60  96  50 198 234][ 52 224 136 187  93  89  66 200  86   7 237  14 227 192 122   0  89 136
   2  10  14  38  94  51 157 133 145 125 185  11  92 134][249 134  96  81  21 250  99 182 117  71 238 149 195  13 158 244 121 134
 223  44 253 188 101  63 230 111 176  65 111 140 220 124][205 176 156  49 141  47  80  27 234 251 167  28 214  56  74  59 129   5
 120  57 181 101 219   0 207 219  85 117 200  96 203   2][  2 203  42 186  95 209 182 230 158  68  72 163  44 140  50  64 234 235
 131 197  70  58  38 253 118  21 154  43  20  28 189 206][  2 167 153 107 218 236 187 223  42  25 121  72 164 251  88  16 179  11
  85  25  18   8 218 113 173 156  62 232 200  66 131 139][ 37 225 185  91 188 157 159 200 218 240  13   8 247 252 223  34 147  73
 120 127 198  99 254  49 239 221   5 125 212 187   3 196][194  41 179 252 113 196  59   6 184 205  64  16 188 182  65 114 226 127
  17 192  35 203 178 235 165 240 138  11   0  48  39 234][251  81  85 109  11  30  84  48  37 106 242 108  91  20 133 245 236 148
 252 106 237 150 209  12 151 235  96 146 107 166  42  21][ 51 249  97  13  87 211 206 253  83 104 216 110  48  56 148 164 120 206
  87 237 223 186 117 191  62  12 164 224 111 158 210 252][  2 141   7 234 157 243  70 175 135  33 138   8 166 183  32 196 201 146
 203  24  27   9  49 189 169 214 156  83 146  70 180  46][248 247  58  78  33 214 119 253  37  14 246 101 106 215 172 148 252 220
 228 226  74 183 168 127 115 225  36 131  99  18 230 187][225 189  81  69 200 108 103  55 105 226  40  72 114  55 196 182   0 118
  64  42  81  58 240  10  37 186  68  56  66 242 198 185][  0 148  31 255  49 236  49  55 188  11 107  16 188 183  40  96 165  59
 123   0  51 152  50  71 197 247 122  66 136  64 133 187][ 51 237 105  27  16 139 206 174  30  96 104 201  49  12  20  48 159 203
  17 205 239  24  93 127  44  12 157 240 125 144  82   8][ 80 149  83  94  98  72  39  39 248  73 234  40 127 247 136 244  50 254
 108   8  81 171 162 111 179 238 112  10  98 130 167  41][104 185  57 101  57 205  65  24 107 184  37   8 183  87  64  50 128  60
 108  72  11  96 251  25 199 253   1  60  64   2  70  42][ 56 166 211  61 123  27  42 248  55 172 242 229  79 227   0 208 255 237
 238 164  44 211 201 223 190 231  39 135 107 164  42 137][145 203  94  61  48 158 102 183 116  72  98  68 243   0 150 209  52  46
  36  76 237 188  21  63 166 171 116   0 104 144 232  12][ 72  80 220 101   5 120 100  20 105 210 182 192 155  61  17 250  98 212
 236  10 141 100 213   0 199 249  98  17 234 241  74  18][243 217   6 142 173 135 135 232 141 188 146  15 102 105  62 199 204 228
 255 111 252 235  91 189 240  50  69 150  92  62  48  91][112 175  74  45 114 138 127 119  36  12 254 165  55  67   2  80  54 170
  77 140 122 155   1  79 246 165  32 193  33 130 174  43][144  52  55 177   2 111  49  71 188 127  38  16 223  51   8  27  35  23
 109  32  32 245  17  67 213 194 114   6  96  64 167  99][112 221 221 100 200  76  69 181 161 146 174  72 115  55 128 115   0 246
 100 106  89  75 242  41 113 168 101  56  96 242 198  40][ 84  54 156  85 139 104  57 143 190 191 134 181 204  39  67  91  39  87
 233  16  48  77 131  96 217 163 119 215 128  96 135 123][128 104 179 155 228 205 189 199  62  91 112  17 188 206 113   8 139  43
   3  29  66 252 130 112   5  18  94  98 208  88 135 217][ 40 231 124  37  98  10 127  48  49 228 103 165  75   3 154  21  62 132
 195 238  96 240   5  77 102 203  65   5 111 167  70 208][181  64  97  77  68  82 193 202  85 226 244 130  83  76 181 236 120 204
   6 237 169 182 117  30  19 108 129   4 119 189 118 228][133  52 157 103 168  47  38  56 124 170 235  92 215 115   9 115 148  93
 126 111 177 212 217  14 237 174 103 132 200  99   3  49][ 64 184 153 184 187 233  17  71 174  23 168  57 190 151  64  24 131 155
  79  16  26  79 130  83 217 148  26 123 144  64 167  43][ 84 187 184 208 189 109  17  11 235 189 142  24 142 180  70 110 133  21
 236  16  26 107 243 128 217 212  69 127 192 105 133 103][104  28  54 126 121 230  82  40 169 140 239   9 238 249   7  82 144 245
 236  33  32 167  26  15 115 255  64  27  66  38  70   2][148 180 158  48 155 240  52  71 255  83 227  48 220 250  74  59 161  31
 234 144  55 255 154  66 155 247  86  79 200  64 171 134][101 233 185  99 244 172  99 150  98 185  62   8 179  57  81  50 201  78
 114  94   3 184 249  33 111 157  53  64 192 219  80 168][177  66 105  69  76  95  69 125  87 228 231   8  83   1 183 117  88 172
   2  40 232 182 109  28 119 136 133  52 115 186  84 236][200 156 186 252 131 228  61 151 187  27  46  17 188 191  96  90 167  51
 253  16  50  77 178 227 203 255 126  75 130  64 165  59][ 98 124 142  20  89 164  95 246 169 202 238  13  48 179  71  18 160 227
 125 204   8 207 146 110 123 191 116 138   8 113 106  91][ 30 184 146 248  11 241  24 202 191  20 224 161  46 223 101 220 235 185
 239 210  30  75  10 241 155 208  91 123 146   5  47  22][ 10  58  38 187  59 148  56  86 175  12  68 133 173 143  54  68 230  59
 251 197 134 152 146 241  70 113 154 203  50 132  47 223][ 84  53 189 100 168 108  71  63 224 240 170   8 215  53   1  50   0  86
 124  42 209  97 243   8 241 168 101  28 192 242 199 112][ 86 174 174 182 136 166  61 195 182 183 167 157 193 239  67  91 189 239
 105 150  56 207 154 104 219 131 223  13 136 113 167  18][ 18  36 110  17  67 226  57 226 173  86 111 181  13   6 142  25  47 145
 215 166  32 215  36  77  86   3 122 199  33  85  47 219][177 102  43 173   6  27  70 120  85 226 212 230  83 201 179  33  88 236
  54 111 237 246 109  30 178 166  97 148 125 187 122 244][170 236 240  82 217 205 113 207 187 183  36  25  42 247  68  31   9 254
  99  24 114 127 218 115  95 154  85 111 195 192 198 170][  4 255 113 243 254 141 102 188 207  58  56 105 222 249  77  32 183 123
  87 115 243  56  10 127  45  30  37 252 248 123 193 177][ 84  23  93 100 178  46  71  55 224 168 186 108  83  55 128 114  54 214
 108  42 185 137 165  14 248 175  37 148 232 226 198  49][  6 232 131 153 228 233 232 199  30  19  80 211 188 140 113 200 235  59
  51  17   3 188  82 240 141  22 158 228 148  88 149 154][201 190  61  71 106 121 173 123 120 246  93 252 245  36 210  35  15  78
 112  47 225 126 238  61 236   9 111 168  77 226   7 249][ 76 125 227 243 242 232 175 148 186 192  24 228 221 247 217 122  51 123
  29 211 147  64 158  96 108   4 175 200 172 115 135 177][ 94  58 254 114  74 157  57 208 175 189 183 143  15 207  79  26 174 149
 239 146 130  67 186 208 223 209 107 255 225 130  39 241][118  72 234 142  74  83 158 200 135 198 148 163  97 206 183  66 126 241
 183 227  76  67 110 248  50  65 239 187  53  63  44 214][ 73 235 162  23 164  28 238 180 233 254  54  77 170 170 214 151 165 110
 108  78 196 249 175  96  54 122 118 128  66 246 251  77][ 19 143  99 137 150 167 235 119  76  65  90 198  53  34 180 100 122  42
  18 173 209 153  53 255  60  44 138 192  53 138 241 172][191 179  83 171 115 143  50 248  61 192 225 237  79 206   8 145 190 173
 194 117 255 179  92 159 188 241   3 102 110 143 171 212][ 32 212 181  83  65 236  97 182 184  87 106  20 244 103   8  95 109 210
  34   8  35 252 123  99  77 134  86   0 195 209 102 248][106 191 134 182 249 157  56 119 191 149  10 253 172 191  66 146 135  59
 233 149 118 201 146 103 154 215  28 123 138  68 142 219][139 177 162  82 193  21 172 253  59  63  33 221  72 238  94 179 189 207
 242 239 246 122 186  81  63  91  95 108  75  86 171 222][236  48 249 114 232 108  89  24 171 151 165  24 159 215  77  27 135  17
  69  18  18 103 250  64 203 217  80 126 194 225  71 227][ 33 239  69  69 116  26 238 180 104 232 122 236 243  32 149 183   6 100
 110 110 225 248  77  45  44  58 101   0  78 178  75 173][155  60 119 116  49 207 184 114 189 192 242  20 190  31  21  59 174  33
  84 217 161 237  16 110 201 219  74   0  75   5  99 186][246 164 132 178 139 233  80 203 187 183 129 157 142 226  74 159 161 207
 236  17  62  79 218 115 153 242  95 127 160  69 143  70][ 97 216  55  77  81 222  98  54 112  73  98  72 114  28  20 244 176 116
 112 120 161 184 177 111  37 174  16  64  73  32  66  60][ 53  21 247  85 226 110 229  87 125 203 119  16  82  55 165  61  59  54
  54   8  49 240  49  74  71 174 116   2 227 112 230 243][113 243 125  77  24  78  75  60 113 232 240  72  83  38 148  48 220 244
 108 104 201 242 241  12  55 190   5  16  97 162 102  60][120 173 156 122 153 201  86 175 163  55 172  25 175 179  64 146 129 211
 233  16  90  43 210  55 251 215  20 123 210  64 206  10][ 32 165 185 106 120 173 178 207  42   1 121   9 190 253  88   0 159  27
  83  21  18  42  90 119  45 220  20 106 208  66 131 169][134 142  44 155 190 225 191 231 158  87 128 183 228 236  58  73 195 107
 203 151  54  73 110 247 172  22 223 251 148  93 149 214][ 52 225  81  67 177 143 110 188  39  41  59 204  67  67 140 148  62 152
  69 126  91  48  73 149  46 220   5 118 123 147 194 181][ 90  96 246 124  43  16  84 103 225 134 229  41  43 251  14 155 162 231
 237 130  76 195 134 201 210 251  84  11 103 244 238  14][  0 149  27 255  51 236  51  51 188   9  75  48 188 247  40  64 166  59
  13   0  19 152  16 119 205 183  58  66   8  66 165  59][118 165 178  96 217  15  84  77  51 181 169  25  78 137  72  22 153 159
  89  48  90  79 217  18 249 212  13 127 192   2 162   2][245  85  21 100  12  78  71 184 224 226 168  88 243 113   1  51   8 212
  72 106 105  99 248  10 161 168  69  60  73 115  66 176][118 135 109  14 252 120 199 173 233 116 175 173  99 108 158  87   2 198
 232 103 124  43 237 125  58  56   5  93 101 247 222  84][123   5 231  68 113 126 195 115 113 233 255 136  66 188  22 182 184 228
 228  45 185 179 181  14  51 126   1  82 199 239  86 116][100 191  46  46 250  65 159 237 138 188 105  41 116 254 106  19 135 247
 115 227  84  11 138  61 125  33 109 189  81  50 135 211][224 204 156  94   9 253  21 135 142  23 164  24 166 243  38  91 129  50
 232   0  42 109 218  49 195 243  84  59 208  88 205  42][  3 223  50 156 121 213 180 231 207  73 248  96 172 156  36 224 204  59
 150   1 199  43   2 255 177 116  30 139  88  28 169 159][ 53  81 123 110  84  15  71 120 101 196 255 142 115 201 183  48 122 236
   6 234 201 179 125  14 243 172  33  16 101 187 102 224][ 99 123  70   5 101 158 234  20 105  72 114 205 112   8 151 148 148 100
 123  93 199 184 213 109  36  58   0 128  75 134  91  29][ 28  67 117  65  54  91 231  40 109  32 123 226 207   4 157 164  50 148
 206 107 193 176  37 220  39 202   2   7 103 183  69 101][112 153 154 172  85  86  66 109 224 169 234  72  82 176  36 208 248 228
 236  96  29 187 145  76 185 165 166  23  72   2 126  10][167 255 172  62 106 137  22 252 219 250  28 237 238 236  83  17 135 107
 247  71 230 110 206  59 238  23 109 187  92 127  11 219][ 74 186  84  91 122 217 176 206 142  61 176 235 172 223 199 130  39  51
 207  64   6   9  79 245  86  65  56 187 119  12  13 155][ 52 243  11 164  92  79  71 237 131 172 176  77  66 193  73  16 216 236
  68  96  88 179 200  14 185 132 133  52  73  58 246 251][211 180  21 185 155 228  57 111  62  83 138 147 156 182 104 109 231  27
 185 149  51  77 179 215 137 210  90 206 144  68 165 122][ 73 241 157  97 128  78 101 159 114 249  98  88 215  55  72  58 129  86
  96  24  91 248 241   0 237 187  84  68 200  80 194  40][232  44 220 125 232 104  85  31 162 191 164  57 215 179  66  91 129  86
 125  24  56  76 195  32 207 251 116 117 194 241 206  75][ 76  53 145 101 161 110 101  27  32 162 107  72 191 119   1 254 144  20
  88  40  17 208 209  10 197 253  65  48 202  96 131  32][185  66 104 229 100  11 237  61  84 102  86 159  19   9 150   9  58 140
  55 111 224 188 101   6  70 171 240   4 101 152 244 232][138 222  62 157 235 241 189 231 191  23  76 179 172 254  38 193 231  59
 171 129 102  79 162 247 239 119 158 203  18  84 173 207][  6  34 240 163 237  41 250 200  63 183 179 191 206  74  95  10 191 137
 207 183  20 119 201 208 156 210 203 247 197 111  71 195][218 165   5 177 137 207 104  39 183 113 139  25 141 179  74 211 161 135
 249 133 127  73 155  87 185 215 223 117 130   4 139  66][124 240 185 114 153 205  83 156 235 117 165  24 190 215  72  50 129 218
  88  90  27 103 250  49 219 221  21 126 194  19 198 122][ 24  57  59 171   5 239 115  80 102  77 250  32 191 153   2   0 106 185
 127 193  11 176 243  49 197 197  42   0 104   3  39 251][188 255 149  55 153 111   7 174  82 190 185 125 231 113  73 147 153  70
 236 115 120 102 201  58 169 215 101  63 192 123 214 235][216 185  57 233 178 229  83 158  55  97 236  48 159 151  64 112  87 155
  29 152  59  26 113  23 233 197  42 108 186 129  39 114][130 153  62 189  59 237  57  39 173  93 150  53 172  63   2  71 134  51
 255   5  50 201  67 213 205  50  90 211   8   4 141  91][ 38 229 118  91 219 131 175 237  31 183 229 146  96 227  44  21 123 122
  67 250 114 215   8 255 125  30 199 101 211 178 230 162][208 121 239  47  32  88  87 148 229  68 230 165 163   7 147  83  34 228
 236  78 237 201 245  41 227 225 100  17  98 150 102  94][ 85 231 137 175 180  34  78 175 118 162  75  68 211 226 217  80  81 206
  44 238  75 208 207  63 172 164 167  36  40 243 240   0][ 38 142 142 186 253 161 150 238 159  31 144 183 236 232 126   9 217 107
 167  21  54 107  10 247 184  22 223 255 217  92 185 207][181 207  46  47 190  11 223 237 228 164 135 171 243 104 154   3 124 228
  93 111 236 225  77  61 248 161 173  21 101 187 152   0][104 237 157  53 137 205  87 166 162  54 168   8 183 243  73  19 129 242
 104  66  74  72 194  57 237 195  84  57  96  81 134  10][104 235 162   6 172  28 238 164 233 220 190 205 171 172 214 150 128 110
 109  79 196 233 174  97 178 125 118 152  66 246 223  92][ 24  57  59 227  48 207  83  16  39 104 223 100 247 151 129  84 116 188
 127  88  11 184 241  61 215 253  32   2  42 131   4 123][ 81  53 185 100 152 108  71  55  96 225 170   8 215  53   0  50  16 214
 124  40  25 107 177  14 249 172  37  28 224 226 198  40][224 181 209  69 192  76 103 119 120 226 104  72  50  55 196 183  16  94
  64  42 113  56 176  10  37 188  68  40  72 242 198 184][ 33 100 167  30 205 121 165  79 251 215  97  24  34 248  95 191 137 234
  66   3 116 103 174  96  21  18  85  43 193 124 230 236][194  42 158  16 234 136 168  71 184 155 178 249 180 138 197  27 166  59
 102 145 164  79 130  64  28  16 126 170 204   0  43 137][220 172 142 182 129 230 108 234 182 179 135  21 215 227  75  91 217 239
 121 190  60 207 219  42 249 167 255  77 168 113 170  82][ 54 237  86  90 217 199 167 232 159 151 229  18 104 227  44  13 249 114
 235 242 114 195  26 253  57  26 199 127 219 119 231 166][208 149  31 254 147 192  53 103 188  23 198  49 252 247  40  83 162  51
 237 128 114 205  35  79 241 227 126 139  32  64 165 107][ 66 205 172 159  25 216  37 174 190  23  76   0 172 162  11 114 161  67
 104   9  98  73 147 119 229  54  90  25  16  80 143  46][ 33  93 107  12  92 127 194 120  68 232 248  78 114  24 183 176  88 224
  70 106 141  43 117  63  51  12 161  56  89  43  88 156][  0 174 147 250 242 233  49  71 190  13 104  57 190 151  96  88 163 187
 135  16  18  26   2 115 221 148  58 107 144   0 167 171][136 173  49 249 240 231  73 150  55  57  96  24 151  23  96 113  65 187
  23 152  59  30  96  62 237 208  48  96 178 128   4  42][162 172 246  88 201 237 177 199 191 183 164  24  42 247  68 159 137  59
 227  16  50 111 234 241  31 218  85 123 195  68 199 174][  0 184 179 155 228 237 189 199 254  91 112 112 188 218  96   8 159  43
  35  29  67 248  18 241  13  20  62  42 208  88 133 249][192 213  21  95  88  76   5 191 112  89 232  24 251 119 136 243   0 214
 108  32 123 170 227  95  39 184 112  72  64 128 231  41][  5 251  92 242 126 143 171 188 142 168  56 108 254 241 225 128  22 121
  86 127 225  32  10 126  44 159  37 252  92  59   9 169][ 97 113 121  77 112  78  75  60 105 232 242  76  82  30  20  48 216 244
 124 108 201 178 209  13  53 184  32  16  73 162  66  63][128 178 156 248 232 237  49  79 170  31  53  57 156 215  72  27 143  27
 231  16  18  79 138  81 223 145 114 255 208  64 135 163][  2 184 179 156 109 165 184  66  94 205  88  83 172 188 116   8 239 123
 147   1 146 123 146 225  29  24  90 170 212  77  51 203][  3 103  98 137 178 178 174 215  61  71  90 247 141  46 150  92  54  11
  95 133 150 152   5 246 164  86 154 130 189 213 171 221][  2 207  62 185 251 241 188 231 159  31  72 179 172 255  38  64 231  59
 187 129 118  88   2 247 239 119 222 203  16  84 173 203][241 253  57 100 240  76  71 181 112 232 104  72 119  53 208  49  16 220
  84 106 249  58 240  15 249 237  37 120 104 162 194 121][118 188 128 186 201 249  80 207 171 247 169 157 142 230  75 158 185 207
 236 145  30  79 218 115 153 246  93 127 160  87 142  86][251  80  85 109  11  30  92  48  37 106 227  72  91  18 133 247 228 212
 252 110 237 150 209  12 150 235  96 146 107 162 106  21][  1 203  69  71  36  30 238 180 236 232 250  68 243  96 149 183  16 100
 108 110 197 248 205  44  36  58 101  16  74 178  90 140][100 172  63 172  90 197 187 106 130 166  73   9 117 247  32  18 131  51
 115 161  82  15 154  31 125   7  11 124  17  34  39 242][218 185  22 178 185 157  26 230 191  85 160 157  46 167  66 147 165  83
 233  84 118  73  26 119 219 211  24 123  10   5 139  26][176  68  97  79  20 103 195  28  85 230 249   2  83  12 149  36  88 156
   2 169 169 190 125  30  21  46 144  20 117 170 118 252][ 49  70 107  77   4  11 103 120  84 226 250 230  83 233 177  32 120 204
  54 110 205 182 101  10 240 174  97 128 109 186 112 161][229 117  53  69   8  78  70 184 224 242 168 104 210 119 137 179   0  84
 104 106 105 101 249  10 161 170 101  52 104 115  66  48][ 92 249 145 114 153 205  83 140 235 185 161   8 222 215  73  62 129  83
 108  82  91 107 154  48 233 208   5 127 194  19 135  34][ 84 104 155  62  40 140   6 192 186 138 136  73 118 243  65  82 160  96
 108  66  64  67 138  59 177 166 101  56   8 115   3   3][ 98  56 146 216 203 241  24 194 191  20 224  41  44 222 103 221 235 187
 203 208  14  75   2 241 155  80  27 123 146  21  47 158][237  32 148 242 237 121 169  11 218  55  37  24 141 195  74 159 131   5
 234  24  54 103 234 144  76 211  91 125 194 197  11 224][ 63 225   3 170  91 223  74 232  44 224 225  11  95 218  24 176 184 237
  90 231  93 131  92  29 185 193   9 124 105   7  11 196][ 40  61  83 108 117 135  66 115 245 132 232  13  35 201  32 144 216 168
   2 112 123 186  80  31  59 252   1 106  82 138 118 226][238  36 232  10 217 116 203 142 251 199 172 153 232 110  95  26 217 211
 249 177 174 103 254 202  95  63 158  29 197  87 118 214][124 122 252 102  42  92  85 180 161 254 180 173  95 151 203  58  38 212
 237  78 201  71 170  32 211 233 117 184 106 179  70 123][124 164 148  58 153 233  84 207 179  51 161  25 134 243  72 155 137 219
 200  16  62  74 202  51 187 215  85 127 208  68 142  10][255 217  38 158  45  15 150 232 220 218 150  47 110  88  58 199 220 228
 255 103 236 103  95 189 240  51  71  30  94  63  56  95][215 112 214 164 111  22 126 200 105 226 242  15 207 202  23  95 254 197
 255 231 236 231 149 200 182 250 207 159  47 247 107   7][ 73  57 145 101 145 110  68  23 105 169 111  24 158  51   0 190 128  52
  76  24  25 216 209   0 175 253  20  18 202 224 202  32][210  78  87 190   2 192  29  38 181   6 194 163  45 231 163  83 102 243
 237 192 104 143   7 239 240 226 250 139  53 148  37 123][ 52  28 255  85 194 106 181 215 120 199 102  48  91  55  36  56  59 254
  50  24  49 248  48  98 111 174  86  66 227 240 231 227][197  49 145  69 184  46 229  25 122 169  35  92 210  49 217 122  17  70
 104  60 177 240 217   2  13 188  37  68 200 227 195  33][ 82  48 238 160 106 132 120  72 175 180 166 143 157 203  71  90 238 165
 127 148  14  67 147 192 218 233 203 171  41  34  43  82][104 108 150 124 121 132 125 134 168  78 232  13 184 179   5 146 137 107
 117  76  98  78 210 107 117 255 118 136  74  80  98 251][ 54  73 232 190  78 193 159 236 134 196 152 171  97 206 183  66  74 249
 183 195  76   3 110 185 112   4 175 185  53 187  52 218][ 18  52  66 161  19 178  56  99  53 134 203 163 105  14   4 192 119 159
 153 161  36 209  21 207 146 102 154 131  39 198  63  30][  4 107 155 226 180   6 111 216  58 232  88 228 221 199 249 196 215  77
  61 127 193 209 137 238 168 214  47 204 136 179  33 177][ 95 122 247 247  44   8 252 220 185 218 178 118 221 170 213 123 239 197
 125 139 225 103 239 224 150 251 254 152 143 241  99 137][ 34 201 106 152  95 193 183 230 143  69  76 131  44 143  38  68 232  43
 131 193  70  43  50 253 117  20 154  43  21  28 181 218][163 255  12  62 121 141 158 190 187 122  48 205 174 236  23  19 135 107
 247  71 230  78 206 127 102  82 109 187  88 181  11 223][ 19 167 199  61  50  19 106 105  55 172 242 229  71 226 128 212 255 237
 110 229 173 211 141  14 184 230 239 134 168 166  34  85][233 113  25 101  61  77  67  24 111  40 165   8 183  23  65  48 144  28
  76 106  75  52 241  31 199 217  33  48  66 131  66  34][216 142 156 179 162 104 117  23 182  63 190 177 253  55   2  91  39 151
 237 128  48 205 131  99 210 163 118 145 160 208 143  11][120 169 148  62 137 201  20 167 171  49 168   9 174 179  64 147 129 243
 232   0  94  75 218  49 187 240  84 123  82  70 143  10][  2 185 147 153 228 233 168 199  30  25  88  80 188 222 113 200 251  59
  19  17   3 184  82 241  12  20  62 224 156  72 145 153][ 77 225 168  99 189  75 199 232 234 180  45   8 219 248  91  50 177  77
  88 123  70  97 174  63 235 141  37  61 228  51  71 226][ 17 141 107 205 214 130 239 119  68   1  94 194 113  35 176  96 122 170
  18 237 209 184  21 125 124  44 162  64  53 138 241 168][119 118 133   5 162  46   1  58  48 234 202 252 214  54 202 127  93 204
 108  52 233 214 229   8 156  50  77 214 200 116  34 117][124 241  57  98 185 205  83 200 235 113 165   8 158 215  73  50 145 216
  92 122  75  99 250  49 251 217   5 126  66  19  70  98][178 254  59  76  96  82  23 253  33  78 254 229  98 223 174  16 252 221
 213 102  76 151 168  63 114 253  37 143  67 178 230 209][ 92 168 158 178 137 233  81   3 182  63 175  56 159 179  66  24 161 155
 109  16  26 109 139  49 217 199 113 127 224  65 135  35][ 90 156 158 250 155 228  48 199 191  19 174  17 188 191  96  90 231 115
 185 144  18  75 146 227 251 247  30  75 146  80 165  91][252 161 168 110 201  68  95 172 163  23 165  25  83 255  90  19 201 196
 113 238 122 103 250  33 243 249 196 125  65  35 230 242][101  37 225  97 213  63  70  11  83 225 235  74  83  56  92 176  89 140
  18  57 157  50 245   2  29 140 133 116 233 234 210 164][ 88 189 186 242 147 252  49 247 171 153  46  16 190 191  96  82 165 115
 253  16  18  73 178 229 251 255  22  75 130  64 167  27][  3 249  38   9 101 158 236  55 109  72  98  68 184 144  22 244 128  36
 122  77 199 184 213  85  36  60   0   0  74   4 219  28][ 17  17 214 109  42   2 176  72 229 128 227  96  92 217 132 122 178 189
 126  96 128 243 151  77  22 184  66   2 109   2  99 135][105 142 100  85 213 126 230 191 237  87 126  21 227  40 150 215  33 134
 236  45 181 188 117 127  39 127  64  69 239 205 222  92][ 64 239  81  95 178 224 174 166  62  31 123 240 165  38 136 144  39  91
 236 194 115  92 173 119  44 166 126 193  96  83 167  57][ 26  19 106  39 130 123  60  71  61  39  79 179  45  63 131 152  54 155
 219 129  20 144   5 219 214  71 154 131 167 214 175 210][241  92  90  44  52 158  70 182 112 194 226  76 115 120 147 240  48 230
  92 110 237 173  21  47 176 175  32  16 105 241  74  12][ 38  34 244 163 236  43 250 200  63 183 179 159 207  78  93  10 191 149
 239 183  16 119  73 208 159 218 203 247 197 239  71 195][153  55 233 119 162  57 255  63  50 230  85 244 251 109 218  41  62 126
 221  14 241 240 238  19 230 207 117 176 111 244 147 241][152 207  78 173 114 138 124  55  36   8 126 229 191  35 130  80  38 175
 205 228 108 152   1 109 230 225  34 129  44 128 170 139][124  33 152 106 217 125  82  72 195 148 173   8 203 251  73 154 153 248
 200  50  26  99 218  16 219 215   5 127 242  99  78 130][ 43 191  98   9 245 151 166 119  87 105 216 237   8 136 182 164 220  10
 147 149 223 187   4 223  58  92 140 230  95  14 250 221][104 169 158 118  45 204 116 214 171 186 166   9 190 243  66  91 129 118
 253   2  72 107 146  97 211 251  85  59  66 112 110  10][197 117 157 101 160  46  39 184 100 186  42  68 215  51   9 115  21  84
 124 106 249 208 217  10 237 170 103   4 200 113 131  33][109  52 145  32 201 109  70 138  99 227  40  12 210 177  65 190 145 206
  96  16  17 114 249   2  29 158  21 126 202 115  66  18][ 61 105  99 110  84  79  71 120  85 236 253  10 123 221 181  48 120 252
   6 106 201 179  44  63 113 173  33   0 119 187 102 240][ 70  53 191 132 239 102 184  67 169 203 219  51 140 254 101  74 254  61
 187 177  16 211 146 200 159  54 206 139 133 108 165 215][228 132 134 150 201  98  36 175 182 147 226 146  64 226 105 223 105 230
 106 152  56 207 159  98  61  38 223  71 160 112 160 140][180 243   1 186 236  73 151 200 151 116 177 173  66 220 235   9 217 200
 226 114  78 103 202 177 184 144  69 127  80  63 214 210][252 104 216 118  72  72  87 208 178 166 164   8  51 215  65  27   0 252
  69  90 104 103 250  42 243 233  37  57 227 241  70 170][ 33 207 205   5 144  11 103 175 118 178 234 192 243  32 129 115  89 230
 106 108 105 248 101  46 172 166  69  20 104 248 194  40][ 84  31 127 100 178 226  63  50 224 200 254 224 127 119 161 113  38 247
  76 234 241 153  36 110 250 239  38 128 101 227  39 105][ 34  56  18 218 107 241 152  70 191 148 224 161  44 222 103 220 238 187
 239 144  14  11   2 241 155 208  26  59 210   4  47 158][ 92 229 113  38  56  75  71 232 114 164 173  40  95  81 217  48  50  76
  76 107  64 115 173  30 241 205  37  61 103 179  71 226][126 207 196 190 203  34  30 236 183  22 139 135  97  98  43 219 249 195
 235 231 124  67  79  55 186 103 205 151 177 119 168  86][ 93  87  15 101 144  14 111 176  32 170 203 228  83  35 137  83  60 212
 108 238 233 144 137  14 244 231 231 132 105 243  50  48][  4 215  92  15 184   6  79 184 174 140 105 229 245 227 139  80  22  96
 109 238 224 128  94  95 224 174  47 140  24 243 131 113][ 92 183 156 178 186 169  16  25 175  61 183 185 207 227  74  91 167 151
 236  16  62  65 139  85 218 247  55 223 160  66 143   3][ 34 221  51 152  91 213 181 231 143  69 200   7 172 158  36 196 236  59
 147 193  83  11  50 253  53  20 158 107  19  28 181 254][ 12 156 183  87 211 206 167 247 116 131 102  16  90  53  36  60  57 126
  34  24  49 248  49  98 109 174  84  64 195 240 229 170][ 89 141 116  31 207 124 228 167 233  85 126   3 238  40  22 247  35 198
 106  45 181 248 191 125  63 106  84  67 231 102 219  78][115 102 199  47  50  10  78 120  55 234 219 228  83  98 156  84 127 205
 124 231 169 210  77  78 184  38 175 132  45  98  50  53][ 90 189 150 250 155 224  48 199 175  21 136  51 172 255  96  82 227 115
 185 145  18  75 146 247 251 247 158  91 146  68 165  90][206 223 150 183 171  56 124 182 175  87   3 245 239 238 203 219 167 103
 237 199 117  77 139 225 174 243  94 195 174 245 137  93][216 189 186 242 155 204  52 247 187  25 174  16 190 255  96  82 161 115
 249  16 114  73 146 231 251 245  22  75 194   0 167  27][ 19 141  67 201 214 162 235 103 100   1  74  66 112  34 180 100 112 170
  18 173  81 152  37 253  52  44 138  64  53  10 241 172][ 24 112  86  77  98  18 169  72 110   0 246 160  89  18 132 208 126 157
 238 192   9 176 197  68  84 161 162   1 111 129  42 129][208 219  31 185  50 194  59 165 190  89  66 245 181 194  34  81 166  39
 109 213 115 141 131 127 248 160  58 192  56   0 169  27][124  49 214  36 147  90  86 232  97 164 175 168  75  83 203 182  50 196
 236 242  77 211 173  12 250 225  37  23 107 183  46  69][ 97  17 148  69  81  62 224  49 121 233 107  76 210  48  12 182 144  68
 114  40 181 240 213  76  13 190  64  68 202  34 203 133][225 116  81  97  56  75 115  24 107 232  43 104 182  17 129  48 146  28
  76 106  73  52 241  31 231 216  33  48  74 130  66  51][  9 184 147 155 117 189 168  86  30  25  88  84 172 210 240 236 219  43
 146  17  23 184  66 243 140 213  58 224 158  76  25 141][ 77 241 152  99 177  28  86 157  98 185  45  76 223  81  72 178 145  78
  68 120 215 120 217  34 239 205  37 116 234 210 202   3][ 75 169 157  55 170 200  57 173 186 245  98 133 253 230  74  90 135 103
 108  21  23 216 191  33 205 243 127 196 160   6   7 121][130 178 156 185 138 165  56  95 190  63   0  85 140 151  72  24 133  27
 235  16  50  77 146  81 205 147  90 126 144   0 167 155][ 18 186 150  88 137 237 177 199 175 191 160  24 174 186  68 159 169  51
 235  16  18  79  82 241 157 210  95 123 195  68 135 174][120  84 177 101   9 108  71  58  96 226 170  72 211  53   1 182  17 212
 104  42  73  32 241  10 161 239  69  20  98 243  70  32][224 197  85  93 104 204  69 191 184  31 228  24 246 183 136 119   4  22
 108   8 123 124 243  95 165 178 112  64  82 128 230 105][221 176 156 112 137 109  81  23 235 179 167  24 159 187  66  58 163  23
 104  16  16 109 147   2 217 215  85 117 232  64 139   2][ 22 249 182  94 137 151 134 232 222 189 161   5 104 250 109 143 217 115
 234 210 114  99  26 245  25  18 207 127 217  63 101  54][ 97  49 209  69  84  46  99  18 115 225 106  68  82  49  16 116  16 206
 112  28 147 176 213  64  45  60   0   4 200 227  66  48][ 84 242 120  98 122  73  51 200 171 180 181 171  79 223 201  18 183  85
 237 114   2 101 171  81 223 197  35 255 101 179   7  99][204 233 159  83 193 220  52 164 233  49  38  24 254 151  76 187 129 118
 232  82  99  88 248  96  15 217  84  99 194  19 135  42][237 241 241  97 205  79  71 184 115 186 165  88 211  81 204  63  25 212
 100 106 217 102 251  17 111 218 101 124  99 179 198  33][  2 173 177 209 245 253 169   7 191  17   8  16 172 178 100 236 129  59
  59  24  19  72 178 211  13  28  30 106 154  68 133 174][124 165   8  39  17  67  66 232  54 165 203 139  67 104  26  16  88 204
 104 247  94 187 205  63 248 103 133  85  97  15 254  66][253 120 223 116  42  94  85  16 241 250 166  56  95 243 193 123 130 245
 108  66 105  71 242  10 211 235 117  25 106 241   2  59][210  78 142 190 138 164  60 166 180 150 194 149 237 231  35  75 229 243
 233 135 108 207 146 107 224  35 254 137   8 116  41  90][ 48 189  10 184 214 201 115 103  22  69 108  63  54 211  34  16 120 170
   2  12  62 154  16  63 249 133  18 107 112   8 167 218][162 178 248  91 106 137 176 125  90  11 113 249 244 253 220   8 159  59
  19  19 150 126 206 115  76   6 120 235 213 138   7 219][218  75 110  60  42 154  94 180 161  30 150 189 111  14 147  91 166 245
 253 103 236 205   6  63 242 227 104 145  36 181  15  91][ 49  79 203 109  86  43 103 124  84 224 250 230  83  33 145  96 124 204
  30 110 201 176  69  46 116 174 161 128 109 251 112 169][226 255 100  63 121 141 255 190  59  63  48 221 175  43  82  23 135  67
 253  71 226  76 203 127 238  90  93 184  90 148   3 217][108 251 212 115 169 249  86 148 171 191  63 105 239 251  75 154 135 127
 237  82  22  97 202  33 202 213 117 251 194 247 206  11][245  93 222 101 178  14  71  48  96 170 174 104  83  51 129 115  50 228
 108 106 233 197 141  14 226 235 101  20 104 243  74   1][  6  34 212 161 237  43 250 200  47 191 187 159 206 110  85  10 255 157
 239 183  16 115 201 208 156 150 139 247 197 111  71 195][ 99 163  32   1  52 158 232  49 109  45  83  77 138   8 158 148 148  14
  76  45 214 184 197 221  46 120 168 210  70 142 219  69][218 173  30  58 153 141  26 238 191  81 160  29  46 135  74 147 165  67
 233  68 126  79 154 119 219 211  88 123  74   5 139  26][118 182 138  34 219 253  83 206  59 239 188 189  14 246  74  16 189 223
 237  16  30  11 250  51 187 215  21 255 168  87 142 215][ 82 187 243 116  51 218  50 103 185 164 122 232  44 255 164 244 166 255
 236  64  64 155 160 239 191 244   2 171  98   2  39  47][ 60 237  10  42 217 135  87 232 166  96 236   9 114 211  43  16 216 234
  81 254  74   3  90  61 249 221 133  56  88  19 106 154][208 219  27 229  30  10 167 236  64 160 130 234 247  96 128  34  54 116
 104  99  65 123 141  61 248 167 111  84  44  42  19 184][207  96 247 247 108  60 253 212 187 246 242  86 253 238 221 254 239 197
 127 143 193 119 239 224 150 251 255 136   7 245  99 237][252  66 192  55  68  10  70 168 112 162 227 221  67  96  75 219  89 204
 104 103 108 246 205  42 214 231 245  21 109 253  90   2][104 233 158  86 105 201  85 198 171 191 164  41 162 177  70  27 129 118
 236  80  66 107 194  33 223 185 117  59 194 120 206  11][  2  49 191 161 246  98 185  71 172 201 218 179 156 190 100  74 239  31
  59 145  17 219 147 192  93  48 190 194 133  64 165 251][ 44 161 156  51 201 233  84 207 178 189 165  25 134 243  72  26 129  90
 237  16  30  75 218  48 207 195 117 127 192  64 142 130][210  14 142 190   8 164  31  18 176 134 198 197 161 231  51  91  70 227
 233 199 168 199 198 106 208  35 234 137 132 245  45  72][226 248  17  90  89 197 129 204  26 145 160  24  52 214  69  29 144 185
 123 209  35  79 218 119  25  16 153 122  89   0  67  58][ 40 110 168  92  77  61 192 202 210 190 176  13  35 232 215 155 217 232
 227  79  46 102 234 187   7  95 229  61 209 125  94 206][125  97  90  96  27  91  71 248  98 164 175  12  83  81  75 180  48 196
 200 106  73 179 185  28 251 201   5  53  99  55  74  98][162 254  51  44 120   2 158 252  56 232 248 237 117 207 173  16 222 125
  87 102 233 135 136  79 112  60  47 142  12 243  35 249][254 141 182 114 185  62  92 167 169  59 170  25  78  59  12 223 135 215
 253 115 124  75 193 224 187 250  92 215 194 116 194  15][ 20  57  59 233  48 207 114  16  37   8 234  96  55  23 129 116 246 188
  95 104  11 178  81 125 247 252  32   2  40 131   2  49][163 191  98   9 245 147 174 119  93 104 218 230  40  24 182 164 252  42
 146 101 247 187   5 255  62  28 142 194  95  14 248 157][ 85 146 135 183  34  38  42 184 180 209 131 245 231  99 152 198  54  69
 109 231 189 213  29  37 136 226 234 192  46 163  49  17][ 92 160 142 181  25 195 104 249  54 177 198   9 255 243  74  91  49 237
 253 188  24 211 219  28 217 227 255  69 162  36  42  66][111 162 240 211 252 249 248  91 239 249 189 126 143 234 223 158 175 139
 127 157 151 114 203 208  30  92 143 254 206 205 219 149][236  32 220 146  77 121 233 136 234 247 181  28 141 199  91  31  11  69
 234  26   6 103 250 192 221 211  83 125 194 125  79  98][232 244 144 127 105  28 236  63  59  27 116  28 239 103 136 150 153  10
 230  12  99 110 243 147  39 255  86  40  90 148 202 184][ 83  33  78 168 106  64 248  72 174 240 231 131  29 155  66  82 234 141
 127 196  12  67 211  64 214 169 138  13  45   2  43 210][233 113  81 109 116  14 227  52 104 168 242  76 211  17 152  48  28 244
 118 106 193 182 209  28 117 168  32  16  73  18  66 169][213 167 203   5 190   2 175 248 112 234 218 230 241  96 145  32 119 196
 124 238 233 211 237  78 124  46 175 148  45 242 115  49][109  40 147  84  69 126  96  18 241 203 110  80  26 177 113 254  96 236
  50  24   1 240 176 224  23 190  80   2 226 241 122  38][211  80 214 165  79  26 252  72 105 234 242 103 207 154  23 122 250 197
 127 231 237 247 133 200 180 250 207 150  45 126 107  15][ 61  89  99 110 116 223 199 112  85 200 253 106 123 213 181 180 120 248
 150 234 201 179  60  61 113 237 161   0 119 187 118 248][180 215  45 104 140  71  71 248   4 250 160  72  83  85   9  49  89 208
 109 234 249  39 123  60 249 131 229 124 113 187 246 114][218 143  14 190 137 209  29 167 182  31 198 177 236 230  34 199 193  35
 233 133 118  77  43 255 251 115 222 219  18   4 189 106][ 48 175  10 186 208 177 242  71  18   5 120 155  39 142  34  16 217 187
 130 145  30 186  66  55 255 197 154 105 241   8 174 138][130 249 175 179 246 192 185 231  62  89  82 243 188 159  64  75 239  95
  59 209 115 216 131 225 109  48 190 192 132  24 181 251][ 84 176 189 112 169 105  16 143 186 191 171 185 214 255  72  26 129  23
 237  16  30  65 251  18 219 215 125 127 192  80 135  83][ 84  50 122 225  74  11  59  88 175 180 167 175  77 207  75  18  54 221
 239 242   2  81 153  80 214 225  43  37  37 163  47 146][120 178 142 181  25  94  80 121  55 189 198   9  79 243  66 219 241 236
 237  16  12 211 155  12 219 227 247  85 162  36  62  66][102  98 104   5  37  26 226   8 117 164 230 137 195   8 151 148  88 204
 232 111  76 180 197   8   6 121   1  21 103 191  94  68][216  52  81  97  50 106 123 120  49 170 227 232 223  23 137 113  54 157
  76 170  41 150 241  78 215 233  33 132  42 163  39  49][210 189 150 186 155 192  18 231 191  21 136 179  44 255 102  82 227 243
 251 209  50  75 154 247 187 244 158 123 146   4 165  90][125 125 197  69 158   2  79  61  96 224 234 198  83  35 145 182 122 196
  84 254 233 242 221  14 184 172 165   4 111 242 114 184][145  77  15 189  20 134  70  39  20   2 194  82 247 241  48  64  80  46
  58  45 105 188  17  47 224 175  50   0  56  40 240  40][ 37 186 233  57 114 169 187 218  30  71  80 221 149 205 122   8  31  89
  19  85 147 182 222  51  76   7  41 236 253 129   3 209][124 125 114 100 155 114  87 248 225 228 175 172  75 215 131 180  16 244
 236 226  77 195 188  12 243 229   5  23  99 247  46  86][ 88 217 180  15 207  92 246 165 233  85 234   3 238 184  22 214  34 231
 234  69 212 169 191 101  47 110  70  67 227  54 207 206][237 179 124  75 232  31 237 185 122  53  61  28 219 119 218  51  31 150
 102  46 215 112 251  21  78 235 101 116  91 131 202 176][141 156  20 255  41 253  80 154  23 126 101  24 175 119   3 255 201  90
 234  74  34  78 123 179 199 251  80  57 146 221  13 238][ 60 251 156  51 137 201  82 206 163 189 160  57 135 243  74 154 129  91
 236  80  30  75 202  49 201 211  53 127 242  19 142 131][124 103 120 102  90  67  71 104 115 164 237 168  79  99 137  20  58 220
 200 226  72 179 205  62 240 197   5  61 103 179  70 162][ 89   5 113  69 176  66  79  61 112 224 234  72 115  35 144 240  50 230
  36 106 217 176 253  14 241 237  37  20 107 242 226  40][ 89  30  15 175  34 182  43  50 164  78 203 228 253 102 163 124 118 231
 108 135 141 144 167  47 196 231 250 128  40 247  41 125][ 78 249 158  62   9 151 146 232 142 184 129  13 236 254 111 130 205 113
 234  87  71  99  27  53 153 211  79 127  88  47  41  22][194 111 158  86 146 142 191 231 184 140 254 165 253 231 227  18  38 119
 110 222  96 217 128 110 124 165  47 128  73  50 163 185][ 81   6 207   5  50  10 111  57 116 234 219 228 211  98 152 113 126 204
 124 175 233 208  77  78 252  46 175 148  45 226  50  49][205  38 159  37  36  46  65  51 121 234  39  92 215  33 218  63  20   4
 108  46 185 244 241  10 207 251 113  16 202 233  66 113][109  39 185  65 244  42 103 153 106 173 127   8 211  97 219  50  17  78
  68 126 144 240 233   0 108 141  37 100 194 243 198 225][198 248 157 150 105  45 180 202 186 155  48  88 188 250  77  27 141 115
 123   3  98 103 218 227  29  18  95  46 200 113   3 139][ 58 116 106  97 145  62  92 119  49 239 236 157  75  55  10 157  61 157
 213 172 120 150  80 206 243 255 212 215 171 244 166 243][ 87 152 141 173  10  38  75 184 101  80 138 196 215 118 153 110  55 196
 124 239 137 193 189 109 136 174 203  84 164 163  49 116][ 96  90 211  92  99 184 100  86 253  10 122 104  46 179 165 252 162 252
 230   2   1 182 130 107  23 182  80  10 194 241 110  45][ 38 255 117  89 249 207 167 248 223 188 252  40  98 240 205  53  25 120
  66 122  98 114 122 125  45  26  69 126 211 187  70 164][ 32 253   9 123 217 141  71 254  22   5  44  12 178 119  64  16 217 106
  67  92  74  42 122  63 109 157 133 120 208  90 214 234][ 80  39  80  41 250  10  50   9  58 173 249 233  13   3 136  16  54 159
 196  48  20 154 133  94 188 164  33 247 164 130 167 129][162 254 145  26 233 237  22 206 155  62 168 125 164 247  69 156 133 123
 195  82  99  79 202 123  57  20  21 187 208  85 135 251][  2 186 150  88 137 237 177 199 175  29 160  57 174 178  70  30 169  51
 235  16  18  73 194 241 153 210  94 123 192  68 135 142][ 32 141  27 216 212 165 177 103 158   5 120  18  52 215  36  32 217  58
   2  24  18 186  50  55  77 142  18  74 209   8 228 234][152  96  78 163  74  65 120  72 172  48 195  11 157 147  74  90 106 141
 123 208  10 214 211  64 213 225 138   1  37   2  43 130][ 25 203  75 237  22 130 111  53 100   8  94  66 113   3 176  96 112 170
  22 238 209 152  37  61 100 173 162 128  61 154 240 168][ 66 176 189  55  58 202 121  57 170 241   3 205 245 247  72 114 151 117
 125  12 129 201 159  77 205  50 127 212   0 162   7 121][194  56  18 154 123 241 152  71 191  29 224  33 172 222 103  92 207  59
 203 145   6  79   2 241 153  20  26  59 144   4  47 223][ 19  10 213  77  82   2 104  82 117  33  98 198 193   2 144 124 126 141
  98 140 140 216  85  76   6 234 210  64 111 128  34 148][218 189  18 250 155 196  22 231 191  17 168  16  44 255  96  81 163 115
 249 208 114  75 154 247 187 247  30 107   2   0 167  26][227 238  13 177 108  13 236 190  59  55 128 221 165  43  92  19 141  75
 121  77 226  92 219 119 173  26 221  52   4 128 211 200][232 187 158 126 105 153  80 214 171 157 180  57 174 145  67 155 128 114
 238  64   2 111 194  97 214 241 116  59  66   1  79  11][237  67 133   5 116  30 111 184 105 252 115  76 195  96 159 151  16  68
 108 110 225 240 109  12  44  58 101   4  74 183  82 100][ 54 182 250  32 242 239  91 222  51 239 252 173  15 255 202  16 191 223
 215  20 159 218 232  58 254 215  53 255 233 198 134 247][ 41 112  17 101 116  31 226  48  96  40 118  76 215  17 153 180  28  76
 118 110 193 180 209  14 164 253  32   0  74 187  75 169][105 116  81  97  34 107 117  23 121 234  59 104 158  21 133 181  22 156
  76  40 225  52 241  30 165 152  32  50  74 240  71  49][236 251 210  98 186 153  86 156 171 165  61 237 239 235  73 144 150 255
 237  82  70  97 138  51 250 213  37 127 234 183 207  27][239  98 200  13 108  27  74  40 121 162 241 185 195  72 223 220 216 204
 230 230 204  22 205   2   6 127 225 189  76 167  90 132][ 87 249 151 190 171  12  30 172 175 210  11 197 239 230  75 222 183 103
 125  71  87  65 159 241 152 246  79 142 140 247 171  85][  3 111  27 236 120  39 174 254  52 170 250 228 117 231 177  48 222 125
  87 239 225 147   9  78 112 188  43 132   8 243  35 185][ 28 141 211 102 210 226  98 227  53 129 122  98 123 115  32 148 123 251
   7 176  56 154   8 111 121 166  39  64 227 226  38 171][253  84 165  39   3 110  71 184  48 226 131   8 211 119   9 187  89 212
 120 235 105 214 253  42 193 235 205  20  32 115   6 112][146 255 122 222  50 130 187 100 189   4 242 167 108 206 164  85 182 189
 207 226  96 159   0 239 176 180  10 130   5 130  39 189][ 52 237 153 106 219  73  87 236  27 186 184  43 118 253  77  18 185 211
  71 114 107  99 203  63 185 214   5  63 241 123 134 131][201 244 124  97 104  95 113 189 119 127 164  24 211  23 202 251  17  22
 238  56 254  86 125  21 207 219 117 117  50 144 206 251][247  32 141  36  75 107  72  73  49 162 163  24  67 118  89 186  57 133
 120 170  44  71 255   2 145  38 193  61 225  99   6  70][ 46  98 232  39  88  19 202  72 114 166 201 171 195 200 223 144  91 205
 194 163  78 150 205   2 134  69 137 189 101 191  30 134][ 70 163  11 186  89 197 107  73 175  29 193  17 100 198  44  80 248  41
  75 167  82   3 138 213 145 176 138 107  16   2 181   2][ 95  87 111  70 227  84 255 113 169  77 159 231 104 110 158 246 190 215
 253 231 213 131 189 237 115 123 238 131  47 151 254 117][  2 150 144 153 255 145 180 239  31  23  88 247 172 234  46 196 255  27
 163   1  54 152  67 215  44  54  30 227  22  12 189 143][ 71 190 152  19 187 189 147 170 186 255  12 237 172 246 199 150 135 107
 232  87 167  72 250 119 172  22  29 254 136  85  15  93][206 180 180 209 169 124  57 159  59 127 151  61 140  63  78 191 151  23
 253  17 182  92 251 210 143 223  95 247 134 196 143  87][130 184  18 186  59 225 185  71 191  93 192 177 172 222 102  92 199  59
 235 145   6  15   2 243 145 148  26  59 144   4 167 223][ 78 223 156  58 139 229  23 174 159  31 172 185 236 247  75  90 133 115
 233 210  50  73 250 115 233 215  95 123 144  81 133 123][ 73  53  81  67  34 107 118  21 121 107  59 108 159  55 140 188  54 156
  76  42 145 176 113  76 166 220 112  54 234 243 195  53][126  34 242 160 239 123 248  72  47 189 183 187 142 142  71 158 191 157
 207 177  28 115 233 208 223 209 139 247 199  47  79 199][ 40 220 188 255  41 125  81 158  79 127  36  24 191  55  67 251 129  82
 238  74 174  76 251  49 199 219  80  57 210 217  77 203][ 92  48  74 163  79  73 123  88  36  36 199  11 223 147  74  90 104 141
 235 242  72 147 217 192 215 225 130  33  35   3 110   2][126 231 136  44 155  67  23 236 147 164 172 139  66 231 107  80 121 221
 233 226  74  67 202  31 251 231 133  63 115 119 174  82][195 193 197 189 106  24  56 142 175 115   2 221 237 166  74 223 167  71
 252 133 215  89 199 241 156 114  90 238  60 132 139  93][ 38 249 117  91 249 217 167 236 207 180 184   8 232 244 205 166 153 112
 234  88  67  99 122 253  45  30  69 126  83  62  71 188][220  66 159 244  42   2 109 148 160 186 178 112 215  51 129  91  38 229
 125 238 104 197 129   8 208 235 103 148  32 241  33  33][210 175   6 186 219 192  24 239 159  21 136 179 108 238 106  65 231 243
 235 145 122  75 138 247 185 246 159 251  20   4 165  90][ 64 163 178  31 237 248 176   7 239  29 125  56 174 232 126 142 137  34
 234  17  22 105 170 225  14 112  80 123 210  76 221 142][113  72  95 236  36  82  79  48 225 192 246   2 115  67 177 115  98 228
  28 234  77 131  52 168 242 233 162  24  61 179  96  40][ 77 249 158 190  41 149 146 232 142 188 133  13 254 250 107 194 129  97
 251  87  78  67 218  49 217 211  79  63  88  47  41  83][192 191 172  51 153 233  17 143 186 189 128 189 174  46  66  27 129  83
 237  21  62  76 203  49 205 211  93 127 192  68 135  91][112 105  40  44  75  79  23  98   0 164 236   9   2  29   3  16 200 252
 201  97  76 187 225  28 243  33 129  55  97  60  86  90][  4 160 153 235 188 169  67 139  30  57  41  88 151 209  72   8 147  27
  10  25  19  48  73  19 205 132  53 116 208  11 193 160][ 35 153  18 184 221 213 156 231 143  89 200  19  44 158  38 224 205  59
 147  17  87  43  18 213 187  92  30 123  24  12 169 158][120 178 159 124  27  15  80 120  55 173 231   9  78 247  66 219 245 252
 233  48  12 211 155  28 219 227  85  95 162  36 102  66][ 74 169 150  57 169 169 176 199 174  21 162  25 174 178  70 158 129  51
 235  17  18  73 194 241 157 210  94 123 192  68 175  14][ 69  31 235 174 242  36 106  18  49  73  75 229 245 231 169 112 118 238
  60 140 157 146 165 107 246 164 162 128 168 227  38 113][ 64  48 191  37 104 202  41  24  58 241  67 204 245 215   8 122  22 125
 121  28 129 212 147  85 197  34  99 200   8 129   7  49][124 109 122 110  91  83  23 232 115 164 236  42  67 245   9  16 120 220
 192 226  72  99 170  63 251 197   5  63  99  51 102 162][154 110  30 150 114 130 190 112 188 138 214 229 253 199 162  81 118 101
 223 238  96 213   0 111 240 163 234 128   9 177  43 217][155 126  71  55  50 130  62 112 180 194  86 229 253 231 163 195  54 109
 255 238 229 213 133 110 238 227 239 128  47 181  43 217][194 206 174  30 137 144  20 167 182  31 198 177 228 231  34  91 193 119
 233   5 116  79 131 113 243  51 222 155  16  68 188  79][  2 223   3 185 255 129 174 230  30   1  72 231 172 226  32 196 239  43
 179 133  67 152   2 247  44  20 158 202  28  28 177 141][128 250 151 179 164 204 171 182 190  89  82 242 189 151 192  65 103 123
  63 221  99 220  11 247 205 162 254 192 132 145 165 185][ 81  23  79  69  52  10 111  57 116 232 219 230 211  33 152 112 126 204
 126 172 169 144 109  14 244  46 163 132  45 162  81  49][ 94  96  74 161  74   7 122  88  38 164 255 143  77  15  75  82  62 133
 207 230   8 211 153  88 214 225 171 173  41 179  43 146][200 122 214  59 107 137  48  83 175 223  48 189 174 207  67  31 135 123
 238  20   6 109 194  49 158 240  84  59 202 133  15 223][ 27  11  68  73  67 134 104  23 101  33 114 198   9   2 148 220 108 172
  46 156 139 152 197 192  20 232 146 128 107 132  98 140][ 40 232  30 187  77 205 112 199 167  21 227   0 191 219  96 216 233 186
 255  16  14 219 218 177 215 241 146 107  50   8 124 138][ 45 169 251 105 242 203 123 222  55 229 124 169  27 207 194  48 191 217
 151  92 130 218 124  28 127 221  53 236 247 132 230 224][108 247 152  46 217 205  23 232 131 204 141  13 198 229 107  16 148 121
 201  98  76  67 250  62 251 213   5  63 146 127 142  82][ 93 160 198 165  19  15  56 248  55 241 195 205  79 103  72 155  55 205
 237 244  15 209 153  93 154 227  79 197 171  39  43  18][111 167 232 134 237  23 206 248  19 254 149 207  73 108 223 143 221 204
 247 239 252  98 238 202 126  95 205 189 199 254  90 212][ 52 173 145 102 248 107  87 239  19 170 184 105  87 125  73  18 153 215
  69  34 121  99 201  63 185 214  69  62 209 122 198 171][ 66 175 153  50 251 233  48 199 187  53  40 185 174 191  64  16 167  59
 233  17  22  75 130 115 223 213  30 107 128  64 143  11][ 55 159 201 167 242   2 143 255  16 234 218 231 113  38 147 194 127 239
  23 239 237 218 237 238  60  46 175 132  61 254 185 221][236 186 148  50 171 205  18 152 175 125 161 253 206 215  74  18 133 211
 236  80  14  79 219  49 216 210  69 127 218   7   6  91][254 127 106 102 185 246  87 244 225 206 191 173  75 253 167  52  28 244
 221 226 236 199 188  46 243 253  37 159 107 247 238  87][159  91 235 234 178  18 111 216 117  76  86 231  89 207 187 236 126 204
 149 255 237 148  45 238 242 111 175 196 175 183 176 117][199 236 156 150 233  44 164 206 186 187 176  88 172 242  77  27 137 115
 106  19  38 103 218  97 157  18  95  58 200 112  11 139][120 168 151  62 153 219  80 238  55 213 224  25 103 243   2 145 217 254
 232  16  62 203 219  63 219 247  85  91 162   4 126  74][252 235  82 114 243 137  90 216 187 164  96 141 111 207  75  17 182 249
 205 118 110 103 152 123 250 201  37 125  99 183  10 210][ 56 161 252 109  29  95  83 121 119 173 254  10 123  61   6  48  56 220
 230   8   8 186 105  29  95 239  49 117 115 138  70 170][ 54 114 104  47  75  67  19 232   2 164 229 171  67  77  11  17 120 220
 227 227  76  82 221  24  85  33 201  63 101  63  22 194][ 48 205  95 175  18 131  39 119   4   1 234  67 115 115  32  64 120 186
   3  32 120 184   1  63 224 167  32  64 121 138 224 168][249 166 194  12 124  22 206 123  82 170 252 198  64  96 178 180  93 196
  76 174 237 235 141 143  56  46 165 156  79 228 122 141][ 50 181 238  97 145  46  88 254  57  43 170  29  26  63  12  27 189 215
 221 180  40 201  17  70 155 223 212 215 169  80 226  90][196 103  27  79 248  66 103 232 182 132 198   8 197 195 193 115 112 252
 106 234 120 215 235 126 253 161 167  25   0  51  37  32][ 25 141  81 101 244  62  99  59 100 225 110  64  83  49 144 244 114 174
   4  56 153 184 101  14 110 239 161  64 239 194  96 168][211 168 236 157 106 156  56 142 187 115  66 145 189 134 214 123 167  79
 253 149 134  92 247 113 148  50  94 161   4   4 139  76][ 56  35 243 111  85 207 114  88 103 173 255  10  83 157   0  48 188 156
 230  80  10 179 121  29 119 237  33  85  99 138  70 162][220  52 157 242 170 102  25  25 170 251 135 120 221 247  73  91 183  87
 253 176  49  69 155  66 217 211 127 222 136  99 133  51][124 113  90  99  73  23  83  88  39 172 239  13  75 215  74  80 120 156
 235 242  10 147 251  16 215 237   1  55  35   3 102 194][130 184  51 186 123 225 153  71 191  87 192  49 172 222  38  93 197  59
 251 145  54  79  34 247 145 150  26 123 144   4 167 254][  2 207   3 155 255 129 190 231 142   1  88 199 172 234  32 196 238  43
 147 197  83  26  18 253  44  20 158 234  28  30 185 158][ 56 168 151  59  25 219  80 206 183 213 228   9 111 215   2 152 201 254
 232  16  14 251 219 181 219 243  81  91  98  12  78  74][210 167  38 184  27 193 152 239 159  21 152 187 236 206 106  65 255 187
 239 145 122  79 138 215 185  86 143 255  20  12 181 219][124 113  26 170  93  71  87 216 133 172 143  15  86 215  43  82 248 212
 239 226  76   3 217  24 243 225 163  63  43  59  62  82][  2 138   2 155 213 191 184 199  31  41  90 215 172 138  36 196 255  43
 163 149  55 152  89 247  12  22 154 195 152  12 153 158][ 95 161 135 164  17  71 104 248  55 240 195 205  73 231  74 154 185 205
 125 246  13 211 155  92 154 227 207 196  43  39  42  82][  4 216  63 187  52 204  43 248 190  90  83  70 253 247  41  64 247 123
  63  27 163 212  58 255 205 150 239 192  16  11  37 241][220 182 189  49 187 105  17 143 186 255 131 185 207  55  72  27 135  87
 237  17  58  77 203  18 221 211 125 255 128  68 135 115][ 65  23 109  69  52  10 111  57 116 232  95 228 211  33 152 113 118 196
 124 238 249 144 101  14 228 174 225 128 109 226  82  49][155  35  64  43  65 156 104  23 101   9 243 211 169  10 148 196 108 174
 238 140 156 184 197 192 134 233 178 130 107 134 104 140][ 11  22  78 183  98  50 124 112 180 198 215 229 253 231 163 203 118 101
 127 174 229 213   7  78 214 235 235 128  46 231  41 209][124 121 184  98 236 109  87 222  97 254 172  45  22  21  67  26 128  84
 109 122  72  35 249  32 243 153 100  61 240 219 214 123][222  16 254 236  15  22  89  80 160 158 231  18  93 211  47 123 228 181
 189 234   8 199 178 192 211 233 235 140  32  35  37  99][ 76 249  60 190  41 213  18 200 143 244 137  45 254 251 107  82 131 125
 255  83  78  67 219  49 251 243  77  63  26  63  13  83][131 250 220  59 106 137  56  67 191 215  96 189 175 142  70  27 167 107
 238  20 102  76 194 113 134 240  94  43 192 133  11 221][ 60 245  59 110 219  67  23 237 243 164 237  40  66 245  41  48 249 218
 192  98  74  35 186  63 123 135   5  63  83 114 166 234][202 252 189 115 171 236  61 143 187  63  46 184 172 183  72 122 135  87
 233 144  50  76 187 115 237 247  95 255 146  80 135 123][ 94  97  74 161  73   7 122  88  37 164 239 143 217   3  75  80 126 133
 255 254   8 147 217  88 214 197 171 165  43 163  43 146][102 235 228 134 237  83 207 232   3 252 181 175 104 236 223 150  93 213
 247 247 204  99 239 248  62  90 205 253 135 191  94 212][ 33 173  25  97 176 207  71 191  78  41  56  72 183  49 200  32 153  26
  70  24 219 184  97  63 237 141  53 116 208 138 198 169][ 10 133  48 249 157 173 248  39 143  21  44  17 174 153  54  64 201  43
 147  21  18  40  82 213 207 221 154 123 146  12 197 202][ 75 161 133  49 233  93 124 175  43 255  32 153 141 175  74 146 165  15
 253 148  86  88 243  81  79 219  93 255  66 132 143 206][ 73 112  87 109   2 238  41  26  58  97  66  80 149 151   0 120  54  28
 120 136  19 220 211  21 133 168  59  68  40 128   3 176][ 34 241  53  88  27 221 135 236 206 180 184  12 238 252  76 166 153 115
 234  96  67  99 250  93  57 222   7  62  89  62  71 188][ 74 168 150 185 137 249  17 135 174  29 194  25 174 166  66 222 129  51
 235  17  22  73 242 241 141 243  94 123 130  68 143  78][ 59 159  77 135 246  34 239 255  16 234 223 247 113 102 154 225 127 238
  23 175 253 218 237 238 124  47 175 128 173 254 184 253][ 50 225 115  76  57 219 135 109 239  36 184   8 138 218 164 148 218 181
 206  96  73 171 242 221  49 220   3  58  83  30 231 172][103  49  81  65  96  63 111  16 105 232 251 236 219  54 156 188  30 156
  92 234 153 176 245  76 134 252  32 134 207 243 194  53][ 90 158 194  63 131 178  22 167 178 135 202 229 105 234  51 208 241 239
 169 133  14 155 195  43 178 103 158 147 173 118 186  30][221 212  99 127 240  70 111 181  48 206  99 244  87  87 152 113 119 204
  29 254 249 220 189  14 237 170  46 196  44 178 162 113][254  55 114 129 239 123 250  66  47 189 191 187 142  14  71 156 255 157
 207 179  28 119 233 210 159 209 143 247 199  79  47 215][159  95  99 207 182  18  79 252 117 206 214 230  89 111 191 228 126 204
 149 255 237 151  45 238 250 239 175 140  47 247 248 117][ 40 233 235 105  82 203 235 222  55 165 124 130  25 223 176  48  58 249
  83 216   2 186 102  95 111 207 165 229 119 128 102 170][  0 254  87  85 114  74  33  55 112  43 114 240 113  55 132  49  55  92
  68  40 225 252  33  79  36 174 112 128  97 160 199 185][213  53 221  97 176 111 109  51  57 191 191  24 215  55  72  59 183 150
 124  58  57 240 249  12 239 219 101  84 192 226 198  49][242 129 158  96 176  46  89 206  57  61 162  25  18  59  14  26 185 215
  93 240  58 207  17  71 219 159 222  87 201   0 226  10][197 234 156 148 105 173 176 206 186 187 176  24 172 242  73 155 129 107
 106   1  34 103 202  97 157  18  95  63 192 112  11 139][ 59   3 198  12  61  18 200  75  91 132 220 161 203 192 182 214 218 236
 228 165  76 235 231 157 130 114 201 191  87 164 122 204][ 92  55 121 103  34 110  79  57  33 206 191 104 243 119 153  55  54 214
  93 234 201 144 249 109 241 175  97 128  38 227 102 113][188 253  51  94 217 231  23 239 215 142 237  56 126 245  44 180 217 123
 194  98 123  35  58  63 123 214   5  63  82 122 166 163][ 40 141  59 220 213 215 245 103 223   5 236  18  48 189  54  96 201  58
 147   8 122 186 112 255 127  63 146  75  83  72 244 234][226 175 232  86 237  29 214 231 219 174 180  26  98 248  86  19 201 230
 198   3 124 111 234 234  59  30 213  59 193 120 222  15][211 232 174 149  75 156  56 206  62  51  66  19 172 138  86 123 163 207
 123 157 134  93 151 241 220  42 222 225 140  20 187 142][140 170 152 145 237 189 176  75 158 187  80  24 172 226  98   8 129  43
 106  28  54 124 194 210 205  23 123 109 144  72  11 130][127  84 226 173  47  30 252 200  57 238 246  47  78 186  63 223 254 197
 255 231 236 247 145 202 146 247 202 151  15 125 123 215][ 18 184  58 186  27 241  25  71 191  21 197  49 172 214  34 220 193  59
 251 145  50  79  58 247 145 214  26 123 144   4 167 110][  9  56  85 113  17 254 105  23  55  33 102  80 159  23 128 252  34  60
 120  24  19 220 113  20 133 255  16  64 162 128  34  40][ 23   4 238  61  66  34 109  59 181 198 107 145 113 239 151 123 118 237
  55 174 172 212 167  74 198 239 239 128 165 240  96  64][202 252 189 123 251 237  29 175 187  63  44  57 172 119  64  27 135  91
 233  16  50  76 251 115 239 215  93 255 146  80 135 123][202 190 173 179 169 237  21 175  59  63   8 189 174  39  74  27 135  83
 237  21  50  76 219  51 205 211  93 255 128  84 135 123][131 170 135 157  77 179 168  71 254   1 194  82 160 130 180 236 233  47
 122 153 151 223 135 243  28  54 154  66 140   4 177 140][ 90 186 181  56 169 249  17 135 175  93 192  57 174 142  66  90 129 123
 237  17  30  73 227 241 155 241  30 251 146   4 135 127][ 34 233   3 155 117 129 174 231  14   1  88 199 164 200  48 132 234  43
  19 197  83  58   2 253  44  20 158 234  28  30 177 140][124 113  59 106 121  71  83  88  39 168 237   8  82 215 109  80 252 220
 207 106  72  51 185  24 243 237  33  61  67 187 102 242][  3 201  19 153 215 145 190 231  14   1  88 199 172 194  32 192 232  43
 130 213  87 154   2 245  44  20 158 234  24  12 169 142][ 72 113 249 100 160  79  85  61  41 236  62  40  95  53 139  50  54 212
  93 104 209  33 176   8 243 141 101 188 226 242 198 123][  3 168   3 155 221 173 184 198  30  81  80  87 172 202 116   8 201  43
  51 149  23 248  90 245  13  22 154 107 152  12 185 158][ 90 159   6 174 191 146 254 101 173  72 218 231 237 238  54 193 246 231
 255 231 252 137  15 255 178 247 202 147  29  38 185  95][222  52 149 243 171 102  61  25  59 187 135 112 220 119  72 123 183  85
 253 176  49  69 187 194 205 211 255 246 130 224 165  51][211 107   7 151 172  18 172 164 248 210 194 245 241  96 145 235  96 230
 124 255 253 205 231 110 188  34 239 192  12  52 187  92][131 106 220 187 106 141  56 194 191  87  96 145 172 198  71  91 167  59
 255  21 134  92 199 113 204  18  94 170 208  21   3 205][ 60 113  59 106 121 207  82  88 102 168 233  72  83 221 104  48 220 220
 198 122  11 179 153  28 115 237  33  61  67 139 102 178][ 83 241  53  92  25 221 150 109 238 236 184  12 238 220  68 160 152 113
 234  97 207  99 250  93 185 208  15  62  89  62 135 126][119 115 135  36   9   6  74  88  39 248 203  77  64 215  75 146 216 205
 125 246  13 211 219  92 155 244 143 206  42  39 106  86][ 20 148  63 255  54 230 123 248  62 220  79  38 125 247  41 105 119  93
  63 170  35 193  59 223 249 166 235 132 176 227  37 115][191  95  97 111 182  18  79 253  85 234 223 231  91 109 191 229 127 206
  21 239 237 214 109 174 122 239 239 132  63 246 240 125][126  97  74 172  89  71 106  88  37 224 175  79  91   3  11  80 120 205
 223 238  72 131 217  72 242 229 139  61  43 183 106  82][ 70 161 105  64 249 217  88  45 171 249 181  25 138 167  78  22 129 151
 253 156  30  75 234  84  95 216  21 255 194 134 206  86][ 76 110 119  78 105  58  39 236 239 174 238 160 106 231 173 244 121 252
 238 106  72 147 235 124  55  54   7  55  66 247 102 229][120 184 151 126   9 205  80 199 191 249 224  41 110 223  64  24 129 255
 237  16  15 203 218  53 219 243  81 123  82   4 134  91][175 222 109 151 244  62 239 190  84 235 223 246 241 100 154 229 127 238
  55 175 185 220 109 175 110  47 239 192 175 255 248 245][248  88  31 124  42 203  22 228 172 142 180  41  55 151  33  19 130 112
 236  98 104 111  66  61 243 195  97  59 112  57  14  11][ 65 151 109  69  52  10 111  57 116 232 127 228 211  33 152 112  54  68
 124 110 249 184 101  14 100 174 162 132 109 162 210  49][124 255 142 190 221 205  87 205 151 159 228  13 102 225  43  24 217 234
 235  82  58  99 218  57 249 247  85 123 210 127 190 202][ 19   4 238  61 196  34 109  31  55 131 106  19  81 235  17  88 112 237
 115 172  24 208 135  74  69 174 223   0 165 240 224 160][221 116 191 178  45  45  81 218 187 255 167  29 223 255  75  91 165 229
 125  23  47 103 154  34 211 251  83  58 136 113  11  83][156  16 255 239  30  98 107  57  22 244 199 178  93 119 169 121 118 213
  63 186  57 209  59 220 217 235 235 132 180 163  37 113][  3 173  19 154 213 129 190 231  30   1  88  71 172 202  36 196 248  43
 130 149  87  26   2 255  60  20 158 107  24  14 169 142][189 222 101 231 182  63 206 190  85 234 255 254 123 109 158 101 127 206
  55 174 185 246 109 175 126 239 229 148 255 255 208 245][ 32 185  23 126  73 207  17  67 191  89 227  41 118 221  32  56 200 255
 239  16  11 251  90  61 147 242  17 123  80   8 198  27][177  75  66 205  38  18 206 112  85 128 210 226 115  73 181 196 122 236
  46 239 200 179  69 175  48 232 162 128  61 187 120   8][ 72 252 148  83 249  60  60 159 123  59  44  88 188  55  76 191 167  95
 236 144  51  88 251 115 175 223  95 110 138  80 139 187][ 45 105  90  74  88 143 194 248 215 136 253  72 115 209  61  48  24 248
  70 106  75  35  90  61 115 141  37  56 121 187  74 162][191 159 236 239 182  50  78 254  85 234 223 246 123 109 158 228 127 238
  53 239 253 210 109 175 254 239 231 132  63 255 248 117][120 233  82 230  15 201  86 101 129 132 169 137 107 233  64 146 138 244
 204  98  92  43 194 168 178 241  69  59  99  46 206  10][128 160 154 187 197 173 177  71  30  59 113  18 156 147 104   8 217  11
   6  17  50 254  90 211 205 151  62 106 144  72 137 131][ 32 254 218 196  86  45 182 231  88 174 120  15  32 248 102   2 153 111
  66   1  68 123 144  43 120 142  21  59 201 122 215 139][189 222 109 247 244  58 111 190  85 235  95 246 251 109 155 229 127 238
  55 175 185 244 109 175 110 111 239 128 175 255 248 245][ 66 186 189 185 169 233  17 198 175  93 192 185 174 158  66  90 135  59
 239  17  30  75 243 241 159 208  30 123 144   4 135 127][104 176 191 120 201 253 113  67 187  91 229  24  30 191 108 186 173 155
 243  16  19  79 178 209 223 219  80 123 218  68 135 243][ 18 184 186 186  27 241  16  79 191  21 197  57 172 222 104  88 193 187
 235 145  22  15  58 243 155 247  26 123 144   4 175  30][  3 174 131 157 213 179 160  71 254  67 202  86 164 130  54 228 233  47
 170 149 151 159 134 215 188  54 154  66 140  68 185 140][157  76 119 247  98  98 111 184  52 226  74 240  85  87 169 125 119 252
  61 238 225 212  45  62 197 174 227 132  38 243  36 225][ 44 253 177  94 251 221 150 237 223 155 165  40 254 245 108 180 151 123
 194  82  51 107 250 127  43 214  21 123 210  51 135 167][ 45 115  81 101 116  30 110  18 105 232 122 108 155  26 149 176 222 205
  84 237 205 176 117 140 166 253  37 132  79 181  66 149][206 180 149 241 235  38  61 159  59 187  15  80 220  55  72 255 183  87
 253 184  49  84 219 194 223 219 127 230 130  64 135  51][  2 234   8 155 252 165 184 198  30  25  88  87 164 202 100  72 205  43
  51 149   6  26  90 245  13  16 154 106 152  24 185 142][102 237 242  14 251 217 150 239 235 200 248  40 106 252 111 180 219 251
 230  67  71  35 174 251  60  20  13  59 211 126 239 143][ 89 241  51  44  25 223 150 108 238 232 152 108 254 220   0 160 152 245
 238  97 205  43 243  29 177 213  47  62  88  62 135  63][ 32 141  59 217 213 245 177 103 220  69 108  18 176 188  54  96 201  58
  19   1  50 186 114 223 111  63 154  75 208   8 244 234][221   5 241  71 178 106 107  57  49 162 127 112  83 119 153 244  54 214
  84 170 185 144  45  15 231 238  33 132 231 227  98  33][252 115  74  44  89   7  90  88  37 232 225  77  83 211   3 208 220 204
 223 230  76   3 217  30 243 253 131 190  43 183 106  19][202 180 173 177 169 109  61 143  59 127 132 189 142  55  74  27 135  87
 253  21  50  76 219 115 205 215  93 247 130  84 135 123][  1 136  90  89 112 184 105  22 189   1 102  16 190 147 128 124   3  62
 112  24  51 152  48 127  15 191  16  65 130 128  75  40][123   0 226 133 111  62 248  66  57 226 246  11 142  58  23 223 238 133
 255 165  12 247 209 200 151 115 218  23 143 108 123 222]