[ 67 174  14 182 168 184 124 167 175 179 139 253 237 234 210 210 167 103
 253  21 214  73 143 247 190 119 255 251 140  70 153  15][108 186 152 250 106 189  25 216 171  61  60  45  62 223  75  26 135  91
 197  80   2  99 154 113 219 213  53  63 210 211  15 155][ 54  64  70 237  28 131  74  72 135 128 210   2  66 200  61  72 120 164
 127 241  10 165  67 221 146 172 131 144  53 187 112   0][ 51 109 134 174  89  22 190 236 189 194 202 199 108 254  55 208 248 237
 255 231 109 131 150 238 176 118 142 155  13 119  59 158][ 41 201  59 111  85 207 227 240  68  96 108   8 243 209  49  52  88 120
  18  74 203 186 120  63 101 140   1  48  83 155  80 168][137 216  55  93  36 158 236  55 252  75 114  84 191  24 180 225 230  35
  62  13 229 188  39 223 167 251 114 128  88 136 233  45][ 90 152 158 184  27 228  17   7 175  21 134  17 174 183  98  90 167  51
 233 144  30  73 146  65 219 247  26  91 128   4 173  75][ 40  32 123 101 116  94  96 104 113 160 230   8  19  19   4 240 184 156
  68  40   8 178 241  12 215 253   0   1  64 160 110 160][104 237 255  94 253 205 119 231 255 158 236   8  62 245  32  52 201 250
 106  72 114 107 242  63 127 255  84  59  82 216 198 170][ 10 187 150 183 162 168  60 151 190 219  90 229 173 162 195 202 167 111
 237  21  23 216 131  96 140 247 126 194 140  85 137  27][221  90 158  37 162  15  55 149  40 122 167 108 215  19   3  27  38  68
 124 122 233 149  57   8 225 227 101  20 232 242 131  49][ 63 123 101  68  91  23 222 248  39 232 185 207  73 207  23 180  62 213
 215 231 205  51  61 252  51  88 141 182 127 183 102 244][222 206 228   9 162  34 171 184 119 110  83 247  73 104 159 204 127 197
  47 239 172 180  13 254  60  46 235 196 247 247  37  69][ 41 167  52  89 253 189 240 175 255  29 252  24 170 184   4 164 137  58
 234   0 182 122  98 215  47 254  16 123 210  72 206 174][147  89 119  93 150 211 190 230 252 192 122 230  61 158 181 164 110 123
 150 217 231 185  52 239  58 104  46 130 109  16 105 189][134 132 134 159 156  34  40 234 150 147 211  18  64 234  57  73 121 110
  59 177  48 213  75 206  28  38 223 196 148 105  48 128][  3 130  99 211  49 248 120  18 189  77  87  17 172 142 158 252 231  59
 191 156 182 156  32 231 143 254 154 195 134 133 231 215][ 74 106 149  23 105 205 169  68 170 189  33   9 236 135  72 158 134 127
 234  81  19  89 186 112  13  16  91 122 194   7 135 233][ 34 173 118  91 221 207 179 231 253  12 254   2 178 245  38   4 104  58
  75  88 114 171 115 255 127  28   7  90  83  10 229 170][229 177 155  82 232  12 125 121 185  89 101  92 158 247 202 159 132 142
 119  14  83  82 218  64 223 249  85 238  74 128 203 241][105  42 132  21 205 189 100 134 227 191 166   8 171  32 211 158 137 230
 238  92  44 122 199  48 142 219  85  49 194 220  90 140][199  44 230 145 236  58 248  66 255 251 210 147 136 172 215 107 239 205
 127 149 164 247 231 194  22  58 219 134 133 117 115 213][ 55 219 100  71 114  30 110 188 105 168 122 198 107 104 157  20  62 236
  21 238 220 184  93 109  46 238 101 132 111 183  74 141][  4 241 187 170 222 193 187 200  14  69  89 139 245 223 104   0 255  91
  19 211  18  18 186  53 221 133 175 109 148  11  37 242][ 36  37 224 199 221 111 238 232 127 162 251  10 202 121  93  16 249 207
 123 243  56 243 217 254  63 254 133 125 231 127  82 130][131 130  63 187  53 172 249  18 255  95 114  53 172 218 174  72 167  43
  38  20 182 188  34 247 135 254  26 194 208 137 133 199][135  42 235 150 230 176 186  66 184 206  80 231  40 204 247  11 238 105
 179 215 132 254 166 224  20  48 234 171 197 245  55 197][144 209  62 172  26 194  25 121 164   4 198 163 247  87  34  65 118 177
  93 225 106 141  33  29 241 161 170 145  48   0  37 123][121  60  18  48  25 189  80 103 239 161 172  76 174 176  70 244 129 170
 232  28 159 107 150  51 154 221  16 123 202  68  75  12][177   4 115 108 100  59 201 121  93 202 241 222  83  72 189 161 254 173
  22  47 237 183  36 142 144 234  99 132 125 234 114 245][248 184  58 120  91 201  81  71 233  21 228  40  46 157  34  16 162 185
 197   0  74  47 178 149 211 209  16 123 114   0  70  42][248  39  30 160 136 109  84 103 164  61 170  25  23 179   0  19 168 150
  76  32  88  11 128  20 241 193  32 125  96  64 174   2][181  20 253 245 164  46 109  57  84 234 223 118 211 117 153 111  93 212
  60  42 185 244 125 136 197 235 231 132 239 251 112 113][104  47 240 126 251 137  23 207 171 164 172 169 175 231  67  22 142 243
 239  82  74  75 202  57 251 212   5  59 242 250 134 235][ 48 225  66 136  93 141  74  73   5   0 232  10  42  11  36  16 248 136
  74 224  74  43  80 221 179 152 130  57  83 138 114 136][ 84 114 184 225 234 172 121  87 162  63 165 153  23 135  74  26  39 157
 237 144  26  95 130   0 223 197  48 237 224 193 175 211][203 190 103  23  50 156  57  51 253  78  86 245 172 140 150 117 167  47
  93  13 229 220 164 239  38  58  58 194  14 132  67 125][ 40  76  59 110 120 109 119 220 111  14 124  40 247 245 169  48 144 122
  70 106   2  33  42  63 227 223  33  56  82 251  70 171][ 33 173 101  67 180 223 230 253  84 104 250  66 241 120 156 165  24   2
  82 111 255 184 125 191  44  14 165 196  93  30 218 172][ 62 244 240 243 165 253 118 150 123 115  61  26 142 255  79 190 173 219
 213 146  31  48 216 242 175 221 149 111 219  95 202 150][ 70 251 148 154  43 192 186 140 142 221   0 167 172 198  98 198 167 115
 235 209  70  73 142 241 136  16 207 235 156   6  45  95][167 244  99  82  95 125 179 216 219  71 181 158  90 220 191  60  61 216
 211 115 163  39  60 247  31  94 129 254 215  47  86 247][ 33 173 101  67 244 255 230 239 126 233 120  64 240 120 156 164 153  10
  18  60 183 184 125 127  47  30 165 100 223  78 210 172][ 59 223  99  76  93  83 198 252  85 234 252 238 106 108 183 164  92 224
 134 110 237 187  61 191  58  94 133 150 127 190 120 253][151   6 103  69 102  62 235  56 120 234  83 214  81  12 157 175 126 204
  22 239 229 244  37 206   4  42 235 132 111 247 113 245][ 36 165 132 143 221 111 174 232  30 178 233  10  96 232 120   0 249 206
 106 243 122  99 219 255  61   6 207 125 145 123 240 130][ 90 115 113  97  43  89  89  24 237 108 191 236 175  31 134 240 166 149
 221  96 143   1 245 145 147 249  32 187  46 134  14 119][238   3 246  30 237 120 255  64 233 222 183 185 106 236 255 223 160 231
 237  70 228 103 174 224  82 123  84 155 194 247 110  79][ 25 175  79 115 144 171  97  19 116  49 107 212 243   1 136 112 120 174
  98  24  27 184  69  37  76 162  48  64 233 203 192 160][ 50 178 103 117  18  79  80 127  55 233 242 247  51  61   4  49 253 156
  53 181 188 252 113 159 203 222  49 198 233 140 246 255][223  94  69 161 160 126 109  55  53 123 158 244 155  39 145 255 111 135
 221 175 189 156 101 162 164 251 250 132 174 213 180 121][122 112 116 200 109  93  89  80 139 125 181  13  14 157  86 158 142 149
 255  85 143  39 242 208 147  88   0 187  95 142  94  95][109 123 147   0 121 187 162 200 238 168 186 236 206 192 193 134   8 100
 202 119   1  35 202  24 156  20  37 127 202  63  11 149][210  52 159 240 168 172  25  91 187 187 176 121 159 191  64  27 167 151
 125  16  59  79 195  82 217 218 123 254 128 192  35  27][147 110 239 229 102   2 236  84 112 194 210 246  81  42 149  43  62 237
  53 239 233 212 133  74 116  42 254 128  45 241 123 153][223  91  95 172  42  82  63 248 169 196 246 175  79 198 163 215 246 245
 253 230 237 135 167 204 178 227 111 139  39 183  47  85][184  33  96 225  85 141  74  96  73  32 189  10  27  27  28  16 248 136
  23 232 218  50  80 157 247 217 128 124 115 138  82 130][ 38 250 176 146 203 245 144 200 139 125 144  47  12 220 111  10 141  19
 219  83  22  71 250 241  31  16  31 255 209  31 159 215][139 151  79 175 244   2 239 253  20  78  93 247 113 103 186 225  94 202
  23 175 249 150 109 111 100  47 238 128  61 246 176 249][ 97 121 157 101   4  79 101  54 100 224 226  72 179  17  17  50 136 100
 104 104 201 184 241   8 165 216  69  16  72 184  66  40][237 121 254 102 236  14 127 188 233 250 183  40  91 127 223  59 190 213
 125 106 224  99 171 104 246 251 101 140  69 243 194 243][114  28 101 221 117 250 112  35  93  43 243 247 170  60  20 240 237 191
 191 128 185 252  81 207 143  62 210 210 191 140 112  31][112 107 210 102  41   8  86 101 233 138 224 109  46 194  69 146 176 252
 228  66  76 163 130  42 178 244   5  59 104  50 106  15][  1  89  19  94 114 134 167 112 188 136 114 228 112 215 165  52 126 121
   2 202 193 179  48 110  52 172  34  10  73 179  35 185][199 247 205  55 170  56  60 191 186 250  27 253 221 110 207 123 167  87
 253  39 245  69 175  98 174  51 127 182 140 244 139  85][161 145  53 219 125 141 193  61  71  89 245  92 178 217  60 101 200  10
   2  28 219  42 115 149  77 152 144 120  90  10 208 172][223  93 106 198  52  22  79  80 161 206 158 167 105  79 183 229 126 229
 157 239 237 135  36 238 243 121 171 128  39 183 116 117][166   8   6 186  77 133 234  64 157   0  81   2 172 202  49  73 200 168
  51  67   0 167  82 240  21 241 202   8  16  41 112 130][ 44 160 212  65 213  89  96 141 107  53  37   8 202   1  78 158 145  12
 226  56  22 120 203  16  15 215  21 119 194  14 206 134][252 121 111  97 164  79 127 184  37 232 254 238  83  93 145  49  62 244
 125 126 137 176 121  44 255 233 165 212 103 187  86 113][ 91 169 138 176 211 253  50 199  51  65 202  15  12 236 114 144 177 171
 194 149  22  27 146 115 251   5  13 111 233  70 171 210][ 66  50  61  65  96 238  57  83  41  45 246 104 158  23 132  63 142 189
 125 152  25 218 241  64 149 248 122 130 192   0  39 249][114  28 239 101  18 102  89  59 117 234 242 119 114  60  20 114 245 245
 125 161 169 221 209  78 219  46 249 146 173  96 116 123][134  50 188 179 234 241 185  20 154  95  17 189 156 158  78  43 135  27
 255  17 182  70 250 224  71  19 122 251 212  69 135 211][ 45 245 125 103 116  14 111 184 117 168 127  96 243 115 153 116  30  76
  86 106 233 240 121  46 111 190  37 132  98 179  66 161][104  99  81 101 112  10 107  56  97 168 127 168 251   3 137 180  30 156
 196 234 200 176  65  12 230 253  32   0  98 162  70 169][250  73 110 180 237  80 220 103 169 214 150 171  11  44  87  27 234 181
 253 165 108  79 166 200 211 241 206 155  39 116 126  94][ 32 249  57  74 213 205 231 247 107   1 108   8  50 215  68  48 152  58
  82  88  83  42 120  55 125 156   4 120  81   2 198 186][173 176  44  90 125 215 219 248  87 220 213 175 120 221 187 165 220  56
 151 126 175 103  58 189  91  91 225 255  95 173 124 247][176   2 107 237  22  66 107  88 117 140 246 162  83 199 184  64 122 188
  15 168 168 183  37 142 210 175 162 132  53 168 116 241][217 148 185 101  61 127 209  63 126 233 190  56 223  57 210 164  23  20
 236  40 189  56 241 159 239 255  33 117 210 232 207 107][222 185 117  51 163 217 126 224 187 247 179 191  78  94  78 159 167 215
 253 211 127 125 187 247 159 218  93 247 103   5 135  87][146 223 102 156  18 130 190 230 189   5 218 167  41 238  55  65 110 251
 151 197 236 155   6 239  50 102 218 131  37 148  45 217][253  20 244 225 237  62  84  27 113 250 183  28  95  57  75 187 221 213
 252  34 189 230 211 130 215 251  81  30 235 125 234 131][ 20  48 155 228  32 111 113  17  56 207 115  29 151 247   1  24 150 189
  85  32   9 148 112  10 197 231  97  32 224  96   7 115][167  96 232 209 238  57 232 216  91 243  49 222  25 200 223 170  63 201
  23 159 135 118 238 210  14  30 253 172 237 253  91 213][252 235 241 122 203 249  22 206 171 180 168  40  46 245  77 150 163 123
 232  80  18 107 234 113 191 208   5 127 242  81 135 106][ 57 189  97  41 188 239 195 250  86  97 120 204 179  53 144  32  31  90
  87 109 155  56 125  63 237 204  33 244 117 203 199 241][ 43  96  70  69  77 157 232  69 109  97 102  78  42 136  86 148 104 172
 226 204 199 178 215 193  22  24 128  34 107 140  90 140][ 36 201 149 251 236 109 135 236  78  50 169  72 246 117  73 106 153  82
 106  74   3  98 107  49 229 150  87  60 208 123 213 168][214 138 221 189  42  42  40 139 190 179 146  82 213 234  81  75 231 245
 127 145  32  69 203 195 156 178 251 148 132  97  33  33][117 201 107  78  20 214 207 240  68  64 239   2 115 220 183 100 120 232
  18 238 201 163  60  61 113 173 131   8 117 187 112 108][108 113 240  98 237  29 210 216 107 184 181   8 206 217  93  58 153 204
 127 122 202  99 251 176 223 221  69 126 195 187  82   7][165 106 212  67 101  31 234 216 123 250 115  92 203  72 223 191 219  76
 118 126 229 246 221 226  14  30  69 100 207 191  90 132][ 14 255  62 178 249 213 182 242 187 220  29 109  44 222 102   2 165 123
 215  83 246  75 154 247 123  83  47 235 136 119 175 215][202 214  28 249 170 162  60 183 188  27 150 240 204  55 128  75 135  23
 253   0 240 205   3 247 194 243 126 211 150 208 141  57][173 118 168  51  45  61 240 210 126 255 241  63 130 152  95  42 205  77
 215  21 174 244 253 130 198  95  58 183 205 125  91 199][194 176 178 184  75 228 176  71 191  27  64  49 172 158  96  72 167  59
 251 145  50  77 146 195 157  86  90 107 144  68 167 219][ 36 235 122 218 228 153 246 198 207  20 120   0 172 200 117   9 139 107
   3  91 198  58 138 241  38  24   7  47  85 219 235 140][117  55 238 101 176  46  79  57  96 236 191 236  83  45 219  50  23 196
 124  62 217 227 237  10 250 237  37 148 237 227 210 113][ 37 191  57  59 244 249 183 148 238  77 121  45 246 252 206   0 141  75
 198  83 151  40 106  53 238 213  54 251 216  91 223 211][ 70  84 181 158  79 100 184 138 155  59  25 255 124 254 109  74 167  87
 179 131 163  71 154 211  21  54 219 174 157 113  37  51][127 176 254 146  91 221 121 216 171 253 183 175 204 223  78 190 126 157
 255 246 135  67 254 213 223 115 235 255 175  39  15 247][120 251 156 118 184 201  84 191 163 189 174 104 231 243 200  82 129 214
 236  16  90  73 203  53 250 247 117 127 224  18 142  11][141 179  27 185 234 165  45 219 190  88  90  68 157 215 233 233 183  11
  54 222 195  80 171  81 132 153  47 236 152 208 161 177][202  75 190 254 232 192  63 215 188 142 118 161 173 167 163  91 230 115
 239 192  98 205 162 107 119 183 254 137 144 240 167 121][169  89 115  77 117 223 227  48 100  96 118  72 155  21 149 164  56  60
  22 106 201 188 113  28  39 233  32   0 107 139  64 184][253  49 249 235 250  23  91 216  87 184 245  74 127  27  73 176 223 221
  86 250 155 114 251  63 223 201  33  60 243 139  98 169][ 38 137 150 158 205 197 150 193 158  17 201   2 164 250  97  72 201 122
 171  17  18  43  26 241  25  22 223  43 144 106 180 138][ 72  48  57  81  32 252  57  19  44  61 119  16 159  23 196 184 198  63
 252  24  27 216 241  64 199 249 122 192 128 128 135 121][ 33 189 117  67 180 255 166 255  92 104 123  96 243 120 148 165 153  34
  86 107 245 184 125  63  45  78  39  68  93 202 219 173][142 112 188 179 235 125 184 152 154 119  17 183 220 222  79  11 135  91
 251 151 182  68 255 226 207  83  95 255 148  85 135 211][ 66 148 199 223 117 168 168  34 189   9 122 240 172  58 140 220 199  63
 191   1 179 188  64 231   4  54  26 194 140  13 209 181][194 186 174 156  10 144 153  40 142 220   5 231 236 206 246  70  70  53
 251 149 134  79 174 209   8  34 235 235  20  36  53 117][199 158 237 179 164  60 111 182 189 127  31  84 223  54 155 127 231 199
  93  15 253  92 125 226 175 251 254 194 166 245 209 125][  2 154  55 216 245 244 184 198 191  89  82 113 140 222  36 248 167  27
 191  21 182 141   2 215  15  62 154 203 146   4 165 151][165  76  97  78  93  71 199 104  84 192 229  10 114 217  53  37  88 232
  18 238 233 167 126  30 115   8 129  56  91 187 114 228][135 122 109 154 108 205 139 184 206 220 149 238 240 204 255  39  78 113
 127 239 195 101 110 125 101  24 171 188  28 187  21 245][241 249  82 110 107 216 150 200 235  24 241 104  62 222 109 179 238 249
 236  66  79  35 138 113 147 249  66  63  89  51  43 143][ 53 217  69   7 118  14 234 184 105 232 114 238 113  64 157 180  62 236
  20 239 205 176  29  77  36  40 161 132 109 163  82  21][ 32 189 181  94 249 205 181 231 251  63 172   8  46 245  68 182 137 122
 234  16  50 107 242 119  63 246  85 123 210  88 199 171][195 129 191 181 131 196 189 135 174  81  66  17 156 182   2 106 162  87
 121 145  23 217 147  96 233  39 222  67 136  80 161  90][103  53  93  66 248 108 107 216 169 252 189  76  82 231 205  63 142 196
  70 126  17  99 250  96  31 152  65 108 201 227  66 245][ 74 188 156 186 251 233  85 239 187  63 172  57 174 183  66  90 131 187
 237  16  58  75 194 115 251 247  84 123 146  64 135  75][ 34 173  55  90 253 221 167 239 223  12 252  10 168 216 164 100 200  58
  74  80 114  43 106 255  61  60   6 122  83  14 229 174][185   4 115 229 166  62 237 119 116 107 246  82  27  60 190 105 127 142
  22 173 185 183 101 142 240 235 114 132 231 232 225 225][ 25 221  59  60 150 151 174 247 252  64 250  70 185 152  53 224 238 171
  22 197 197 185  52 239  50 111  14   0  77 152 233 157][247 107 239  68 204  18 236 240 233 242 176 207  81  40 215  59  46 197
 119 239 205 118 238 200  54   8 229 172 109 251 114 196][115 109   7 174  93  86 190 236 189 192 202   7 236 254  51 208 248 237
 251 231 109 195 219 239 177 119 142  27   8 119  59 222][118  36 226 238 221 111 214 200  87 170 185  10  74 249 125  24 249 206
 127 179  40  99 203 250 187 222 133  63 211 123 118 130][ 33 253  49  75 213 205 231 247  95 105 104  72  58  24  52 180 152  10
  18  88 211 184  56 127  45 156   4  98  91  10 194 172][133  62 255 247 160  42 235  19 120 202  91 244 221  42 209  43  55 111
  53 159 177 212 165 106 204 190 127 128 140 225   3 177][ 72 156  39 181 117 234 169  55 168 227 122 241 189  61  16 242  35  55
 249 129  49 216 209 207  77 119 250 128 207  68 215  56][ 28 187 218 179 242 173 120 146 178  61  39 157 151 139  74  24 167 155
 229  80  30  88 154  49 223 193  56 101 160 129  15 131][ 75  22 122  31 226 240 189  55 125  79  95 181 188 254 182 124  54  47
 183   5 181 152  38 207  70  63  58 130  47 196 173  93][  0 158  55 152 112 236 185 150 188  89 122 117 188 255  36  72 167  27
  63  21 179 189   2  87  77  54  58 200 208   1  37 243][ 32 166 180  89 249 253 176   7 255  61  61  24 174 168  70 156 137  27
 234  17  54 120 226  87  15 214  22 123 210  72 207 142][132 132 134 157 156  35  40 203 150 179 211  18 192 234 121  75 121 110
  59 177  48 245  75 222  28  34 223  68 148 105  48 128][176 193   8 238  92  13 207 237 143  32 177  10 115  73  60  16 216 128
  95  99  74  39  90 181 243 153 128  60  81 154 208  10][ 11  54 236 129 211 116 169  31  38  85  79 151 153  38 218 106 101  15
 179 157 151 152 247 192  77  37 186 197 175  68 189 240][165 161  61 235  60 189 194  25  78 121 185  92 211  88 156 161 216   0
  94  62 159  32 121  21 143 217  33 124  88  11 208 161][ 16  52 155 160 176 111  81  87  56  75 126  25 151 151  32  88 182  29
  21  56  25 152  16   2 193 213  50  64 224 192 135  51][125  21 252 101 164  62  93  63  97 235 255  20 211  53 155 122  85 214
 125  40 153 240 241  10 239 255 117 148 235 250 208  49][ 72 133  24 250 219 233 115  43 175  21 173  25 190 243  10  80 163  19
  75  16  18  11  26 119 223 245  18 123 176  64 167  34][ 60 232  17 235  86 197 171 200  22   0 104  74  29 215 105 128 120  89
  19 250  67  54  24  55 237 197 175 108  49  27  35 160][ 59 125  98 100 221  23 206 255   1 200 188  79 107 111 149 180 220 244
 215 239 205 163  89 222 187 220 141 190 127 246 250 158][129 220 183  95  37 252 189  54 253  75 122  80 188 190 164 228 229  51
  62   8 227 172  50 247   7 254  82   2  90  80 225  45][222 250 102 144 235 209 189 227 187 246 150 187  12 206 215 159 175 177
 255 145 246  79 174 215 154  82 207 239   7  36  47 119][  5 117 125  71  52  14 111 184 109 168 126  64 211 115 157 116  94  84
 108 106 201 176 121  44 239 191 101   4  66 179  66 161][ 56 215 104 171 182   3 191 254  20  44  92 231 113  45 154   0  63  90
  23 239 242 184  77  63 110 143 173 228 117 154 221 249][ 65 121 183 101  37 207  97   6 236 168 122   8 182  17   1  50 128 116
 108  72  65 184 241  40 197 184  48  16  64  56  71  42][175 135 109 175 180  54 239 187  20  78  95 214 241 101 186  97  95  70
  23 175 249 144 109  31 100  47 239 132  61 230 240 241][205 123 211   4 123  26  38  80 232 128 170 236 173 130 193 214  54 101
 202 254   1 131 196  72  52 100  39  24 238 183  43 189][232 156   5 245  85 175 161  55  60 171 242 250  58  61   4 144 237 183
 255 129 169 191  81 223  93  47 250 208  77  12 113  59][130 187  18 153 114 128 184  71 174   5  82 247 172 130 162 192 230  43
 139 149  22 153   6  83 148  36  58 194  12   4 169 157][159 123 134   1 123 191 162  88 235 232  30 236 232 192 199 182  38 108
 236 126 133 209 175 232  62  81  37 171 239 183  11 157][106 170 170  48 121 253  81  87 243 125 164  29  46 137  82  20 129 170
 204  20 158 111 226  19 219  87  16 123 234 140 222  95][ 86 134 158 184 186 224  48 203 183  25 217 243  13 247  42  88 247 155
 239 145  54  75 139 247 216 231  58 239 180  69 175 131][ 57  97 123 108  93 203  67  88  97 140 245   8 115 217  29  48  88 168
  68 106  72 178 226  28  83 201  33  24  99 170  86 162][ 71 175 142 182 184 185  58 162 175 153 139 237 237 234  90 210 167 103
 253  71 150  75 138 247 222 119 171 249 140  71  27  15][ 90 185 154 188  27 204  48   7 171  29 166  29 174 183  66 210 166  55
 233  16  22  73 146  97 219 245  30  75 138   4 175  27][125 125 107 229 116  78  79 176  37 232 254  72 115  85 145  49 124 244
  85 110 201 178 241  44 247 233 165 128 103 251  82 121][ 92  36 155 240 147 237  81  66 191  63 165  25  30 147 104  88 177 157
  77  16  58   7 144  82 219 215  18 127 128  65  39  98][ 80 156 222 126 178 194  55 111  48   3 234 162 124 247 160 112 115 255
 172 160  49 155 133 111 248 167  62 195 225  96 167  43][ 41 207   1 137  84 159 238 189  85 104 120  78 179   8 180 164  88 138
  22 111 207 186  85 191  36  28 164 112  95 158 216 140][104 224 196  22 237 217  68  79 227 245 172 157 171 168  78 158 201 166
 234  12  14 107 246 129 158 213  84  59 194  94 222 206][109 161 150  50 169  24  68  41 235  23 175  24 206 227  74 158 217 134
 236  40  94  99 202   5 154 243  81 125 194 142 202   4][ 87  94 225   5  50  34 235 184 119 238 222 231  73 106 159 196 127 204
  45 175 169 176  77 222  60  46 171 196 239 247 120  85][ 52 205 121 111 184 203  71 252 116 236 253  40 115 119 137  48  94 254
  68 234  73 162 105  63 241 175  37  24 113 179 198 233][216 251  30 179 137 204  70 246 180  63 130 125 175 131  66 219 161 199
 236  66  91  77 211  49 177 225 118 115  40  17 175  11][ 87 155 151 150 186 218  59 184 191 253 150 229 204 230 170 198 183 101
 252 103 229 201 191 109 184  54 111 214 142 167  37 117][ 32 237 104 248 204 233 230 231 200  23 104 139 163 233 116   2 233 234
  67 145 114  58 198  51 125 133  22 105 213  88 223 138][ 51 141  98 143 212 147 234 255  87  65 222 199 104 236 182 224 120 170
  31 253 191 187 109 255  62  46 143 208 191 142 248 220][195  44 166 145 236 184 248  67 255 251 210  19 140 172 215 107 239 175
 127 149 180 255 231 194 156  26 219 230 133 108 115 197][ 70 219  87  74 107 208  28 232 171  24 161 232 236 214 236 246 230 185
 238 194  71   3 138 241 145 176 203 255  16  19  39 189][ 59 223 102  28 183 215 158 253  95 232 220 239 104 252 182 165 222 234
 150 237 239 187  61 255  58  95 141 215  95 174 216 221][200 188 149 177 168 173 185  23  62  59  82 112 188 183  64  89 135  63
 127  17  51 220 211  83 205 182 126 192 136  64 133  59][ 60  65  80 103  85  91  99  56 101 164 239 136 219   1 155 180 122 156
 198 234  72 178 125 140 103 237   1   5 103 163 110 160][223  91 110 172 106  82  63 120 169 206 214 171  77 206 131 247 118 245
 253 231 228 199 167 200 242 227 239 143  39 182  39 117][251  50 113 105  43 125  89  17 233 108 190 253 159  31 150 244 166 149
 221 161 205   7 245 210 215 249  32 186 110 132  78 117][ 48   2 107 236 116 162 107  90  52 196 226 226  83 199 184  64 124 188
   3 172 168 183 101  14  80 174 162   4  53 168 116 240][100 197 149 198 205  77 134 204  79  51 168  74 198 240  73 166 153 214
 106 106  67  99 219 241 189  22  69 126 210 123 131 172][ 23  46 234 163 246 162 170  81  30 143  91 247 221 200 247   8 127  45
  23 159 148 148  12 202  12  13 175 192 173 231  49 193][  3 138 206 157  18 146 168  55 190 193  78 231 173 162 178 198 102 111
 187 149 132 216 133 109  12  39 254 129 172 164 185 221][110  48 230 118 109 120 211 216 169 214 181 189 107 253 127 191 170 240
 253  99 140 103 190 224  83 121 192 155 199 239  94 118][253 106 100  55  45  31 238 220 251 248 178  77 203 200 223 187 216 228
 110 111 236 247 207 168 182 217 101  52  73  61  91 140][ 44 236  53 110  56 111 103 252 251  46 189  40 247 119 137  48 145  90
  76 106  99  33  41  63 227 222  37  60  82 243  71 169][100 251 152  54 120 200  18 184 170 253 178 237 230 230 203  18 150 253
 236  66 207  67 203  41 254 247 101 187  72  35  15  27][116 165 132 158 221 103 198 232 151 187 185  10  66 248 125  16 217 202
 123 115  58  99 203 255  57  30 143 127 209 123 246 130][125 125 248 100 253  30  95 182 105 234 190   8  91  59  21  50 158 244
 220 106 205 179 249 168 255 253  37  16  99 243 194  35][250 118 120 104 109 125 221  87 137 110 180 125 142 157 214 180 142 145
 223   1 207  39 240 210 147 217  32 187  79 156 222  87][209 120 146  50  47 137 178  72 238   9 241 104 190 216  75  58 162  57
 110  83   7 103 130  97 144 212  48  59  72  27  11 143][ 79 127 229  71 170  62 191 156  58 250  31 237 221 126 223 190 151  87
 253 111 229  80 255 234 238 127 111 182 142 247 131 125][ 66 129  25 186 202 233 176 200 142  21 137  43 164 218 108   8 234  19
  75  81  18  11 218 245 157   0  26 123 208  11 167 138][ 19  31 238 166  18 134 207  54 160 132 154 199 121  42 149  80 126 231
  29 207 137 139  21 110 184  47 174 128 173 163  35  24][ 93  32 215 102   1  42  98  80 117 130 243   0  79 226  41 120 186 237
 110 186   8 247 169  74 146 239   3   0 225 163  99  32][ 57  63 110 119  51 243  83  58 119 237 255 172  91  53 130 189  30 238
 244 140 157 218 125 189 219 239 113 209 239 133 222  87][ 74 206 190 220 233 132  61 247 191  31 228 133 172 231  34  82 199 123
 235 204  98  79 178 235 119 183 222 137  18 212 167 251][ 57 157  65  99 181 239  75 190  87 105 250 200 255  53 144 164  29 222
  92 108 155 184  89  63 173 222  33 116 122 207   0 184][129 156 183  94  49 236 177 182 252  91 110  80 188 191  37 111 165 115
  58   8 163 237  50 239 133 254  82  10 218  64  97  59][ 32 189 190  94 249 205 181 231 254  29 236  40 174 243 100  16 137  59
 234   0  82 107 242 117 123 247  20 123 209  72 199 171][218 106 230 252  42  82 188  84 185 238 214 227 205 142 151 191 110 245
 255 231 236 199 167 200 242 251 239 187  39 180  47  93][ 74 189 156 186 251 233  49 199 187  29 172  57  44 247  66  26 167 187
 235  16  18  75 138 119 255 215  84 123 146  68 143 203][ 45 113 123  78  93  87 195 248  65 228 237  12  82 220  55 180  92 236
 130 106 205  51 120  28 115  93   1  60  91 187 122 246][101 105 121  69  52  78 111 184 101 168 254   8 211 115 157  52  26 196
 108 106 201 176 249  12 239 190  37  20  66 179  70  32][ 55 167 104 169 252  35 203 187  86 125 156 255 193 108 222   0  93 138
  23 253 158  34  77 151 108  13 173 252 245 143 216 208][236 162 172  95 237 113 212 143 211 191 181  56  66 248  94  43 201 198
 226  17 158 102 235 128  79 123 213 127 211 125 222 134][222 240 184 179 203 109 189 216  26 243 149 159 221 223  91  43 183 221
 251 247 242  69 187 226 223  91 223 252 135 119 135 242][106 178 225  80 105 221 113  83 187 253  52 189  42 157 222 188 143 186
 215  20 154 111 242 209  95  88  17 251  71 140  86 255][  5  38  45 163 188 175 235 154 142 249 157  71 213   9 219  34  79   3
  95  61 147  33 109 180 205 221 175 244 156 203  17 225][ 75 146 231  69  34  82  57  57  60 238 199 229 217 118 150 118  54  21
 253 172 133 217 181 207 222 127 107 132  14 164  37 125][ 92 188 152 240 211 225  49 198 191  53 172  57  14 183  99  88 227 155
 203 144  58  15   0  86 217 199  26 127 176  65 167  34][101 116 117  64 124  45 235 248 232 240  56  76 210 204 221  51  31 196
  70 126 145 118 214  68  93  24  33 124 201 171  66 176][ 59 205  55 190 189 209 134 231 221  72 216   2 238 252  52 228 232 251
 254  67 125 171  98 255 177 118 142  59  84  62 253 238][ 57 215 104  33  54  15 239 254  20 100  94 231 113  45 154   0  63 202
  23 239 232 184  29  63 110 207 165 196 127 154  88 217][  0 157  19 185 211 228 177 119  60  73  72  86 188 183  32 196 231  59
  51 136  51 152  18  87  77  38  26  66 152   0 161 187][120 125 250 102 244 158  95 246  97 168 126   8 123  57  21  48 156 238
  85  72 216 186 240  44 119 253  36  32  99 250 194  42][173 141 237 253 188  54 239 187  22 127  95 214 209 101 146  99  93  70
  61 175 185 216 125  31 102 111 239 132 191 232 240 113][ 11  55 227  31 231 248 185  91 125  71  95 247 108 236 190 236  55  59
 183 141 147 152  62 195  22  62  26 202 135 198 183 245][165  77 127  71 212 110 103 148 116   2 127   2  83  81 153 121 120 238
  38 106 249 176 125  44 103 171 228   0 101 251 192 160][111 183 124  33 186  31  30 184  11 248 156 237 223 125 203  52 151 125
 253 117 205  66 239 156 238 221  37 254 142 182  10  87][ 95  55 189 101 186  31  30 187  43 232  30 237 254 124 223 182 150  85
 253 117 197  80 245 136 174  95  45 182 206 246  11 117][216 189  25 178 147 204  19 180 180   1 163  25 191  23  64  81 167 147
  89 210 122  11  24 119 249 197  30  90 160   2 167 123][127 165 208 132 221  31  70 235  91 163 184  10  78 248  76 180 153 207
 236  49 127  99 217 210 187 222   5 127 219 110 218   6][119 109   6 174  29 214  94 236 189 200 202   1 238 254  51 208 248 237
 255 231 109 195 219 238 179 246 207  27  10 119  58  94][230 241  49 168 120 133 158 204 139   8 176 105 174 222 109   0 222  81
  95 115 194  35  74 243 185 212  15 254  16  27   3 155][ 32  30 190 254 236 224  49   3 220  31 254  48 182 255 162  75 195  50
 174   0  50 168  99  55 198 183 114 203 208  73 108 171][ 39 174 224  81 223 185 170 199  91 229  60 222   8 136 214 180  25 170
 210 157 151 122 228 242  46  92 149 255 223  76 218 228][153  20 252 241 182  58 253 151 117 115 246 178 219  63 154 111 127 158
  22 168 248 254 101 130 246 235 246 132 231 216 225 233][ 35  55  17  72 253 191 132  79  95  75 248 124 136 248 188 172 217  42
 130  33 181 170 118 222   6  30  17 123 219  76 218 148][ 88  26 158 116  51 140  49  83 172 140 118 101  46 151  33  88 166  53
 237   0   0 217   2 104 211 231 114 131  98   0  47  27][148 178 127 194 234 107 179 216 139 183 181 251  77  77 204  27  47 213
 199 114 176 119  44 212  90 129 101 247 231 171 135 227][180 197 105 238 188  79 207 249  85  42 185  26  83  89  56  65 216 192
  29 106 107  39 121 191 241 249 165 124 113 186 208  34][ 80 142  94 127  18 194  59 106  52   1 251 226 105 103 160 112 126 253
 172 160  40 155  77 111 216 167 186 193  53 131  36  41][141 164 113 123  52 191 107 216 118   9 125  80 255 195 248 161  95 120
   6 122 179 180  41  63 207 217  35 192 250 139  65 161][ 10 156   6 255  53 248 184  55 189  75  95 176 174 183  48 197 130  59
 183   9  49 152  18 239 135 243  90  67  10 204 141 188][  8  57  59 113  97 220 121  23 172  29 119  16 191 151  64 189 196  59
 255  24  18 216 242 193 199 217  58  65 194 128 135 243][125  17 249  69 180  14  79  17 115 237 255  20 211  53 221 124  86 220
  60  60 153 176 253 194 239 254  37 212 230 234 208  97][157 181 183 243 178  38 191 191  56 251  91 116 221 119 200  35 183  87
 125 187 241 220 185 102 233 207 127 196 140 243 163  49][  9 180 173 163 211 244 185  27  38 125  79 151 153  23 218 107 101  30
 187 157 151 152 255 144  79  97 186 197 163  68 165 243][ 37 167 136  19 244 189 234  19  95 169 121  76 147 104 222 168 217  42
  22  29 150 184  76  54  46  29 181 224 204 202 218 133][ 21 157 117  79 180 255 230 181  68 232 123 102 243 120 156 164  58 114
 102 107 253 184 125  63  45 207  37  80 125 202 209  61][146  79  70 159  18 146 174 214 188 132 210 231  41 238 183 197 110 227
 151 199 164 137   4 239  34  98 170 130  15 245  53 221][138 155 179 191 165 220 188 119 185  77  95  81 172 191  32 196 164  63
 189  13 113 217 146 231 131 247  90 195   2   4 167 235][155 219 101 253  38  95 237  53  76 122  18 230 253  92 144 229  38  49
  63 239 225 188 125 253 165  75 239 192  63 176 145 121][ 11 149  34 158 213 149 236 119  85  73 220  71 168 232  58 228 220 171
  18 141 223 170  87 255  46 124 150  72  95 142 248 156][ 59 111  82  44  51  26  22  96  41 140 244 239  46   0 135 149 190 237
 196 103 108 187   4 237 178 113  36 131 107 182  42  13][ 89  91 111  69  98  26 111  48 224 200  94 230 121 125 145  51  54 116
 117 238 193 144 165  76 102  41 101 128 111 178  66 121][234 176 244  80 105 253 184 130 171 127  53  56 136 158  78 191 133 147
 247 144  23  94 242 209  31  89 216 239 202 132  78 151][ 66 183  29 173 186   2  47 191  62  77 219 245 245 102 136  80 119 151
 109 165 211 152 207  87 172  38 190 196   8 194 163  17][ 26 145 255 117 146  70 121  55  53 109  86  23  59  63  20 120 183 159
 181 133 249 220  49 207 219 239 248 194 167 128 164 123][126 179 168  50 201 253  83  17 163 253 189  61 106 252  78 190 141 182
 253  18 158 107 250  49 223  85  65 251 227  15 222  87][114 161 250 106 219 209 144  73 171   5 253 171  76 223  78  16 122 155
 199 176  30  35 206 213 123 197   3 111 101   2 174 130][215  89 101 142  44 197 207 248 205 120 145 238 243  76 157  39 110 225
  95 239 201   7 110 253 176  24 239 184  29 191  17 125][236 117 149  94 184 111  71 156 255  58 189 120 254 117 141  55 145  86
 110 106  97 101 121 127 167 186 101  20  82 243 199  49][125  93 123 101 100  78 111 112  41 232 126 106  91  55 145  53  62 252
  87 106 201 176 177 204 247 169  37 128 103 251  70 251][ 89  87 111  76  50  82 127  49 100  76  95 230 121 119 178 115  54 180
  61 238 193 153  37  77 114  41  98 128  47 162  33 121][213 123 146  42  42 141 186  72 235   8 177 104 175 218 237 186 238 185
 206 195 206  39 138  81 144 240  43 190  80  51  43 133][ 37 175  72 131 252 187 202  51  86  45 249 239 131  40 150   0  93 138
   7  29 158 186  77 158 110  13 165 241 245 206 216 196][ 34 171 180  81 249 253 176   7 255  61  49  25 142 168  70 156 137  27
 234  17  54 120 226 243  15  86  18 123 210  76 207 199][219 107 234   4 123 144 190 204 235 140 156 175  40 200 215 182 182 101
 204 247 230  67 164 232  50 121  47 187  71 182  43 205][134  44 134 157 156  34 168  11 158 179 210  18 200 226 113  75 105 110
 106 145  48 253 195 212 140 178 223 212 148 104 176 128][ 69 188 252 243 228 172 127 177 186 219  63  20 255 254 223 123 151 115
 125  30 247  68 186  99 239 255 127 172 132 243 211 115][187 221 102  15  63 151 158 125  95  96  94 199 104 220 182 164 222  43
 179 229 207 184 127 253  34  91 137 211  95 142 152 221][114 175  66  22  91 249  58 225 171 181 169 173 168 231  76 150 171 251
 201 130  26  75 202 119 158 212   9 251  33  71  15 202][189 253 125  97 166  91 215 200 207 250 183  58  83  92 223 171  51  84
 221 115 253 117  45 148 187 203 101 247 229 127 214 103][ 13  25 254 103 164 110 127  17 101 170 127   0 243 119 147 106 118 118
 125  42 153 240 121   8 199 255  99 128 238 235  64  51][ 98 241 177 168 249 141 158 109 139 232 184 105  14 220 108  18 158 241
 223 119 214  99 202 218 187  84  13 190  80  62 135 211][116  38 240 239 253 107 214 200 127 174 249  42 202 121  77  16 249 221
 239  99  40 243 201 202 191 254 135  63 199 123 118 131][ 79 175   2 188 124 168 106  42 175  25  91 237 236 234 242 210 167  47
 126  21 151  75 142 247 156  52 171 238 140 101  59   5][253 106  44  37  45  31 198 244 225 190 182  77 235 200  87 155 200 228
 108 111 204 231 207 168 242 217 101 177  75 188  90  79][ 49 205 113 111 188 203  71 248 116  64 248   8 115 117 160  48  88 250
  70 234  73 186 109  63 109 174  37  16 113 186 198 168][220 184  26 176 179 141  88 195 190  25   0 125 143 219  64 153 183 137
 221  21  62  93 130 115 152 195  59 239 184   5 171  19][ 41 175  98   9 116 191 234 114  77  76 124 204 163   8 150 164  88 170
   6 109 143 186 100 191  38  92  32 224  79 143  90 204][  0  29 191 126 155 228 181  35 188   3 239   0 252 247  33  99 227 115
 251 128  51 169  50 125 227 183  82  11 208  96 165  58][ 25 145  63 227 180 102  89  63 119  93  87  22  89  31  28 105 245 159
  53 156 155 216 113 197 207 251 242 196 167 128 228 115][105 105 113  69 116  79 103  56 117 232 127  72 211  49 149 180  24 252
 110 106 201 176 125  14 103 188  33   4 107 186  66  32][  2 186 180  19 249 249 176  71 191  61 112  61 172 140  70 140 163  27
 234  17  22 120 226 245  15  22  18 107 210  12 143 215][120 107 128 164  45  29  86 230 133 174 154 205 175 137  83 154 200 228
 237  71 204  35 195 168 210 209 101 187  78 253  90  79][223 122 235 103  34  90  95  16  49 206 119 231 123  31 151  58  54 253
 245 199 237 212 165 234 210 239 104 131 111 247 102 113][ 51 123  78  12 115  18 184 113  41 204 244 239  40  10 183 149 126 165
 198 229 204 155  36 205  50 112 170 131 111 164  42 221][255 221 101 174 108  19  78 248  65  98 153 206 123  92 149 181 126 193
  93 239 205   3 125 189 176 200 237 188  61 191  80 124][170 159 158 186 185 180  20 231 157  95 236 245 204 238  46 205 197  51
 171   4  62 203  18 247 170 243 222  75 154  68 173  95][ 57 114  89  45 114  95 113  80  41 104 119 237  31  23 130 148  54 156
 196  68 133 176 241  12 214 225  32 146 106 135  15 211][ 66 189 156  58 249 233  49 231 170  29 168  57 172 247  70  18 167  59
 235  16  18  75 138 117 255 247  30 123 144  64 135 139][ 10  58 226 148 115 177 184  66 191 109  84 183 172 174 246  12 175  59
 179 133 134 223 166 241  86  20 154 171 135  69  47 223][ 65 159   9 169 176 142  47 183  46 109  74 197 149 166   0  80 213  47
  47 141 211  24  89 119 236 166 171 196  24   2 129 113][246 109 135 190  57 214  86 236 191 232 192   9 238 254  39 211 216 229
 253 231 108  67 202 252 179 242 207 187  16  55  58  78][238 178 188 249 173  61 144 155  90  63 148  63 134 169  71  10 205  91
 235  17 146 102 219 146  79  87  85 127 220 233 221 147][ 41 173 251  78 244 142 111 247  97  73 126   8 115 249 148  48  88 238
  22   8 219 186 240 111 127 189  36   0  99 202 194 171][  5  47  53 225 188 173 235 158 142 185 154  78 215  41  89  99 165  67
 127 127 147  33 121 252 237 152 175 116 152 219 145  96][ 73 157 173 253 180 126  79 187  86 251  94   4 209  61 146  99  85 102
  61  44 185 216 125  63 239 239 245 212 182 232 208 112][ 12  33 211 233 240  14 105  93  33 137 121  64 215 211 168 124  18  60
  20  56  17 176 144   0 229 253  32  68 170 162 226 161][145 107 187 117 164  44 237 215 120 234 242  92 159 184  85  42 189 111
 117 143 249 252 176  98 225 251 127 160  77 112 211 233][111  56 184 114 235 253  19 208 171 253 189  45 126 221  79  58 141 249
 253  87 159  99 250  49  95  93  33 251 195  47  14 247][ 25 214 108 197  22   7 235 252  21 100  94 231 113 101 186   4  63 204
  23 236 168 144  45 191 110 207 165 132 127 154 112 121][ 23  66 202 140  70  34 108  89   4 138 219 230  85 195 161  72 122 172
  63 174   8 147   7 200 208 166 170 128  60 251  56   1][ 43 167  32 137 253 191 234 123  95 125  93  85 138  40  62 196 217  10
 147  29 158  58  89 215  15  95 146 110 218 204 216 196][ 11 165  36  58 221 149 218 239 223  81 205 155 169 204  54 164 217  43
 219 221 246  43  94 255 111  93 157 125  87 142 217 206][ 47  44 168  59 205 189 144  67  95 119 125  29 170 104  23 168 137  43
 194  21 182 124  94 147   6  95  89  59 219  77  91 134][222 105 172 242 141 100 223 216 179 242 149  27 221 255  89  43 173 213
 125 255 233  71 186 224 251 219 207  60 129 243  34 114][  7 189 227 155 215 244 186 195 127  65  93 215  12 254 190 236 191  59
 179 149 151 146 190 243  31  60 154 203 143  71 191 244][205 255 213  94 249 127 103 184 251 250 191 124 218 119 141 183 151 214
 238 106 225 101 251 255  47 250  69  54 202 243 194  53][ 79  52 169 129 248 118 185 216  38 127 151 214 156  23 218 110 125  21
  91 189 147  87 249 194  93  13 187 244 130 199  53 241][220 253  55 231 187 102  31 184 177 186 158  98  93 119 137 167  55 215
 253 234 249 197  57 255 249 219 239 214  46 243 165  51][150 242 124 241 202  45 189 218 142  55 180 159 205  79  74  11  47 209
 235 182 178 117  27  80 207 131  93 116 241 249 143 208][154 181 158 222 211 212  52 103 189  75  79  18  44 255  46 196 167  59
 155   0 115 141 178 231  59 119  26  75   2   4 173  63][138 149  18 222 167 252  52  99 189  75  79  16 236 254  46 228 163  59
 187   0 119 137  50 231  19 119  90  67  26  68 173  31][123  51 120  37  58  31  24  59  47 232  30 237 158  60 198  52 182  29
 253  37 133 217 245 204 222  93  41 182 110 164  11  95][ 40 225  80 234 255 137  94 237 139 160  97 139 111 203 108  17 158 185
  19  99  74  34  74 157 187 217   5  63 118 186 194 138][ 90  77 102 254  43 146  30 110 189   2 198 163 237 239  39 193 246 255
 249 227 104  79 150 239 243 247 218 155  54 246  45  58][244 221  61 236 172  79  71 185  81  58 188  26  83 121  56 113 217 196
  92 106 121  39 121  63 241 235 229  52 113 251 212  34][109  96  64  64 124  15 235 200 232 160 176  74 155  88 213 186 120 132
  82 124 193  35 196  76  60   9  37  60  77 186  90 160][ 12 189  17  75 245 251 179 239  95  57 121  56 158 180 172 228 147  26
 130  16  19  56  40 215  47 220   3 103 210  10 197 167][ 93  98  26 170  40  29  94  72 239   8 249 104 143 194 233 144 254 185
 206 227 206  35 200  90 144 213  43  60  88  51  43   1][ 17 157 127  79  52 255 226  58  84  72  91 102 243 124 180 224  62  50
  62  43 245 184 125  31 173 175  33  64 125 170 105  53][ 53  29 115  71 118  78 111 112 121 232 254  98 122  55 149 117  62 252
  87 106 225 177  49 204 119 168  33 130 111 251  98 185][116  45 122 106  91 227 147 200 195   5 185  43  74 223 109  48 250 153
 195 242  26  35 168 253 123 196   1 127 241   3 102 162][ 41 109  97 205 244 143 239 255  67 168 124  74  51  33 213  36  88 234
  22 104 217 186 108 188 126 140 165  40 119 250 210 168][194 172 150 181 172 170 172   7 190 179 210  16 143 162  16  75 227  47
 127 145  50 220 195 198 140 242 222 196 132  72 145 137][ 66 191  75  54  90 201 187 115 174 236 185 237 180 238  70  16 174 187
 207 128  87  11 250  95 221 133  43 251  73   2 135 211][ 26 157  83 237 179 194  63 119  37  73  74 162  61 183 160 228 118  59
 151 128  83 152  32 255 229 228 170 194  50 130 165 249][ 53 133 254 227 132  42  77 189 117  51 247 146 211 107  24 107 123 214
  63 184 184 240 125 128 255 235 214  68 229 250 224 160][ 91  20 231  69  50  90  57  51  41 237 223 167 121  63 150 118  38  53
 253 133 129 216 229 204  87 127 250 130  39 132   5 127][ 51 141 110 169 188 131 202 233 205  64 218 135 241 204  54  96 120 175
  31 247 222 187 109 255  62 124 171 208  53  15 240 220][ 35 239 106   3  85 155 226 118  87 101 124 143 163 140 150 164  88 170
 130 157 207 186 116 191  38  29 144  97 111 158 218 220][ 37  46 232  51 244 169 235 146  94  47 121 253 163  40 223   8  89 138
  70  29 158 184 109  50  78  31 176 225 197 203 218 197][239  50 246  82 105 253 249  16 233 255 183  61 138 156 215 191 143 177
 255 150 142 103 226 192  87  89 208 243 199 133  78 119][ 48 149  14 186 157 197 130 237  22  21 201  23  98 200  42  64 249 138
  10 177  62  43  27 191 185 132 138  95 153  10 248 146][  9 220 101 215   6 223 237 181  69  66  86  66 249  93 144 229  38 176
  63 239 193 180  63 253  37 235 255 192  63 178 145 120][114 135  79 111  48   2 107  56  52  12 251 229  97 103 152  81 124 181
  45 172 152 152 101  13 212 174 234 192  37 162  38 113][127  48  96  64 107 157 216  80 171 112 181 136  42 220 214 182 142 177
 215  92 143  35 246 209  23  89   0 251 103 135  78 245][250  80 242 236 111  92 216  88 171 220 180 175  11 157 119 191 238 149
 253 225 140 103 178 201 211 249 193 191 127 188 126 223][ 43 251  97  78 125 157 207 252  79  72 124  76  58 220 183 180 220 234
  22  78 199  58 126 253  46  92   5 184  95 159 210 253][ 33 141  81  79 213 207  70 174  86  96 232   8 243 113  48 244  89 250
  82 106 107 186 125  63  45 174   5  80 121 138 194 168][129 176 189  93 172 237 165 119 254  91 117  84 180 184 214  47 141  47
 122  13 183 124 247  67   5  58 114  96  72  72 211 245][  3  13 174 149 164  54 173 103 236 203 222 146 184 174 182 102 239 103
  59 141 181 217 165 234  38  62 222 128 133 116 177 236][134  40 184 177 136  45 185 142 158 183 180 159 159 175  83  10 135  87
 235 149  18 124 211  18 207 147  93 124 208 121  13 210][ 95 122 235 103  34 106  95 144  49 198 118 229 123  93 159  62  54 253
  85 255 201 244 165 232 194 255 101 130 239 247 102 113][ 39 164 104  10 124 249 154 202 138 117 189 173   0 204 254 176 221 139
 211 119 150  35 254 117  26  29   9 255 213  95 222 212][ 54  66 194 172 126  34  74  89 133 136 219 230  67 195 169  64 126 172
  46 174   8 131 134 194 144 228 170 140 189 250  56 129][ 91  48 123 101 114  95 184 112  41 225 215 173  30  28 150  48 166 189
 221   5 133 152 245 205 214  89  24 210 110 132  11  85][ 91  53 187 220  19 244  57 119 169 201 206  36 188 254  38 118 166  63
 253 133 149 203 182 203 243 125 154 138  14  68  39 127][223 221 213 229 186   6  78 188 145 186 154 230 221 119 137 231  95 215
 253 234 121 197 217 238 168 251 239 148 174 242 169  49][108 188 152 177 157 189 144 143 154 183 140  29 142 169  66 138 205  91
 235  17  23 108 219 178 207  85  29 127 218  76 153  18][ 42 173  40 186 157 253 222 207 222  61 140  25 170 200  94 128 201 170
 219 149  62  43  90 183 251  95 157 125 146  92 222 206][200 149 148 186 185 180  25 175 159  85 173 149 239 239 106  67 199  19
 169  20  54  75  91 183 235 247  94  95 154  76 141  91][ 16 203  30 190 106 132  62 249 174  20  97 197 108 195  42 209 246  41
 171 230  70  17  10 117 240 161  79  13  24  34 171 131][ 73 157  43 171 176 206 111 181  38 109  78   4 245 247 146 112  84 110
 125  76 219 152 249  63 237 237 175 192  24 130 129 120][ 10 156  58 216 219 244 185 202 191  93  92  23  44 254  46 252 167  27
 187 144  54  11  50 247  27 127  26 207 154   5 173 215][116 157  61 237 164 111  71 191  80 170 190 104 215  57 129  49 153 214
 108 106 121 232 121  62 249 207 101  20 112 248 212  43][ 89 149 119 109  54  90 231  57 100 104 123  98 219 124 176 229 118 180
  62  43 241 184  37  31 229 234  98  68 119 170 229 113][239 253 213  87 233 159 238 190 251 242 190 108 250 126 205 191 143 246
 254 106 245  98 255 255  47  90  69  62 203 247 202 125][ 50 235 106  12 114 146 184  97 169  76 240 239  40 206 182  16 254 169
 135 229 196 155  38 221  18  56 170 139  69 132  38 221][ 91 189  43 132  83 240  57 103 169  69 206 165  44 182 166 116 166 191
 253 129 149 139 180 231 219 117  26 203   2   4  47 127][ 82  42  26 184   2 225  56  71 190  21  74 179 173 142  96  88 231 187
 179 145  22 154 130 241 145 228 154 235 128   0  39 218][145   2 127 121  52  47  89  94 127 154 246  80  27 139 181 121 151 136
  14  60 169 229  33  94 194 219 113  84 216 168  96  41][ 99 123 138 164  44 157  86 118 233 174 154 109 166 136  83 144 134 103
 110  69 204  43 192 169 178 116  36 186  76 124  90  13][ 47  40 172 187 205 189 176  67 207  53  29  29 174 168 119  10 137  43
 243  21  22 120  82 241  79  87  25 123 211  77  91 198][173 225 179  66 245 211 195 197 215 137 241  56  18 216 244 164 216 184
  22  89 223 162 234 130  59 220 133 123 199  26 244 166][188 111  90 174  64   9  78 232  48   6 233 137 119 195  43  16 122 233
   4 230  72  18 204  58 242 197  33  41 113 179  42 130][ 79  52 177 192 184  55 169 152 110 123 159  80 153  23 217 236  85  20
  91 188 147   7 249 210  95  93 171 252 142 131  49 113][169 117 119  69 116 222 227  48 125 232 118  72 219  17 148 245  58  60
  78 106 233 176 113  12 167 248  33   0  74 170  70 176][123 105 106  96 127  85 218 208  97 108 188  11  11 156 151 180 190 153
 213 231 206  35 164 220 115 217 129 191 103 151 110 207][ 50  96 106  76  29  75 195 104  65 164 240  15  99  73  21 144  88 172
  68  99 205 179  85 140 146 184 129  55 125 170 122   4][157  83 122  33 114 121 115  80  45  64 126 237  31  29 139 180  54 153
 150 100 199 180  53 194 246 233  32 134 111 151  79 213][197 201  17 225 172 173 111 180 206 184 138  76 215 179 113 113 161  70
 126 126 209  57 187  52 253 136 231 124 152 155 209  32][ 52 125 123 104  95 227 146 200 203  12 184  42  38 217  45  16 186 249
  71 114  10  35  24 253 251 220   1  63 241  91 103 163][ 94 220 213 197  43  86  30 186 183 186 158 232 252 119 129 183  55 213
 253 234 233  73 217 253 251 255 237 150  46 241   9  57][ 41 173 243  79 244 191 231 247 123  73 124  72  58 249 180 180  89 234
  22  24 147 186 108 255  47  60  36 224 199 202 210 173][ 53  17 123  69 118  10 239 112 105 128 250 226 113 127 149 117 126 252
  23 234 209 179  37 108 116 170  34 128 109 179  99 177][126 120 186 112 123 221 187 210 171 220 180  41  62 223  71  58 166 249
 255  83 134  67 186 113 223  93   9 251 192  53  15 211][114 123   7 190  41 210  86 236 191 232 240  41 238 254  39 211 216 253
 255  99  76  67 202 253 179 242 207 187  16  55  62  79][162 205   6 154  92 129 142 228 148  16  80   2  32 202  48  65  72 106
  19 195  98 174  10 255  32   2 158 192  21  24 176 136][141 224 110  67  84   7 239 121  86 228  87 198 209  65 154  36 124  12
  19 239 209 180 125  30 100  15 175 196 111 158 240 240][ 73 147  70  47  49  14 109  53  32  73 115 197 217  35 152 212 116   4
  61 172 217 152 213  13 228 239 234 128  42 134 242 113][145 189 187 119 165  44 247 119 122 203 184  20 190 187  84  42 189 127
 117 129 249 252 176  98 225 254  94  50 201 112 227 171][ 36 250  56 249 236 201 151 206  90  22 144  42 183 153  65   8 207  90
   2  81  74 110 210  51 109 148   5 121 213  89 212 170][129 176 187  95 172 237 181 151 254  91 119  16 148 252 218  42 135  26
 126   9 179 124 251  99  77  47 114 192 192  64 133 251][188  61  89 106  91 219  83 104 131  36 173   8  99 215  35 149  88 184
 196  98 104   3 120  29 115 193   1 127 115 135  78 226][ 35 191  96   1 246 187 238 255  95 101 124 239   9  44 222 164 127 138
 151 157 215  58 108 247  62  92 149 228 255 204 218 221][ 33 164 132  27 221 189 192 207  94  49 169  24 226 232  94 140 153  10
  98  29  62 106 219  23  45  30  21 124 210  76 218 142][  7  56 227 154 215 244 186 194 191  65  88 131  12 254 119 236 255 251
 147 149 151 154 190 242  31 124 158 235 159  71  57 214][160 237  64 154  84 129 134 236  22   1 112  18 160 200  48   1  89 106
   2  83  98  46  74 191  40  16 158 104  85  24 240 136][ 69 152 218 149 226  58  60 132 122 243  86 166 149 162 230 122 119 237
  46 130 149 216 229  96  22 167 122 133 172 241 137  85][ 90   0 231  69  54 210 249   2  41 101 215 163  25  31 148 254 102 189
 253 141 129 153 229 197  87 126 154 192  39 132 119 101][248  61 220 101 176  14 116  55  48 174  38  29 159  55  66  19 166 183
 237   8  60 248 209  10 239 235 116  49 104 224 206  91][  0 156 150 149 180 174  60 167 190  11  90  48 172 186  32  72 229 111
  46  17  50 221   3 247 141 182  94  66 128  64 161   9][  2 157 191  91 155 192 177 103 190  21  79  48 252 246  46 100 231  59
 187 145  50 201 186 119 109  54  30  67 144   0 165 234][ 95  11 101  69  50  82 110  56  97 192 219 226  89 101 149 246  54 244
 124 238 221 144 229  12  50 104 227 128  39 167  42   5][174 170 232 153 237 121 216 138  19 123 213 187   9 172 214 191 205 220
 183 215 253  94 206 178  14  91 217 255 159 173  94 212][ 40 239  75 124  80 203 103 252  49  12 124  41  51 231  33  17  88 248
   6 234 104 186 106  61 119 129  37  41 115 187 102 251][ 91 189  59 116  19 244  57 119 184  69 206 161  60 191  38 112 230 191
 221 129 159 139 180 229 211 125  26 203   2   4 167 123][ 86  56 115 184 123 218 186  64 171 128  81 171  12 159 101 152 166 189
 215 209   4 155 130 200  95  69  11 235 165  39  39 147][  3 209  34 186  83 149  56 101 173  73  72 133  44 206  42 240 166 171
 215 133 215 155  50 253 177 116  26 202  16   6 171 223][ 62 189 158 178 159 253 146 199 159 241  13  27 142 252  98 138 129 123
 235  17  55 105 154 183 171 215  31 127 210  78 157  94][103 249 245  85 249 221 252 167 251 248 182  12 170 252  87 183 175 231
 254 204 247 110 255 249  63  95  85  58 203 188 203 220][ 71 213 220 213 232  22 124 190 185 186 190 230 245 115 133 247  87 245
 126 232 237  88 211 204 190 186 231 148  12 240  40  13][ 10 152  62 152 219 244 185 207 191  93 116  23  12 190 102  72 231  27
 179 145 182  11  50 213  91 123  26 207 146   4 175 223][ 30 239 119  58 159 219 182 236 223  53 217  43 110 216  62 132 187  75
 202 115 118  41  10 255 186  86  15 127 247  31 223 143][153  85 119  69  53 206  97 112 237 136 242  64 251  85   4 245 184 180
  76 104 233 181  49  12 183 250   2  16  66 162 103  32][ 90 143  10 168  18 134  58 103 172   5  78 133 173 134  34  64 166  51
 203 149  18 137  16 127 248 229  42 193  16   6 173  90][144 237  27 232  26 193 158 101 236  64 248 130  63 158  32  48 238 187
 206 225  79  43  16 125 241 193  10  75 113   2 175 138][ 81  77 107 173 116 138 111 116  52  64  90 198 247  39 177  64 122 172
  63 239 201 152  69  29 244 172 170 128  60 186 112  56][212 221  61 225 172 205 103 176 238 250 138   8 151 211  97  99 163 116
 125 106  97  77 184  56 233 137 101 124  24  59   5  35][204 172 172 177 185 237  89 135 158 191 132  25 151 183  67  74 129  79
 253 156  58  92 227  18 207 215  61 245 144  72 133  90][ 84  94 158 191  40 238  39 176 180 222 207  37 247 247   3  91  37 119
 109  42  40 193  27  47 193 167 123   0   0 115  39 123][ 45 189 115  75 244 175 231 247 127  73 124  96  56 249 188 180 255 106
  22  24 211 186  40 255  46  60   6  66 215 202 210 173][ 16 204   4 157  12 129 142 238 150  18 208   2 161  72  33  65  73 106
  14 194 106 173  75 189 160 211 254  16  21  24 176 136][157 225  35 195  20   7 239 121  84 228 199  70 209  65 184  36 124 172
  27 239 249 180 125  30 117  14 175  68  45 170 240 240][151  81 211 174   2   3  62  77  54  96 195 231 117 194 169 216 118 141
  14 230 101 151  29  91 176 230  43 134  56 178  33 209][124  93 189 230 173  79  87 189 224 186 190  72 215  55   1  51 132 246
 108 106  72 107 249  40 241 243 101  60  66 250 198  59][216 151 119  77  38  74 239  49 101  36 255 178 203  53 132 103  62 148
 125 170 248 184 101 205 115 250  98 192 103 162 228  97][122  93 190 254   9 212  94 252 167   4 237  15 105 239  43  82 232 243
 233 194  76   3 218 187 243 231 198  27  59 119 174  26][193 121 155  68 114 216 180  87 236 200 114 102 188 146 165 224 166  63
 126  81 197 185 176 104  52  32  46 138  72  48  41 253][ 25 221  43 111 176 206  79 181  52  72 110  68 243  87 144 112  84 238
  20 238 233 152 121  63 225 237 164 192  42 146 194 121][229  96 169 192 172  55  74 152 122 251 149  88 151  18 209  56  89 140
  92 255 173   6 109  66 216 143 175 252 132 241 115  32][180 127  93 232 250 195 150 234 138 164 184 235  54  23 165  17  78 241
 206 243 106  43  64 124 240 128  47 190 117  57  38 187][ 95 112 229 101  50  46 251  24  41 192 114 199  91  95 213  62  62 213
  85 255 137 244 181 200  83 124 141 132 239 247  98 113][236  62 236 117 228  63 252  18 112 250  54 253 219  45 209  11  15 212
 245 254 169 118 213  40  78 139 229 164 239 241  74 145][ 53   7 202 172 254  50 110  91 133 128 223 230  67 226 187  64 126 172
  14 190 152 147   4 202 176 237 163 140 189 250 248 145][  0 180 187 123 180 239 181 159 118  95 127 112 247 253 136 104 151  94
 127  24 147 240 187  51 207 239  54 196 192 194 197 251][ 47 120 224  24 221 233 223 206 155 230 184 143   8 220  87 188 153 235
 211 213 206  43 118 243  61  28 157 191 223 126 214 222][150 104 142 155 141 240 202 200 151 214 197  19  97 195 123  13  89 232
 155 222  62 199  94 226 203  67 219  89 191 253 120 194][218 157 246 126 179 210  60  39 189 207  78 177  44 190  38 212 167 119
 253 129 244 217 163 239 171 255  94 131   6 196 173  95][ 34 242 225 216 109  29 241 206  95  55 116  30 168 237 124  12 217  90
 163   1 194 118 250 243   7  30 215  63 215 156  84 238][214 205 255 214 213 224 127 167  61  23  78  18 104 183  36  93 243 255
 181 154  56 222  40 226 187 190 222  67 162 241 228 106][ 35 173  96   1 213 159 254 247  95 109 124 143  40  44 214  32 125 171
 151 157 215 184 116 255  62  28 159 224 223 204 218 220][228 160 128  50 237 125 192 202 219 191 161  25 130 232  95 155 137  66
 236  21  62 103 218  50 159  82  85 127 208 125  94 198][ 60 157  19 168 189 199  19 218 134  60 136  65 135 149  97 192 201  56
  14 116  27  43  90 156 169 213   3 126  16   9  52  83][ 11  26   3 172 116 134 168 115  12 200 210 199  41 140  52 128 252  41
  19 141 129 155  20 207  20  36 170 128  13   4  51 217][ 74 220 190 222 155 208 177 167 190  21 206  50 252 247  40  98  99 115
 249 128 114 201 155 119 107  39  94  75 130   2 173  42][ 21  89  95 229  98  10 175 112  44 128 242 230 209  19 145  96  62 252
  94 234 193 144   5 108 100 168 231 132 109 179  99 177][124 217  56 254  25 212  87 248 163   4 173  13 107 255  43  82 220 243
 233 194  74   3 250 189 243 255 134  59  18  51 102  90][123 233 244  53 109 221 252 167 251 248 180   9 171 152  86 182 232 171
 254  13 207 106 246 221 159 219  87  59  67  12 203 206][ 28 157 185 105 176 239 115 159 118  13 126 100 223 255  72  96 151  95
 125  24 147 184 121  55 239 239  53 196 224 195 133 115][133  90   1 165  32  15  73 150  52 106 210 228 151   7 129  73  92  12
 110 110 201 148  65  16 132 162 227 148  24 185   0 177][ 35 173  98 147 245 159 238 231  95 109  92  23 168 172 118  32 189  43
 147 157 247 184  52 255  47  28 158 226 223  12 219 222][ 61   7  74 172 214  50 239 127   5 197 255 230  83 226 191  64 126 174
  14 188 152 179  36 206 242 237 167 140 173 250 248 192][127 201 103  30  87 146 206 224 113  68 206   2 105 104 183 245 120 230
 176 207 205 139  36 237  59 107 142 193  39 183 122 108][ 16  94 123  65  50 218 187  86 244 196 126 230  57 135 165  96  54 189
 143 208 193 157  37 110 106 231  50 193 101 128  37 249][212 120 191 244  10  79  85  81 150 190 167  24 215 151  97 123  33 117
 109  42 104 197 187  24 209 195 101  52  32 120   5  35][ 82 158 178  30  51 212  56 103 189  15 194 177 108 254  38 212 167 127
 189 129 102 223 130 239 187  62  26 131   0   4  47  95][121 221 115 108 180 206  79 181 117  72 254  72 123  87 152 117  80 254
  93 110 249 184 113  63 243 237 164 144  42 162 210 121][ 39 170 172 145 237 191 216 194 155 251  20  27 138 172 119 175 205 109
 179  21 148 252 216 178  15  87 217 247 212 109  90 214][ 92  21 190  37 176 110  87  57  52 206 207  33 223 119  11  83  52 244
 237  34  60 193 185  14 243 231 101  21 162 242 172  83][249  16  55  69  45 222  97 113 237 138 243  72 250  88 148 183 168 180
 108  42 233 167 115 205 147 250  64  18  67  40  66  36][243  99 109  69   0   6  77  49  97 164 167 196 211  36 156 119  22 212
 125 239 233 244 245  72 228  40 229 148 109 178 210 116][ 56 126 107 109 112 219  87 248  51 108 244 173  51 215 163  16  92 248
 135 226 105 146  96  63 243 197 161 161 115 185 110 251][ 90 206  22 254  58 194  58 238 182  29 218 163 105 239 168  64 247 119
 237 194  46 201 139 255 122 231 234 211  55 131  44  27][ 90 185  58 248  19 212  25 103  41  69 204   0  61 159  34 112 230 155
 149 129 158 139  50 229 211 253 154  75   0   0  39 122][ 22 123 115 161 114 139 186  64 172 128 115 227  13 223  33 144 238 189
 151 211  20 147   4 196 148 197  42 195 101  23  39 147][ 56 189  51 168 243 195  83 119 103  77 252  42  62 159  34  48 234 187
  22 128 122 171   0 127 249 196  32 233 115   0 166 171][ 58 176 225  30  77 221 222 109  11 239 185 143  42 252  94 148 157 171
 215 133 223  58 250 211  59  93 157 187 215  14 222 222][ 16  73 132 191  44 131 206 228 157  10 208   2 227 232  49  72 200  98
  46  67 104 169  75 191 160 246 222  16  20 121  16   9][107 195 215 196 108  14 109  63 120 168 114 238 249  50 132 114  86 229
  62 236 197 218 231 204 126 190 247 128  12 176 193  13][213  68  74  47  18  82  10  92  52  98 199 230  85  66 171 112 118 205
  28 238 237 150  13  14 240 167 171 132  61 179  41  16][181  41  43 140 156 151 203 104  84 136 200  70 240 192 177 165 216 232
  18 239 217 179  52  44 177   8 139   0   0  43 112 228][197 177  29  97 173 173  72 187 238  57  35  84 146  19  88 107 193  31
 120  24 155  56  91  17 141 153 211 116 216   1 193  32][ 18   9 119  77  22 211  75  32 101  36 230 130  75   5 181 228 122 180
 126 248  24 185 101 220  19 168 128  80 119 139 100  36][ 44 189 115  74 246 139 235 254 127   1 124  98 120 241 188 180  63 122
   6  90 147 186  44 255  62  60   7  74 215 155 227 173][211  78 231 157   2  34 169   2 189 210  66 242 109   6 181 239  39 245
 121 143 161 213  39 205  16  50 218 130 175 245  33 125][116 123  76 165 104   9 111 248  33 190 181 237  83 199 203  27  54 204
 111 238 200  86 203  64 214 201 229 172  44 179   2 209][  6 212 148 155 157 231 150 143 158 187 138  18 196 250 105  74 217  66
 251 145  26  69  91 183 173 215 223 126 144 123 144   2][ 21 239 235  37 182  58 238 218 119 194 254 224 195 101 217 132  59 204
  68 255 203 178 205  42 172 237  37 132 229 243 250 224][139 161  98 202 112 181 122 216  55  73 245 149  40 207 190  20 254 139
 151 220 158  26  40 247  90  93 154 238  31 135 226 209][249  75  87  77 106  26  78  52  96 168 246 232 115   3 145 247 126 244
 108 234 201 242 229  40  54 169 101 128 107 179 106  41][ 73  38  64  65  44  30 104  57 105  42 189 108 219  64 218 181  22 132
  92  46 205  48 229   9 166 217 161 180  78 166  90   5][137 143  84  69 188  15 111 191 244 182 106  68 243  98 149 115  87 198
 110  46 236 248 109  63 230 139 229  20  26 248 208   8][221   4 105 101  16  54  74  56 116 224 203 194  83  38 153 113 112 196
  92 238 173 149 117  14 243 235 161  20  41 227 122  32][ 33  77  15 172  92 199 198 105 132 192 200  74 246 192  49  32 216  32
  82 111  77 163  82  13 177  48 139  24  24  58 120 172][121   0  55  76  45  95  80 104 237  72 247  40 122  92 164 245 248 176
 238 106  13 163  99 221 147 251  64  18  82  33 102  37][118 134 142 254 137  98  23 234 131  31 207  33  70 243  42  94 217 214
 233 131  24 195 203  33 217 167 219  95 162  99 182  34][ 90 186 178  28 115 210 184 103 185  13 210 161  44 254  38 212 182  63
 181 129  38 219 130 237  17  54  26 131   3   4  47  95][ 86  94  31 110  58 226  27 232 166  76 219 161 113 239 161  64 246 255
 109 226  11 139 139 125 242 166 170 139  60 179  36  27][ 10 177  49 232  93 228  89  95 103  13  76   0 157 155  40 116 200 153
  21 153  26 138 114 213 195 253 154  74 146   2  38 170][246  72 150 190  60 134  94   0 157 138 210   2 230 218  49  75 200 228
  63 195 104 197  67 234 176 242 207 146  52 185  48   9][168 159 113 248 240 129  85 119  53  13 252 236 188  23 160  21  78 187
 135 128 250 186  96 255 238 208  50 202  82 128 166 235][220  62 190 118 170  60  49 146 232 158 182  61 238 251  67  91 135 119
 237  19 160 101 162  98 202 243 126 155 200 113  15  91][  2 179 161 139 248 177  58 155  15  77  88 229 164 230 174 196 222  27
 151 149 151  26 238 245 140  52 170 234 156 135 165 213][219  84 110 181  35  70  61 119 168 254 214 151  93  47  18  27  38 101
 253 175 228 221 181 204 246 227 250 128  47 180 175 219][ 97 195 249 231 116  14 111  53 106 169 126 100 241  34 156 112 118 110
  54 204 193 186 231 205 100 253 166 136   4 178 218 169][ 57 149 119  77  52  94  79  61 101  72 254 104 123 119 144 245  84 180
  92 104 233 184 113  29 227 255  36 144 106 160 210  57][ 35 237 115  74 246 147 234 252 127   9 120  66 104 234 188 164 126 234
   2 248 131 186  44 255  62  28   7 204 215 155 227 173][216  90 190 252  43  80  17  28 187 159 134  48 174 246 163 123 134 117
 236  64  46  69 162   9 211 243 122 155 144  48  37 107][158 123 126 182  42  80 159 248 168 222 148 175  93 222  87  11 166 117
 253 243 196  71 190 224 251  65 239 191 101 119  47 211][122 161 184 182  45 217 240 109 123 249 241   9 190 188  94  32 152 159
 253  17  94 122 251 209 223 223  31 123  69  14  87 206][246 104 134 180  45   6  78 144 181 138 146  18  73 207  49  91 228 229
 125 242 104 199 129 206 179 250 207 144  38 177  48   2][ 45  51 197 165  40  15 110  25  46 248 179 237 159   3 209  26  30 205
 125 126 201 208 201   0 196 201 101 180   8 243  66 145][112  75 126  76  31 151 194  64 197 140 182  42  98 216  53 240 232 180
 238 224 140 163  98 189  51 233 128  27 113  11 108  14][ 89  73  31 237  52 142 111 180 237   8  86  64 191 147 177 116 118 252
  28 106 201 153  33  45 231 235  34 128  34 179  32  41][249  79  68  77 232  26  78  53  97 160 254 200 115  34 148 246  92 230
 108 238 205 186 229  47  54 168 228  16 107 242 202  12][108 244 152 170 189 237  86 159  22 171 152   8 214 251 105  64 217 255
 127  17  26   8 219 179 253 215 191 126 144 122 145  11][233 213  89 102 252  28  87 189 233 232 190 108 127 117 136  54  22 214
 124 106 217  43 233  45 251 249  37 248 106 186 194  57][ 65 135 236 103 236  31 109  59 117 166 111  76 243  33 146 209  83 198
 110  44 248 248  79  13 238 255  85   4 112 234 216  40][ 39 167 226 147 244 181 248  79  95  93  89 151 200 236 254  40 221  11
 147 149 182 250 110 215  14  28 158 238 197  76 242 213][ 22 107  83 163 114 131  42  64 165   8  83 226   5 202 161 196 126 185
  23 211  64 144  12 204 180 128 170 192  37 131  33 129][ 88 149 254  36 185  94  84 188 161 238 174   9  95  63  10  83 164 213
 237  96 124 201 241   8 251 227 101  21 162 246 174  91][ 56  30 106 108  50 223  81 123  52 204 244 173  51  31 163  16 252 184
 213  32 172 155  49  31 211 207  33 145 121 168 110 251][ 63 187 234  50 119 213 219 113  11 237 125  47  58 220  86  16 156 187
 151  85 159  58 250 241  91 221 173 235  77  14 222 215]