[112 248 154 248 217 237  80 198 187 137 232   9  63 255  97  24 185 251
 231  16  10  91 154  51 249 245  31 123 232  80  39  27][ 45 113  33  77  93  31 198 184  77 232 255  76 211  88  29 180 216 236
  86 110 205 178  93  61  39 252   5  52  90 187  90 164][ 42 191  48  27 219 189 146 235 159  69  77  13 174 252  38 132 159  43
 211  21 150   8  90 191  47  86   9 123 210  78 159 199][ 38 121 106 174  93 207 190 228   7 232 249 139  34 220 119  16 220 249
 215 199 200 187 216 189 181 213 141 187  81  63 118 210][146 203  14 190  14 194 188 173 148  20 210 163 101 238  34  67 110 115
 175 193 104 141   2 125 224 163 234 137  20  40 165  91][248  73  24 122  56 205  93 220 166  52 164   9  55 135  35  88 128 160
  77  92  74  11  26  57 243 161  53  61  48 146  78  26][ 77  44 189 119 169 110 103 150 238 255 142  16 255  51  81 254 129 102
 124  27  17 205 251  42 205 255 119  20 138 115 133 105][121 251  25 110  60  15  71 248  97 136 172  76 115  65   9 176  88 236
  76 106  73  35 217  61 179 249  37  56 106 187  66  40][205 117 253  87 170  90 175 184 126 242  23  96 253 119 201 171  55  87
 252 250 225 208 255 104 175 203 103 132 230 243   5  57][213  93 215  69  86  62 110 178 116 226 110  70  81  51 149 247 118 228
  48 110 225 248  53 110  39 174 229   4  47 241 112  36][159 222 102  91 114 178 123 144 125  85  87 183  73 206 191 253  54 137
 149 254 175 148  45 255  70 127 160 194 175 151 124  85][ 84 105 123 227   6 204  75 128 237  20 135   2 215 223  91  74  34 209
 121 211  90   1 191  96 209 169 138  65  36  19  37  98][ 61  32 225  65   5  63 224  24 103  97 231  28 203   8 156 188  88 140
  78  60 157 180 125 128 135 253   1 116 235 143  90 164][161 179 169  59 204 205 181 239  82 217 113  93 179 252  86  43 217  74
  34  81 223 126 238  49  77 137 117 109  81  41 222 223][255 100  86  98 194 114 118 232  49 162 167 186  95 115   9 159  51 213
 216 242 109 215  13 106 186 203  69   7 171 243  42   2][147 168 142  29  12 159 160 107 254 241 226  81 240 248 116 171 169 105
 122 141  39 237 155  93 152  10  95  46 201  32 107 142][ 73 253  21 165 185  14  78 190  59 232  58 108 191  51 128 183 150  71
 124 104 105 216 209 237 164 250 111 178  10 180 131  45][ 19  32 102  13  13 251 160  72 238 192 251 131 201 200 182 224 248 172
 106 173 142 243  71 221  22 121 131   3  71 143 120 132][ 92 188 181 122 169 237  87 175 250 187 172  24 254 247  72  62 145 127
 120  24  27  79 250 115 249 254  87 126 194  82 135  58][124 188 177 122 185 237  87 207 255 235 232   8 254 247  76 176 145 251
 124  16  27  11 250  51 249 222  21 122 208  82 135 122][209  13  95 237  50 138 107  51 229   0 126 100 191  35 176  81  38 164
  92 236 233 153  53  77 230 233  32   0  46 160   1  40][ 99 168 150  94  77 212 160 235 234 209 224  64  96 250 108 179 233 106
 122   0   7 107 154 113  29  58 215 106 201  32 107 142][ 26 159 116 157 115 153 187 254  31 127 116 167  44  46 166 197 183 219
 167  69 182  60  55 255  62 115  90 227 119 140  13 223][239 246 225  67 234  52  63 159  26 251  29 252 217 117 220 186  87  94
 179  62 247  86 254 162 110  95 253 236 158 246 146 241][162 237 127  91  90 219 187 236 223  92 245 154 113 204 190 113 108 186
  90 226 103 239 111 127  55 169 160 217 117 137 254 252][ 34  63 131  17 180 239 164  71 206 235 184 109 166 180 229   6 205  42
  78  17 131 249  64 106  44  22  53 178 200  88 149 159][147 222   7 158  59 155  78 230 253  90 192 228 238 104 181 181 231 227
 222 199 237 207 102 255 178 114 218 154  30  21  59  77][ 28 255  21 166 138  75  71 248  36 172 186 110 215  99 169   3  48 245
 108 235  73 161  11  60 248 130 101 148 121 123  37  33][109 123 186  98 237  53 118 216 230 176 189   8 219 218  75  58 217 220
 238  82 222  99 223  34 255 213 167 125 200 243 254 133][135 174 175 150 188  39 207 238 254 115 155 244 244 116 223  43 157  67
  95 191 187 197  47 115 169  22 255 180 132 115 179 124][ 13 183  90  65 186 187 186  91 126 169 223 228 157 186 202 224 127  31
 222 176 151 153 221 222 190  69  47 231 238 198 171 151][138 247  87 175 250  67 183 253 172 126 250 224 204 126 168 115 223  87
 255 227 229 131 109  95 180 114 239 151  20 118 167 203][ 22  47  38  22 149 251 230 230 244 134 155  27  96 232  63 141  57 226
 203 167 124 235  12 238  57   6 223  19 229 127 255 206][108  51 248 118 229 127 118 153 123 188  55  40 219 113 205 187 146 214
 236  42   0 112 233  40 111 219 101  61 194 243 206  35][ 66 137 155 190  44 236 184   7 170   1 138   1 182 190  96  66 224  39
 123   5   6   9 146  65 149 180  26  25   0   0 165  10][ 72 134  69 109 180  42  99 190  44   9 126 224 243  33 153 212  19 198
  76  44  40 184  65  63 228 239  32 196 194 227  66  40][156 215 254 127 178  10 191 189  52 134 247 247 125 111 187 195  55 247
 189 238 240 213 173 111 106 239 103 133 247 246 173 113][ 16  95  59 175 146 226  47 119  20   8  90 226 245 247  33  64 126 123
   7 234 105 152   9  63 225 167 175   0  48 122 165 233][  9 245 109 241 246 159 237 255  95 121  95 246 157 255 248  96 127 139
  55 157 211 248 111 215 238 223 191 228 190 200 241 249][173 112 189 107 237 125 203 152  95 123  53  24 219  93 221  41 153  80
  86 122 171 100 123 179  71 219  97 252 210 251  64 161][252 251  24 106  56 137  83 252  38  44 160 108 119  83 104  80 216 216
  76 114  74   3 200  61 248 197  37 124 120 147 102  11][120 212  97 111  29  75  71 188   5 108 157 175 115 117  26  21  88 212
 221  99 105  34 121  31 243 229 161 181 119 222 214 122][ 49 205  66 142  92 145 166 230 196  64 216  70  32 200 182 224 104 234
  10  71 199 171  76 255  52  44 134  24  93  26 248 140][116  66 217 236  10  72  71 152  99 166 143 202  87  99 169 118  82 196
 108 106   9   7 239  18 240 229 101  60  58 251   4  33][237 253  53  94 221  95  71 253 223 242 165  24 218 244  29 183 152 124
 122 106 249 103 251 191 191 250  69  62  90  59 210 108][ 92  78  90 164  34 130  62 112 188 142  83 231  77 195 163  64  54 245
 173 227 100 149 133 110 240 231 111 129  36 179  45   1][ 49 217  74  40  21 151  66 232  87   0 232  14  35 216  55 112 216 168
   0  97  79 171  20 159 187 237 129  59 121  10 122 142][220  58 190 240  40 236  81  19 171  29 181  57 159 207  66  91 135 177
 237  16  26 103 194  16 211 241 112 249 224 128   7  99][124  56 212  58  41 233  82  72 171 168 160  41 239 251  65 154 143 241
 236  82  12  99 202 168 155 209  65  59 234 247  78   3][ 36 201  91 238 126 135 255 252 134   8 124  66 117 223  49  64 126 249
  23 234  66  51  10 253 120 141 175 172 125 187  32 161][ 15  29 242 223 247 212 191 115 157 204  92  39 172 254 183 228 238 123
 151 193 180 186  50 238  47 127 142 139 151 237 181 255][213 205 142 191 156  38  78 188  86 226 207 135 245 105  27  65 113 238
 121 239 252 209  93  63 248  39 239  20 172 251 185   0][ 25  92 247 191  38 107 245  82 117 230  91  55 247 189  19  72 123 237
  51 143 137 244 119  10 213 174 219   0 109 123  53 114][ 87  19 206   5 162  58  46  24  44 226 203 231  93  38 159 202  54 197
 253 239 133 209 141  72 132  46 111 132 172 247  41  85][229 118 133  69  45  61  96  20 233 234  38  76 242  65 209 191 128 100
 108 126 161 116 241   8   6 216 101  48 202 251  90  61][230 120 144 240 205 233 144 196 203 181 160  57 142 153 103 154 137 217
 235  80   2 103 218 240 159 208  85 127 210  29  14 138][ 36  32 210 240 111 169 176  66 158 179  32  26 140 218  97  27 163  57
  99  17   6 117 146 208  93 144  91  47 128 105   3 130][ 64  60 151 250 187 237  49  71 190 145 168  56 190 247  97 120 163  59
 106  16   3  75 178 115 217 148  22 122 192  64  39  58][ 71 172 134 157 223 166 174 175 222 179  74 215 228 232  53 203 245 111
  58 149 183 216 223 255 172  54 223  70 156 125 153 140][ 85 245 255  71 186  98 175 184  46 243 139 226 221 119 200 231  55  85
 124 234 227 193 189 105 185 166 239 148 165 115 167  49][182 231 106 202 221 217 107 220  55  61 253  27  66 197 250 212 121 138
 223 222  58  51 171 183 255  93 161 253 115 143 246 235][111  53 251 247 238  36 249  91  59 219 125 182 157 255 221 106 111 255
  55 157 179 122 239 194  95 255 255 236 167 233 231 241][156  79 255 247 178  90 127 252  53 142 127 243 109 111 153  35  55 247
 255 234 240 213  45 238 126 231 101 129 231 247 165 113][218 106  14 181  40 136  88  22 172  21 134 181 175 143  82  91 230 135
 253 213 206  77 195  32 210 241 250 209  36 144  13  89][112 181  56 250  57 237  80 239 171  57 168  25  62 223  76  16 137 155
  93   0  26  43 218  55 219 213  17 127  80   8 199  10][  6  76 170 186  22 229 155 194  22   1  72   3  48 222  33  72 201  59
  19 211  34 140  26 255  73 135 154  73 145  25  53 138][224 231  44  78 184  75  15 237 190  44 220 169 241 231 186 113  84  30
 239 106  98  11 239  29 240  33 174 189  16 146 134 232][111 233 181  86 201  93  95 140 219 253 165   8 234 252  93 191 145 198
 121  94 223  66 251 177 175 218  69  62 194 183 214 110][ 84 171 150 146 137   2   0 136 170 181 130  25 198 226  74  95 193 198
 104  83  26  67 139  97 153  50  95  87 128 113 167   6][148 205 158 190 130  70  23 239  58  31 233  19  86 119  40  91 245 219
  32 178 114  75  11  35 249 167 119  15 176 112 167  35][ 40 148  17 250 105 237 209   9 159  27 177  24 190 219  44  88 201  19
  86   0  26  47  90 213  71 252  18 123  82  74 199 171][120 233 156 250 137 201  85 199 163  21 164  25 174 187  64  26 137 243
 233  80  26 107 194  49 251 215  84  59 194  80 206  10][158 246  84  65  34  43 189 184  60 190  55 253 205  70 206  31  55  21
 237  38 224 213  13  86 132 194 111 198 111 182 135 117][ 47  37 229  47 221 119 234 216  86 226 233  68 217 124  29 240 221 207
 122 239 141 146 253 250   5 127 139  52 223 247 122 212][ 72 121  16 254  13 205  81  79 174  56 168   8 190 211  96  18 136  51
 106  64  66 107 218  49 245 209  17  56  90   8   3 138][ 97  44 243  65 197  44 225  19 107  11 106  80 144  51  69 126  97  30
  98  24 147  56 240  66  13  60  18  66 201 192  67 172][181 196 216  67 227  59 246 204 121  51 187  31  74 121  79  27 187 199
  74  46 116 119  25  98 118 218  69  54 233 123 203 134][109  48 133   3 137 127  66 152  38 250 167  88 210  87 201 190 217  76
 108 122  29 212 251  32 205 219 229 116 202 103  90 114][127 180 173  86 189 119  87 185  83 251 181  56  82 124 222 183 217 214
 124  59 189  98 251 158  43  95 197 255 202 103 218 119][237 245 133  39 172  30  70 184  83 250 145  77 211 124 219 183 221 196
 124 111 237 102 253  42 172 122 229 188 206 255 218  85][248  79  78 174  26 130  94 240 164 132 202 131  99 103  33  81 108 245
 205 226 104 139   1  46 242 225 174 145  37 179  52  10][109 176 133 103 145 127  97 141 119 249 231  24 211 116  30 189  89 206
 252  60  61 240 253  30 143 223  85  84 202  78 218 118][211 238   7 150  47 144 158 174 250 242 128 255 238 232  84 227 231 103
 253 199 237  79 206 255 184  18 223 187  12  84 187  79][129  20  91 201 162 102 109  23 116   2 202 114 145  55 161 105  87  30
  58 168 177 148 113  78 101 172 178   0 136 216 160 177][193 158 189  95 224 236 165 183 250  91 104 124 244 244 140 127 135 127
  98   8 179 252 186 115  45  62  84  42 208 112 135 253][229 206  80  94 221 180  78 186 209  10 253  92  96 227 189 245  89 238
  38 234 105  54 204 127  62 190 165  60 219 243 218   4][114  64 219 253 108   8 236  64  57 146 242  26 223 170  21  90 235 197
 127 131  72 119 195 192 148 254 218 144  37 249  99 128][ 99  49 195  68  93  70 104  64 233 224 105  76  82 214 117 246 216 172
 114 124 137 179 210 192  29  56 129 110  75  46 114 180][109  35 200 103 244  47  79  56  97 164 111 204 195  97 219 144  92 204
  68 126 136 176 205   8 110 157  37  20 233 251  82   0][220 207  14 190 153 230  86 172 183  12 203   1 239 243  43 211 209 247
 237 195 126 193  11  63 241 247 206  19  34 119  45  74][197 126 220 181 160  42 116 190 127 186  50 125 207  42 193  27 167 231
 108  50  36 244 203 106 140 243 119 148 200 241  11   1][109 161 169   1 221  31  71 184  66 225 173   8 211  16  90  54 153  68
 120 127 157 114 253  16 109  93 133 116 202 191 218 100][125 112 184 227 109 127  83 152  99 187 181  24 223  81  75  58 153 208
 124 122  10 102 251   0 203 219 101  61 226 251  78  35][ 39 105  98  78  93 221 254 228 233 196 253  13 106 204  55  16 248 233
 195 206 204 179 186 236  51 124 135  11  67 191 118 214][ 35 143  70 153  84 147 138 239  86  97  80 199  96 104 178 129  88  42
  18 229 247 186  13 191  40   6 159 228  29  12 248 220][247 127 238  54 218   2 238 253 178 166 202 237  97 234 219  19  63 239
 125 247 236 215 223 106  60  38 239 136 237 118 186 157][ 85 245 149  47 186 107  22 248  47 224 169 237 223 118  73 178 183 213
 124  99  95  65 223  29 176 230  15  62 232 115 131  19][249  89  23 253   5 206  69  55 244 136 230  64 243  19  33 115 192 100
  60 106 105 157 113  45 225 235 224   0  58  56 112  42][ 56 203 107  62 116 195  90 228  22  69 112 161  35 205  50  16 216 234
 131  68  74 186 104  63 106 229 164  73 119 142 116 218][136 120  90 248  99 201 113  70 185  23 100  57 188 151  99  89 166  57
 131  16  98 158 146 113  87 145  16 107  98  16  39 251][131 140 199 221 214  43 174 239  94 178  74 210 160 184 181 229  51 110
  50  29 241 252  23 255  44  62 223  70 205 121 209 172][ 34 252  99  74  87 197 167 246   5 196  76 135  48 220  55  36 120 234
  19 205 195 170  52 255  53  28 156  10 127  30 118 254][217 221  26  26 146 176 178 198 126   8 202 116 188 210 165 225 247  59
 140 209 167  13 140 127 176 165  42 203  24  17 169  31][ 36 167 137  47 188  43  71 159  54 175 249  77 227  99 136  16  89 206
  78  60  26 186 201  63 236 183  37  20 192 250 210 161][101 205 234  30 204  28 190 239  90  66 252 206 240 248 255  32 255 203
  82 239 231  35 222 123 124  44 143  60  93 126 251 140][ 50 176 155 248  90 225 177  75  22 103 233 179  21 159 104  24 251 155
 131 144  18  26 146  83 217 133 186 239 177  64 167 210][101  77  87 103 244  15 111 181 124 136 250  72 243  99 149 241 122 230
 110 110 249 184  89 110  36 190 102  16  72 186 194  40][106  88  34 152 109 240 186 166 141  76 222  35 172 158 166 196 202  35
 191 209  22  11  98 245  22 119 154 203 150   5  60  79][ 48 125 120 236  28 141  87 246 128  14 252  10 119 247  42  19  92 250
  23 104  40  35 210 175 243 141  32  56  49 217  68 171][ 89   7  84  45 176  46 102  59 105  40 126 100 231  35 129 215  54  70
 108 110 241 184   1  45 174 252  32 128 106 226 202   9][145  12 223  85  10 234 161  47 254 183 226  48 241  50 132  43 105 126
 106 168  49 253 101  31  13 162 251  80 193   0 101 168][182 239 110 202 252 179 119 252 183  60 181  59  66 197 255  85 121 202
  79 254 106 103 106 127 251  25 165 255 245 219 118 227][ 11 245 125 251 246 157 237 255  95 121  95 246 189 255 252  96 127  11
  23 157 211  56 111 215 110 223 191 228 190 140 209 249][192 189  23 250 186 233  49 103 190  21 234 176 180 247 224  80  39  51
 110  16  51 201 162 119 249 166  50  74 128 128 167  59][245 253  53  94 157 223  86 253 251 248 164   8 254 252   4 183 152 242
 120 106 121 107 250 125 187 219  69  62  90  58 194 174][180 238 110 123 104 203 253 232 118  62 243 179 113  76 156 105 233 155
 111 227 234 245 107  63  85 170 251 129 113  25 197 163][171 196  69  95  71 115 237 107  87 119  97 146  73 104 190 237  91 136
  34 174 111 118 111 215   4 122 210 110 127 204 248 196][162 174 232  26 253 249 214 239 223  71 252  57 226 237 119   0 217 106
 195  17  62  47 106 191 122  87  21  59 215 124 222 222][220  79  66 174   0   2  78 112 161 134 203 199 107 227  33 211 124 229
 237 230  72 147 136 174 242 225 239 129  39 243  36   0][220  26 158 244  34  46  49  18 160 142 231  51  79 167  35  91 230 245
 237 160  40 213 128  72 211 227 107   1 160 225  37  67][ 82 162 134 184 185 224  56  66 189  31 211 177 140 134  98  90 239 159
 239 145  26 207 194 194 153  50 154 203 128   5  39  82][ 60 127 224  79  94  27 198 248  83 172 253 238  67 100 159 180  92 220
 198 226 204  50 237  58  54  36 165 188 119 255  94 149][ 56 249 155 248  83 205  83 215  50 129 104   9  63 215  96  16 254 187
   7  16  11 154 146  59 249 197  55  40 248  18 166 154][191 181  97  10 223 115 195 232  83 116 165  26  74 212 111  61 121 200
 130 250  63 103 125 183  27   8 129 127 251  45 118 246][124  33 252 103 229  95 119 221 107 180  47   8  95 123  75  18 186 222
 228 106  24 176 251  40 255 217 101  53 226 179 206 162][231  44 170 158 156  55 203 216  87 202 222  85 208 232  63 104 221 238
 123 255 173 231 255 250 247  62 143  60 217 127 122  84][119 164 165  16 223 109 128 139  91 179 161  25 202 120  93 159 153 199
 249  53  58 103 223 210 153  30  93 127 209 109 211 102][179 207  14 155  28 147 174 236  86  96 218 215  97  72  50  65  88  42
  63 199 238 189  79 191 160  67 250 208  29  31 248 220][ 34 157  48  27 219 253 146 227 159   5  72   9 172 252  38 132 159  59
 211  21  22   8  90 255  47  22   9 123 210  79 141 198][ 85 245  93 165 186  75  31 186  47 224 170 232 223 118 137 178  54 213
 124 227  89  80 205  76 188 224 111 180 108 243   3  49][ 11 159  98 141 115 245 186 238  15  77  94 167  44 174 182 196 182 235
 183 197 150 153  54 253  62 127  26 195  31  13  45 223][ 11 222 227 153 118 179 187 247  31  75  94 247 189 206 182 228 127  59
 151 149 167 156  37 255  46  79 191 130  63 220  57 221][124 189 177 122 185 253  87 223 251 249 172   8 254 247  72 180 145 251
 252  24  27  75 250  63 185 223  21 126 210  82 135  58][244  68 214 102 195  34  86 232 113 162 163  27  75 114  47  27 123 197
  64 226 108 199  12  74 186 202  69  23 225 115 234   6][ 13 183  26  33 186 151  58 127 118 161 203 228 221  58 218 224 254 159
 218 177 151 155  93 222 254 205 143  68 174 134 169 149][216 178 158 120 169 173  81  87 187  31 176  93 190 155  64  27 165  19
 109  16  58 111 146  19 219 211 112 122 202   0 135  27][ 69  63 158 181 162 174  44 182 126 235 122 244 221 242 129 120 183 111
 110  62 181 216 157 110 140 167 127 132 136 113 139  17][209  77  18  58 146 162  22 238 117   2 202 112 236 242  33  85 119 235
   8 227 126 143  12 127 176  38  30  74 184 209 161  12][166 164 253 241 252 169 232  67 255 179 179  90 159 139  84  27 239 131
 127  25 179 127 203 210 222 154 255 244 205 201 211 160][242  64 215 245 108   8 236  64 187 146 178  90 223 171  85  90 235 197
 127 139  72 103 195 192 151 250 250 144  37 249  99 128][ 54 175 174 190 157 226 198 226 182 151 218  35  99 232  31 138 233 226
 225 213  62 235  15  47 184 102 207  11 197 127 124  70][230  97 235  68 237  80  77 237 225 254 180 169  66 205 255  63  88 212
 245 226  72 103 166 192  51  24 197 191  71 190 246 118][210  78 142 191  28   2  78 188 148   6 210 167  97 103  51  75 110 229
 173 231 108 197  11 175 240 227 234 128  52 241  53  88][231  38 236 215 232  62 173 187  90 251  31 222  80  98 223 127  55 207
  51 190 177  84 239 226  76  10 253 228 141 241 219 165][ 61 112  41 104  12  95  82  88  71 224 229  13  83 220  91  56 216 204
 206 110 141  55 253  24 211 201 161  53 121 171  90 210][103 115 129   7 220   7  79 152   3 232 153 205  83 101 223  52  92 204
  85 254 205  82 253  56  45  12 173 188 219 255  90 212][109  48 133  11  41 127  83 152 103 248 181  44 210 117 203 190 217  68
 252 126 157  67 251  48 222 219 101 190 202 239  90  87][ 41 237  32  71 125 159 198 188 111 232 108  76 242 104  23 180 152 236
  66 110 207 184  93  63  47  92   5  52  90 186  90 140][250  48 172 116  13  95  84 106 211 246 164  25  10  60  70 187 137 196
 233   3 108 111 243   0 219 211  85  63  67 108  94  94][111  53 251 241 252 172 249  91 187 219 125 246 157 255 214  58 111 191
 119 157 147 122 230 194  94 255 255 236 135 192 231 241][ 34 253 106 236 117 221 246 246  91  76 252  15  50 221  54  48 220 250
 151  69 202  58 114 191 119 221 132  59  81  26 246 218][ 69 172 173 151 188  39 175 170 126 179 139  88 244  96 217  42 153  71
 123  63 178  64 239 123 237  15 255  52 132 115 147  32][109 245 225   7 236  15  79 188  83 250 153 204 211 120 219  54 157  68
 125 111 205 118 253  42  46  30 229 188  78 255 210  85][112 104 154 244  77  73 240  64 235 128 160  10  38 217 109  10 168 177
 235  67  66 103 130 193  83 129  65  59  65  59  95 162][ 45 100 252  99 172 123 199 152  71 250  53   8 211 121 221  43  27 196
  94 122 219 116 109 178 111 219 229  52 246 251 208 161][117 223  91 206 226  47  71 250  84 234 126 236  83 243 233 116  55 236
  38 106 233  18 175  62  58 140 101 172 120 251  64  49][ 25 207  79 159  28 155 166 224 196  64 218 226 243 200 181 225 104 106
  78 239 205 169 110 253 176  41 162   8  93 155 120 140][101 142 210  94 244  58 230 250 218 170 120 108  96 224 181 213 217 110
   2  42 165 227   8  63  60  62 231  62 217 123  90 133][ 67 123  21 101  41  31 126 182 107 232  58  76 191  50 133 180 134 231
  92  72 205 216 209 237 166 254  37 178  10 180   3  45][ 86 180 180 112 169 253  16  15 175 255 175  57 142 191  78  94 135  19
 237  16  30  73 250 210 155 215  31 127 130  68 135  87][ 57 215  88 111 116  15  71 252  85  40 255  76 115  81 136  48  88 236
   4 106 233 178 121  61 227 237  37  20 123 186  66 184][ 24  12 247 191  79 107 103  82 119 171  91  98 127 245 177 236 123 254
  63  11   8 180 207 226 149  46 113 130 167 255  52 161][125 245  25 110  56  95  71 252  97 232 172  12 115  85  10  48 156 204
  76 110 205  35 249  63 243 237  37  60 120 186  74 120][  5 156 189  95 250 204 165 175 250  83  96  16 244 246 236 123 167  95
  98  12 179 120 186 113  45  42 117 108 208 112 131 248][ 56 217  26 250  29 209 214 228 196   4 236  11  98 217  32 192 200 176
 138  98  72 171  82 189 243 225   0  91  83  26 124 138][119  30 135 158  47 187 142  98 237 202 218 228 238 234 181 246 230 231
 126 135 141 139 102 239 176  54 202 154 156 119  51 125][184  89 254 118  98  73 117  68 233 210 164  43  62  63   7  59 170 243
 199  66 108 255  50 104 211 193  84  35 101 120 103 251][ 16  95  15 175 150 194  79 253   4 132 218 230 247 103  33  64 118 246
  29 238 121 153   1  46 241 165 175 128  52 186 180 121][ 32 237  91 232 124 129 239 254   6  40 248  74  53 201 177  16  94 251
  23 201  67  59  72 255 124 140 167 168  93 154  98 169][220 223  30 190 185 156  86 188 183  30 134  61 239 243  43 211 193 247
 237  66 110  71 203  63 251 243 103 155 178 119  44   3][148  12  15 186 148 227 139  65  20 132 193  19  81 247  33  73 121  57
  19 177  58 133  24  30 233 135 171  65 177  73  52 162][195  42 142 181  40 172  72  18 170  89 130 221 191 162  80  91 167 103
 125 149 142  77 195  97 192 243 122 208 140 128   3   9][239 232 227  85  70  50 107 242 115 226 118 218  73 175 213 245 127 204
  55 174 161 214 172 195  30 110 195 164  39 165 114 228][ 17  34  14  45  12 179 194  72 236   0 235   1 195 200  55  66 200  36
 106 227  12 163  71  20 128 241 131  25  69  11 121 132][ 71  83 193   5 178  14  46  57  40 224  75 199 213  38 217 242  54 197
 121 255 213 208 189  72  44  44 175 132 172 178 129 116][  3 141 135 157 214 163 166 231  94 163  74 194 176  48 181  96 105 111
  50 141 113 248   5 127  44  46 223  64 141 120 241 172][126  98 254 210 239 123 176 192 139 191 181  59  78 252 239  10 187 245
 231  51   4 103 170 194  91  87 117 191 199 127 111 199][135 183  46  26 249 149 184 241 159  89  85 221 236 236 190 161 157  59
 151  21 183  92  30 247  14  91 250 234 220 141 155 149][ 18 183   9 171 176 227  27  75  38  45 217 161 149 135  40  64 221  27
 157 145  26 155  73  21 201 197 186 229 144   2 167 243][238  90 215  83  99 120  49 144  57 127 119 244  12  23 205 223  71  92
 166  94 161 212 235 226   6  58 112 134 202 253   6 253][224 165 185  96 136 109  85  15 106  55 173  24 150  55  72  26 129  22
 104  16  26 111 243  19 219 149  84 127 192  72 198  42][100  56 145  84 105 108  81   2 171 191  37  56  30 183  65  62 131 116
 108   8   1  71 178  66 149 182  85  62 194  97  71  51][138  29 114 159 247 212 191  99  31  76  92  51 172 254 182 228 254 123
 151 145 246 186  50 255  63 127 142 203 151  76 189 255][ 18 215 119 167 170  11  63 253  45 126 218 231 237 102 136 103 127  87
 239 227 225 209 109 253 180  50 239 134  54 246 167 253][ 44 231 193 111 180  43  71 191  55 173 251 236 227  99 136 148  89 206
  78  60  26 184  73  63 236 246  37 212 226 218 210 169][ 93 189 191 103 185 252  87 150 238 233 142   0 254 247  65 246 129 118
 252  26 153  73 187  42 235 255   5  17 130 115 199 107][215 198 239 254 210   6 110 252  53 130 219 215  65 111 185  83  63 229
  63 238 232 213  13 110 250 238 239 132  37 242 224   0][ 23  20 102  72 119 182 248 216 237  94  95 135  72  78 191 125 247 133
 151 183 134 133  47 220  18 122 203 198 183 231 112  85][240  73   8 122  24 140  87 220 162  44 164   9  55 211   3  24   0 242
  77  74  74   7 154  59 243 169  52  57 112 145  78  10][124  58 208 120 105 169  82   0 171 168 176 105 207 219  65 154 142 245
 236  82  28  99 202 136 154 209   1  59 234 103  74   3][  9  13  29 105 176 110 109 183  36  11 110  80 147  55 128 114  69  94
  62  24 121 152 113  34 101 175 182  64 160 208 196  57][124 181 248 102 245 125  87 121  73 164 189   8 106 253  76  54 152 214
 196 106 216  99 184 170 251 221   5  63 227 235 198  35][ 86 233 150 178 137  12   1 200 171 180 131   9 198 226  74  86 225 197
 236  83  14  67 155  33 153 146 207 127   0  50  47   6][246 115 236 188 110  25 212   9 203 214 145 175 231 204 219  27 174 193
 237 103 204 103 238 128 214 113 105 187 117 189  94  87][192  46 188 117 172  47 116  23 123 187  50  88 183  59  64  27 163 119
 109  16  56 252 193  42 207 219 116  49 192 192 199  11][108  96 184  99 109 127  83 152  99 191 165  24 223  89  73  58 153 220
 100 122  10 102 249   0 207 221 101  61 226 251  70  35][229 127 186  43 189 159  86 216 119 236 253  77 199 201  91  80 221 236
 238 119 222 115 219 178 254 213   7 127 202 255 202 151][109 207  92 111 116  11 231 188 124 128 255  72 243  99 152 112  90 230
 110 106 105 184  77  47 228 239  36  16 108 186 202  40][ 71 140 189  83 200 228  45 167 190  19  34  16 244 246  76 127   3 115
 122  28  51  88 187 113  13  30  87  76 128 208 135 108][124  95 150 174 169 186  86 168 169 156 235 109  79 250  11 210 244 245
 237  98  76  67 139  41 178 247 111 159 168 119  43  23][ 40 217  56 250  29 205 151 230 196   4 236  10 182 217  32  64 200  58
 130  66  74  43  90  61 227 221   0  27  80  26  92  42][ 34 188 232  57 255 233 148 207  31  55 120 171 231 237  78   8 155  27
 227  17  18 106 219 179  79  86  85 127 245  76 215 218][ 38 156  58 154 223 253 146 198 159  69  76  19 174 220  38  64 221  59
 131  17  54 172  90 191  47  22  26  91 208  78 157 222][ 68  60 243  84 235 232  49  66 171 191  45  56  30 183 197  62  39 126
 224  16  17  91 178  66  29 180  81  42 194  97   7 243][102  60 130 152 249 224  56  66 189   7 234 185 140 134  96  88 207 159
 255 144  26  79 211 194 157 182 154 219 148  69  39  82][ 33 207  83 200 124 147 207 254 206   0 248  70  57 194 181 164  90 234
   6 238 227 171 100 255  48 140 167  56  93 154 241 173][104 191  17 210 185 189  82 255 171  49 168 108 174 211  64 148 143 155
 206  16  27  11 218 245 186 212  17 126 218   6 139  31][189  93 105 110  76  15  71 248  65 236 244  76 115  69 153  48  92 236
  87 110 201  38 124  62 243 201  37  60 121 187  82 240][193 217  93  77  98  30 118 180 104 202 118 108 255  82 128 115  38 101
 124 106 197 240 245 105 166 171 102 128 104 178 139  61][125 101 249  71 230  91 231 152  83 242  63  10  83 121 223  42  59 196
 118 122 201 112 253  42 127 207 229  52 231 251  80  96][ 30 251 241  82 187  80  20 253 147 221 180 167 104 255 239 183 183  91
 149 208 127  75 186 249 123 215 159 255 179 116 175 255][111 229 225   7 252  31  79 189  83 224  27 204 211  96 223 182  22 196
 125 111 237 208 253 174  46  94 229 180 110 191 210 116][124 197 190 126 137 124 215 168 226  31 174   8  98 253  41  27 153  82
 232  98  58  97 171  41 243 251  69  27 210 121 236  34][ 82 181 184 112 185 237  16  15 171  61 169  25 142 190  76  58 135 147
 253  16  18  75 250 211 155 212  31 127 128  64 135  71][124  33 250 102 221  94 119 248 224 172 255   8  91 251  75  18  58 212
 236 106  88  51 249  40 251 233  37  53  99 179 238 162][203 188 151 184 139 237  16  87 191  91 160  93 190 151  64 219 165  51
 255  16  51  79 146 243 217 211  94 122 138  68 171  27][ 35 253 121  90 245 141 223 255  95  73 124  27  50 221  52  48 221 186
  23   9 251  58 112 255 127  28 148 106  83 216 210 250][ 44 114 184 103 108  15  87 152  99 186 181  76 211  89  73  58 153 220
  68 122 200 118 217   2 199 221 101  53 232 251  74 163][  2 188  56 155 211 253 178 206  31 117   8  25 172 158 102   0 129  27
 211  17  54  28  26 247  47  22  31 107 144  77 143 222][ 89 253 155 236  19 207  83 223  55 201 108   8 191 247   0  48 183 251
  28  80  11 154 176  63 249 229  37 105 160   2 167 107][212  79  79 239   6   2  79 176  36 230 195 230 115 103 137  83 118 228
 125 238 105 149  41  44 240 235 231 144  36 179  52 120][ 11 161 109 249 246 155 233 255  95 113  94 214 189 175 252  96 127 139
  55 157 211 184 111 215 110 223 191 228 191 136 241 249][ 41 239  32  15 117 159 230 245  95 164 237  12 227 232  22 148 153 234
  66 111 206 184  92  63  47  93   5  48  82 158 218 140][109  49 248  65  40 123  81 152 111 232 182  40 223  92 207 190 150  92
 252 120 141 114 237  24 206 217  33 183 206 175  90  87][199 175 183 147 178 184 173 167 190  87  15 212 172 230 198 239  39 115
 251 157 178  88 174 227 172  22  95 194 132 196 133 109][149 165  30 163 208 143  62 229 116 173 219 135 213  10  58  81 254 143
  94 255 244 155  13 124 254  77 175  68  40 130 169 128][208 211  12 185  24 133  93 189 164  93 150  53 247  71  10  81 228 131
  77 165 122  13  83  21 233 227 254 213  56   0 148  91][ 85  97 233 101  48  78 111 188  96 224  10 192 211   7 217 114  54  76
 125 255 193 208 253  40 237 172 175 132  36 179  83 104][ 21 157 211  69 178 122  63 246  60 224  94 224 221  55 129 240  55 127
  60 234 209 153 165 110 172 239  47 132 172 243 165 121][ 88 207 127 111 178 130 127 191  38 133 110 161 119 103 128  80  55 255
 109 136  88 152  35  47 253 167  37 192  32 130 164 105][221 121 253 101  10  26 111 178 102 160 142 136 155  54 129 242  38 213
 124 232 201 218 245  76 237 233 239  52  39 177  15  32][ 54 231 104  15 250  19 158 253  83 164 188 239  99 108 222  48  31 223
 230 227 220 106 239  63  62   7  37 191 125 186 142 221][193  78 157 189  44  42 109 190 220  18  82  80 245  34 177 107  70  69
  60 235 225 197  71 121 132 162 250 148  28 249   1  41][ 80 107  14  61  44 239 194  10 238  76 186  69 195 200  23  66 200  36
 108  71 141 225 211  56 129 227  35  25  88  27 125  18][ 92  79 255  69 178 106 111 180  48 164 126 226  89 103 149 118  54 247
 125 234 225 209 173 110 122 239 231 132  39 243 167  33][ 23 108 238  85  68 182 168 194 122 243 118  19  17 136 119  40 123 109
  19 141 134 244 148 203  95  15 219   5 101  97 123 196][ 41 221  91 105 112 207  99 246 119 232 110   4 119 211  32  48  56 186
   6 108  73 186  48  63 111 205  37  64 122 138  66 185][145 142 158 117 160  46 124  55 189 190 166  85 247  34   2  91 133 102
 108  46 124 221  83  46 202 251 116  17 104 240 202  11][ 36  23 215 207 244  43 102  26  87 139 219 102 112 241 137 228 126 254
  46 138 153 240  73 107   4  38  33 130 175 251  48 165][ 25 221   5 187 178 203 173 175  30  85  72 167 189   6 170 192 119  11
  18 149  87  24 111  55 172 199  62 196 188 158 133 217][138 108 211 219 115 240  56 198 191  23 100 176  44 151 165 220  39  59
 131 144  34 220  34 243   7 118  26 131 150 212  39 239][135 232 236 179 252 141 251 132 142  85  20 157 177 200  95  11 143  99
  91 223 182  76  94 113 110   9 254 249 157 145 147 192][ 45 105 253  87 244  95 231 148  83 232 119  10  83 121 223  46  24 236
  54  94 203 244 253 170 111  79  37 128 231 187 210 229][ 35 108 227  85  86 178 232  70 123 227 126 210   8 174 149 188  63 253
  19 140 129 212 164 202  22  62 155 164 231 245 115 164][  1 141 135 159 148 170 167 167 118 129  74  66 176  32  16  96  97 110
  42 201  51 248  69 127  44  38 223   0 129 120 177 172][143 190 172 119 185  31 158 190 222 243 148 213 253 109  27 163 135  83
 217 127 247  72  95 191 239 219 223 181 222 253 153 153][223  12 142 191  44  34  78  56 180 194 211 215 219 107  27  75 116 229
 189 231 172 213 207 174 192 227 234 128  44 241  56  80][  0 201 150 186 219 129 116 239 183  17  64   1 109 227  40 217  99 235
  34 156  86 203  26 117  46  86  86  75 178  84 171 142][ 65 107  17 101  48 159 111  54 109 232 106  76 191  50 133 240 134 231
 124  76 205 248 241 109 165 252  22  50  72 146  67 109][ 15  58 211  83 227 248 179  88 187 207 125 228  76 231 239 252  55 122
 178  30 131  16 174 224  14  30   3 166 207 231  71 245][108  48 181 225 237 109  80 154  75 187 181  24 159  29  73  26 137 208
 253  24  26  98 251 144 207 217  81 127 210  75  70   3][ 52 175 142  62 188 162 198 171 214 148 203 229 227 232 179   3 217 230
 104 245 188 251 207  47 168  38 207  69 196 107 252   0][ 41 221 121 109 116 143  71 248  69 108 126  76 115  97 176  48  92 236
   6 110 201 178 125  63 102 237  37  20 123 170  66 240][108 236 188 118 141  77  85 174 195 190 172   9 242 121  95  26 137 210
 233  90  74 111 251 160 235 219 213  59 194 123 214 106][109 199  92 109  84  11 103 188 116   4 110   8 243  99 154  80 122 196
 110 110 104 176 101  63 230 239  37   4  97 185 198 224][ 39 108 168 158  29  47 203 216 222 234 196  13 210 248  31  40 217 236
 123  47 169 103 251 186 237  63 143  60 216 127  90 242][ 71 114 248 169 110  41 185 222  74 231  80 175 135 140 215  10 183  77
  39  87 132 118 198  64 212   5 123 172 205 125  11 213][192  60 157 247 168 173 116 151 254 187  34  92 183 179  64  27 135 119
 108  16  51 236 210  32 205 147 116 112 200  80 131  11][110  48 251 241 244 168 249  83  59 217 124 178 157 191 212 106 111  63
  55 157 147 250 230 192  94 253 251 236 135 192 227 241][124 114 251 118 110 112 151 200 235 142 177 171  79 220 239  58 191 245
 229 115 132 103 174 226  82 215 101 175 199 247  39 195][ 56 253  27 232  82 199 115  87  55 193 104   0  55 215  32  16 122 187
   6 144  75 154  16  63 253 197  39  40 120   0 166 187][149 204  12 191  28 147 174 236 212 114 211 215 243  72 187 225 120  98
  63 231 237 181  77 191 164 227 235 144  61  31 120  12][197 173 249 103 182  43 174 168 126 162  75 250 245 113 217  32  51 110
 122 107  48 240 205  62 236 175 111  68 164 243 145 160][191 148 229  25 207 115 176  75  86 115 225  23  72 108 126 239 249 141
 162 165  53 118 127 147   7  99 219 103 253 109 248 214][167 251 172  24 168 157 156 252 203 218 180 109 166 204 247 183 141 105
 222  95 231 111 218 120  42  24   5 190  88  60 203 223][244 110 109  53 168  10  79 173 176 190 162 221 211   5  17  19  77 228
  77 239 232 199 205  14 240 162 237 180  32 240 214  72][ 84 189 186 102 185 252  86 183 234 137 174   8 247 247  65 114 177 246
 124  88 155   9 185  43 251 239  37  91 136 114 143  59][  7 118 193 129 182 171 171 154  30 241   9 255 141 100 221 140  23  77
  17 157 147  80 221 210 140   6 159 244 141 223  19 244][248 112 188 116   9 125  81  56 194 254 165  61 214  61  74  59 132  85
 253   1 141 101 243   0 203 203 113 127  64  40  86  83][147 215 127 207 138  15  63 253  47 102 222 230 125 103 142 102 118 215
 127 238 193 145 175 223 181  46 111 134  53 242 165 125][ 11 219  98 140 243 213 190 246 143  77  94 167  44 174 182 196 254 251
 183 197 135 155  52 245  62 125 138 203  31  30 173 223][119   5 238 200 236  54 248  75 173  88 155 135  72 110  63 122 255 133
 127 181 148 163  63 212  19  62 203 206 149 231 113  85][ 86  52 188 240 171 236  24  11 191 183 138  25 142 191  68  90 167  23
 253  17  22  77 187 194 155 246  95 127 128  68 135  86][ 87 150 109 159  26  54 171 184  14 238 155 231 249 108 158 101  55  69
 125 239 245 133  61 255   0  46 235 144  29 167  49 117][149 231  14 171 188 139 110 253 116 172 211 103 215  74 154  65 248 239
 110 255 252 217  77  62 252 227 175 197  41   2 248 131][217  24  12 189  45 223  64  16 230 248 134  29 215  20  19 235 192  36
 236  85 173 229 115  28 195 243  99  81  90  45  28  82][221  68 142 191 172  58  78 184 116 210 211 215 223 106 187 235  83 197
 125 167 173 197  79 138 192 227 239 148 188 249  56  64][173  75  97 111 124  15 207 248  81 232 244  72 115 101 153  53  92 236
  22 110 233 178 109  63 103 232 165 180 119 187  82 233][  9 128 109 249 118 155 233 127  95 113  94 214 157 143 252  96 127  11
  55 157 147 248 103 215  78 207 186 228 191 136 177 233][ 57 189  91 104 112 207  83 255 119 200 108   8 119 215  32  48  50 186
  86 120  75 186  48  63 255 237  37  64 122 130  98 171][ 85  97  11  37 148   6 110 189  32 224 202  70  81  19  25 176 120 204
  80 238 201 144 149  12 244  44 173   4  45 178 250 176][ 40 133  57 251 253 205  85 191  94  53  44  24 182  17  40  96 129  26
   2   8  83  40 115 181 111 157  16 126  82   8 197 234][ 27 159 107 201 246 247 251 119  31  73  94 231  61  62 182 100 127 171
  23 157 183 152  37 223 126 111 186 192 191 204 177 253][ 80 189  58 110 178 142  83 255 115 136 238   8 119 243   0 112 182 254
  92 120 202 154 176  63 251 237  37 120  40 130 134  59][121 173  53  96 157 253  87 239 239 185 172   8 190 251  64  50 129 243
  92  88  30 107 250  61 251 221   5 123 210  82 194  46][ 44 112 184 101 100  15  87 152 115 170  55  76 215  89  73  58 157 220
  68 122 201 116 217  10 231 221 101  52  72 251  66 179][249  45  56 101  17 222  73  39 241 164 174   8 155  19  19  55  72 180
 120 136 104 222 244  14 239 249 145  49  34 160  70 104][212 140 173 183 142  96  87 175 178 183 131  19 215  39  73  75 161 215
 109 147 120  77 219  35 249 163 255  85 160 113 149 106][ 75 188 150 184 233 188  48  23 191  91  70  28 172 147  64 255 133  55
 251  16  55  77 146 209 159 242  94 106 138  68 171  31][167 133  37 195 156  15  15 185 142 112 131  18 209  39  24 103   5   6
 121 110 243   9 125 159 239  26 201 116  22 139 144  96][  2 188 176 155 243 245 176 207  31 119  64  25 172 158  70   8 177  27
 147  17  38  28  59 247  15  22  30 103 208  76 143 222][ 85 221 159  39 170 110  54 167 168 217 170 104 247 114   9 114 163 119
 124  66  85 201 155  32 249 167 111 146 136 114 131  27][253  79  78 172 188  18  78 246 213 194 222 231 127 106 179 211 122 229
  62 239 237 131   5 238 242 227 239 128  47 255  56  76][ 57 207   5 207 157 151 206 255  84  64 252  70 251 104 180 164  88 162
  78 236 239 171 117 191 161 223 134  24  95 218 217 172][ 98  60 138 153 249 224  56  66 191  23 248 185 140 142  69  88 207 191
 255 144  26  15 210 242  29  52 154 251 144  69  39 210][ 65  57  57  39  48 141 103  54 109 196 106  12 183  18   4  48 134 111
  92  79 193 184 240 109 165 253   2  16  64  18  67 108][109  32 177  74 205 109  65 157  67 119  45  28 210  53  88  30 153 138
  98  60  27  54 251  16  79 156  80 124 210 219 214 114][ 34 188 176 155 223 253 146  71  31  79  80  19 172 220  39  72 217  59
 147  17  54 174 122 191  15  22  30 123 144  76 157 222][103 237 225  71 236  59 238 183  75 224 222  74 176  56 213 166  72  78
 114  95 213 248 253 160  46  56 133 176 207 255 208 236][252 251 122 100 180  15  87 248  97 172 190  41  83 217   9  16 120 212
  77  98  88  35 137  44 251 233  37 125  99 187 102   3][125 117 241  71 198  91 231 252 123 226  63 106  91 121 221  38  59 204
 118 106 193 240 189 170 126 140  37 164 111 251 210 225][ 23  49 251  35 178 186 186 208 254 201  95 230 221 252 255 168 182  57
 222 117 183 241  44 192 142  77  43 198 205  39   9 213][228  42 221  65 242  42 107  88  48 162  99 248  81  35 193  27  54 220
 103 250  48 214 201 104  92 138  97 228 160 225 102 161][ 69 120 217 103  98  74  63  16 120 202 119 236 255  86 129 112  22 125
  52 106 193 148 252  74  68 173  34 128 108 179  11 185][ 34 184 232  57 202 233 176 207  30  51 120 239 165 253  68   8  63 155
 243  17  18 122 219  17  12   6  93 118 253  72 131 154][ 84 123 158 164 170  14  22 232 168 224 163 237 207 242  75  82 182 221
 236  99  77 195 153  40 184 225  79  62  40  51  43  23][ 93  79  94 228 242   2 127 244  49 134 254 199  93  43 179  83 118 229
  61 238 232 155  13 238 242 239 239 128  47 179 168  65][ 40 173  42  51 213 253 226 230 223  45 108   9 162 233  54 132 153 106
 194  77  62 184 104  63 111  95 149 113 194  95 222 206][ 93 181 189  99 168 109  87 152 254 123 171  56 215 117  73 123 145  86
 124 114 123  97 235  50 233 199 101 116 240 115 133  35][236 112 184  97 173 127  83 152  67 187 180  24 155  29  73 186 137 212
 253 122 138 102 249 178 207 221   5  53 194 251  86  35][211   4 190 190 139 244  16   3 252 207 195  17 238 254  51  91 192  39
 253 129  60 207 242 138 145 115 218 155 128 100  61  71][125 229 225  71 246  95 111 188 121 224  63  78  91 120 157 182  50 204
 116 111 197 240 253 174  62 110  37 164 111 191 210 229][ 69  71  86 101 176  14 102  60 105 168 123 100 215  51 136 119  54  68
  76 110 209 176  69  12 164 232  37   4 104 178 194  33][ 50  36 238 198  85 123 248  67  13 174 255 171  66  45  53   8 232 191
 151 163   8 179  33 200  23  30 208 131 229 235 116 198][ 93  79 255  69 178  90 111 180 121 164 126 226  91 103 149 114  54 245
 124 234 193 241 173 110 126 239 103 132 103 179 231  33][113 185  25   2  91 157  18 233 171 113 169  77 174 214  78 144 166 163
 202  84  23  11 218 117 191 213   1 126  88   2 139  28][  2 248 214  91  67 241 176  71 191  23 100 176 172 222  38 252 235  59
 130 144  38 220  34 243   7  22  90   3 147  84 175 158][  7  59 227  64 242 184 187  80 171 197 125 231  72 238 231 236  54 121
 151 158 135  17 174 200  30  92  35 170 231 231  39 245][ 31 179 244  67 187  84  27 185  11 249  61 166 108 127 206 166  39  95
 181 144 215  72 191 241 111  93  15 239 191 134 175 245][ 35 173 113 217 245 175 237 255  95  11 120  94 186 249  52 164 221  58
  19   9 251 186 112 255  47 158 148 114  95 200 210 184][ 66 181 185 240 249 237  25  75 187 191 169  25 142 255  68  24 167 155
 249  17  50  75 146  83 219 213  31 127 128  64 135  34][ 95 223 127  69 178 130  63 182  52 172  94 230 125  39 129 112  54 247
  61 238 209 153  37 110 254 239 175 128  39 179 165 121][183 231 104  47 250  11 143 189  86 228 248 239 115 108 158  16  30 207
  70 231 252  50 237  63 124  45 173 180 125 186 218 221][185 239 105 100 116 143  71 248 113 172 252  72 115 113 144  49  24 236
  84 110 232 178 104  63 241 205  37  52  99 186  82 233][208 252 159 183 170 232  53 231 190 159   6  48 253 247  33 123 167 119
 236   0 113 205 162 107 233 163 127 131 128 112 167 107][120 143 108 109  84  11 101  59 116  36 110   8 179  33 147  80 120 140
 110  40 104 184 101  31 245 239  37   4  97 168  70 232][ 88 167 115  73 210 134  47 255  38   5 238 128 105 231 168  84 118 158
  11 136  82 153 169  95 125 172  38  64  50 130 164 104][207 173 166 147 155 176 174 167 190 151  15 146 236 230 126 231  39 115
 251 157 178  77 190 243  47  62 223  75 134  68 173  44][ 70  59 211  80 242 232  51 198 186 161 104 248  60 183 197  62  39 127
 227  16  18 219 162  98  29 180  21 234 195 209 167 177][221  28 174 189 172  38 124 154 182 250 150 247 215  43  19  75 231 197
 125 175 173 197 203 128 222 227 239 132 172 249 185  81][220 135 236 235 155 112  91 152  22  23 141 146  89 103  75 122  85 222
 249 250  58  66 255  51  79 231 197 125 183 227  60  98][ 35 189 121  88 245 237 245 255  95  91 124  26  58 189 110  48 221 155
  19  16 242  58 114 215 127 222  20 107 211 200 198 255][223 180 142 183 160  38 124 158  54 251 150 245 223 111  75  91 183 207
 125 189 189 212 139  66 202 227 255 196 172 240 171  81][ 71  58 174  86 172  60 105 151 235 155 139  92 244 250 223 122 133 103
 124  29 149  75 251  96  29  62 255 250 136 113 249  37][119   5 235 168 244  38 219  75  63 200 219 195  81 238 117 104 255 173
  23 181 156  19 148 202  91  60 171 140 181 227 113  84][199 156 148 183 141  95  92 170 223 242 130  93 254 120  93 171 129  71
 121 111 237  69  91 189 171 218 221  54 158 124  24  30][ 87 208 101 143  44  23 138 184  68 104 147 199 217  76 157 224  93 197
 125 239 137 133 125 191 132 110 235 212  29 183  17 116][  2  60 138 177 248 237 184  71 190  93  74  17 180 174  98  88 205  59
 219  17  50 152 210 246 141  21 154 227 144  64  23 218][ 53 125 251  71  86  91 231 252 105 232  63 234  83 125 221  38  58 204
  84 106 201 240 173 168  62 140 165 180 111 187  86 245][146 212 125  99  34   7 185 254  62 115  19 247 213  31 156  35  39  23
 127 165 225 221  13  87  76  10 126 196  93 128 161 249][  3 185 146 154 235 253  49 199 175  89 104   8 188 182 102 124 165  59
 242  16  23  90 146 241 159  54  94 107 152  64 163 159][ 84  66 220 229  36  46  95  16  32 234 151  36 215  39 131  91 102 244
 125 110   8 197 193   8 208 235 230 144  44 243   0  99][  1 183  29 103 176  47 111 190  52 123  46  76 247  35 136  49  21  70
  92 110  57 216  89  61 236 131 117 148   8 209 131  57][137 144 109 249 118 187 233  87  95 113  86 246 189 143 244  96 111  11
  23 141 179 188 103 213  78 223 186 224 191 136 177 249][ 61 239 104  37 182  15 239 188  20 234 126 207 243 104 147  32  62 204
  85 239 205 176  77  62 228 237 173 180 109 187 218 217][ 57 253 123 109 114 143  67 119 117 140 104  76  55 115   0  48  50 186
  70  40 202 186  48  31 127 237  37  64 114 130 102 171][ 41 207  99  77 116 143 103 252 117 168 126  72 115  97 148  52  24 234
  86 110 201 184  97  61 103 140  37  16 115 186  82 169][ 36  21 255 230 244 227 183  67 204 165 251  43  80 188  53   0 248 183
  19 131  16 179  16 194  85  45 138   3 197 123 244 130][121  95  78 172 140  22  78 246 193 194 222 199 123 235  51 115 126 230
  60 239 237 139 213 174 242 235 230  24  45 255 248  88][252 123  91 100 146  15  87 244  33 164 246 239  23  27   1  16  62 252
  77  98  72 187 145  46 243 233  37  20 105 179 102  19][217  16  60  61  41 221  80   8 239 112 134   9 255 157   3 235 128  52
 252  69  15 101 211  17 195 241  64  27  90  12   9  90][130 176 176 155 211 229 176 207  31 119  64  25 172 158  78   8 159  27
 147  17  54  92  90 243  13  22  30 111 208  76 135 222][132 190  83 115 242 134  43 240  50 136  99 244  85 199  72  17  55 125
  83 250 115 220 152 110  45 134  39 196 168 129 163 177][232  40  45 117  85 213  65  39 113 173 230  24 179  19  18 177  72 174
  76 136  40 250 241  12 199 251 208  17  98   0 102 106][ 49 241  24  42  26 141  83 120  46 104 169  13  55 222  74  16 188 169
  68 118  79  35  88  29 249 205  35 124 120   3   3 211][130 184 176 155 223 229 178  71  30  71  80  19 172 220 102  72 221  59
 147  17  54 190  90 243  15  22  30 107 144  76 149 222][236 116 248  97 173 127  87 156 123 186 182  24 155  29  89  59 153 220
 213 122 168 116 249   2 239 217 101  53 194 249  70  35][249 173  61 122 189 221  87 239 239  61 168   8  63 249  64 177 137 179
 108  88 126 107 250  61 251 217   5 123 114  72 198 106][106 188 187 240 249 237  49  67 187  63 108  24  28 191  68  56 163 187
 211  16  50 122 178 211  95 151  21 107 192  64 135 162][ 41 181  49 217 245 255 245 111  95  43 124  26 190 185  60 164 153  27
  19  25  19 184 114 215 175 222  22  98 219  72 211 170][  2 212 182  27  67 241 176  71 254  87 105  51 172 222 110  72 171  27
 163 145   6 124  50 211   7  22  90  11 209  68 173 206][221  12 173 189 172  58  76 155 124 250 210  82 215  40 145 235 211 197
 124  39 253 245 237 138 194 235 127 148 188 249  25  64][ 68 114 157  69  32 110  33  24 106 234  50 104 214 119 193  58 150  85
 108  56 129 244 177  72 133 190  97 132 200 241   7  49][  8 175  67  73 209 131 111 231  39  37 238 128  33 135 164 212 112 190
  11 216  90 155  32 127 125 172 135  96  50 130 166 168][ 89 207 123  69 114 146 111 180 117 140 254 230 121  39 149 116  54 245
  61 238 201 152 165 110 126 239 167 128  39 179 229  57][161 237 105  71 188  27 238 167  64 224 154 206 243  56 212 162  90 206
  92  79 221 186 253  47  44  77 175 176  77 250 218 140][ 57 205  21 253 157 159 206 255  93 105 252  78 251 120  52 164 217 162
  94  44 255 168 113 191 171 223 158  80  90  88 216 124][ 40 187 208 161 222 173 176 223  22  33  88 207 157 185  64 128  61 155
 115 145 147  58 211  17 125   5  61 236 253  72 131 155][ 34 181 241 219 245 237 245 239  95  83 124  18  56 189 100  36 217  27
 147  16  19 186 122 247 111 222  22 106 211  72 199 251][223 225 181 186 169  85   7 136 243 122 129  40 222 246 201 255 209 213
 252 250 127  67 234 176 185 211 239 254 146 119  39 101][198 172 172 154 155 176 168 143 190  23 140  18 172 234  94 239 227 227
 251 157  54  77 191 243 159  23 223 107 148  69 189  14][223  96 227 194  87  84 249 220 123 228  87 150  73 206 255 246  55 205
 180 221 231  86 174 194 186 121 143 236 167 182  43 117][204 230 156 182 168  40  29 143 138 182 133 189 207 235  75  91 131  71
 237  39 124  69 203  32 202 211  95  61 148 245 141  66][213  84 142 162 140 110  86 156 244 122 143  57  86 114 107 123 241 198
 124  51 125  69 139  34 240 167 237  21 152 123 184   3][210 174 174 179 129 244 189 167 254  31 142  17 164 186  94  75 225 119
 233 145  54 221 171  99 253  35 254 193 128  64 189  74][166   5 235 232 244  38 235  91  26 137  81  82  81 235  53  73 124 189
  23 189 177 210  16  78 125  44 171 196 157 225 240 176][107 176 129 177 201  39 168  75  50 251 136  13 144 190  64 154 221 223
 115 149  27  90 211  64  13   6 223 108 137 100 154 154][ 89  45  57 103  21 204  99 100 108  68 110   8 191  22  18 112 176 239
  88  79  75 184 241  45 245 237   0  16  96   3  71 104][222 158 222  55 170  42  29 187 189 191 147 245 205 103 139  91  39 247
 237 166  56 197  11 102 218 227 127 151 174 245 173  83][ 78 188  52  56 185 253  16 138 235  29 173  25 142 254  78 222 129  19
 232  17  22 107 250 117 139 247  19 127 210  69 143  70][179 239  72  63 180 143 238 183  54  97 122 223 243 104  18  17  95 234
  21 141 255 248  93  63 238  46 173 192 109 220 218 216][133  92 158 182 172  46  87 184 212 214 131  21 246 113  43  75 217 102
 124 111  44 229  90  42 224 243 119  16 136 123 176   2][232 156 109 101  20  79  97  51 116 172 238  13 179  37 128  81  72 174
 110   8 104 188 241  15 199 239 112   0  99 168 118 250][248 241 184 112 139  77  85 191  50  55 164  25  55  55  66  27 129 147
 205  16 122 105 243  49 235 195 116 127 240  80 134 123][ 45 124 184  97  36  47  83 152  98 234  39  76 215  81  65  58 157  92
  68 122 137 244 217  10 207 221  37  52 200 251  66 179][248 169  24 120 137 201  84 175 178  55  36  57 175 163  66  27 129  51
 237   0 126  72 194  53 235 195  84 123 114   0 142  74][120  44  96 101  29 127  68 103 115 166 172   8  11  25  85 180  40 172
 221 136  72 126 241 158 243 221   5  55  99 236  94  46][ 92 250 189  99 186  79  87 152 230 188 183 104 215 245 201  58  55 212
 108 122 153  97 171  32 249 199 101 244 224 243   7  33][ 91 248 148 117  13  95  80 172 239 248 130   8 255 120  17 171 129 117
 125  97 173 105 219 189 139 251  93  23 106  44  25  30][121 205  39 172 220   6  79 183  69  64 234  79 115 107  49 112 216 230
  63 236 205 170  83 175 243 239 230  24  56 186 240  88][ 42 188 179 114 249 237 177  71 187  31 108  56  44 255 100 156 171  59
 131  16  18 122 178 243  95 223  22 107 211  65 231 234][111 112 177  80 201 125 208 200 251 243 165  24  94 252  77 191 137  85
 249  16  63 103 250  16 155 223  85 127 202 125 202 118][ 67 169 179 154 249 205 177 199 239  93 104  24 188 250 110  48 163  59
  50  16  22  24 178 113  13  28  30 107 208   0 167 207][130 184 177 155 207 237 176 207  30 127  81  19 172 220 110   8 221  27
 179  17  22 124  90 243  13  20  26 107 144  76 133 219][233 189 224  39 220  15 198 191  82 235 218  94 243  56 154  32  89 206
  94  45 253 184 221  47 108 207 165 240 237 218 216  25][  9 128 125 251 118 169 233  87 127 113  87 214 189 143 180 104 111  11
  55 157 147 188 101 215  70 255 186 192 191 136  33 233][ 41 207  83  77 116 143 102 127 101 168 126  76 115  97 148  52  58 106
  70 108 193 186  49  29 110 174  37   0 107 170  66 169][211  48  21 124  41 221  80   0 239 242 131  24 190 156   1 123 130 181
 253   1  47 101 211  17 147 250  80  27  72  13   8  30][ 24 189  51 249 149 255 241 103  95 113 125  16 190 185 100 164 185  59
 146  17  27 184 122 183 175 223  23 115 211  72 197 170][221  86 220 229  32  46  95  16 160 202 182 100 215  55 139  91  86 213
 125 110 168 196 193  10 210 235 226 144 172 241   0  49][184 121  91 100  18  15  71 244  49 236 242  79  51 135  33  17 124 252
  69 238  73 187  48  46 243 237  37  16  97 178 102 120][ 32 173  18  88 209 241   2 231 246   1 236   0  32 242  36 180 216 187
 194 144  30 187 224 127  57 180   2 107 209   0 174 142][149  93 111  37  54  90 238 240 124 224 126 230 119  60 147  33  54 228
  92 111 229 176  37  44 246 233  37 128 109 243  83 121][ 41 157 123 109 114 143  99 119 101   8 126 100  51  51 160  52  62 186
   6  40 193 184  49  29 103 172  32 128 123 128 226 169][ 17  79 123  69 114 146 111 247 117 204 126 230 121  39 181 116  54 255
  22 238 193 152  37 111 118 236  38 128 103 178 103 253][148 123 127  69  54  75 239 240 112 232 182 234  83  77 213  35  62 244
  76 234 233 245 173 108 126 139 101 164 101 187  86 177][212  92 174 183 138 102  21 182 164 254 134  55 215 127 107  75 229 247
 253 227 252 197 123  32 249 227 255 147 160 113 181  83][ 65 169  29  97 176  14 111 186  36 121  46  68 215  51 136  50  21  70
 124 108 153 152 121  29 205 191 117 196 168 227 130  57][  0 157  30 187 144 206  61  39 174  29  74  17 181 183  32  64 225  59
  57  16  82 152  18  53 237 247 154  65 128   0 165  90][ 44 112 188 101 229  95  87 156 107 250  54   8 219  61  89  59 157 220
  85 122 200 240 249 136 239 219 117  52 194 251  70 171][ 41 177 136 129 217 173 168  79  62 225 232  29 176 187  64 144 141 139
 211 157  19  58 210  81  93  29 159 108 201  72 138 152][125 229 220  40 168 113  86 174 226 250 172   8 215 114 203  51  19 192
 124 122  79  67 207  48 234 201 101 253 176 243 202  67][164  17 187 254 222 101 163  64  84 129 225  90 245 253  41  72  92 251
  19  81  49 178  80  42 113 164 138   8 217 107 117 176][120 173  62 122 185 217  81 239 239  61 188   8  47 249   0  49 129 179
 204  16  58 107  74  61 251 223  53 123  98   0 198  43][ 88 177 188  49 131 237  17  55 162 125 174  25 159  55  66  27 133  23
 237  16  26  72 240  20 203 195 116 119 160  64 134 123][172 254 151 147 245 253 228 245 223 255  55 213 236 236 110 143 217 106
 162  22 183 252  58 226  47  86  87  99 202 222 205 221][255 252  99 158  93  86 107 248 113 218 213 151 120 254 255 247 124 204
  21 239 175  71 252 239  58  56 195 142  47 183 122 213][ 17  21  13  45 178  79  79  57  36 104 207 236 119 119 129  48  54 148
  93 238  73 144 121  29 241 167  97 148  56 178 130 113][ 71 150 134 183 168  46  60 191 187 251 155 245 205 102 138 218 167  71
 253 133 181 205 203 226 140 118 127 150 136 244 139  93][ 61 219 189  99 156  95 199 189  71 232 190  74 211  60 217 164  92 214
  52 122 221 248 125 172 171 203 165  52 251 186 216 125][139 166 151 223 223 189 164 207 223 183  74  82 236 249 125 143 177 110
 251  25  54 253 155 251  47 126 221 122 151  92 217 142][ 92  35 156 166 171 120  30 141 138 255 141  41 207 234  75  74 151  71
 237  23  12  65 203 160 218 199 111 191 128 119 141  67][142 160 250 243 228 168 249  81 127  25 117 146 157 143 252   8 239  27
  23 153 146 124 162 225  78 217 186 232 134 137 177 161][246 144  62 186 173 117 146 200 207  95 177  57  78 222 110  27 251 209
 255 115  62 103 186 241 155 210  75 127 208  47  39  87][146 201  22 188  93 135 236 103 141   0 208  67  44 203  52 192 250 169
  27 229  64 171  18 221 176  48 138   8  29  56 169 136][125 113  65  73  60  31  67  88  67 232 185  76  83  81 221 180  88 204
  84 110 139  34 233  29 146 205  33 188 123 171  82 177][164 173 233  91 212 239 231 255 115 175 124  26 114 229 140  52  89 218
   6  56 123 190 120  63 109 142  53 100 227 216 214 232][ 41 229   3  64  85 223  99 230 225  65 238   8  26 213  60 180 248 174
  82  40  11 187 176 221  55 220   0  86  67  14 242 238][108 252  60 120 185 253  16 138 171  29 172   9 142 223  67  26 129 147
 237  16  30 107 250  49 219 213   5 127 208  65  15  83][131  30 252  27 170 123 189  95  30 119  53 183 156  46 247  11 167   3
 123  21 181  93  63  82  70  26 123 183 220 252 141 221][144  68  45 189  60 106 173  63 156 134  18 146 245 103  17  67 183  51
  93  43  96 197  33  31 225 131 250 144  52 240 149 105][221 247 220 162 174 122  87 184 114 250 159 122  87 114 203 123  51 214
 124 115 252  67 237   2 250 199 101 181 164 243 184   3][134 176 176 147 201 253 176 207  27 127  80  25 140 222  78  11 141  27
 243 145  22  94 250 241  15  16  95 111 208  68 135 215][ 33 155  83  77 118 139 230 119 109 136 118 100  51  33 164  52  62  46
   6 108 193 184   5  93  38 172  32 128 127 136  66 169][130 184 176 153 237 237 176 203  30  59  80  19 172 222 110   9 205  27
 179  17  18 126 218 241  13  16  91 239 144  77 141 219][105 175  85 101 116  14 111  55  96 168 126  72 243  33 144 179  16 102
 100 110  73 184 193  44 228 251 101  16  66 242 194  40][ 40 161 155  25 245 237 176  71 170  89  96  25 188 158  76 176 137  11
 211  17  19  58 210 113  77  29  18 107 200   0 203 218][208 201  63 190  58 194  55 167 188  21 194  49 247 183  32  65 162 115
 125  67  96 137  11 125 241 163 126   3  48  16 165  75][112 125 107 164  50  74  79 244 161 192 250 168  55 147 161  81 122 253
  93 234  73 147 132  44 240 225 162 136  44 178  38 123][125  56 180  96  13  93  80 200 235 241 164   8 158 216  87 186 136 213
 249  81  78  99 210   0 219 217   5 127 202  46  74   6][189 115 105 105  60  91  66 216  71 232  53 108  83  80 157 176  30 204
  84 110 205  50 109  28 178 201  33 180 127 187  90 245][ 89  81 109 101 170  78  79 189  32 104 134 232  91  55 129 114  54 212
 125 238 201 137 117  44 243 233 100 144  42 178 130 121][ 45 189 169 151 244  31 231 191  80 105 223 126 211 121 154 165  93 206
  30  61 251 250 221 175 110 127 181 244 207 200 216 153][102  48 180 243 253 253 176  72 255 185 177  24 142 189  77 191 169 155
 251  17  22  99 218 240 159 214  83 127 194  13  15 135][ 35 185  36 155 244 143 237 191 127 121  91  69 243 113  26 181  25 138
  23  45 211 248  95 125 108  62 247 196  94 142 210 153][209  95 127 101  38  74 111  52 124 234 114 230 119  44 145  97  54 245
 124 111 225 180  37  78 244 171 101 128 101 176  71 121][145  95 127  79  48 134 239 117 116 204 254 198 113 111 181 113 126 174
  31 236 233 153  53  79 227 169 162 128 109 178 103 249][ 32 189  50  56 217 249 144  71 255  13 232  41 174 184  38 148 137  43
 194  17  22 171  66 127 169  84  16 123 208  68 174 207][221 122 127 229  38  15 238  56 116 162  54 238 211  73 145  43  62 244
 124 110 233 244 133  14 246 203 101 148 109 187  65  49][105 157  37 175 221 143  71 191  71  97 234  12 247 121  48 240 216 162
  59 109  89 186  81 191 253 255 132  80 120  10 208  42][163 219   3 190  93 129  70 231 143  64 248 207  38 140  38 196 200 235
 130  71  79  43  18 189  60  80 140  42  89  12 248 220][ 32 168 187 251 241 249 177 199 255  29 124  16 174 255 100  56 171  59
 198  16  18 122 186 243 143 223  22 107 208  64 231 234][247  92 109 175 188  22 207 252  80 218 180 231 115  78 159 115 220 196
  53 239 237 199 127 191 178 235 239 156  61 247 122 245][ 86 145 159 167 139 108  22 136 171 113 139  27 198 254  73  74 229 215
 249 211  31  65 155 224 217 245 207  95 128 115 149  18][146 200  30 172 108  66 168 103  12   8 210  70  36 138  48  65 234 169
  63 141  73 175  19 205 176 160 250 136  29   8  41 136][166 184 180 145 233 237 176 206 138 127  16  57 140 222  78 139 141  27
 243  17  22 126 218 241  15  16  95 239 208  77 143 223][ 45 121 185 101 101  95 119 148  99 232  62   8 219  25  81  50 152  84
 116 106 201 176 241   8 111 221  37  52  66 187  86 171][173  64 149 255  92   7 207 216  86  27 225  90 245 209  57 235 220  88
  18 123  35 230  91  43  37 168  98  24 217  59 241 160][ 70 241 157 179 136  72 189 141 170 151 131 145 212 230  72  74 197  87
 105 145  18  73 187  96 237  38 254  88 128  82 133  50][ 43 161  32  91 221  29 192  29  83  21 229  28 234  72  94 188 216 138
 210  28 159  58 251 145   7 221 144 123 219 142 218 140][ 81 137  57 101  48  15  75 187 102 104  62  72 243  51 128 112  16 132
 124 108 217  24 225  29 235 253  33 212  72 160  66 105][221  48 159 228 168  44  89  19 168 219 182 124 159  55  65  91 135 213
 125  24 153  77 179   0 219 233 119 220 136 224 139  51][135   4 253  51 138 101 189  13  62 247 147 145 213 110  95  43 167   3
 123 151 180 212 127  82  77  11 126 208 213 210 133 250][210 170 174 158  11 241 144  71 171 151 132 189 172 238 102 223 163  35
 233  21  38  79 130 241 154  82  94 187 146  68 175  79][  9 128 123 251 102 169 233  86 127  81  87 214 189 143 188 104 111  11
  55 157 147 188 103 209  70 219 186 192 191 136  33 233][106 189  52  56 185 237  17 143 139 189 168   9 142 158  67  27 129  51
 233  17  30  75 250 145 219 209  29 127 210  68 135  91][161 155  24 137  92 143 169 119  30  37  84  22 180   1  50   0  76  59
   2 153 210 186 113 157 109   0 154  96  81   8 177 168][  5 188 189 115 213 253  96 155 126 249 107  68 246 248  92 120 177  42
  38  25 151 248 187 117  77 158  55 100 216  66 203 149][ 78  48 189 247 237 109  57  24 171 191  21  56 220 247  73  27 135  93
 253  16  16  70 251 192 207 209 223 255 130  99   7 243][  9 192 123 249 102 137 233  91  95  81  86 214 157 143 248 105 126   9
  55 157 131 244  39 209  70 217 186 228 189 136  33 225][ 89  92 255 101  32  14 111  54 108 194 126  68 191  47 145  99  38 245
 125 239 193 188 181  72 245 171 110   0 109 240  33  56][216 184 191 240 169 252  21  23 171 251 166  25 158 191  64 251 165  55
 253  16  27  77 178 128 219 241 126 123 136  64 135  59][216  26 123 180  34 208  57  83 173 196 102 165  61 151  35  80  38  61
 221 128  64 157 176  74 211 225  42 129  34 164  47 123][ 93 108 214 229   5  47 111  16 101 162 166  76 219  35  81  59  60 228
 124 238 169 245 145 136 211 203 229  20 235 251  72  32][225 157  31 239  84 143 102  51 212   0 235  64 243 249  32 113 216 170
  59 106 123 187  81  63 229 169 160  80  88  10 208  42][ 33 155  13 143 156 159 228 189 238 121  95  68 243 113 154  96 148  38
 127  77 211 248 123  61 239 107 231 212  88  10 217 249][ 37 173 109 211 188 191  77 191  86 241 143   8 211  41 158  35 217  78
  88  60 253 248 125  45 239 159 245 116 204 202 216 192][  0 168 187 251  57 233 178 206  63  29 120  32 174 223 100  40 139  59
 198  16  18 186 234 243 207 213  22 107 208   1  39 171][ 88 217  31 190  40 192  23 180 164  30 198   1 247 247  41  83 226 247
 109 195 106  79 155  61 241 227 126  25  16  51 165 106][121 115 248 100  60  29  83  56  96 172 188  76 179  25 211  50 148 204
  92 108 200  42 240   8 243 233  33 189  64 160  70 107][131  26 155 189  36 164 169  23 156   7  86  82 181 147 160 104  78  59
  59 137  33 156 114 207 197 179 250 128  20 136  37 233][105 175  85 101 116  26 103  55 105 232 126  76 179  33 144 183   2  70
  68  44 201 248 229  12 230 249 100  16  74 224 202  40][121 219  56 101  48 142  81  55  97 236 126  76 179  19 130 112 132 164
 116  76 200 184 241  29 227 253  32 208  98 160  70 105][130 184 176 153 237 205 184 207 158  63  80  51 172 158 104  11 205  27
 147  17  50 126 218 241  13  16  91 239 144  12 133 155][126  57 244 226 109 221  82 200 203 185 181  11  14 221  79 158 168 217
 255  82  30  35 250 240 155 217   1 127 211  15  78 198][110  56 149 247 233 108 248  16 171 189  53  56 156 215  77  59 135 117
 253  18  18  64 234 192 207 217 235 255 134  35   7 163][122 185  49 176 139 221  20 103 139  53 168   9 174 159  98 150 128  51
 233  17  90  11 210 177 187 213  29 123  18   6 143  90][  8 168 187 251 125 233 242 194  95  13 124  42 190 221  97  40 251  59
 151  17   6  58  42 247 207 221  51 107 211  11 101 171][ 45 113 249 103 116  79  87  21  67 168 191   8 211  25  89  48 156 220
  84 122 201 176 249   8 239 221  37  52  66 186 210 171][209  82 127 239  34   6  61  55  60  74  86 246 253  31 160  96 102  21
  62 129 197 157  53 207 210 239 122 128  44 128  37 121][ 94  90 251 100  40  72  95 144 169 204 134 169  63 215 209  86 166 245
 253  78 200   5 162  40 211 249  97 154  38 183   6 123][ 32 175  50  58 249 253 144 103 255  13 104  33 174 152  38  16 201  59
 130  17  22  43  66  87  41  22  16 123 208  68 143 207][220 240 249  97  98  79 115 216 122 186  55  24 215  23  73  56  51  92
  76 122  33 116 185   2 223 143  33 100 224 179  71 163][255 114 237  85 102  62 249  17 121 250  55 254  91  13 223  59  54 212
 117 173 161 244 245  64  70  43 113 132 239 228  66 113][208 108 173 117 136 102  77 175  82 242 130  24 211  36  81 107 193 214
 104 163 105  68 255   8 193 162 223  52   0 112  20  58][ 42 171 112  89 243 153 145 107  31  29 117 187  44 141 102 132 207  27
 135  16  22  58  66 213  47  80  16 235 211  12 140 215][165  38 104  65 252 127 203 152  83 254 181 157 211  76 223  56  89 204
  70 127 191 102 237  50  78  31 161 253 213 251  86 244][ 10 170 134 153 235 177 184  71 191 223 210 247 172 170 230 207 231  43
 235 149 182 223 134 241  30 114  94 235 143  68 171 159][139 203  78 157 109 149 252 103 159  77 214 215 172 136 182 193 238 171
 159 133 230  15  71 253 182  59 218 155  31  28 185 222][244  48 233  97 204 103 219 152  66 255 177  59  83  61  95  58 221 221
 117 243 154 102 249  50  95 141 237 252 245 251  86 243]