[ 70 184 189 215 170 192  57 135 170 217 130  48 252 246  76 114 167 119
 249 144  67  73 187 113 141 178  95 251 128  64 167  63][252 106 134 182  77   8  68 196 177 178 226  27  99 226  65 223 233 229
 236 194 108  87 203 162 144 226 215  27  33 117 122   6][ 92 168  60 114 153 221  80 200 239 189 165   9 174 223  73 178 129 241
 236  80  78  99 234  17 219 209   5 127 192   2  15  35][ 41 121  29 101  53  79  97  51 105 224  38   8 150  17   0  48 160  60
  88  40  65 184 177  12 229 249   1  54  72  40  67  51][ 39 221 227 219 215 215 239 254  87 197 124 134 104 238 254 228 127 203
 179 255 247 218  63 255  59  14 143 206 191 247 252 252][ 65  16  27 109  83  14  97  63 105   8 102  68 190  19   0 112 182  28
  84  40   1 184 145  77 199 189  48   2  72   0  35 169][245 113 249 100   8  76  71 152  98 242 165   8  23 149  65  59  16 220
 100 106  73  99 250   0 209 136 101  60  96 243  70 162][246 109 214 254 207  40 110  15 169 130 234  18 111 234  85  91 234 231
 105 227 104 103 195 234 181 186 206  27 165 115 242  14][120 160 156 112 153 237  80 207 179  21 164  25 159 179  74  91 129 155
 233  16  58 111 210  49 219 211  84 125 194   0 206  10][ 45 112 185 225  45  63  75 152  67 250 183  12 219  25  93  58 153 196
  85 126 137 118 249 128 207 217 133  52 202 251  82  50][ 37  85 121 101  52  15  79  48 116 232 127  68 211  49 145 112  84 196
  28 110 233 176 117  14 231 191  33  20  72 187  64  33][ 54 112 176 250 111 197 152 200  11  73 177  43  14 223 109  24 255 153
 151 145   2  35 154 209 155 213  26 255 210  31  39 219][108 121 241  68 193  77 101 149 225 242  32   8  18 149 193  63   0  92
  64  74  65 102 250  32  37 152  69  60  66 242 198 184][223 123  98  69  83 218 190 224  41 236 182 175 136  14 151 180 174 245
 215 199 205 187 164 236  54  88  14 135  79 183  47 213][ 88  50 127 100  35 222  49  24 105 204 118 108  31  23 134 180 182 181
 236  96 129 176 179  77 195 249  33 135 106 160  47 113][160 204  21 252  45 205  68 174 142  27 160  24 182 147  32 123 201  19
 127   0 107  15  82 189 193 210  90  56  16  24  36  42][ 66 186 133 186  43 197  25 136 175 220 128 169 236 214  65 126 135 115
 253 144  19  75 234 241 153  16 143 251  16   4   7 119][237 102 189 101  36  47 119  24 113 170  55  76 215  49 153  59 148 196
  76 110 233 244 249  10 199 251 101  20  74 243  66  33][193 178 145  17 248 173  41  23 190  59 208 252 180 162 192 255   7  46
  94  28 179  93 198  83 140  18  58 248 136 192 131 173][ 36 160 212 129 206  43 162 193  62 177 171  26 198 130  72  26 121 205
 106  51  18 115 201  80 156   2 143 117 193  75 211 128][ 65 176 159  62  42 205  49 204 238 248 160  44 254 214  64  50 167 119
 122   1   3  97 186 113 157 178   5  58  72  32   3  51][ 77  60 145 116 169 108 113 150 251 251 170  88 190 179  65  62 129 127
 120  24   3  89 210  66 221 254  21  58 202 112   3  59][ 67 121 187 236 116 192  63 150 169 204 202  96  60 247 209 114 230 255
  53 205 131  11 162 233 113  60 174 138 132 243  39 121][ 11 251 114  94 114 144 125 119  41  72 108 228  56 151 166 244  54 187
 130 200 195 154 182 111  54  60  48 138 107 146 167 189][ 40 184 241  80 217 237 241 207 251 191 116  24  62 253  68 188 137  58
 194  16  51 126 250 115  31 158  21 107 195  72 198 174][ 84   1 159 228 128 102  61  69 172 145 139   2 213 183 104 106 240 213
 121 177  24 193 145  64 217 166 223  68 160  98 165  34][173 125  88  66 233 249 247 212 233  94 189 157 175 196 203 190   3 106
 196  90  87  39 250  34 119 209  36  59 202 215 207 215][212 108 159 116  26 106  81  66 248 170 162  40 183 179  65  59 162 117
  76  82  41 229 160  40 209 233  97  17 224 113  71  43][ 76 249 157 243 186 204  51 148 174 177  38   0 253  55  64 114  38  87
 121 216  67  88 187  97 205 161  55  68 160 130   7  42][252  99 150  62   9  25  22 200 163 150 161  41 110 195  75 155 145 245
 232  98  78  71 138  57 242 241  77  63  66  55  14   2][ 60  53 123 108 116 111  83  88 113 172 253  40  83  85 169  48  88 156
   6 106   8 178 105  30 115 141  33  21 113 251 102 163][218  99  98  62  91 209 154 104 173   4 237 171 108 206  47 148 254 185
 207 227  78   3 134 221 210 113  11 187 119  38  47  71][244  34 212  35 143  43  66 200  99 183 163  25  67  73  73 159 185 196
 232 114  28 103 201  16 152 194  65 119 227 107  74   6][  1  19  15  13  24  23 160  89 198   1 194 101 208 208  32  96  84  20
  42  36 133 147  83  28  85  34 138  74  24  10  49 149][ 94  56 182  84 139 170  17 130 171 166 162 169  78 247  65  94  39 245
 233  16   0  69 139  66 217 246  85  31 226 119   7  51][167 172 172  27 253 189 192 207  94 243  32  28 130 248  94 173 153  10
 210  29 183 126 123 183  15  95  21 127 216  76 218 134][124 133  61 235 156  79  67 169  68   1 235   0 211 115  56  97  88 146
  28 106 122 168 121  29 233 233  35  84 112 139 244  32][ 34 203   2 154 127 145 190 230 158   4  88 163  44 202  50 192 234 235
 130 199  70  58   6 255  52  52 138  43  21  28  57 142][  3 141   3 137 148 162 170 103  28  65  90 194  40 170 176 100 121  43
  18 157 151 152  37 223  44  36 138 192 149  78 177 236][ 59 113  33  97 107 253  48  86  35 249 181 169 155 157 215  62 174 156
 221  85 142 126 226 128  95  89  49 255 231 135 134 247][109  56 147   0 233 253  82  74 123 226 100  40  14 213  69 188 145 252
 224  16   3  55 170  18 159 212  21 127 194  39  78 167][ 35 201 107 201 116 129 239 247  77  64  92 194  56 157 180  96 126 171
  23 205 211 186  36 253 118  61 170 136  61 138 241 249][  3 143  99 205  86 146 174 103  93  65  88 231  40 174 180 100 126 171
  19 133 215 154  36 223  54  44 138 194  31 142 241 221][ 65 178  31 241  32 172 121  23 189  25 114 116 191  19 128  88 167  63
 110  24  19 220 131  69 205 251 114 192 136 128   3  41][242  76 134 158  77   0  68 109 169  18 226  26 102 226  37 219 232 229
 106 227 108 103 219 227 177 162 198  27   1 120 250  14][ 97 189 189 100 221  79 199 127 233 170 184  72  18  57  85  50 153 212
  92  40 105 107 240  30 121 158  69  60  65 120  82 170][188  77  71 172  28 131 198 248 149 128 240  74 115 201  49  65  88 232
  78 227 105 167  10 190 176 235 175 152 117 187 112 160][113 221 115  68  81  94  70 182 113  64 162  72 114  60 132 244  16 246
 120 104 169 169 245  47  49 174   0  18  75  48  66  60][167 165  44  59 157 191 144 175  94 119 141  29 194 104  94   9 217  10
  91  21 190 104  95 183 175  95 159 119 216  76 216 214][ 41 123 226  85 114 156 236 119 113 136 126 236  41 139 212 180  62 238
 146 140 193 250 132 106  54 109  52 168 111 182 234 141][173  48 209  67 197 127  99 152 115 251  33  88  82 113 205 190  25 220
  98 122   9 246 249   2  15 154  65 116 203 235  66 164][ 50 141  75 171 146 235  23 239   6  69 200 163 227 101  32   0  89 186
 139  17  26 137  65  63 233   6 156 211 181  78 148 122][232 188 189 117 141 109  81 159 123 251 164  24 182  53  64  59 129  86
 120  24  59 110 251  19 207 219  85 124 200  72 198 122][248 125 127 100  50 202 119 117 176 172 230  40 119 183   1  19  50 244
 108 106 104 253 160  46 243 235 101  49  96 176  70  43][194  78 151 156  42 168   2  34 190 130 192 237 164 226  33  95 130  99
 104  70  32  79 130 105 144  50  90  26   0 113  35  13][ 60 237 224 230 213  83 206 254  87 230 188 138  99 105 223  36  89 206
 151 251 252 251 109 190 122  79 165 117 247 255 212 108][ 18 181  89 171 155 227  27 239   6 101 201 171 109 119   8   0  19 155
 153 145  26 137  73 191 233   6 157 243 180  74 149 122][ 93 245  21 101 177  15  71 184 101 168 170  76 223 115   9 244  21 212
  92 106 233 144  89  63 237 255  37  20 106 243  66  33][ 70 222 122 222 252 136 126 182 173  11 242 231 237 239 188  82 103 247
  63 199 246  15 205 231 254  63 254 201  29 152 249  29][201 174 196  85 184 186 105  31 118 187  86 244 233 161 210 230  23 110
 108 156 181 220 239  34  46 111 245 228 174 196 218  13][ 49 141   3 137 214 155 166 103   4 100 216 239   2 128 162 196 120 170
   2 101 125 187 100 189 188   4   2  83  89  14 184 212][ 69 123  59 229  52  14 127  16 104 200 114 108 247  23 145  48 182 125
  92 110 193 176 241  44 229 185  34 128  72 179  67  57][240 105 111 101   5  74  68  96  97 162 226  11 115  25  21  19 104 244
 109  98 104 247 213  40 215 224 192  17  97  57  86  42][ 96  35  81  65  68 136 232  64 105  32 242  72   3   3  20  20 106 168
  78 232  72 178  68  64 148 152   0  32 101 130  66 128][104 168 243  80 217 237 113 199 187  55 100  24  42 183  68  24 137 187
 226  16  50 126 242 115  95 158  85 107 195  64 198 234][111  81  34 136 253  31  86 105 205 104 223  14  94 152 190 228 200 132
 254 111 213  35  85 212  54 125   0  91  30  14 216   6][  1 143  85   1 182 139 230 167 124  33 122 228 211  40 148 160  58  46
  78 109 245 184  69  31  44  14  39  68 109 138 203 140][ 89 141 111 237 146  82 111 191  37  65 206 198  81 103 186 112 118 230
  60 236 153 153  45 237 250 239 166 192 167 162 224 121][  5 101 123 101  52  14 111  48 116 160 111   0 211  19 153 112 124  76
  70 110 201 176 241  14 231 239  33   4 104 171  64 160][104  60 147 112 249 237 113  86 251 233  40  24 190 183  65  56 129 187
  82  24  19 122 242  66 221 220  21 122 202  64  71 187][ 72  28 190 117 161 174 125  23 233 155 126  16 190  55   0  90 165 119
 125  24 176 249 179  98 207 255 114  64 194 193 195  43][  2 157  34 155 243 224 186 103  12  77  88 167 172 174  50  64 238  59
 147 149 146 154   0 255  37  52 154 203 148  78 181 219][ 74 156 190 250 139 228  49 215 175  27  14  17 188 191  97  90 167 115
 251 144  50 205 146 227 219 247  94  75 130  64 165  91][237  53 228  69 161  62 114  57 121 234  55 108 218  48 151 191 148 196
 252  46 189 240 209  14 142 127  97 150 202 231  74  21][153 235  67  73 116 155 102 245 124   8 120 102 179 195 160 244 122  40
   6 108 211 184  36  93  46 205  38  64 123 130 225 169][248  84  95 100   9  74  87 108 177 134 166  24  95 119   1  83 178 245
 109  98 104 199 145  12 243 227  69  17  98 176  38  42][ 82 244  63 144  19 211  57 231 185  85 134 185  76 214 110  53 167 185
 223 129 122 131 178  85 185  18  27 239  32   4 167 118][ 76 125 153 109  72  76  71 186  51 202 232  72 247 119   1 114  16 248
 124 106  75  34 251  43 241 237  33  24 120 177  34  51][ 35 120 114  16 126 153 176  70 235 248 176  45 166 152 119   2 171  33
  78  21 196 107 134 248  28  24  21  58  77  12  91 143][244 120 158 242  41  77  80 216 171 190 161   9 159 223  73  27 129 213
 253 114  10  71 218  48 211 209  69  63 224  51   7  82][130 159 134 149 182 162 188  39  60 231  90 183 140  46  50  67 103 127
 179 133 112 216   1 238  44  54 222 194 132  84 181  89][  2 176 159 249  19 228  56  87 190  81  70  84 188 151  96 252 167  59
  56  16 147 152  19  81 143 247  26  66 154   0  33  59][242  99 106 102   0  22 159 244  33  12 246 199  41  14  31  16 254 221
 197 231 204 147 164 236 243 241 174 129  97 150  47  93][169  85 110 136 124 211 147  88 196  72 221 162 114 220 183  32  94  56
 147 125 139 179  46 159 122   9 169 193  87 142 116 225][ 16 157  11 235 145 227  55 231   4   1 202  34  50  53  32  96 121 186
 139 144  27 153  17 191 249 166 158  67 177  74 180  58][ 94 189  63 126 139 212 159 230 169 132 238 128 111 239  36 115 238 247
 236 226  88 171 186 109 243 241  71  27  65 115 175 250][101 181 145  65 245 159 102 191 123 233  45  76 210  81  76 180 145  78
  80  28 211 120 249  23  47 156   5 126 202  10 210 160][193  30  62  95   8  46 229  50 252  26 103  84 246  97  12 123  37 102
 106  46 224 244  59 127  69 170  80   0  72 225  99  41][130 160 148 153 228 169 184  79  30  17  80  18 172 138 120  73 239  11
  19 145  18 252  66 209  12  18 218 224 148  72 177 137][ 37  74 232  74 116 163  75 216  87  13 253 226  81 195 189 112  95 136
   6 254 139 150 109 119  50  44 161 204 181 155 116  37][ 45 177 241  65 241 221 227  91 123 161 121  72  26 148 204 180  25  26
  66  88  19  58 248  86  47 156   5 110 195 131 198 228][ 92  69 210 167 147 110 126 232  61 160 251  11  79 126   9  84 190 221
 238 226  44 179  25 238 179 247   7   7  97 115  39   7][ 98 160 215 244 124 139 232 107 251 176 178 202 238 235  20  18 187 181
 127  33   0 235 130 221 156 190  75  22 197 168  67   8][  2 133   0 140 149 133 140 231   4   0  88   2  32  42  48  64 200   2
  19 129  80   8  16 157  33  48 142  64  20   8 176  10][ 41 149  32 137 253 159 198 255  78 105 125  78 146  24  62 164 217  10
  18 125 215  56 121 151  47  93   5 116  90  14 216 148][ 97 121 249  96  80 205 123  80 123 100 100   8  23 151  64  48  20 156
  80  94  67  50 240  10 119 157   0  56  66 147  70 242][ 79 121   3 182 115 220  62  96 169  68  75 133 172 214  35 148 166 107
 217  71  69 137 176 236 177 116  10 138   8  55  35 222][215 222  14 182  46 132  95 181 145  90 150 167 117 233 186  67 103 229
 125 207 236  77 143 191 242  99 239 217  44 188 184  91][167  98 232  23 236  25 236 200 123 238 117 189   3 168 223  26 155 204
 102  79 196 118 238   2   6  31 117 173  69 253  90 197][ 92  48 159 231 170 106  49  16 166 149 163 161 223 247  65  90 167 117
 109 144  24 193 155   0 217 231 127  85 160  99  39 115][ 79 104  98 148 109 212 126 112 233 220  87   5  12 222 247 246 166 109
 151 207 197  19 190 192  55 120 139 170  14 183 123 245][107  48 119 109 107 158 248  88 171 249 246 233  29 159 212  62 166 189
 255 149 134 203 227 209  87 121 120 234  71 134  99 255][ 24 133  31 237 146 195  83 127   4 164 142   1 119 119  32  80  16 246
  73 104 120 137 121  31 249 231  37  84  48 138 164 122][ 50  77  66 225 117  15 234  96  45  40 250  10  11  26  21  16 250 141
  23 226  72 178  65 206 183 220 130 146 101 155 114 131][173 116 185 115 125 111  83 154 123 234  47  24 222 113  73  59 145 120
  86  58  33 116 249  10 207 223  21  52 202 249  66 163][121 133 111 108 130  82 111 245 225 192 254 130 115 111 178 115 126 230
 125 238 249 187 181  41 243 235 230 128 103 242 242 120][ 77  39 229   5 180  14 111  57 116 232  91 196 211  32 155 112  20  76
 108 110 241 240 237  14  44  46  37 132  76 242  82 101][  5  95  27 167 178  14 111 184  52 200  91 228 245 103 137 112 118 126
  30 110 225 144 205  46 236 175  47 128  44 242  33  57][ 86  69  18 142 157 198 190 232 191 164 219   3 204 246  45 196 248 253
 255 227 104 131 155 254 177  54 143  31  20  63 189   6][ 64 176 159 126 106 201  49 200 174 217 164  40 252 214  64  50 135 113
 254 128   3  75 170 117 221 145  43  59  16  32   7  51][228 125 209  69 225  76 103  53 104 226  40  72 178 181 197 183   0  94
  64 106  81 112 178  42  39 152  69  56  66 114 198 168][ 65 152 159 117 112 172 113  55 124  25 106  84 190 179   0 249 167  63
 110   8 179 216 147  69 205 190 114  64 200   0 131  57][252  66 134 188  73   8  68 232 177 182 162  27  99 235   9 219 233 196
 236 226 108 103 203   3 146 227 213  29  97 120 126   2][ 39 253 229 223 221 215 239 255  87 233  92  38 104 252 254 228  89 202
 147 217 247 250 127 255  63  14 143 239 151 254 244 255][ 45 113 185 101  36  15  79  24  99 232 183  12 211  25  89  58 216 204
  85 110 201 240 249   8 231 221  37  52  72 187  82 162][182 107 241  99 226 172 190 196 171 185  57 121 162 156 221  58 174 255
  85  83 218 240 202  96 100  24  44 226 197 211 199 163][ 88 233 217  99  19  76  99 144 102  49 166   0 127  19  64 114  32 212
 104 218  66  25 153  97 223 169   6  69  34 131  99  42][252  98 146  44   9  11  86 200  35 162 161   9  75 193  73 155 248 213
 236 114  76 103 201   8 178 195  69  63 227  63  46   2][ 89  50 122  96  35  94 121  24  41 204 246 172  27 159 134 180 166 181
 253 236 141 144 161 192 211 249  32 131  98 132  46 119][  3 141  43 201 148 167 171 103  76   1  90   2  48  34 180 100 122  42
  18 141 146 184  37 255 109  44 138  64  21 138 241 168][ 34 201   2 156  95 209 182 230 142   4  88 131  44 202  54  64 234 235
 131 197  70  43   6 253  52  20 154  43  21  28 125 206][ 35 143  99 137  86 131 171 103  76  65  90 198  48 138 180 100 126  43
  19 141 211 186  36 221  36  44 138 192  29  10 241 188][104 160 156 112 201 205  80 207 162  53 164  25 150 147  74  27 129 154
 233  16  26 107 210  17 219 195  84 127 210   0 206  10][168 132 103  61  52  74  97  35 116  71  99 240 243  36 144 249  82 166
  44  44  57 188 101  15 228 175 112  64 228 136  84 120][244 237 134 146 205 171 166 196 190 179 171  26  70 194  65  26 233 204
 106 211  56 103 203 114 189   0 143 127 193 123 163 134][164 100 123  79 116 107 103  88 119 166 125   8  83  81 189  52  26 248
   6 106  40 182 104  30 119 142  33  44 115 251  70 160][168 184 149  81 237 253 176 199 251 243  36  56  46 184  68 191 139  59
 226  16  51 111 242 241  15 218  85 123 195  72 207 175][ 72 196  21 249  45  73  69 174 142  27 168  40 182  51  40 216 193  19
 108   0  75  13  67  53 129 214 112  58  16  88 133  43][114  77 134 190 141   8 198 206 185 130 226  10 102 226  37 223 232 231
 104 195  72  99 155 224 177 178 206  27  33 121 243  14][ 97  52 145  80 241 189 112  87 123 169 108  92 190 147  69 188 145 126
  66  24 147 122 242  66  31 220  21 106 202  64  75 169][237 102 253 101 164  47 119  24 121 234 119  76 223  49 153  59 148 196
 108 110 233 244 225  10 199 251 101 148  74 243  66  33][245 113 241 100 136  78  71 200  96 226 160   8  83  21  65  59  40 220
  64 106  73  99 248   8 241 136 101  52  97 243  70  32][116  51  56 112  41 205  81  72 171 188 172  41  46 223  75  18 129 177
 204  80  74  99 202  17 219 209  37  63  64   2  14   3][  1  16  25 109  80  46  97  31 108   9  98  84 158  19   8 112 182  14
  86  40 145 180 113  69 197 189  48   4  72   0 227 169][ 33 172 188 177 189 253 144 207 222 243 160  25 182 248  94  41 137  10
 122  21  55 109  91 183 207  95  85 119 216  72 217 142][ 88 178 158  33 170  58  48 151 171  51 174 237  79 163  74 154 167  23
 236  52  20 193 131  64 218 199 117 213 168 194 139  19][ 35 132 114  72 115 240 184  74 125  81 121 245   8 202 190 244 255 139
 194 149 151  59  38 215  30 124  18 207 223 132 234 197][242 102  98 188  27 177 154 104 165   4 193 155 109 206  39 212 254 185
 203 231 110   7 134 223 178 116 139  59  55  38  47  70][ 61  76 153 233 149 239  67 158  86 163 230   2 147  17  17 104  89 140
  26  56  43 180 113  30 233 207   5  84 248  57  80  32][ 94 184 150 186  11 241  16 200 191  21 161  57 172 222 108 220 227 187
 239 146  30  79  26 241 155 210  26 123 146   5 173  86][173 255 113 114 227 253 246 215 233 106 188 185 187 125 207  54 175 242
 215  86 246  38 236  34 127 221  36 187 227 215 199 247][ 99 193 209 206  87 192 111  47 107  65 104  66  61 183 148 244 114 159
  53 136  67  26 244 195  53  60 158 168  63 146 227 184][254  52 253 118 139 120  17  10 187 243 165 184  94 247  77  63 131 215
 233  16  41  71 251   2 219 215  85 191 226 117   6 118][ 82 229  46 144 170 209  29 230 175  21 140 187 140 198 238  49 239 179
 223 145 122  11  38  85 249  22 158 239   0  20 167 126][184  76  71 172  12   3  71 120 149 130 242  66 115 193 177 193 120 228
  95 235 105 167  65 140 176 227 227  16 125 186 112  40][201 174 148  17 232 189  41  23 254  59  84 252 172 130 194 191   7  42
 126  28 183  92 231  87 140  91 122 232 138 132 139 173][ 64 160 214 148  92 139 232 107 234 129 226  10 164 226  52  18 122 165
 106 169   0 107 134  93 156 166 219  44  69  40  99 136][ 73 245  25 109  40  78  71 188 115 120 174  76 215 115  72 114 149  92
 124 104  75  80 249  31 237 255  37 116  88 178  66  57][ 97  93 183  68  85  94 226 164 120  64  98  72 114  60   5 182 144 244
 120 104 161 184 177  47  53 190   0   2  75  35  66  60][117  77  92 101 176  31  70 190 101 168 174  76 211  49 129 244  16 196
  76 108 237 184  81  30 174 255  37  20 106 242  74   4][ 90 156 182 190 139 228  60 199 191  87 136  51 172 255  96  74 231 115
 187 145  50  79 146 227 219 247 222  75 146  84 165  90][229 112 220  71  76  30 198 152 104 226 167  76 211  88 221  59 152 196
 120 110 237 102 217   8  39 187 101  60  72 251  74   4][ 70 186 173 218  42 196  57 136 174  29 132 168 252 247  64 114 135 115
 253 144  18  73 234 241 217  18 255 251 144   0   7 123][229  93 125  69  52  78  71 176 112 234 162  92 211  49 145  51  16  68
 124 110 233 244 253  46 229 170 101  20 104 241  66  56][ 61 117  57 101  85  79  71 184 125 224  47   8  83  17   9  48  24 220
  72 106 105 176 121  30 247 205   1  52  97 187  70 162][ 96  52  57 100  93  79 193 119 104 170 184  88  54  57   4  50 137 182
  66  32  49  43 209  14  93 142  48  50  65  40  70 171][ 94  43 210  68 211 170  50  67 171 165 106 169  12 167  69 212  54 253
 233 144  16 155 128  64  59  52   5 107 195 102  47  34][ 50 135   9 171 144 235  11 111   6  37 217 163 227 101 184   0  93 154
 143  53  26 136  77  31 232   4 172 213 180 206 148 248][ 72 189 190 240 187 236 116 151 191 155  46  16 190 191  96  90 165 115
 253  16  18  73 146  98 235 255  22  75 194  64 167  27][220 108 151 116  11 106  84 106 169 178 162  24  95 247   1  27 161 245
 232  34 105 199 147  72 211 243  85  19  96 113  39  42][135 120  98 145  85 220 186  98 169 196 114 135 168 142  55 164 238 249
 211 199 228 157 182 238  55  88 138 139  71  53 127 222][252 120 159 240   9  77  85 216 170 182 160   9  31 215  73  27 161 213
 125  82  72  71 218  32 211 209  69  62  96  51   7  18][165 180 172 179 157 175 208 207 222 247 133  29 214 120  90   9 137  11
  91  21  62 108  91  54 205  87  93 117 216  72 217  82][102 219 135 186 141 133 148 236 143  29 209 103 230 242 100 206 201 107
 170  81  30  75  10 241 184  54 223 123 152  30 173 159][  1 207  86  69  52 143 238 182 108  40 122  68 243  32 148 164  22  38
  78 110 193 184   5  63 164 190  34 192  72 130 201 173][ 95 209 114 139 255  89 182 225  77 104 219 106  78  24 190 228 250 149
 254  99 213  51  45 236  54 121   6 215 127 191 249   5][216 126  94 118  34 138 119 112 177 142 230 169 127 167   3  19  38 245
 237  98 104 215 128  46 211 227  96   1  96 179  46  43][ 62 255 224 215 215  83 215 255  87 233 124 174 112 125 254  36  89 222
 151 249 250 250 125 191 127  15 133 167 247 254 244 255][  1 181  31  97 147 238  53  63 126  81  43  16 222  51  72  49 183  23
 200  16  51 248  25  86 237 135  22  70 200  64 163  51][130 160 144 153 101 173 184  79  30  19  80  18 172 142 112  73 231  27
  51 145  18 252  19 209  13  18 218 228 148   8 129 137][244  73  63  94 141 206  71 160 192 130 165   8 114 245  33 119  64 244
 104 106 105  39 250  61 241 170  69  29 112  59 116  98][ 18 217  98 220  86 128 248 103 141  64 210 163  40 158  52  64 110 187
 151 197 210 155   4 253  50  44 154 202  53 140 181 217][118 235 236   7  44  26 206 168 203 164 191 137  99 104 223  18 153 228
 109 127 204 240 207  12 106  62 229 149 101 190  94  68][145 223  83  75  50 139 107 244 125  64 114 230 123 195 172 116 126 169
   6 238 233 148  45 127  52 140  34 128 125 147  97 189][232 180 189 115 141 237  81 143 251 123 165  24 246  53  72  59 129  86
 120  24  59 109 251  51 203 219  85 122 194  72 198  42][105 221  25 109  88  79  71 190 115 104 236  72 247  51   1 112 148 220
 124 106  73  58 241  63 229 253  33  60  88 179  66  57][112   1  67 168  85  67  66  96  97  32 234  74   3   3   4 212 120 140
  68 224   8 178  81  12 179 228 128  17 105  10 122   2][ 41 175 236  69 244  31  79 191  83 234  62  76 211  33 211 177  29 110
 100  44 233 248 229  14 110 223 117 180 202 248 218 237][130 157  34 155 246 161 186 231  30  65  89 183 172 206  50  64 238  59
 147 133 178 152  72 255  44  52 154 195  20  14 181 219][ 48  33  65  33  84  11 226  64 105   0 227  74 131   0  20  16 104 136
  70 234  73 178  68  12 148 192 130   0  97  10  98 128][ 22 181  77 235 155 227  27 175   6  97 137 162  73 119 136   0  83 155
 153 176  27 139  93 159 233   6 141 247 181  66 149  50][ 89 205 111 238  50 210 107 180 101  64 238 130 121 103 186 112 118 228
  61 238 201 155  61 237 251 237 166 192  39 130 112 104][ 42 120 166 213 101 214 184  70 153 200 114   3 168 156  55 198 232 127
 179 209  69 250 210 224   7  56 158 131  15  29 127 222][ 77  88  59 229  32  14 125  18 108 200 114 108 159  23 129  48 150 125
  92 104 193 180 177  12 229 185  34 128  72 176   3 177][ 40 205 106 218  62 211 219 248 214 132  93  34 121 201 176  96  90  58
 179 251 194 168 110 191 110  13 169 249  55 139  84 128][  1  42  27  49 102 137 160  71 238 169 112 104 180 152 212 160 174  59
 102  17 135 248 134  73  12   0  58 168  77   0  11 137][161 203   6 137 116 155 166 103 132   4 210 231  34 128 162 229 104 168
   2 102 252 187  36 191  52   0 160 193 119 140 176 205][  5  69 127 101  52  78 103  48 116 160 111   0 211  19  25 112 112  44
  36 106  73 176  49  12 231 173  33   4 104 187  64 160][ 40 103 106 202 126 147 154 120 212  68 221 162 121 217 189  32  94  56
 147 123 194 179  46 159 122  77 161 201 119 143 124 129][ 16 149  79 234 147 227  17 111   4   1 202 162 114 119  40  96 121 178
 138 160  59 137  81 159 249 164 158  67  60  74 180  58][  0 160 134 149  92 139 224 107 254 176 224  10 228 226  64   2 121 172
 106 168   0 122 198  93 156   6 203  44 193  40  67 136][ 92  33 155 164 146 106 123  24  39 165 239 161  95 231  74  80  54 213
 109 144  24 209 169  64 217 230  15  68 162 163  39 114][ 35 201  98 156  86 147 232 103 149  68  88 135  40 140 182  96 110 169
  19 197 196 187  36 221  50  44 138 136  21  12 113 220][ 86 101  82 164 147  78 126 232  61 160 250  11  79 114  41  84 250 221
 110 226 104 179  25 238 177 246   7  23  97 115  39   6][ 41 121  57  65  85 207 103  84 113 104 100   8  18 151  68  48 144 188
  16  72 201 186 240  72 231 188   0  32  74 146  66 248][ 39 225 105  75 206  65 230 237  86  80 120 194  80 216 253  96 122 200
   2 234 207  50 110 113  36   8 165  44 125 250 240 132][ 37  98 232  22 100  29 253  72 122 174 117  61   2 200 223  24 159  76
  70  15 198 118 236  66  86  29  53 173  69 255  90 197][  2 133   0 140 149 133 140  39   4   1  72   2  32  50  48  64 200  34
  19 129  80   8  16 157  33  52 142  66  16   8 176  10][  3 144 159 216  19 196  56   7 175  81  70  48 188 151  32 252 167  57
 187 144  19 141  50  85 155 157  26  74 154   0  33  58][228 161  56  96 201 237  81  79 226  53 173  24 150 151  72  26 129  16
 104  16  26 111 250  16 219 145  21 127 192   2 198 162][ 82 141 182 186 155 224  28 199 159  87 136 179  44 254  98  74 227 243
 187 145  18  75 130 243 185 119 158 219 148  68 165  90][237  97 105 101  52  14  79  56  81 232 247   8 211  25 217  48  88 204
  84 110 233 182 249  10 231 217 165  52  71 187  82 160][ 82 241  59 216 139 208  29 231 170  21 140 184 140 150  64  52 107 179
 219 145  90  11 246 245 249 150 158 123   0  20 167 122][104  77  29 225 180 235  64 166 196 184 170   8 215  51  33 241 192  54
  76 120  40 185  65  28 239 217  37  81 210 216  68  42][ 72 176 191 126  58 196  57 216 174 152 132  40 252 215  64 114 135 115
 251 144   2  65 234 113 221 243  47 251  16  32   7  51][ 88 120  59 245  50 206 113  23  44 192 102   0 159  23   1 112 166  53
 121   8   1 156  49  76 197 249  18   0  40 176  39  59][173  97 249 101  44  79  71  24  67 160 173   8 211  25  89  50  24 204
  68 106  72  50 249  10 231 221  37  52  97 187  82  34][  3   0  98 156  84 147 168  99 148  64  90 131  40 204  54  96 124 169
  19 133 196 186  36 221  16  44 154 136  21  12 113 220][ 14 124  42 177  37 253 186  66 172 206  90 131 173 222 119 136 238 121
 223 199 132 149  18 234 149  85 138 139   4  53  61 214][ 72 148 151 251 211 252  49  39 190  81 111  16 188 247  40 253 167  59
 250   0  51 216  50 119 207 247  82  66 154   0 167  59][252 106 146  44  11  27  86 200  35 166 160  41  79 137  65 154 152 213
 237 114  76 103 203   8 178 193  69  63  98  61  42   2][ 41  47 228  85 244  31 108  55 123 251 118  92 179  41 214  59 141 110
 108  12 248 248 197  14 111 223 117  48 202 252 218 136][230  52 173 114 203 104  56  10 187 243 165 185 220 255  77  59 135 215
 249  16  51  71 251  66  95 211  93 255 192  97   7  50][ 43 145  67 203 213 212 104 105 115  65 105   6  88 219 124 244 121 142
 146 136 151  26 156 215  31 125 146 110  31 134 250 148][ 18 201  98 156  87 132 184 100 141  64 208 131  40 142  52  64 110 185
 147 197 194 139  22 253  49  44 154   8  21  12  49 216][150 248 146 184  75 241  16 202 191  21 160  57  44 223 103 221 235 187
 239 208  30  79  26 241 155 208  91 123 146  21  47  22][ 65 175 149  81 176 174 100  23 108 185  74  84 148  51 192 255 135  38
 108  28 179 216 193  68 172 152  54  64 136 192 137 169][ 68  32 157 243 170 104  33   3 170 183  39  16 213  51  73 123  35 215
 108  24  16  68 235  64 205 163 119 101 128  97 135  32][ 92  63 222 182   2 190 122 112 161 134 239 133 127 231  35  26 182 245
 237 230  12 211 144  40 210 231  96   1 107 227  46  18][102 219 151 154  40 193 131 232 142  93 145 229 230 214 234  70 204  97
 238  87  79  75 202 113 152  48 111 250  24  14  37 221][ 17  95 111  78 114 134 107 112 100  64 255 230 115  71 177 112 126 164
  22 238 233 177  61 127 116 173  34 128 109 163  98 121][ 84 179 210  96 179 169  19  83  51 173 175 189  79 227  66  20  54 191
 228  16  24  19 136   2 218 212   5 111 227 226 135  67][ 10 189   7 254 217 196 191 230 182  12  72 129 172 199  32 196 204 123
 179 196  66 154 242 255 229 244 158 137  18   4 165 250][116 168 134 128  77  75 224 192 174 176 162  10  70 194  69  26 249 141
 106 241   8  99 219  80 157   0 207 127 193  40 107 130][ 56  68 111 239  36  34 239  48 100  66 251  67 251   9  48  97 122 164
  63 239 201 180 101 141 246 239 226 128 101 187 112  96][  1  48  25 109  48  46 113  23 108  73 110  92 182  19   8  48 128  14
  64   8 131 184 113  37 197 253  48   0  72   0 195  43][116  51  24  96  56 205  83  88 171 188 173  41  62 223  75  18 150 177
 205  80  78  99 202  25 219 213  37  63  96   3  14  19][ 41 117  25 111 120  79 103 188 127 232 108  76 246  51   1  48 148  92
  92 106 201  48 249  63 231 253  32  16  72 179  66 184][101 125  25 103  25  79  71  56 113 232 239  76 210 113   1  48 144 124
  80 106 201 176 249  46 231 221   5  16  72  51  66 176][ 22 181  21 235 155 227  19 171   6  33 137 162  92 119   8  96  23 155
 153 176  27 139  89 223 169 134 143 119 184  67 165  50][253 117 211 100 129  78  71  57 224 226 170   8  83  49   1 179  24 212
  80 106 105 227 241  10 177 168  69  16 105 114  66 176][ 20 105  59 101  20 206 103 114 116 128 110   0 179 147  33 112  48  60
 100  74  73 184 177  44 231 173  32   0  96 161 100 162][ 39 189 244 219 247  23 182 255  87 233 125  34 104 253 252  36  93  94
 179 243 246 250 111 191  58  14 133 230 215 254 240 255][116 116 253 100 168 110  71  50 224 250 170  40 211 117 129  51   2 116
 124  42 225  97 241  10 225 170 101  16  96 243  70  33][121 239  37  37 157  15  71 190  96 172 170  76 211  40  23  19 152 196
 108 110 204 122 245  29 229 249 101  52  74 250  82  72][114 139 146 142  77  68   4 232 169  28 226  75 102 226  44  82 232 229
 106 227  76  99 218  97 145 178 194  27   9  42 122  14][ 84 106 191  84 138  96 189 198 168 134 162 160 180 166 197  26 167 247
 105 144   0  71 162  98 217 166 126   9 128 113  39 105][ 33 121  57  65  85 207 195  16 121 232 100  76 146  21  21  52 152 184
  82 104 201 184 113  76  39 158   1  16  72 138  82 184][ 41 175 152 101 180  31  69  55 118 174 238   8 179  33 146  48  17 174
 108  12 252 248  97  30 238 207  53  16  64 192  66   8][ 91  48 114  96  35  30 120  80 105  96 246 169  27  31 150  52 166 149
 221  44 140 161 165 192 211 249   0 131 103 132  71 119][225 181  17  69 193  76 102  39 105 234 104  72 242  55 132 183 145  86
  64  42 113 120 240  10  37 188  69  34  74 114 195 184][126  12   2 190  27 225  30 105 151   6 201 139 109 207  35 209 217 187
 203 131 110   3  90 223 179 243 139  59  51 119  46  70][212  48 153 240 168 237  81 200 171 179 161  24 151 215  73  26 131 153
 109  16  27  71 218  18 217 212  19 126 128  65   7  34][ 97 196 192  79  93  45  71 159  83   5 109  12  34  97  28  84  89 138
   2  12  75  50 217  19  37 188  16  60  91 218 210 172][104 196 216 239 108  73  70 191  71  35 109   8 214  49  72  80  81 158
  34   8  75  50  91  19 231 157  21  60 120 218 200  10][ 24 110 151 179  49 205 119  69 172 143 107  65 174 199  33  16 160  51
 200  16  66 157   0  46 225 196  22   2 128  82 135  43][130 168 144 153 101 173 184  71  30  19  80  18 172 138 112  72 239  43
  51 145  50 252  19 211  13  22 218  98 148   8 161 138][164 236 115  95  81 203 103 248 115 166 101   8 114 211 205  53  57 248
  66 106  98 118 234 127 117 154  69  44  99 179 102 160][106 179 112  82 105 221  81 103 235  93 173  28  10 146  78 182 161 130
 234  24 150  75 178 213  31  88  80 127  66   4 198 103][  3 166 239  81 224 189 105  23 111 127  94 228 169 162 214 124  39  46
 110  28 151 220 231  81  14  95 114 224 166 196 203 205][186 121  98  24  79 213 208 196 239  84 244 135  42 140 119 157 236 169
 147 215 206  35  54 240  19  89   0 203  87  29 126 222][  3 137 107 201  84 131 171  97  76  65  90 198 176  10 180  96 126  41
  19 237 211 184  36 221  36  44 170 192  29   8 113 248][166 174 243  80 232 141 254 243 233 154  56 249 214 253 221  51 191  83
  87  55 242  32 202  98  44  28  37 174 197 240  67 131][ 73 207  82 101  52 158 111  54 100  40 126  68 243  32 144 228  16  36
 108 110 205 184 101  47 228 237  32   0  74 170  89  12][ 20 172 188 179 157 239  81 143 222 243 134  25 214 185  90  11 129   3
 121  17  62 109  91  54 201 131  85 117 200  72 153  74][ 88 189 146 242 155 228  52 231 187 153 174  16 190 255  96  82 167 115
 249  16  18  73 146 225 251 247  30  75 130  64 167  27][240  40 215 116 203 104  85  66 169 182 162  24 126 183  65  91 163 247
 108 130  40  71 227  64 209 242  87  27 224 113  38  42][ 32 160 149  83 233 249 176  79 251  51 160  24 174 190  76 190 139  59
 226  16  23 111 242  81  15 219  86 123 193  64 207 174][ 34 217  34 152  95 193 180 231 142  69 200 135  44 158  34  64 232  59
 131 193  70  43  18 253  53  20 158 107  17  28 181 218][ 97 186 154  85 224 188 112  82 123 187 116  92 158 146  68  58 133  78
 102  28 151 126 242  66  15 191  53  40 200 192 203 133][  1 143  74 201 148 162 235 103  68   1  90  66 112  35 176  64 120  42
  18 172  18 184   5  95 108  44 170 192  61 138 241 168][  1 168 188 177 157 253 144 207 222 243 128  25 182 184  66  43 137  35
 234  17  54 109  83  53 207 211  85 123 208  72 217  10][ 64  33  86 140  92 171 224  75 234 129 224  10 132 130   0  24 106 173
 106 153  16 171 198  85 148  32 154 104  65   8  99 136][118 235 233  39  60  75 195 168  35 228 155 171 227 108  95   2  24 228
 109 103  72  50 205   9 236  36 173 181 101 174  86 114][ 25  50 206  61  50  26  40  27  54 225  66 229  85 167 130 216  54  44
 236  28 149 216   5  12 206 167  49 196 170 128  11 145][214  86 158 126  11 164  31 168 174 150 165 137 236 231  43  91 150 113
 233 198 104  71 154 107 243 179  69 155  80 115  39 114][208 182 252 119 170 105  49 207 187  63  54 185 126 247 200  27 163  87
 237  16  50 109 171 115 222 227 117 251 228 192 135 107][236  98 132 177 201 107   0 136  18 183 131 185 195   6 203 159  73 196
 234 178  44  71 207   0 156   2 221  53 192 125  30  84][160 223 123  75 116 207 111 191 126  45 118  52 243  85 148  52  30 122
   6 104 235 184 121  63 111 159  36 192  81 152 198 249][ 94 161  83  64  83 202 107  72  35 165 107 137  77 199  72 212  50 221
 233 248  18 147 184  76  63 228   1  70  35 135  38  98][ 44 187 184 113 248 233  17 143  43  61  44  56 150  55  65  24 137  26
 197  16  26  40  98  49 207 213  52 127 208  72 198 171][ 44  39 106 202  94 187 218 122 198 132  93 130 249 201 189  32  94  56
 147  43 194 178 110 191 118  79 161   9 119 202 112 160][254 201  87 238   9  86  78 168 165 130 227   2 107 103  41 247 240 244
 253 234 105 199  59 173 179 250 199  23  34 179 100  32][ 10 104 182 149 119 218 178  70 189 132  86  35 172 220  39 196 234 123
 179  81   6 252  34 237   5  54 154 131   7  29 125 207][169 170 176  81 100 189 225  87 122 191 112  92 190 128 214 188 133  46
  70  28 182 254 226  66  76 254  48  96 194 192  67 141][109 102 253 101 100  46 111  48 105 234 127  76 223  35 153  51 150 196
 108 110 201 240 225  72 198 255  97 132  74 243  66  33][114 211 147 172  25  68  66 104 169  12 161 109 102 202  44 214 248 229
 236  96  76  35 130 137 144 240 129  27  89  43 110   7][198 164 189 115 248 105 189  11  58 191  41 153 196 255  72  27 149  31
 241  17  51  92 203  66 205 150 125 247 192  96 135 243][ 56  64 111 239  36  46 239  48  69   2 255  66 219 105  57 192 122 132
  63 235 137 176  97 141 197 239 226   0 119 251 112  33][  0 160 189 114 139 253 144  79 238  21 161  24 174 222  76  58 137  19
 234  17  22 105 242  81 203 211  86 123 192   0 143 138][165 121 248  82  76  25  86 200 215 166 164  10  98 216 223  58  88 232
  74  82 236 103 127  56  54  24  69  59 125 251  88  78][ 96 241  88  98 250 217 180 237  42  61  61  56  22  27  78  16 147 155
 197  16  86 106 202  21 127 137  53 127  80   2 207 139][244  43 250  80 242 171 123  67 179 141 105 189   3 231 197  17 166 251
  69 208  58 219 160 106  59 132  37 235 225 225  38 243][209 184  29 121  35 204  49  39 232  81  98  24 183  85   0  59 160  51
  72   0  59 236 179  37 193 233  80  67 104   0 135  42][130 248 146 152  75 241  16 194 191  20 160  41  44 222 103 221 235 187
 235 208   6  79  18 241 155 144  91 123 146  21  47 159][124  57 218  38  18 158  90  80 161 128 239 141 127 231  35  16 182 253
 237 230  12 131 144  10 243 229  32   9 104 163  42  18][193 150 158 145 154  46  60 159 188 211 134 213 212  35  72 202  87  86
 232  60  49 205 209  66 236 167  30  84 168 240 137  16][ 35 105  96  90  77 209 222 196 207  84 240 139  40 140 119 189 202 235
 146 199 206  43 246 241  54  88 134  59  87  29 254 222][ 34 217  35 152  95 197 148 231 142  69 200   7  44 156  34 192 232 187
 131 193  66  43  18 245  49  20 158 123  81  28 181 218][154  26  62 188  39 192 184  96 141  76 210 179  44 159  32  75 230  49
 191 163  32 129   2 204 211 113 234 131  37  12  53  91][ 34   2  98 138  84 129 168  72 132   1 209 131 104 204  62  96 120 169
  19 229 130 163   6 221  16  44 138 136  21  14 113 196][105 111  37  37 189  31  69  55  97 172 190  76 234  33 145 151 136 230
 108 108 232 186 225  12 229 251 101  48  66 254 210 105][ 69 245  25 103 176  14 103  57 122 168  47  76 215 115 200 112 148  76
 108 106 193 240 217  30 239 191  37  52  72 162 194  33][212  32 151 116 139 104 101  71 171 183 162  24  78 183  65 127 163 247
 108 144  24  71 163  64 153 162  87  59 224 112 167 106][249  53  25  68  17  78  70  56 112 226 172  88  82 113   1 183 144 244
  88 106 105 227 240  14 179 235  69  54  74 112  66  42][ 32 166 218 116 116   8 235 235 184 146  32 200 148 235  93  18 155  65
  67  45  34 108 194  79  44  30  15  44 196 160  67 136][ 32 233  57 122 137 229  21 238 135  21 172   8 182 247 104  48 137  19
 123  16  90  43 122 117  75 159  20 127 210  82 167 234][184  36 106 100  87 115  91  80  97 128 247  10  91  25  23  48  56 188
 149 170 104 183  52 142 211 233 160   1 103 163 110  34][ 65 181 149  69 213  94 102  63 121 234 106  72 214  48 140 183 176  86
  80  42  49 248 145  14  45 190  68   6 202  34 203 172][210 132 127  94 178 192  57 103  60   3  99 176 124 247  40 113 183  63
 185 128  51 217  34  95 249 166  90  75  32  64 167  59][124  37 245 100 168 108  71  51 224 174 174   8  83  53 129  50   3 246
 108  42  25  97 163   8 241 170 101  24 226 243 198  97][  1 174 151 119 229 143 100  55 255 171  98  92 182  57  20  51 129  46
 112  12 241 248 147  47  13 158  84  16 200  72 211 137][ 33 113  61  65 116  15 227  61 109 232 106  76 146  16 156  48 156  12
  82 108 193 176 113  12  37 156   1   4  72 138  82 168][ 72 160  63 124  41 201  57  72 174 176 133   8 252 215  64  50 135 117
 235 128   2  67 234  81 223 241  11  57  18 130   7  34][  1 143  75 205 148 130 239 119  68   8  90  70 113  35 176  64 112  42
  18 236 209 152   5 125 100  45 170 192  61 138 241 168][186 247  98  72 237 213 220 111 139  94 188 175  42 220 126  20 204 155
 215 199 206  47  38 211 115  89 136 187  87  92 254 223][119 106 134   5   8  43   2  66 168 162 162 237 134 130 193  30   8 229
 106 119  13 215 196  72 156  16  79  54 200 113  10   4][160 255 119  90  89 221 166 236 251 152 176 104 106 248 204 183 137 122
 194  82 227 111 234 125  63 218  69 123  83  27  70 173][245 216 255  55 162  90  85 167  57 247 102 188  87  54 202 127   7  87
 240  78 253 220 255  34 136 187  84  68 132 241 162 124][101 125  25 103  60  15  71 184 124 232 111  76 242  49   1  48 144  76
  88 110 193 176 121  46 229 191  37  48  72 179  66 168][244  36 177 112 153 109  81  75 251 183 165  24 150 213  73  57 145  26
  72  56  58 103 248   2 217 156  17 127 192 105  70  34][218 189  18 250 155 196  22 231 191  17 172  16  60 255  96  82 163 115
 249 208 114  75 154 247 251 213  31 107   2   0 167  26][ 76 162 220 241 232  40  60  31 170 191  55 240 157 163 200  90 167  23
 237 152  18  88 195  64 206 211 119 229 130 192 135   3][108 157  85 101 209  11  70 191 114  33 174  88  91  97   8 180  27 214
 232 112 123 169  89  63  60 231  37  84 235  34 202  32][116 178 142 128  73  79 161  72 174 188 160  15 134 194  98 146 248 132
 234  16  11  99 211  16 157 128  11 125  88  40  47 130][212  40 153 240 184 233  17 202 175 183 160  56 150 151  65  26 131 153
  77  16  26  71 226  80 217 148  23 124 128  17   7  34][233  93 215  68 104  92 101  52 233 210  46  76 114  50 133 247   0 100
 124 106 197  69 183 104  52 186  68   8  74 242  74  60][ 81  18 142 140  40  23 177  88 134 252 198 103 244 214 162  98 252  52
 234 229 143 131  99  29 208  33 171 148  16  42  53 115][182 227 248  18 234  73 213 205  91 252 161   9   2 204  95  27 145 203
 111  87 206  99 235  80 123   8  85  63  81 122 198  94][189 101  97  69  84  79  71 120  81 160 245  74  83  49 149 181  88 204
  20 106 233 242 253  14 119 201 165  52  99 187  82 160][193 156 111  85  32 122 109  55 120 226 110 252 243  36 150 119  39 166
 124  44 249 220 117  15 228  43 112 128 108 224 194 125][ 88 136 189 184 141 233  16 135 206  49 130  25 183 184  34 106 129  51
 234  17  30 105  83  53 219 247  84 123 208   8 141  10][116  44 149 119 130  46  84 143  55 187 235 112  82 243  73 218  53  94
 108  18  26 208 203  34 131 166 117   6 224 241 162  35][120 115  26  32  58 205  83  88 170 172 172 173  63 215  67  16 150 185
 205  98  74   3 218  25 243 213  37  61  96   3  14  19][138 157   5 221 121 212 190 231 190  75 220 145 188 247  32 228 205 123
 187 128 115  10 114 255  39 118 158 139  18  84 165 254][ 82 175 134 186 155 192  30 231 143  21 136 163  44 238  98  66 231 243
 251 145  18  75 138 247 185 118 158 251 148  70 165  74][ 80  56  63 240  18 236  49   7 173 132 106   0 191 151  33 112 166  55
 121  16   0 153 176 108 213 180  18   2  32 128  37  42][129 220 123  93 116 207 239 246 124 110 118  68 243  85 180  49  55 122
   6 106 225 188  49 127 103 175  50 128  89 153  70 249][225 107  29  69 116  30 227  32 124 252 102  92 210   0 151  55  16 108
 106 110 228 244 229  14  36  56  33  16  64 168  90 164][218 174 220 189 170  40  60 159  62 183 114 245 237  43  66  91  39 215
 239 148 178  92 203 115 206 227 127 193 172 208 139 153][ 60 162  90 106  93  81  82 200   3  29 181 187  75 201 104 152 185 152
 197 115  30  35 138 149 219 193   1 127 115  15 126 130][ 78  78 156 126   9 164  31 168 171 158 173 137 236 231   9  91 149 113
 233 194 104  71 250 121 225 243  69  59  82 115  39 114][  3 179 251   1 242 173 105  23 127 101  74 197 177 172  86 112  54  47
  51  29 151 184 247  81  79  28  50 192 236 198 195 253][ 82 241  56 248 155 209  29 239  43  17 172  24 191 182  64  52 235 155
 217 129  90  11 243 245 249 213 158 123 176  16 167  58][196  56 183  85 203 107  49 202 250 187  34  56 214 245  65  63 177 126
 232  16  49 245 155   2 221 146  85  54 202 113   7 179][ 40 105  35  17  85 217 231 198 223 228 120 137 163 140  23   0 136 234
 195  93  78 186 116  63 111  92 132  49  83  29  86 252][224  74  23  30   9 137  66  70 173   0 160  76 166 128  33 151 200 226
  74  66  79  47  66  57 144 176  80  59  88  25  10  12][ 34 217  50 152 223 197 148 231 143  89 200  27  44 156  38  64 204  59
 147   1  82  43  18 245 185  20 158 123  16  12 181 218][ 97 135  94  69  52 187  66  55 105 105 126 120 226  33 146 148 128  38
 108  44 185 184 193  15 174 255  48  19  66 196 202  45][ 52 239 125   6 142  77 215 236  65 254 184  15  98 108  95  19 216 198
 110 102 204  99 255  41 121   8 101  59 113 122 214  78][216 136 158 184  61 232  80  71 255  21 194  25 174 217  32 235 193 179
 234  17  62 111 210 183 219 243  80 123  16   8  61  10][132 166 173  49 185 111 181 175  58 191  33  25 206 127  72  27 149  31
 105  53  50  92 235  86 237 151 125 119 192  68 135 243][117   5   4   5 223  11 231 104 100 164 235  14  66  32  11  20 120 204
 106 110  76 178  93  12  52  36   5  20 105 123 122 134][ 45 117  17 101  52  15 103 188 108 232  43  76 247 113   9  48 144  76
  92 106 201 176 121  46 229 237  37  20  72 179  66  33][124  62 220 115 147 122  65 139  55 191 238  60  74  99  75 222  53 222
 236  24  59 216 249  34 218 239  53  85 234 240 142  33][ 50 221  96  26 223  85 214 229 201  79 189  31  42 188  62  20 201 131
 215 135 252  43 124 255  59  94 148 251 119  94 254 222][ 33  41  81  65  85 143 227  35 109 160 106   8 146  16  20 180 128  44
  82  76  65 184  85  44  37 156   0   4  72  42  66 172][101  99 241  69 100  58 111  48  97 224 127 236 211  33 149 182  90 196
 102 110 137 176 229  72   6 254  97   0 111 251  82 164][ 72  32  63 124  27 201  57  72 238 176 165   8 252 215  72  50  34 181
 234 192   2  67 250  81 215 241   3  57  18   2   7  34][186 151  98 232 253 213 220 111 153  14 184 187  42 188  54   5 223 155
 151 161 252  43  32 223 115  93 158 191  87  76 246 223][229 103  97  69 172  31 207 184 113 172  55 204 195  32 157 183  24 196
 100 110 233 176 237  46  36 216 101 180  71 187  82 165][218 253  18 254  27 193  22 231 191  16 168  40  44 255 100  81 163 243
 251 194 114  79 154 255 187 209  15 123  18   2 167  26][  3 149  98 152 150 176 188 103  28  81  92 247 140  46 182 228 111  19
 147 149 247 136  36 215  42  30 158 194 159 204 185 213][125 175  84 113 147 251  83 191 119 189 238  56  75 113 138 149  57 222
 228  56  58 248 105  30 250 239   5  85 227 192 206   4][  9 190 146  17 245 191 224  87 127  13 106  84 174 144  68 180 135  43
  66  28 150 188  16  79  46 222  22  66 202 196 203 141][246  55 233  70 184  44  86 251 251 238 185 253  66 125  77  50 151  87
  77  50 188 107 190 110 251  30 101 254 192  99 198 247][218 190 158 120  43 164  25  71 170  23 164 181  44 167  66  91 199  51
 233 128  34  79 130 115 211 243  90  91 144  64 167 107][216 180  86 126 115 210  53 103 124   3 110  48 126 243 136 245  51  63
 228 128 113 237  35  79  49 231 118   3  99  64 175 171][165 250  53  94  45 217 150 236 254  26 176 104 234 216 205 163 141 115
 238  67 231 111 238  63  42 219  69 123  81  59  79 141][ 68  48 151  85 235 107  52  79 186 251 162 120 222 247 197 191 183 126
 232  16  17 247 139  64  29 146  85  62 202 113 135 179][ 34 197  32 200 213 133 204 119  77   9  92   2  40 153  52  96 200  10
  19 217 218  42  16 213  35  24 138  72  23  28 240 134][ 25  80  13 169  13 206  97  16 100 113 195 199 147  22   0 234  96  36
 234 212 141 216 117  20 197 227 242  64  40   9  24 222][205 180 165  81 180  62 169  25 122 249  15  84 208 124 220 238 149   4
 121  61 151 244 253 194  15  62 109 196 202 230 209 117][120   5 179 100 176 108  71  51  97 169 174   8  91  53 128 180  48 246
 108  40  25  58 161  12 185 237  37  24 226 226 198  33][ 88 160 190  48 137 233  16  75 174  61 161  25 142 218  74  26 169  19
 232  17  30 105 138  17 217 211  27 127 192  64 143   2][ 19 254   3  51  50 129  43 230  57 120  74 237 175   6 144 181 167  79
  84 231 207 216 141 125 128 208 186 230  44   7  35 221][165 101  85  69  92  27 198 104  81 168 188  74  82  56 149 167  88 228
  66 106 105 242 109  28  46 154 101  52  83 187  90 164][ 84  50 183  85 203 104  37  79 170 187 162  56 142 183  73  30  33 255
 238  16  17 223 163  64 157 162 119  59 194 112 167 187][221 222 172 151 160  50  29 191 179 222   6 241 255 118 139 127  55 246
 188 142 236 212 239 171 202 107 247 133   6 245 132 125][  2  56 150 186  75 225 176  70 191  21 224  41 172 222 103  28 235  59
 235 145   6  79  18 241 153 144  26 123 144   4  47 223][184 217 120 122  90 141  83 252  86  12 116  40  51  81  34  81  24 184
   6  74 106  46 120  63 119 137  32 121 113 155  70 171][137 134  23  95  49 190  96  55 253  27  99  84 190  34 128 245 135  38
 108  12 182 216  65  93 143 186 114  64 154 128 193  13][112 184 149  60 137 105  80 207 187 247 160  29 134 226  66  31 129 207
 236  16  30  75 219  17 153 242  85 127 224  96   6  94][ 72 170  25 241 248 169  49 151 166  61  42  57 150 151  64  88 167  59
 109  16  18  73 131  84 221 133  50 124 128 192   7  43][101   2 150   7 116  62 226  48 121 136 123  76 194  40 159 182 144 100
 100  44 148 240 133  76   6  62  97   0 202 231  90 133][133 112 243  81 246 126 243 208 123 235  51 120  18 189 197  62 179 124
  68  88 179 244 172  66  15 158  21  38 195 241  70 231][ 25 219  91 237   4 134 111  53  68  72 118  70 115   3 178  96 112 228
   4 238 201 152  53  61 226 233 166 128  61 186 240  40][219  61 182 118 131  92  52 119 249 202 111  53 110 255  38 118 166 255
 245   2 228 221 178 107 179 255  86  11  75 118 167  95][189  69 235 237  84  38 111  88  85   2 126  66  91 105  57 224 120 140
  55 235 233 176 113 138 247 237 162   4 255 251 112  32][ 61  68 127 233   4  15 239 121  84 138 255   2 219 121  61  33 252 128
  23 170 233 182 113 142 103 207 227   4 117 186 112 162][120  60 154 116  42 233  81  86 170 191 174  57  55 183  66  26 163 255
 109  16  10  79 146  32 219 197  53  57 224 224  15  27][138 252  21 217 249 213 188 239 159  91  76  16 172 182  36 228 201  27
 251 128  55  10 115 247  47 118 158 235 154  84 173 158][124  41 122 126  80 132 123  80 177 140 244  13  51 199  35  16 124 250
  71 206   8 139 146  45 115 173  32 137 105 179 110 155][127  77  76 110 207  18 206 248  65 166 188 174  67 105 155 183  88 196
 252 239 205  35 109 168 178 233 197  61 127 255 122 116][249 125  25 100  11  94  22  47 224 234 164  24  82  51   1 179 128 212
  72 106 105 103 241  10 179 235  69  26 107 112  74  42][163 204 101  95 125 213 198 238  93  72 240  66 176  24 180 165  72 104
  18  79 239 174 119 191  36  58 130  10  95  28 112 236][ 75 172 140 185 232 173 108 159  62 243  66 213 237  39  66 219 167 207
 239 148  55 216 219 113 206 227 255 192 170 212 139 152][135 183 181  83 154  61 164 207 250 251  48 120 136 188 220 171 173  95
 194  17 183 248 238  98  45  10 127 247 193  80 143 141][235  61 226 117 164  59 125  55 241 226  62 185 187  45 215  63   7 118
 253  12 224 252 244 170 102 223 117 177 102 244 214 249][ 67 238 135 154 170 160  45 135 190  87 130 245 164 230 214 127 167 103
 120 149 183  77 174  97 156  54 222 202 128  84 167 124][100 245 189  38 202  15 135 253  40 242 168  77  84 117  72  19 157 215
 121  99 209  99 217  40 125   0 109 124  73 114 131 179][  0 178 215  85 202 104  33 207 186 187 226 248 174 183 192 190  47 222
 238 144  19 221 227  96  29 160 119  98 227 192 167 185][ 34 145  50 184 253 197 148 103 143  25 200  25 172 158  36  64 205  59
 147   1  82  43  18 213 187 212  26 123  16  12 165 219][113  72 123 236  36  70  79 180  68  64 214  70 115  83 177 112 114 228
  28 234 201 131  53  45 243 233 162 144  60 187 112  56][ 73  16  69  49   5 219  97  19 228  81  70 132 147  21  18 239  96 172
 254  24  15 152 119 128 199 225 210  65  42 140  88 112][216 178 158  50 169 233  16  79 174  61 163  57 142 219  74  26 129  19
 237  17  30  77 138  17 217 211 126 127 208   0 143   3][124 103 211  98 242 104 111 193 161 132  45 184  75 199 201  30  63 220
 196 242  27 211 136  96 122 197  37 109 227 243 166 176][ 67 200 164 254 160  46  92 190 187 146   3 153 231 235  17  95 151 119
  57  14 232  76 139 187 195 254  85  22 134 241 128  12][110 239  35  30  89 217 134 232 154 228 137 205 236 228 109 134 145 111
 235 103  67  67 138  63  57  86  13  63  18 119  23 244][ 96 253 237  39  76  73 135 239  72 226 184  75 114 124  93  19 216 198
  75  99  72  99 219  41 125   0 101  60  85 122  86 250][ 88 223  19 174  50 202  19 183  62  73  74 237 255  55 128  80 182  55
 236  64  91 153 137  63 240 231  58 210  56   2 135  25][195 186 157 179 160 172  57 159  58 121  18 116 188  50 200 123 135  79
 124  28 147  92 139 113 140 154 126 230 136  64 129  41][ 24 148 246 127 115 210  49 111 125   7 119 176 111 115 138 244  51 155
 230 128  55 254  39  79 154 231  82  67 103 128 175 143][173   4 227 205  85  54 239 120  85  74 255  70  91 105 189 229 120 204
  23 168 169 183 117 202 119 127 194 132 127 254 112 164][216 136  30 184  11 233  16  71 255  23 130  25 174 203  96 219 195 187
 234  17  54 111 194 177 219 243  82 123 144   8 173  10][133 254  53  62  40 217 150 232 222 190 177 120 238 236 197 171 141 113
 238  67 231 101 238  63 128 211  99  58  80  59   7  61][143 252 181  83 168 153 175 238 254 183  48 148 233 236 220 163 143  83
 234  83 231 108 255 119 172 219  95 118 197  17 135 252][117 178 247 119 147 254  81 155  51 253 231  93  67  87 203 124 181 254
 228  16 190 222 249  46 219 255  53  87 227 196  70  87][101 125  29 101  52  15  71 184 101 232 170  76 215  49 153 182  16  68
  76 110 201 176 121  44 229 184  37  20  72 187  66  33][114 176 149  52   9  77  80  79  59 249 160  93 166 150  64  26 161 255
 236  16  14  75 211  17 153 242  85 127 168  32   6  95][161 171  21  89 248 217  32  71 255  57  96 120 146 144 132 181   2  58
  74   8  51  58 226  21  46 152  48 126  82 128 194 173][ 66 184 150 154 107 225 177  71 191  85 224  57 172 222 102   8 239  59
 235 145   6  79   2 241 153 150  26 123 144   4  39 223][101  99 233  69 116  26 231  48 113 224 255 238  83  40 149  48  58 236
 102 110 205 178 229  10  54 173  33 128 111 251  82 180][116  96 232  37   5  90 194   8 117 164 227 139 195  72  31 144  24 204
 232 103  76 240 197   8 166 101 129  23 101  63  94  70][210 253  18 190  91 192  22 239 191 150 168 169 108 254  44  81 227 243
 251 194  98  79 138 255 179 246  95  59  16  16 167  10][ 34 133  32 217 245 181 204 119  95  73  92  18 136  40  52  32 201  10
  19  25 242  40  32 215  47  28 158 226 146  92 208 133][230  61 189 232 235 101 159 255 138 186 152 111  28 254 101  35 141  83
  83 227 209  67 154 240  57  16 111 190  24 112 163 187][ 99 180 237  85  16 106  97  35  49 227 170 189 243  60 150  50   3 230
 125 132 189 252 245  79 206  62 144  80 205 128  86  94][104 172 142 124  73 232  80  71 183 151 230  25 162 243  66  27 201 190
 235   8  58 239 210  49 223 251  84  25 194  64 238 138][210 181 247  94 195  64 182 111 185 203 251  55 124 254  14  50 182 255
 253 163 116 231 154 203  51  38  78 139 105 118 167  95][ 41  41  19  67  85 221 226 103 236 160 106   8 186 144  52 180 184  42
  74  73  65 185  16 110  37 220   0  65  67  10  91 174][  7 115  45  13  34 143 141  56 172 200 151 236 220 102 147  56  54  33
  94 239 145 128  55  92 208   2 107 144 152  51   3 113][ 88  59 147 180 187 248  16  66 170 181 130 185 175 183  64 154 167 255
 237  16  30  75 130  32 219 225  63 251 162  68   7  91][ 64  32  63 124  27 201  48  72 238 184 165   8 254 215  73  50 240 177
 234 160   2  67 218  81 215 209   3  59  80   3  39  34][199  36 165  81 180  62 233  27 122 251  11  88 208 124 221 174 149  12
 120  61 179 244 249 194  13  30 143 196 138 226 211 116][ 42 157  20 153 249 221 188 239 159  91  88  16 172 190  36 229 201  59
 187 128 119  24  82 247  47  54 158 107  26  92 141 159][121 124 153 100  75 126  86  63 112 170  46  76  86  49   0  58 145 212
  96  42 109 126 241  14 115 175 117  18 104 112 202  11][218  70  23 210  27 251 120   7 189  19 143 152 110  71 160 247 161 178
 203  48  35 205  33 239 187 210  92  19 162 196 140  56][ 75 168 197 179 233 173 108 143  55 243  98 149 189  39  82 218 161 207
 123 156  63  88 219 113 206 235 223 224 170 212 139 200][113  52 214  84 243  62 180  39 121 235 170 124  90  58   4 188 179 231
  76  32 181 237  21  78  18 190  81  18 203  96  75  15][  0 182 157  49 184 111  53 191  62  55   2  25 222  55  72  25 183  31
 233  48  50  92 251  87 237 151  95 118 192  64 135 115][  8 168 158 248 237 228 112  71 191  23 230  17  60 179  32 218 233 170
 251   0  18 219 130  81 215 251 210  75 146  64 238 138][ 66 228 145 145 217 233  37 175  58  55   0 153 140 166  74  26 163  91
 233  16  50  88 171 115 173  22  94 111 128  64 135 234][109 103  21  69 180  14 103 189 105 168 122  76 211  49 145  52  20  68
 108 110 201 176 217  14 164 188  37  20  74 178 194  33][168 117   5  39 100  75 167  56  64 226 105 104 247  97  25 131  24 126
  98 107 105 240 217  40 229 225 101  32 108 123  86 184][  8 133  56 249 189 237 248  35 143  29  60  16 191  27  52  64 197  27
  19  25  18  40  82 213 207 221  26 120 146 136 129 130][130  56 147 186  59 225 185  71 191  13 192 177 172 222 102  76 231  59
 235 145   2  15  34 243 153 150  26 123 144   4  39 222][210 236  22 188  11 192  28 239 191  22 168 187 108 254  44  81 255 243
 239 128 106  79 138 255 177 246 207 187  17 116 167 219][128 214 117  91 102 203 167 252  93  54  52 250  96  21 172  37  63  16
  66 106 226 180  45 127  37 154  85  54  83 152 197 173][  2 181  22 211 249 253 176   7 191  57  11  24 140 254  76 173 133  27
 235  16  54  89 219 215  15  22  95 127 130  76 141 150][ 72 138 158 184  73 249  16  71 191  31 164  57 174 131  98 219 225  51
 238  16  54  79 194 177 223 243  80 123 146  68 173  11][ 84  48  25 108   8 205  17  88 230 232 177 104 182 215  65  50 248 181
 110  96  11  99 219  25 209 160  35 191  88   2  39  51][210 180 242  94 243 102 182 107  57 139 249 115 124 254  12 147 191 223
 245 163 242 231 155 207  59  46  94 143 109 102 167  19][ 77 190 145 118 177 172 103 191 250 138  40  76 254 241  89  48 149  98
  88  46 243  96 154 127 237 223   5  46  72 114 195  41][108 181 133  39 203  79 167 189  32 242  11  76 215 113  72 147  24  94
 113 107  89  90 217  41 237 193 109  52 105 114 131 184][ 13 175 167  93 186 178  47 186 246 211  70 244 241 227 146 111  55 102
 123 140 179 216 175  63  78  47 255 196 174 229 177 240][ 65 189  23   5 251 120 182 103 232 235  58 120 254  56 132 182 175 119
  98  33 181  59 164  78  44  54  69  43 201 114 139 141][ 37  99 105 101 116  27 227  56 112 224 126 238 211  40 149  48  62 236
  86 110 201 178 229  14 100 237  33 128 109 187  82 176][218  32 134 241   3 112  56   2  43 183 134 147 141  31  74  75 227  21
 253 144  14 213 145 192 215 211 218 199 166  68  45 130][ 25  29 127 125 241 230 119 242 181  72 254   0 127 247  33 112 236 251
 247 202  41 187  48 127 243 239  32   1 115 241 102 187][ 32 159  87  79 114 170 114 178 173   8 110 100 118 115 129 213  54 122
  70 106   3 177   9 125  38 188  32   2 122 211  66 185][175 238  96  65 253 155 203 184  91 246  52 140 203  72 215 189  31  72
  85 127 238 118 253 182 110  91   5 252 127 191  90 196][ 10 181  21 219 221 253 180 239 159  61  72  24 172 190 108 164 161  27
 251  17  54  88  26 247  47  22  30 111 146  76 141 143][106 199 128 190 201   4  77  63   1  14 200 197  97  99  58  86  84 231
  57 204 200  10 210 235 240  52 222 136  50 246 176 120][217 191 115 102  50  24  31  48  49 196 199 236 255 231 136 243  54 253
 253 238 225  93 173 111 240 225  40 152  38 179   7 121][ 61 125 210  66 211  98  46 216 161 128 237 128  91 247  73 190 126 250
 192 242  27 211 156 106  59 228 133  76 235 243 170 178][193 186 157 179 168 172  57 159  58 123   2  84 188 178 200 123 135  75
 124  28 179  92 139 113 205 154 127 230 136  64 131  41][ 24 144 244  89  91 114  49   9 119  85 247 178 201 126 142 253 119 159
 230 144  31 250 127 213  78 227  82  79 247 132 175 247][ 41  20 246 205 117 127 241 115  93 234 119  50  88  57 182 229 248  44
  22  40 161 179 113 206  87 126 194   6  87 236 120 231][104 168 158 124 201 233 112  71 182  31 230  25 174 179  98  26 201  58
 234  16  26 235 210  53 223 247  80  91 194  72 238 138][ 90 187 146 180 155 188  24  67 187 181 130 157 175 198  66 214 167 191
 237 149  30  75 146 229 153 241  31  91 162   4 167 126][107 168 197 179 201 253 108 159  55 115 234  85 189  51  66 218 233 206
 127 156  31  88 219 241 143 255 223 225 170  68 218 202][173 106 101  21 104  31 199 184  94 246  52 236 195  64 215 191  31  96
 102 110 229 116 111  62  46  26 101 180  95 189  90 253][216 178 156 186 171 185  16 207 190  31 129  61 174 202  74 219 165  19
 239  17  62  77 138  81 152 211  90 127 144   4 143  27][140 110  52  62  41 189 131 232 254 190 177 124 238 236 205 171 141 113
 238  71 227 101 235  59 145 211 107 186  88 113   7  53][ 67 249 140  50 217 141  20 175 187  49   8 153 174 254  66 146 133  91
 249  17  70  72 218 113 173  19  29 127 152  20 139  30][100 106 234  37  52  26 226   0 108 164  98 137 195 136  23  16  26 236
 104 119  12 240 197   8 164 101   1  21 101 191  94  68][  8 177 157 113 145 207  53 175  62  53  34  25 158  55  72  24 151  95
 235  16  19  88 121  85 205 151  93 119 208   0 135 122][ 70 181 149  49 193 233  53 143  59 251  43  56 156 182  76 190 161  31
 248  16  23  88 251  80 141 146  95 103 136  64 135 247][ 30 176 244 105 203 114  24 216 103 125 247 183  73  31 198 124 127 157
 239 208 158  82 255 209  95 225 195 231 243 133  46 247][217 108 115  86  66  30 111  49  49 194 103 136 123  71 129 183  54 253
 220 238 233 214 172 111 242 235  65 128  39 183  43 112][105 186 132 179 217 189  96 159 167 121 234  93 163  51  66 146 233 206
 255 148  30  88 219 179 159 247 151 101 162  68 222 202][221  91  87 127 242 138 111 176 177  64 102 244 125  71 161 245  54 245
 228 238 241 158  45 127 244 227  96 128  34 179 166 241][ 74 178 148 186 171 249  48 143 191  87 130 189 174 206 106  91 167  27
 235  21  22  79 211 209 158 243  90 127 154  68 143  95][ 90 168   2 176 139 212  88  71 171 149 138 137  46 198  98 220 165 191
 237 148  30  75 178 197 155 245 159 123 162   4 175  94][  2 181  28 154 221 221 180 239 159  49  57  27 140 254 108  12 165  27
 251  17  86 107  26 245  63  22  31 127 144  72 141 142][ 34  16 119 213 118 234 177 103  93  99 118  50  12 185 164 108 254  61
  51   0  48 184  32 206  22  62  82 194 229 136 229 175][106 163 145  96 249 205  16 207 171 189 168  25 142 167  72 150 129  31
 233  16  18  75 202  81 159 212  29 127 194   4 135 195][ 66 166 156 145 135 240 184   2  63  23   2 147 140  46  70 203 227  23
 187 145  54  92 131 192 143  54 218 195 132  68  45   6][175 108 117  67 102  59 255  88 123 230  61 141  91  72 215  61  23 108
  80 110 228 116 253  30  38  94  69  52 111 255  67 196][  2 162 231  81 104 221  41  83  46  61 114 240 173 134 196 254 110  29
 238 152   2 216 227  81  13 176  50 224  66 128  39 253][ 49  35 105 101 116  11 235  50 116 224 126 238 147   9 149  32 126 236
  22 236 201 178 101  14  68 173 161 128 109 168  82 240][  8 132  56 249 189 253 249  19 207  49  44  16 156  61 112  40 129  27
  19  24  18  40 114 215 207 221  18 121 146 200 209 162][210 238 150 188  91 225 156 239 191   6 184 187  44 254  37  83 239 243
 239 128 106  79 130 255 177 246 219 187  16  84 167  11][193 170 157 243 232 173  57 159 234  59   0  80 188 243 200  59 135   3
 124  28 179  92 139 115 205 154 127 236 136 192 131  41][ 40 186 150 124 185 233  80  71 183  29 226  57 174 253  64 154 129  62
 239  16  26 235 194  53 219 243  80 123 194  12 198 219][194 184  59 186  27 225  17  71 191   5 192  49 172 214  34  92 227  59
 251 145  50  15  50 247 145 246  26 123 144   4  39 126][173 236 146  94 225 112 206 198 241  22 108  16 104 226 143 191 155 111
  64 142 100 231 170 106  50 190  84   9 194 241 235 140][173  94 237  87 108  27 135  24  95 230  53 220 226 104 215 175  31 100
 226  46 229 244 125  26 102  27  69  48  95 253  90 245][ 33 207 105  11 148 131 175 253  70  96  91 198 240  96 190 100  88   8
  18 239 211 152 109  63  44  12 175 196  29 138 208 236][  6 165 158 146 253 253 176  79 191  57  41  25 140 254  78  24 161  27
 235  17  22  75 154 211  31  22  95 111 128  72 143 134][182 233 150 146 141  87 150 204  31 183 128  19 142 234 111 143 217 203
 138  83 126 231  25 234 185 146  31  55 192 125 173 142][ 77 236 108  94  91 219 123 184 239 228 175   8 121  78 159 112  50 229
 250 238 198 133 253  95 127 111 161  21  35 166  79  68][ 73 175 153 119 180 174 102 191 250 138  40  76 246 241  89 176 149 106
  92  44 179 104 154 127 237 159  37  44 200 226 195  41][ 56  93 126 124 241 214 119 246 245   8 254   0 127 247  35 112 236 250
 255  72 233 171  51 127 115 239  36   1 115 177 238 171][101  56 144 129 205  47 162  80 110 184 179  94 214  16  65  26 249 237
 110 255 149 115 217 192  28  24  39 118 201 107  75 131][132 251 255  87 226  10 175 245  60 154  96 240 177 231 197  59  62 127
  98 202 240 248 141  96  37 138 119 128  65 241 135 169][118 176 244 124 187  38 154 232  51  19 241 177  76 255  44 217 223 221
 245 161 186  67 219 213 155 126 219 206 215 101  43   7][ 81 217  62 188   9 206  85 117 173  13 254  16 222 242  34 112 228 161
 124   0  93 139  50  71 241 255  66  90  64  34 163  99][154 244  60 177 171  85 156 239 154  63 144  19 140  30  78 139 165  19
 249 145 118  77 155 215 187  83 223 247 144   4 141 223]