[169 251  20  26 201 157 180 231 234  53 160  61 174 130  70 147 137  99
 226  82  86 107 218 117  60 209  86 123  90  20 139 142][177  53  28 109  24 126  16 204 226 177 161  24 211 114   9  51 136 213
  72 112  47  97 219  29 225 233  97  53  89 113  74   2][ 54  99  87  77  90  83 174 104  36   4 251 224  73 198 141 180 126 221
 194 226 193 131 165  76  51 240   3 143  67 179 103 165][194 148 191 212 154 230 152  11 187 219 146 117  84 254   4 123 229 247
 125 145 179 205 147  75  25  62 255 214 137  64 165  59][125  37 224  71 244  59 207  56 113 224 255  10  75 104 159  52 122 204
 118 110 173 242 237 206 118 255 165 132 231 255  82 228][ 99 180  94  86 106 189 184 101 251 113 109 156  62 232 222  48 167  43
  98   4 151 122 190  85  22  31  80 107  72 130 203 156][ 88 249 158 118 147 220  52 231 255 147 102   8 110 250 111 122 163 127
 232  16 118 249 154 115 251 215  87  75 192  80 175  15][193 254 159  55 184 174  37 182 190 223  70 116 245 246 194 123 167 103
 104  24 113 221 171  35 236 231 127 192 136 112 131 121][  4 191 149 251 187 233 181 239 190  31  40  48 228 246 104  73 131 115
 234  16  50  73  42  55 233 150  95 123 208  80 133 235][212 120 191 100  56 198  89  25 246 185 130  17  87 223  97 122 180  85
 125  81 154 197 147   0 203 239  37  84 160 160  33  35][ 67 188 151 158 186 160  33 227 190  81 194  92 228 242  40  87 163  99
 106   5  55 203 154 103 152  50  91  74   8   0 163 101][125 119 120  97 115  31 126 184  97 236  63 173  75  29 223 176  62 221
 213 110 204 176 237 140 254 221  37 181 103 183  78 215][229 193 125  78  74  79  71 172 236 114 175 136 215 246  11 118  22 228
 106 110  65  65 127  61 101  43  69  20 112 178   6 100][ 89 181 158  53 184 238  53  59 254 187 171  56 247 242   8  83 177  38
 108  32  49 201 147  15 201 231 117  20 200  96 131   3][252  96 190 126 141 109 212 232 211 150 165  24  98 249  45  31 217 248
 232  98 104 103 218 188 243 219  85  63  83 121 126   2][ 24  10 247  85 158 251 160  71 126 161 242 242 239  60 132 168 179 119
 238  17 181 249 101  63 141 230  83  83 229  72 197  45][ 37 120  29  71   5  63  98 152 121 234 101  76 246  80  21 189 144  76
  68 110 173 180 121  42 135 223  65  48 202  59  74 132][ 40 234 136 190  76 201 199 198  22   6 252  43 179 197  99   0 217 234
 130  67  74  62 202  51 245 133 180  57  80  91  92 202][204 102 221 231  36  10 118  56 121 170 115 104 223 115 137  19 182 213
 108  98 104 244 201  10 228 251  97  20 104 243  67  33][189  23 229  71  20  91 239 184 116 224 123 198 211 108 157 224 126 204
 110 110 233 240 125  14  47 239 101 132 111 187  84 116][237 253 172 117 169 127  87 190 211 254 172  29 211 125  91 191 145 198
 253 122 237 100 251  42 239 219  69  53 202 253 222  83][ 34 185 107 216 220 205 242  67 139  73 248 207  50 220 116  48 200 187
  83 209 155  43 210 253  61  28 138 251 213  10 246 250][241 178 252 112 168 188  80  23 251  95 180  28  55 251  70  59 167 166
 108  28 190 111 250   1 219 251 112 121 232 192 234  67][ 47 191  62 158 255 159 182 248 222 249 212 110 238 248 238 228 253 255
 254  99 255 235 255 255  60  55  47 255  89  14 185 215][233 237 156  37 189  14  71 190 115 186 166   8 182  49  67 211 129 198
 108  72 105 253 209  42 239 251 117  52 202 120 202  42][161 236 243  85 221  63 231 254 127 226 114  90 202 168 213 165 121 238
 114 248 161 254 245 254  61  30   7   4 199 252 115 172][ 25 225 135 163 145  77 109 206  54 241 168   8  63 183  73 180  57 207
 122 220  11 217  17  51 189 198  29  52 130  82   3 234][ 22 200 158 190   2 194 188 170 158 150 210 163 125 238  33  75 119 115
 189 193  98 201  10 237 200 227 255 131 180  32  37  11][ 86  50 242 231 103  91 250  64 109 172 187 171 207  31  23  18 190 213
 255 115 132 243 169 200 215 248   3 179 231 175  71 199][220 182 220  55 136  46  95 184  51 182 167 157 215 103  75  27  23 213
 109  46 120  85 219  42 203 235 101  53  40 241  14  18][ 72 112 189 101  33  78 117  24 121 202 102   8 223  23   9 123 144  92
 108  42  97 212 249   8 197 251 101   0  66 176  71  51][ 67  51  17 165  50  10  58  16  45 192  66 229 205   6 130 210 182 101
 124 101 133 208 181  76 132 112  42 130  12 166   3  85][ 10 157  51 254 255 197 191 231 159  11  88  35 188 255  36  96 255 123
 147 129 115 158  26 255 125 182 158 203  20   8 181 187][ 56 149  91 238  83 198  19  97 181   0 237  34 127 223  32  81 250 187
 147 226 120 171  16  95 243 237   2  75 113  34  39 178][ 34 170  71  89  83 151 169 215  54  53 238 196  41 135 132 212 108 190
 226 156 146 154 227 117  23 188 146  64  67 132 230 236][215 168 175 178 136 236   9 128 186 127 131  24 181 214  73 123 161 199
 125 223  58  77 171  97 217 162 255 248 128  65   7  98][ 34 162 247  89 203 245 169  71 238  23 224 240  41 166 196 191 111 155
 226 128 146 255 231 209  21 250  82 106 195 192 231 172][101  36 140  71 205  63  70 168 123 251 175  28 211  96  95 191 153 198
 104  46  61 240 249  26  47  94  69  52 202 251 218 132][ 48 115  88 101 114  75 115  48  40 172 126 104 215  17 129  16  22  28
  68  98  64 176 225  12 230 133  32 147  96 170  70 163][125  36 121 101  52  15  99  57  97 164 111  12  83  65  27  16  56 132
  68  46 136 176 121  14 199 205  33  20  97 170  66  96][ 54 229 232 202 220   3 142 233  86 160 185  10  64 232 125   0 121 200
  87 243 218  35  75 151  60  12 143 252 213 123 240 128][ 12 119 249 103 178 107  39 184 116 166 127 168 223 101 137 180  55  92
 228 106  64 176  41  46 229 199  37  52  98 243   7  33][108 237 190  51 149 239 247 167 254 183  42  25 238 185  83  11 129 102
 105  85  50 248 218  51 237 215  85 119 192 124 215  74][212 247  95  71 242 106  39 252  56 162 123 240  85 119 137  49  55 215
 100 226  97 212 169 110  53 166 103 132  97 243 167 161][149 199  79  81 136 143 109 113 180  54 226 212 209   3 132  91 108 165
 106 238 249 220  87  94  36 170 247 192 105 128 226 176][ 17  13  95  37 146  14 126 117  37 192 106 199  95  39   0  81  54 231
  19 238 113 184  21  78 254 239  66   0 109 162 161 208][ 17  13  79 164 144  70 111  99  52 192 202 130 121 118  48 113  56 231
  25 239 125 155  53  77 241 238 139   0  33 114  34  96][210 160 252  17 155 249  25 135 191  87 166 181 140 174  70  95 163 183
 233 144  62 205 247 209 139  50  86  83 160  68 165  86][ 20  91 126  77  32  42 239  48 236  14 126 228 255  99 165  84  54 116
 110 106 192 177   1 109 230 190  98 128  79 251  69  57][ 67 180  23  90 251 252  88 105 187  81 229  24 108 247 140 191 183 131
 251 156  51  75 186  87  31 126  16 106 138 134 171 116][229 158 213  83 205  60 100 191 115 187 115  84  64 104 220 255 201 206
  38 154 191 126 219 226  14 254 213  70 203 249 248 149][105  32 176 185  45 173  65  18  79 251   0  28 150  25  82   8 129  12
  94  29  14 124 217  16 205  28  17 124 218  12  82   2][ 77 100 133  39 160  62 110 152  58 242 143  92 223  99  89 187  21  68
 124 126 185 212 221  10 204 255 109  20 138 247  11  48][ 39 229  46 159 125 159 182 232 223 224 217  11 226 248 127  64 216 109
 122 103 198 115 207 223  62 127  15  63  93  63 123 134][ 84  77   7 175  24  10  78 168  60 160 203 195 199  98   0 208 112 229
 108 226 105 145 201  47 176 230 143  16  40  50 161   0][ 48 173 190 252 159 225 149 239 158 159 152  27 164 250  32   0 201 123
 235  17  50 107  74  63 185 134 223 123 209  88 165 170][202 239 166 158 248 144 190 175 190 151 200 241 236 238 248  67 215 127
 251 199  98  79 202 255 238 119 223 187 150 244 191 217][197 190 156 151 250 168  46 151 190 187  50 252 196 226 200 155  39 103
 110  28 179  73 207 115 172  50 127 248 136 241 139  17][ 34 174 238  28 221 233 180  71 155  21 184  27  32 233 102  26 201 187
 227  17  50 107 194 247 125  54 157 123 209  72 246 138][  9 238  78 189 112 138 110 244 180  72 114 229 127  71 178 209  54 237
  85 238 237 149   4 125 230 235  34 128  44 147  43 217][ 71 236 150  86 201 190 238 238 251 178 162  76  72 226  85 191 185 231
 106 110  37 227 154 107  61  62  71  42 201 115 107 132][196 114 188 181 170  36 189  18 174 159  19 245 213  39  65  74 103  85
 109 151 144 196 211  66 196 162 255 136 140 241 165  49][163 238 141  29 232  60 172 143 154 243  40 213 160 168 213 139 205  79
 114  13 247  76 255  99  44  58 223 188 204 240 219 220][221 117 237  71 180  30 111 188 112 234  63 228  83 109 159  52  55 198
 125 238 249 240 237  46 110 111 165 132 239 242 210 113][ 85  85 119 229   2  70  47  56  52 230  79 198  85  55 169 117  54 213
  61 238 193 145 185  30 241 230 235 132  32 179  37 113][  5 174 140  51 206 191 166 234 254 178 136  79 199 232  95  10 185 111
 106  23 166 113 223  50  60   7  79 125 201 123  27 132][ 96 140  58 220  29 193 147 103 222  15 220   2 242 248  36  96 217  58
  42  24  58 175  98 191 249 191 130  91  80   8 244  42][227 156 133  29 236  60 236 175 219 251  42  92 224  32 214 255 133  70
 122  13 245  76 247 115  46  58  85  62 152 252 210 221][126   7 102 173 125  23 255 120  29 164 221 135  72 239  63  68 254 205
 255 231 236 147  73 222 246 126 139 143  23 191 124 214][236  54 220 118 184  47  87 189  63 190 191  61 223 115  75  27 159 214
 237  34  56  99 219  18 251 223 101  61 234 251 206  19][196 205 151 254 157 198  71 175 247  31 202  16 246 243  41 103 193 118
 106  66  99 105 171 127 185 182  71  31 144 120 165  42][109 117  57 103  53  78  87 184  97 232 111   8 215 119  25  48 144 212
 124 106 105 240 249  46 231 249   5  52  72  51  66 114][ 93  13 239  87 182  58 111 177 116 234 127 212 211  99 155 124  55 110
  52 238 241 212 237  46 110 175 229 132 175 243 208 117][213 100 141 167   8  14 110 184  56 170 131 197 215  99  25  91  55 197
 124 238 105 212 221  10 228 227 111 148 168 243   3  16][ 63 227  73  15  93  95 206 248  69 224 205 143  67  72  31 164 120 204
 194 239 205 178 125 157  55  77 133  53 127 191  90 212][192 221 149  95 169 239  53 183 255  83  10  56 246 116   0 127 131 114
 104   0 115 104 123  55 173 182  84  82 208  80 133 126][ 76  51 157 103 160  47 119 152  42 184  43 108 215 115  73  26 151  85
 108 114  25  80 217   0 237 215 101 116 200 115 131  19][197 253 157 237 184 111  87 190 126 232 170  72 247 119   1 115 149  87
 124 104 249  96 243  63 237 223 103  60  72 112 131  43][ 68  51 185 101 160  78 119 153 107 172  63 104 215  51  73  50 150 212
 108 106  72 112 233   0 239 253  37  52  64 179 199  35][104 184 251 242 232 204 121  19 171  89 180  56 191 159 196 126 167 183
 127  24 155  75 226 241 223 249 114 250 194 128 199  43][ 80  44  31 228  18  74  17 102  52 164 166  40 247 183   0  83  34 245
 109  32  40 201 161  12 241 227 115  17  32  32  39 107][148  66 117  69   2  91 166  96 124 162 243 226 207  44 133 165  54  85
 238  99 225 244  37  14 133 227  99  19 101 187   5  37][249 188 149 186 169 237  85 223 187 255 168  29 191 246  66  27 141 227
 108  20  63  79 218  51 217 211  85 122 216  64 131  91][146 166  95  90  67 255  92 122 185  26 101  88 110  71 140 189  53 155
 196 170  97 214  32  93  19 250  80 139  98 193  46  61][  1 200 119  91 116 157 165 247 127  17 118  80 184 144 180  37  74  26
   2  72 211 188  54 245  37  24  18  66  87 136 193 173][204 150 181 247 172  46 229 191 250 187 147  80 222 121  88 111 129  86
 125  41 177 109 251 162 205 186 127 148 194 120 213  33][ 80  93  27 246 244 142 127 247 188 136 122   0 126 243  33  80 180 127
  78 106  96 185  18 110 241 255  38   0  64 114 227  43][ 39 101 106 140 125  31 254 104 125 224 223  15 202 248  63 192 248 205
 254 231 236 179 223 222 182 127 139  63  79  63 120 150][ 86  91  42 174  90 134 159 248 164  76 217 231 124 207  59  64 254 249
 151 231 200 131  10 253 113 101 171 138  61  55  53 211][214 248 224  82  75 213  31 198  43 253 164  57  40 150 215  62  37 223
 253 210 202  79 190 243  59  28 156 251 195  21  70 255][ 96 107  96   5 117  91  66  32 121 100 234 137 195   8 150  20  24 236
  64 110  76 176 229  28  38  92   1  51  71 175  94 196][127 115 226 100 183  30  94 208  97 236 191 143  75  15  87 182 190 197
 245 247 204 243 189 200 250 253 133 247 239 183 106  87][215  86 222 244  42  44  92  18 169 158 163  93 207 122   3  91 135 245
 125  38 172 199 147  72 210 251 122 154 136 113  43  19][ 65  94 249 253 110 104 176  18 110   3  90  98 189 186 193 106 115  93
  46   1 129  48 199 192 132 246 122 138 164 249  65  45][ 55 209 105 170  95 151 158 232  71 224 137 207 112 220 127  96 252 217
  19 231 207  35  63 253  59  76 143 126  93  63 112  86][168 250 177 219 125 217 145 140  95  29 117  56 166 221 229 108 201  58
 134  16   2 108 106 177   7 146  16 123 210   9  84 235][108 179 153  99  61  79  83 184 110 185  41  76 214 113  72 144 145  92
 108 122  75 112 217  61 237 213  37 124  88  42  67  35][182 252 113  26  27 249 147 192 223 117 169 157  46 220  95  52 143 249
 198  83 175  39 126 179 153  80   9 123 209  31   7 247][214 161  11 162 219  77 122 237 167 113 169  27  88 239 110  16 185 143
 123 150  86  27 152  87 123 156  21 125 121   2 171  82][162 170 198  81  80 174 105 215  55  23 102 149  49   3  18  29 125 174
  67 156  50 220  81 125  79 170 210  64 139 192  98 184][ 37 227 131  15 220  11 134 237 126 160 169  72 194 224 220  16  88 204
  74 127  88 227 205  90 188   4   5 124  65  59 210 132][194 207 133 191 218 224 174 167  31  31  90 247 225 110  12 207 231 215
 175 147 114  92 203 243  44 166 254 195 181 112 173  13][244  77 127 230 230  10 111 240 233 162 187  72  87  99  45  83 246 245
  76 106 201 163   8 108 176 168 103 144 101 243  99  33][ 35 145 113  81 245 223 161 119 127 105 115  82 152  20 148 173 120  58
  18  24 211 184 117 213  47  26  18  66  87 136 209 172][237 117  61 103 101  79 119 184 105 232 111   8 223 119   9  51 144  84
  92 106 233 176 121  44 231 249  65  16  72 179  66 242][ 13  66 204 167  32  74 111  56  60 230  87 229 209  99 155  81 114  76
 110 238 225 208 205  14 196 239 235 132  46 242  81 240][130 188 154 153 221 229 180 199 159  31  92  19 172 191 102  72 201  59
 163  17  50  94  82 247  79  22 158 107 144  76 165 219][156  41 146  99 147 175  39 205 190 161 170  20  87 227  73  24  53 255
 104 250  59 209 153  34 249 196   5  68 233 115 163  48][100  53  57 101 189  79  87  57 107 168  46   8 214  53  72  48 144  84
  72 106  81  48 249  28 231 221   5  52  64 106 198 162][216 181 247 101 147  90  53  63 113 230 238 181  79 119 130  87  55 247
 236 160 244 217 181  78 251 231  85   7  99 100 167 127][ 40 185   3 248 253 141 162  87 142   9 120 104 180 221  48 128 204 187
  83  81 211  58  82 189  61  20 186 232  89   8 243 187][231 248 234  88  72 188 121 218 251  95 160  29  18 218  95  56 165 193
 126 252 158  71 190 113  27  26 129 126 201  17 106  86][ 65 188 143  30 200 157 166 238 250 218 234  76 224 250 117  19 185 111
 106  71 103 107 154 107  61 190  95  42  72 113 107 156][ 77 113 157  37 160  14 111 152  42 232  47  76 223 115  73 210 148  69
 124 126   1 208 217   8 237 255 101  52 200 243 139  48][ 47 255  40  14 124 151 215 248  87 236 253 141 114 204 191   4 220 232
 215 239 206 163 108 191 106  93 165 188  95 191 118 213][ 76 115  25 101  48  14 119 152  41 168  98  76 223  19  65  16 150  93
  76  98  64 240 217  72 239 253  37  36  72 179   7  35][ 69  52 157 181 168  44  45 146 170 211  11  85 149 183  89  74 133  71
 121 157  19  68 211  66 205 172 127  12 136 113 129  18][ 68  52 153 101  17 110 115  24 121 162  34  72 214  55  73  50 145  92
 104  40  33 240 249  14 207 255   5  16 192  99  71  35][245 204 168  20  73  77 135 234 122  54 164  24 115 240  86  51 161 198
 120 203 114 111 187  55 125  43  77 125  81  49  87 106][206 114 229 181  40  12  93  48 169 254   2 253 223  47  65  91 134 213
 253 230 232  68 227   0 199 243 124 148  38 181   6 113][135  24 126  92 104 121 189 202 237  31 182  48  80 122 143  59 175  19
 110 128 164 101  39  85  66 154 112 151 201 113 106 135][104 237  24  58 200 153 180 231 234  53  40 137 167 168  66  16 137 107
 226  85  86 107 202  53 254 197  94 123  80  24 139 202][ 77  97 140 165 168  14  79 184  32 234 139  76 215 115  25  90 144 196
 124 110 201 208 217   8 229 255 103  20 136 243  11   0][252 164 140 118 136 110  95 184 179 182 167  29  83 103  75  27  17 198
 125 174  40  71 219  34 251 235 229  53 168 243 194 114][194 220 151 220 249 192  37 238 255 218 130  56 100 247 100 247 193 114
 106  64 115  75 186 255  57  54  87  59  18 112 164  46][233 169 152  58 153 228  66 170 178 193 172  24 182 179  66 146 201 106
 120  88  27  74 210  35 205 213 146 121 136  65  74 138][ 93 116 141  39 173  62  79 152 115 234 143  76 211 115 219 255  17 196
 124 110 173 208 249   8 207 255 229  20 170 243  90  80][248 125 189 117 171  90 116 182 249 246 166  56 166  49  67  63 163 102
 236  64 108 237 241  46 239 243  85  51  98 116 206  79][189 213  45 103 149 111 199 184  84 250 143  16 211 117  27  35  25  70
  88 122 249 225 121  62 233 207 229  84 235 123 208 114][ 34 175 142 189 222 201 180 231 158  21 232 183 164 232  34 128 233  43
 227  21  54 251 194  63 108   7  63 105 217  72 191 154][ 32 162 157 121 136 245 136  75 166  19 161  80 129 206  76 186 205  23
 234 144 159  79 243  17 139 249 218 121 193   0 239 164][154 149  52 250 189 245 208 239 159  29 189  26 238 251 108 201 201 147
 255  17  50  43  90 245 219 211 158 127 146   8 173 139][  9  68 198 117  32  42 109  22  54  46 254 132 251  35 147 216 125 236
 110 142 201 148 103  67 196 239 243 128 111 240  96 120][ 18 169  39  89  25 151 201  71  54  21 234 196 225 134 148 128 204 191
 234 140 138 248 115  61   5 255 155  64  65   0 102 252][ 61  36 123 101  52 111  99  88  97 236 247   8  83  65 145  48  56 196
  68 110  41 181 185  14  83 237  33  20  99 163  70  96][135 253 180  30 185 189 158 207 222 249 152  93 254 248 126 166 223 111
 254  21 182 107 222 247 184  26  79 254 216 124 139 149][104 159  58 220 188 226 151 103 212   4 206  34 162 241  34  64 216  58
 139   0  58 171  66  31 251 183 130  91 144  72 252  42][ 57  13  39 172 149 198 111 103 228 200 238   2 115 183  48 113 120 228
  92 234 121 155  32  78 241 239 231   0  35  34 246 106][223 110 132  55  13  58  64  10 247 246 134  21 227  40 211 207 193 196
 236  31 172 197 199 160 130 243 209  19 170 245  88  78][221  69  87 230 226  10 111 248 168 162 255  74  95 115 169 243  54 213
 110 234  65 211 136 232 244 233 111 140 111 243 171 161][248 245 181 117 139 127  84 191 251 254 162  57  78  60  71 187 163  86
 236  32 228 237 241  10 251 251  85  55 226 116 198  95][  9  91  95 173  34 134 110 115 164  72 250 229 125  39 161 240 230  37
 127 236 197 153   1  93 230 239  98 128  42 242  43 201][ 80 174 143  29  18 194  39 255 116  91 199 242 113 231 138  97 117 126
 106 170 240 217 175 111 116  39 255 196  33 224 165 160][ 45 231 108 103 228  11 103  57  96 228 255 137 211  97 146  49  24 196
  68 110 205 176 109  12 102 137 101  20 109 186 210 224][189  85 229 101  20  31 111 184 117 226 126 194 211 125 157 229 124 220
 124 111 233 240 109  14 172 239 229 132 111 187  80  48][ 75  33 239   5  34  26  57  16  40 196  78 128 221   6 210 114  38 117
 249  77 129 208 181  72 196  45  42 128   4 132   3 113][109 241  17  99  61  15  82 184 107 168  47  76 222  81  72 148 148  92
  72 106  67 112 217  31 239 221   5 118  74  43  74  51][ 72 177 190  54 155 204 181 237 250 149 163   9 238 250  74  26 161 115
 232  17  86 105 154  97 249 247  87  75 192  66 167  74][ 85 213 255 103 182  30 127 188 121 234 127 100  83 127 157 112  55  86
  61 110 241 240 173 110 110 239 101 132 236 243 194 113][193 253 157 237 168  79  69 190 126 186 162   8 183  55   1 115 129  86
 124  72  97 104 241  63 237 187 117  60  64 240 195  42][109  36 164 103 173 127  70 136 115 254 171  25 195 104  95  26 153 196
 108  62  60  96 251   2 143 223  69  53 194 127  90  70][253 101 238 103 116  26 238 120 113 226 255  10  91 105 159  49 122 204
 118 238 236 242 237 142 118 239 165 132 103 255 114 228][ 35 107  33  77  25 150 142 104  36 172 232 196 129 142 149 176 220  61
 234 238 200 146 241  12  37 237 171  16  65  50 102 244][204 182 181 213 173  60 101 191 251 187 150  92 222 241 216 239 133  86
 124  24 185 109 219 162 137 250  87 126 138 240 217  57][ 64 184 243 240 106 201 121  19 239  89 182 248 191 159 196 126 166 183
 127  24 155 107 226 241 214 248  50 250 230 128 135  33][180  99  15  77  24  23 142 104  36 132 227 192 193  14 141 177 220  85
 202 226 237 131 113  12 163 233 139  29  65  51 111 164][197 102 149 231  32  10 110  56  60 170  99 104 215  35 137  83 150  85
 108 106  97 212 201  74 164 178  99   4  72 243   3  33][237 117  61 103  21  78 119 188 113 224 111   8 215  87   9  49 144  84
 120 106 105 240 249  46 231 255   5  20  64  51  70  98][180 229  73 170 156   3 198 232  22 162 185  74  83 232 121   0  89 204
  95 243 121  35  73 158 184 132 175 252 253 123 112 160][ 80  46  30 244   8  76  85  55 164 166 166 137 151  39   0  83  38 247
 109 128  40  73 241  12 209 227 113  17  32 160  39 106][213  69   7 167  16  10 110 168  60 160 195 192 215  98 137 209 112 228
 108 238 105 208 205  14 164 166 239  20  40 179   1  32][  0 165 135  31 153 171 134 239 158 177 202  64 228 224  40 134  81 102
 106  57  50 233 219  63 169  38  13 118 208 122 129  44][ 88 141 156 117 152  42  77 167 166 177 138  16 247  59   0 210 129 215
 125  17 122 201 195  61 233 231 124  81 160  64 137  10][  2 188 181 179 155 233  61 135 190  23  10  16 188 183  72  79 163  91
 235  16  50  72  59 115 237 150  95 103 144  80 135 250][213 245 215  70 194  98  38 232 113 210 235 116  95 112 141 191  51 197
 108 250 117 231 159 110  56 170  71  78 233 115 227  21][ 69 190  31   3  34  30  43 184  62 234  95 228 221 246 139 112  55  79
 126  46 241 208 173 127 140 175  39 196 136 242   1 241][178 133  91 236 146  66  29 109  52  14 241 179  87 151  40  81 126 145
 133 160 120 139   0  79 241 225 170 137  49  32 166 115][108 177 188 106 141 221  87 168 195  52 173   8 227 125  72  50 137  82
 232  98  74  35 250  49 235 221   5  63  82 123 198  34][195 157 149  83 203 253  52 167 255 123  42  88 244  50  76 255 129  87
 122  24 183  73 123 119  45  62  84  82 200  64 129  45][ 65  51  19  33  48  15  49  16  40  76 114 237 159   6 130  80 182  29
 204 100 133 144 128  76 132 176  32 130  72   0   3  81][161 228 167  92 205  31 228 111  95 243 240  90 170 232 116 175 249 238
 114  25 175 255 247 223  31  26 215  44 219  92 251 140][ 66 180 231 181 219 224 185 183 186 115  66 215 252  63   0  91 167 247
 243 145  51  92 211  85  93  34 223 194 141  64 167 186][249 188 149 186 169 237  85 223 187 251 169  29 191 247  66 191 141 243
 253  20  59  79 250 179 217 210  85 122 218  84 135 115][ 66 168 239  24 232 232  57 135 174  87 162 177 164 142  70  90 163 179
 107 149  22  77 247  85  93  50 222  75 132  64 133  90][109  22 205  39  52  26 110  56  53 226 222 229 219  37 153 243  86 196
 125 238 173 208 253  14 230 255 229 132  46 247  90 112][ 10 220  19 254 247 193 191 231 159  11  88  50 172 255  32 228 255  59
 147 129 114 158  26 255 125 247 158 203  22  12 181 187][198 223 140 159 142 144 175 191 158 159  90 247 232 230 203  75 117 111
 175 199 246  92 239 251 172  38 255 193 181 118 157 253][202 132 189 183  10 104 185  34 184  55   3 153 255  47   8  91  35 247
 237 129  48  92 219 103 197 227 122 209  36  97   7  34][241 184 188 112 168 173  81  87 250 223 176  29 151 184  70  59 167 167
 108  21 190 111 242  17 219 235 116 120 192  64 195  67][179 195 236 159 156   3 136 237  22 181 209 151  97 104 126   1  93  75
  51 247 230 242  79 189  44  74 223 244  29  46 248 204][248 108 253  97 168 111  85 159 127 186 182  24 159  51  65  59 129 212
 124  56  40 108 225  18 207 219 117 117 224 240  70  35][139 161 113  75 245 221 164 229 204  81  89  82 136  24 252 164 232  10
 130  89 215 184 118 245  45  24   6  98  95  14 217 164][ 86  34 210 165 110  15 248  64  45 160 250 203 207 203  29  18 254 213
 127 225 128 243 193 200 148 176  11 178  69  40  99 131][210  78 142 174  26  34  26  56 150 166 147 247 229 110  32  67 119 245
  61 231  40 205   9 238 248 167 239 148  36  99  53  25][ 54  83  99 174  26   6 158 248   4 200 217 231 113 223  57  64 124 253
  23 231 200 131   9 204 241  44 171 140  61 179  52 243][237 117  61 103  37  79  71  56 121 226 167  24 215 117  25  51 144  84
 120 106 105 244 249  42 231 219  65  52  66 123  70  98][229 182 148  87 237  60 228 159 219 251 182  92 194 104 223 255 205  70
 238  28 183 109 219 226  14  58  87 126 202 253 216  21][ 39 237  40 170 220 133 223 248 215 240 141 141 241 205 127  32 221 203
  83 255 206   2 126 191 107  93 141 124  28 191 240 210][ 60 115 120 103 119  95 126 112  97 236 191 175  91  13 155 176  62 220
 213 238 204 176 253 140 255 205  37 165 103 183  78 211][168 242  53 219 111 217 145 204  79  53 113  58 174 157 108 237 195  26
 162  82  66 124 107 177   7 144  80 127 214   9 213 239][130 189 154 153 221 229 180 199 158  23  80  19 172 191 102  72 205  59
 163 145  50  94  82 247 111  22 158 107 144  76 165 218][ 80  93  27 238 178  70 119 245  60 136 234   0 119 243  33  80 178 255
 127 106  65 187 177 110 241 239  38   8  96 114 163 171][180  70 237 107 158  98 219 216  86  94 245  19  83 109  27  11 123 200
 103 255 170 103 111  51 243 175  97 221 245 251 118 227][133   4 156  53 224  46 116  23 178 179  99  89 214 115   8  27 129 102
  96  16  52 220  83   2 204 163 117   1 136 112 138 130][ 35 168 198  89  33 175 233   7  54  15 230  20 241   3 150  28  89  34
 111 156  58 220  83 127  76 190 178 192 203  64  98 186][246 110 134 158 169 135 190 236 190 190 218 241 236 230 163  91 253 247
 239 231 108 199 138 255 248  50 207 155  16 127 167 211][226 170 148 186 234 169 148 207 158  23 128 185 164 232  72  11 131 115
 107  17  54  79 202 115 140  18  95 123 208  88 135 138][ 22  34 175  65   9  55 136  88  38 182 227 212 193  38 221 139 221 213
 232 190 136 199 251   0 137 203 203  84 193  99  39 244][ 55 134 140 187 148   3 142 237  22  23 209 151  97 104  58   1  89  75
  19 181 118 107  79 191 168   6 223 116 157 122 176 136][ 61  97 239 103  84  27 235 248  97 224 247  10  83 105 157  48 122 204
 119 239 204 179 237 140 118 235 229 148 103 187 114 192][120 204  39  76  85 194 103 119 244 132 238   0 114 183  48 116  88 228
 122 168 104 155  32  79 241 175 198   1   3  32 118 106][163 164 164 157 205 189 196 239 223 243 224  93 226 248  94 171 201 106
 114  21 183 110 218 147  13  26 221 126 216  76 218 140][199 190 164 154 189 173 140 159 255 255 152  93 236 232  94 130 141 203
 123 149 182 111 219 243 188  30 223 126 216  85 155  94][116 225 185  98 156  77  87 168  66  53 172   8 215 117  72  48 153 210
  72 122  90  35 251  49 251 205  37 125 240  27 198  98][ 16 237  23  12 153 139 134 239 190  33 138  64 198 224  40 196  89  78
 106  49  90 235 203  63 185  38  15 118 208  74 163  44][109  33 179 101 189 127  70 137 107 238 191  40 199 248 223 158 145 108
 108 126  28 113 233   8 239 255 101  55 194 127 222   6][ 47 231 105  75  93  95 207 248  31 101 125 205 243  76  94  36  31 202
  87 127 207  34 127  63 111  30 173 252  87 159  86 252][253 199  64 174 156   3  79 248  20 162 185  74  83  99 185 209 121 196
  94 235 104 163  73 159 248 199 175 180  55 251 184  32][  9  95 123 229 118 134 111 117 101 140 119 230  61   3 176 112 118 189
   6 232 209 158  36 204 118 233  34 128  44 130 161 185][248 248  53 250  41 205  81 216 171  60 164   8 191 215  65 155 128 177
 253  66  75 103 250 181 211 209  81  63 114   1   6  59][  2 185 139 245 195 232 172 183  50  49  78 240 181 183  64 172  55  63
 177 145  19 216 211  81 141 231 222  64 172  64 171 184][252  68 149 122  79 101 151 200  83  62 165  58  66 121  73  27 217 208
 234  98  42 103 203  51  81 131  85  63 210 123  70 162][ 41  69 109 101  52  26 111  56 117 160 246 224 211  57 149 245 122 236
 124 238 233 240 109  14 230 255 101 128 111 187  80  32][ 40 157  30 252  29 151  22 103 132   1 238   3 174 233  32 193 216  50
 138  32 120 171  80 191 251 247   2  91  90  10 252  10][105 160 155 121 137 189 200  75 230  49 225  24 146 142  72  42 201  31
 106  17 158 111 243  17 221 177 155 125 208   0 174   6][181 101  74 166 148  11 198 104  22 162 249  74  83 225 121 128 121 204
  30 251 104 227  73  30 248 134 165 188 253 251  80 160][ 21  45 159  37 146  79 167 104 118 224 235   0 215 112   1  32  56 109
 104  99  45 241 249  14 173 167  47   4  97 115  39 226][ 17 105 102 101  50 218 227   4  60 228 122 160 211  18 133 192 122  44
 125 108  73 144 101  12 164 239 170 128 109   2 115 121][ 98 252 159 220 200 193  53 239 222 211 160  56  36 246 100 118 193 115
 106   0 103  75 242 115  57  54  87 123  16  16 167 174][248 190 188 117 172 111  85 183 123 190 182  24 159  57  65  27 129 214
 108  24  56 108 209  50 207 251 117 117 226 248 198  11][  1 169 102 121  48 155 233   7  54   5 122 132 179 146 132 192 248  46
 127 140  27 152 115  53 132 239 186 192 105   0 113 120][ 64 165 169  48 154 232 180  71 162 245   8 185 149 190  66  26 129  63
 121  17  22  75 162   1 253  37  62 107 128  64 135 218][140 241  49 192 207  93 182 200 207 115 165  26 158 220 108 167 171  17
 202 115 119  39  42 145  31 209   5 127  83  31 141 134][252 228 156 118 137 110  87 156 179 190 167  25  83 119  75  27 153 198
 125  46  40  71 219  34 251 203  69  52 234 241 198 114][ 75  41 110 101  51 152  57  18 168 160   6 128 157  23 144 246  38  53
 249 141 128 216 181  72 199 121  10 129  38 132  15 104][108 164 180 122 201 109  21 239 139 183 165  25  74 241  78  30 137 210
 233  16  26 107 218  17  91 151  85 127 210 124 198 138][ 65 125 153 119 168 204  71 182 126 170 110   8 183  51   1 114 129 126
 108  74 105 124 249  47 237 191 116  48  64  83 131  42][219 188 181 242 169 252  80 158 251 251 134  92 191 247  64 255 129 215
 253  25 187  79 218 179 155 251  93 126 138  84 139  59][ 77 113 145  37 161  30  71 152  97 234 143  76 215 115 219 246 144 196
 124 110 137 208 249   8 231 253 229 148 138 247  74  96][  0 237   9  50 202 201  52 231 178 117 104 169 183 174  66  16 129 107
  99  81  86  90 194  53 252 133  60 105 192  16 135 218][ 68  52 153  97  80 111 115  24 121 160 110   8 214  55  72  48 144  92
  72  56   1 240 241  78 207 159   1   2 192  98  71  34][129  34 219 253 114 186 105  19 122 141 118 244 189 131 208 233 102  47
   6  28 179 252 165 194  76 185  50 192 236 128   9 185][ 25 175  14 189 155 155 180 231 182  81 206 183 167 232  34 129 233  43
 234   5 126 217  71  63 238  71 127  65 160  12 185 206][237 117 181  71  21  94  71 184 113 232 111  12 210 113  25 183 144  68
 104 106 233 240 249  46 231 251  69  20  74  51  82  50][189 133 101  71 147 127 195 188 117 224 234 206 115 100 157 180  89 206
  64  46 169 178 125  30 169 206   5  20 235 127  82 116][  3 188 186 154 215 181 184  71 255  77 216  23  44 232 118   0 175  43
 219  21 150 171 146 255  57  95  30 106 201  68 171 223][158  90  14 187   8 180 121  18 164  22 198 149 173 131  19  75 228  99
 253 215  44 197 211 224 198 225 250 129  44 117  57  90][249 188 181 186 169 253  85 223 191 123 164  24 190 247  64 191 133 243
 253  16  59  79 250 179 155 223  85 122 138  68 135 123][197  64  77 101  40  27 238  40  52 166 243 228 211  14 137 225 248 205
 110 238 109 180 117  12 180 171 235 132 101  51  36  48][ 37  21  42 162 245 191 146  67  76 105 189  95 146  24  62 160 216 139
 158  53 191 187  85 206 188  29  10  87 221  79 249 150][223  78 142 182  60  34  78 184 132 162 146 215 241  99 153 195  93 229
 125 239 168 199 205 174 248 231 239 144 172 123  57  16][ 40 185  18 249  93 141 176 119 158   9  88 106 180 145  32 164 206  59
  19  17 211  58  82 157  45 197  58 234  88   8  27 185][248 114 144 242  57 141  80  64 171  61 161  29  15 155  64 154 129 153
 205  80  46 103 218  50 219 209  17 127 234   1  79   3][109 116  61 119   5  79  87 184 121 242 167   8 211 119   9  59 153 212
 120 106 105 244 249  44 199 219  65  20  66 123  70  34][213 247 212  47 142  54  70 248 119 154 185  69  94  96 219 219 183 196
 108 126 239  99 203 106 186 239 101  12 249 243 235   5][ 52 111  11 175  20 203  83 248 132 132 202  33 247  65  41  64  80 232
  13 118  78 161  72  61 224 197  37  17  48 187 116 194][220  96 152 176 137 109  84 206 187 179 160  25 159 151  73 155 129 223
 249  16  62  79 218  64 219 209  87  63 130 113 139  10][ 66 175 158 189 170  44  61 143 186  23  74  21 182 187  10  11 167  71
 121   5  50 201 147  97 237 183  94  82 128  96 139   3][238 149  52 250 189 245  80 235 207  61 189  25 238 255 108 201 201 147
 239  17  62  43  90 245 219 211  91 127 146  74 173  19][231 252 180 186 185 189 158 207 223 251 152  93 238 232  94 179 205 235
 127  23 254 111 218 243 185  90  31 126 216  92 139  30][163 176 166 156 205 157 228 111 223 251 240  28 170 248 118 171 201 162
 122   5 255 111 210 209  31  26 215 122  88  76 218 142][ 69 102 149  37  32  46 110  56 120 170 107  72 215  99 137 251 150  69
 108  46  33 212 201  10 164 190  99   4   8 243   3  33][221 103 214 230 166  26 110 248  97 130 247  70  95 227 139 247 126 204
 108 234 204 195 173 168 242 233 103 140 107 243 171 133][205 188 148 214 173  60  84 159 251 187 150  92 206 241  76 255 133  70
 252  28 191 109 219 162 155 251  85 126 138 244 217  29][181 229 140 175 156  35 206 233  22 183 155 151 211 104  90   3  89 206
  59 231 126 245  95 183 248 131 207 116  61 123 216 128][116  56  74 102 116 111  67  80  97 168 247   8  83 209 131  48  56 244
  68 106   9 247 248  12 211 205  33  21 107 171  90  32][231 120 169  24 200   5 253 223 106 248 160  13  16 154  71  59 137 133
 115 156 135  79 243  80  93   8 247  44 216  48  98 218][ 88 137 156  53 152 216  85 167 162  21 142  24 167  35   2  82 129 231
 236   1  92  72 227  37 234 231 124  81 160   0 142  74][207 238 172 159 152 148 175 191 150  63  86 215 233 230 218 203 101  78
 255 143 246  88 239 247 236  55 255 197 150 252 157 125][ 82 160  91 248 106 168 120  67 175  17 162 152 191 207  68 122  39 183
 127 152  18  75 151 209 158 248  26 120 228 128  35  40][ 88  41 142 164  40   8  93  38 160 156 174 173 247 163  66  82 162 231
 109 132   8  75 195  32 208 225 122 185  40  34  15  27][ 10 156  18 219 243 213 190 231  31   7  92  50 172 251  38 228 255 123
 147 128 118 190  50 255  47 247 158  75  18  76 173 143][ 91  91 126 173  48  22 127  53 237  72 254 100 253  50 179 244 230 165
 126 205 193 153  53 204 164 253  42 128  14 182  43  61][ 42 220  18 250 247 209 190 231 159  15  92 179 172 253  36 196 255  59
 147 129 114 190  10 255  47  87 158 203  23  30 189 187][130 189 158 155 217 229 180 207 158  23  64  19 172 191 102  73 205  59
 163  17  50  94  82 247 109  22  30 107 144  76 165 218][ 66 188 149  83 137 237  53 135 191  51 142  16 180 182  68 127 161  83
 122 144  51  73 187 115  13  18  94  94 128  64 133  62][ 24 135 230 103  18   2 111 188 116 166  79 198 115 103 152 240  49 222
 172 172 232 208 237  15 230 239 229 132 103 242 244  48][ 77 113  17 101 113  14 119 188  41 168 102  76 223  19   1 148 148  93
  76 106  65 240 209  76 229 249   5   4  74 178   3 185][112 236 190  54   9 109 133 174 242 182 172   8 242 176  73  59 153  94
 104  33 106 107 250  61 249 131  93 125  64 112  87 106][148 156 159 121 144 111 188 231  60  87 164  21 183  54   2  27 141  83
  89 144 127 205 113  47 233 135 126  85 192 112 175 210][233 113 156 107 153  45  65 142  34  21 164  28 182  19  73  27 201  10
  72  92  43  98 251  49 237 217  20 120 216  80 194 186][ 80 177 190  44  27 193  19 105 239  29 161  33 238 219  74  82 130 241
 238 209  82 107 218  85 217 209   7 127  80   2 167  83][ 65  31 218  69 178  58 122  23 125 193 126 230 191  35 151 116  54  46
  60  12 149 152   5  78 238 239  34 128 238 228  75  13][ 80 168 134 189  15 136  32 206 174  49 130   3 167 162  64  75 225 133
 104 209  94  75 211  81 153 162 223 127 128   0  59  10][236 161 181 114 169 121  16 136 235 191 181  56 206 245 205 191 131  82
 236  16  26 111 234  49 155 211 117 255 194  67 199  99][ 28  45 191 101 147  90  39  34 116 164 238  32 211 119 128  99  48 244
 236 234 104 241 101  46 233 231  39  17  99 113  37  98][  2 177 138 249 144 200  40  23  62   1  78 208 181 183  64  96  19  62
  49 144  27 152 211  87 141 164 158  64 172 128 139 184][129 120 185  49 192 205 165  87 118 227  96  16 181 147  65  56 129  59
  51  25  35 252 210  18 205 142  62  96 192  16 135 170][216 123 146 180  41 156  88  17 171 153 130 125 175 194  66 218 166 229
 237  85  14  71 130  32 154 241  45 187  40  36 139   3][101  48 145  69  81  78  99  24 121 224 107   8 222  23  77  52 176  92
  96  40   1 240 241  78  13 190   5   6 202  34  67  52][215  82  71  21  10  10 132  40 252 242 178 245  82  72  21  59 166  69
 108 103 237 229 143  92 128 170 107  20  77  33  99  21][ 61  41 108 101 100  11 226 112  68 160 251  74  83  73 149  48 122 236
 119 107 136 178 205 140  86 233 161  20 103 171  82 128][216 188 158 119 169 173 117  55 187 187  34  93 191 179  64  27 165 247
 236  16  48 125 147  34 223 243  84 114 200  80 131  27][ 89  21 124 101 178  26 127  55 104 168 191 236 255  63 144 242  54 183
 253 168 217 184 229  12 230 253  36 144 111 226 139  57][192 160  85 249 110 137 232  75 238  49 226 152 183 139  80  91  43 159
 106 152  18 124 199  81 156 184  90 104  68 128  67 128][ 83  91 123 231  50 154 123  52 237 200 246 100 189 158 179 112 230 117
 125 207 197 153 160 236 246 249  42 130  12 130  41 125][249 188 150 250 169 253  84 223 187 123 164  24 191 255  64 191 133 243
 253  16  63 111 250 179 155 223  85 123 218  68 202  59][  1 177  26 249  54 141  48 119  60   1  84 112 183 147  32  32 110  58
  18   0  83 184  18  95 133 148  26   2 124 136 169 187][253   7 140 166 188  50  78 184 128 226 158 205 215  99 155 203  83 198
 125 239  45  71 207  46 234 231 239 156 172 251  24   8][130 188 150 155 217 229 180 239 158  23  64  19 172 191  98 201 201  59
 179  17  50  94  82 247  45  22  94 107 144  76 165 218][ 93 103 118 101 142  18  78 253  97 134 190   6  75  99 155 247 122 196
 108 238 204 195 229 136 242 233 103 149 103 246 234  68][227 176 180 152 205 189 208  75 223 251 160  25 174 248  86  59 201  35
 122  21 183 111 218 209 159  26  83 127 216  76 219 134][ 72 173 157 127 219 193  53 175 190  55 108  16 252 247  96  83  35 127
 235   0  98  73 170  55 111 167 117  41 144  96 135 170][ 77  38 145 101 176  46  98  24 108 168 107  76 223  51 137 246 180  76
 108  46 145 208 233  72 164 254  35   4 136 243   3  33][ 33   6 109 101  52  90 111  56 125 228 126 128 211  41 149 112 122 236
 124 110 233 240 101  12 230 255  97   0 100 186  84  96][ 61 180 133  99 147 127  70 248 119 234 227  76  82 112   9 180  89 204
 228  42 189 242 121  30 171 207   5  70 235 127 122 180][198 166 167 151 205 112 173 205 251 247 147 147 200 236 222  47 249  79
 123 183 181 247 174 194  13  50 223 239 133 117 247 228][ 40 140  30 250  29 247  18 103 149   5 236   3 238 233  34 192 201  50
 139   0 126 171  82 191 227 247  16  91  50   8 188  10][  8 143  14 185 220 137 116 103 182  21 198 151 165 129  34  64 105 170
 235   5 118 249   3 119 124  39 246  73 112  12 189 202][  2 166 168 186 252 173 217  91  62  31 249  29 254 236 126   8 221  11
  95  21 158 111 202 211 201 223 186 237 208  72 247 195][209  70 221  53  42  58  68   2 236 242 163 116 199  40 197 107 227   5
 108   2 173 229 199   0 130 242 114  23  40 113   9   7][124 164 185 126  56 105  83 136 242 191 165  56 215 247 201  59 145 212
 204  34  43 103 234  19 211 197  33  63 242  99   6  99][150 140 174  61 170 123  21 231 188 222 134 177 239 126   2  27 163 115
 253 162 124 205  43  60 251 195 127 151 160 112 175  75][ 96 204 191 221  90 193 181 231 158   7 238 162  48 167  32  80  97 126
 234   0  98 219 226  63 117 167 118   9  16  24 165 234][199  24 142 187 173 180 120   2 191 218  70  85 173 218  51  75 199  99
  61 151 167 205 147 224 194 243 218 131 156  85  57  94][ 91  91  91 230  50 212  59 112  45  72 126 231  61 159 163 224 246 185
 151 226 197 145  48 237 242 253 170 130  46 135  41 123][221 128 156 119 141  60  76 138 255 183 167  24 223 115  91 251 129 198
 108  12  60 109 251  34 203 251  87  85 234 113 201   2][145  73 111 109  86 139  98 113 116  36  90 226 113  24 128  96 122 172
 122 108  69 186 101  12 116 172 170   0 109 138 112 169][ 76 253 155 119 176 204 119 178 252 138 110   8 182 247   1 112 163 122
 108  74  67 217 186  47 229 167  36   0  64 113 135  43][ 96 176 157  99 153 109  64 141  42 177  33  28 210 113  72 155 145   6
 121  60  27  96 219  17 141 219  21 126 200   2 210  58][252  52  16 242  41 237  80  66 187  58 161  93  15 219  73 153 161 153
 204  16  46 103 154 147 211 209  17 123 250  69  74  19][201  14 157 181  40 142 104  55 190 251 130  85 191  34  16 211 199 167
 125  13 237 205 193  15 196 243 122 144   8  96  25  73][252 108 255 118 168 110  87 158 179 191 167  24  87 247  65  27 201 214
 109  10  56  71 251  34 251 251 117  52 226 241 198  98][223  20 183 186 173 246  56   3 255 219 131  85 204 254 119 239 229  37
 249 149 183 197  59 194 153 114 219 198 138 117 185  69][218  97 106  65   3 218 121  17  41   0  70   8 191   3  18 245  34 181
 253 204  72 156 165 204 211 249  10 129  38 132  15  46][ 53  53  42 160 148  47 211 194  92 101 221  31 151  40  59   8 220 139
  22  53 190 179  85  14 248  85  44 116 221  75 216 214][ 97 169  11 121  88 141  97  87  37  37 234 207 177 131   0  80 104 170
 106 140  19 186 103  53  85 172 154  64 121 136 112 184][ 64 185 154  40  56 205  19 248 174 156 168  45 254 215  64  18 128 241
 107  82  66  11 218 117 217 148   3 126  88   2  39  19][206 238 142 190 232 181  47 254 190 158 207 221 237 230 107  91 199 119
 239 135 226  71 235 243 253 179 255 185 144 117 175 121][130 157  26 219 247 209 190 231  31   7  92  50 164 254  38  68 255 123
 147 129 118 190  34 255  47 118 158 107  20   8 173 143][117 176 154 104 137 237 113  75 239  49 161  24 134 150 104 122 233  28
 106  17  22 107 211  16 217 176  19 126 208   9 138   6][105 113  17  69 113  30 103  56  41 232 118  76 222  19 136 180 148  76
  68 110  65 176 241  76 231 249  37   4  74 178  74 177][ 25 198 228 101  19  18 111 190 117 164  78 134  67  99 146 212 113 206
 172 172 168 216 237  15 238 239 165 133 111 244 248 112][116  40 122 102 116 111  83  80 225 172 247   8  83 209 131  56  56 244
  68 106   8 247 168  14  83 141  33  17  97 171  70 226][ 73 149  91 101 150 142 124  55 108 192 106 134 253  42  20 241  54  39
  24  45 213 184  53  76 108  47  38  64 109 130 235  24][104  13  62  76  85 246  87 103 225 132 238   0  98 179  32 117 200 182
 226  40  72 187 176  13 115 255 194   3  66  98 118 170][ 47 229  97  65 220  91 239 232  83 240 181 137 211  76 223 181  25 204
  83 255 255 114 253  20  47  89 141 116 223 191  82 244][  2 174 143 157 152 167 169 207 150 151 202 213 224 226  32  72 221 107
  43 156  50 222  91 127  13  54 223  76 144  64 161 232][ 77  33 145 101  48  94 103  56 105 232 239   8 223  51 195 246 144 204
 124 110  73 208 233   8 230 253 101  20  34 183  82 100][252  96 152 112 137 109  84 207 179 179 164  25 159 151  75  27 137 223
 233  16  26  79 218   0 219 217  85 127 194  80 206  10][236 196 151 118 203 123  23 232 219 182 165  24  78 249 109 191 147 213
 232  98  96 103 170 178 179 211  69  63  82 123 206  34][252 148  21 250 189 237  80 201 159  57 161  25 206 255 104 217 201 147
 239  16  58  99  90 181 219 211  83 127 210  77 133   2][183  98  79 109  74  11 110 120 101 166 242 230  85  10 129  67 122 204
 106 239 229 181 101  12 244 162 235 148 103 185  42 181][ 77 185 156 191 170 204  55 169 186 209  66   1 253 243   2  91 135 119
 121  83  82  72 219  97 237 166 127  76 136  98 163  10][206 174 172 147 172 189 173 175 158  55 134 145 225 230  90  75 197  87
 251 157  54  77 239 243 237  19 223 125 144 221 149 104][212 245 208 102 154  42  70 168 225 162 171 200 211  99  77 146  19 214
  76  98 104  67 157  46 184 166  69  60 168 243 194  34][141  62 236 161 180 191 251 154  86 253  29  23 145 105 219   8  63  10
  95 189 166 240 125 190 110  77 175 228 239 207 217 195][109  97 113  69 112  90 111  56 105 224 126   8 219   6 135 180 146 204
  68 110  77 240 241  76 166 249   5  20  74 166  74 228][252 232 149 250 157 237  82 200 159 177 161  25 143 223 105 155 137 243
 233  80  62 103  90 177 219 219  21 127 210  25  15   2][ 64  32  85 249  76 137 232  75 238  49 226  26 151 131  80  91 107 129
 106 152  18 121 199  81 149 160  82 104  97   0  99 136][130 252 148 187 205 229 180 199 158  23  64  19 172 255  98 200 201  59
 179  17  50  94  82 243  13  22 222 107 144  76 173 218][195 148 191 145 139 100 189 143 254 127 143  16 220 190  78 111 225  87
 123 153 179  77 187 210 157  58 222  70 128  64 165 103][252  34 122 118  66 238  83  80 224 142 247   9  83 209  35  24 184 244
  68 106  40 167 168  10 211 233  33   9  97 163 110 227][ 24 207 206 189  18 138 116 230 182   4 206 135 163 163  34  64  96 110
 171 132  44 216  71  63 230 231 246   1  50 156  60 202][153 252 191 118 171 126  85 167 249 251 174  24 158  55   4  59 131  87
 220  50 113 237  48 110 251 219  84  19 202 112 131  59][220 252 244 112 171 120  83 138 235 179 164 184 159  55 195 191  35 213
 236  82  42 109 238  96 223 217  69 127 226 245  15  39][ 92  79 126 101  16 218 103  50 229 164 238 160 203  99 128  86  98 244
 236 234 104 249  37  12 242 231 103  17  98 162  69  34][124 204 159  86 203 123 151 232 219 182 173  40  78 253  79  31 179 245
 232  98 112  99 171  42 187 211  69  63 195 123 135  98][207 148 183 179 173 246  56 135 254  91 131  81 220 254  56 251 225  39
 125  21 181 197 187 194 137 118 255 206 130  68 177 103][124  77 247 100 139  90  87 168 225 182 175 170  67 125   5 151  49 244
 236  98  72 227 233  12 251 231  69  23  99 122  70  34][ 25 142  74 191 150 155 100 231 119   1  74 247 167 168 178 192 123 171
 166 133 254 248  71  63 172 103 246  65  60  12 184 140][219 122 147 176  41 172  80 192 187 218 160  93 143 146  65 219 167 237
 205  23 111  71 146 160 147 240  89 186  10  21  11  31][ 64 141  15 237  48 206 105  39  44   1  74   0 181  55   0 112 160  55
  89  12  67 152  49  29 237 229  58  64   0   0 165  56][206 238 172 190 137 189  31 239 190 183 140 153 254 231  75  90 221 247
 235 134  58  79 234 115 255 183 223  61 144 241 135 240][111  97 236  65  93  95 238 232  67 224 181   8 211  88  95 182  25 204
  83 127  77 114 253  28 111  89 133 117 103  63  90 230][ 72 185  17 170  91 205  19 224 174 128 169   9 190 215  97  20 132 185
 203  82  66  11 218 125 221 180  11 122  24   3  39  58][188  66 204 165  20  91  67 121  86 228 247 143  67  97 155 144 120 140
 204 238  44 246 125 158 218 199 161  21 119 171  92 112][184  74 107 109  92  11 227 112  68 164 254  74 115  73  17  16 120 236
  70 234   8 179 197  46  86 237 161  16 101 187 114 136][109 176 240  82 239 121  83 138 123 247  37  56 158 217  78 191 147 214
 240  18  23 102 254 243  95 217  85 127 227 197  78 102][ 16 160 159  97 155 235  48  75  46  49 227  24  86 145  72  88 161  28
 106  16  18 249 131  17 221 164  17 103 224   8 133   2][  4 166 185 187 188 173 217  27  30  29 249 113 215 239  88   8 221  11
  95  29 178  34  75  23 205 151  59 252 208  74 215 227][130 156 187 155 246 193 191 231  30   7  88  51 180 254  38  64 255  59
  19 129 118 190  58 127 109  54 158  75 144  72 165 203][252  97 220  71 203  91  70 152 115 178 164   8  67 113  75 191  25 196
  96 234 105 118 221  42 179 203  69  55 107 115  74  38][248 160 156 112 137 109  85 207 163 183 164  25 151 155  66  26 137 222
 105  16  90 111 218  16 219 209  85 125 192  80 206  10][101  35  64  70 108  31 226  16 235 232 125 108 202 200 215 180 158 236
  70 110 133 114 206 200   6  28  33 186  78 191  90 133][144  25  31 252  18 198  53 103 172   4  66   5 189 151  32  65 230  51
  43 192  96 153  48 109 225 227  34   0  16   0  37 123][ 91  83 122 229  50 150  59  80 232 200 255 228 253 223 167 112 166  53
 221 225 129 145 164 204 214 249  42 130  12 162  43 113][109 101  59 102  37  79  71 184 105 168 111   8 214 113  13  52 152  84
 108 106  73 177 249  44 243 255  37  22  66  59  70  35][220 127  95 102 178 202  55 240 185 140 111  40 127 243 129  83  50 117
 236  98  96 193 170  46 251 227  37  11  98 243  39  35][252 236 255 118 168 237  85 158 179 191 165  24  87 247  73  27 137 246
 108  10  56 103 250  34 251 219 117  56 224 241 198  98][ 61  52 135 103  17 127  66 248  87 234 123  76  83 124 137 164 153 204
 100 122 173 240 121  46  11 239 101  70 235 111  88 151][146 173  27 189 146 232  55 231 188  71  74 179  52 231  32   0  55  59
 201 129 114 153   0 111 241  37  26   3  36  64 165 122][201 135 124 101 176  62  95  51  97  45 254 248 223  47 154 115   6 182
  93 172 249 184 229  15 230 249  32 208 103 128 202  33][ 40 140  28 250  25 237  16  70 159  31 236  25 174 211  34  64 129  58
 139  16  50  45  90  55 207 215  16 123 210   8  12  10][149 133  60 179 172 217 180 225 220 122 151  50 151  24 122 163 169  19
 222 115 255 237 125 148 175 193 110  87  92   8 153 135][244 106 237  48  44  75 125 140 107 246 178 185 151  13  87  27 171 197
 111  85 168 119 231  64 222 155 119 181 229 249  71  73][236 120 149 116 105  76  69 144 241 234  38   8 126 151  65  63  32 244
 124 106  97 103 178  40 215 250  69  58  98 241  70  59][ 81  29  31 237  48 142  97  55 100   8 106 100 183  51 160 112  98  38
  30   8  65 152  17  44 228 173  34   0   8 128  97  41][253 231 237  71 172  47 207 184  82 250 189  78 211 109 221  43  29 196
 124 110 233 118 237  40 111 139 229 180 239 251  82  49][206 172 172 187 137 229  77 175 158 183 140  25 243 231  90 123 193 214
 249 145  58  79 219 179 233 147 223 125 144  88 151  42][152 156 159 243 179 226  53 167  51  83 110  48 253  55   0 123 163  95
 177  16  51 216 187 167 235 247  86  67 162  80 167 251][ 58 143 198  61 155   2  87 174 177 166 238 161 107 103   3  83  97 247
 237 228 104 201  65  47 251 231  85  19  35 244  46  74][ 27  83 123 236  50 208  59  80  45  72 221 230 125 223 163  96 246 185
 151 226 197 131  32 207 242 237 170 138  62 167  37 113][193  28 191 183 168 172 117  55 248 223 194  84 182 178   2 123 132  55
 124   9 177 205 178 107 197 178 126  18 136  64 131 107][114 247 236  69  18  22  70 190 113 164 238 199  67 105 150  84 124 206
 165 172 204 248 213  13 107 238 133 132 111 246 240  94][ 89 129 127 103 146 222 173  53 108  64 110   2 253  62  18 112  38 167
  56 173  85 184  53  77 247 233  74   0 103 130 163 232][208 202  30 188  10 138  20 165 164  54 130 177 247  83  40  91 163  53
 237  35 104  69  11  31 208 227 126 149  48  48 141  11][ 64  69 253 101  52  74 111  48 124 228 250 128 211  45 145 113  82 196
 108 110 233 240 117  14 231 255  97  16 100 186  86 120][108  54 157 120  41 107  83  26 243 187 181  56 158  85 201 186 145 212
 236  50  43 103 234  18 219 211  97 127 194 233  78  99][252 104  28 250 205 205  80 200 199 180 164  25  31 219 105 155 201 243
 233  82  42 103 218 176 219 219  85 127 242  25  78   2][177  72  15 125  12 143  96 118 100   0 226  66 243   1  16 113 104 172
 106 234 105 188  81  45 165 171 194   0 105 136 112 168][  9 181 121 251 246 143 237 255 127 121  94 246 157 191 252  96 127  11
  55 157 243 248 125 215 238 223 191 228 191 136 193 249][160 128 188  89  45 221  17 207 222  63  52  56 166 151 104  41 129  26
 174  16  18 108  98  49 207 145 112 127 208   8 197 235][195 183 223 161 162  42 173 151  56 247  90 245 157  46 218  75  39  71
 125 157 181 216 165  66  12  46 126 196 172 208 161 121][ 56   2  78 237  84 111 225  80 100 228 246  14  51   9  19   1 120 172
  78  44   9 176 113  12 215 233  32   1 109 168  94 248][ 99 225 104   5  84  27 206 174 107  36 238 137   3   8  86  20  90 204
  66 108 204  58 229 221  54 124 133  53 103 156  94  76][ 91  79  78 191  48 138 108  35 173 136 250 229 239  98 178 211 226 231
 237  44 108 201   7 237 162 119  98 129  46 164 105   9][ 67  52  27  16 171 237  49  71 186 251 129  56 158 150  64 127 167  59
  72  17  51  71 178  82 153  18  91 122 136  64 135 119][188  18 109 237   4  95  65  25  85 230 247 143  83   5  19  56 120 172
 236 168 237 246 117  14 211 235 161  21 113 168  84 114][ 67 159 237 147 226  54 189 183  56  91  94 247 157  54 214 111  39  87
  61 157 181 216 173 226  44  62 254 198 140 212 169 125][  0 156  59 191 246 227 175 231  30  79  88  99 181 255  32  64 255 123
   3 129  51 152  26  63 109 166 190  64 144  72 165 251][121  97  96  69 117  91 227  32 105 224 246   8 155  24 151 180  26 204
  86 108 205 176 229  12 103 221   1  49 103 188  90 230][252 165 184  96 141 109  85  15 226 191 173  24 150 179  72  27 137 214
 104  24  58 107 250   2 219 217  85 125 192 104 198  34][233 120 215  84 105  92 100 182 249 250 102  72  62 145 197 191 160 244
 240  74  97 126 178 104  55 250  84  42  74 176  66  61][122  79 206  52  11  10  95  34 161 166 174 173  99  99   3  19 110 231
 237 230 104 203 199  44 250 227 205 147  35 116  46  74][198 189 188 219 139 240 181 175 254  55 142  48 252 246  74 107 161  87
 249 145  50  73 187 243 237  55 223 127 128  81 173  42][ 87 111 143 182 170   6 110 160 160 202 195 229 253 230 219  91 182 229
 125 231 205 193 143 104 184 226 239 136 172 119  35  85][110 172 160 222 201 237  78 238 187  35 172   8 234 227  68 244 217 251
 235 144  26  79 218 243 251 214 159 121 210  95 198  42][126  47 242  80 235 185  50  83 187 189  61 168  14 175 199 188 167 125
 228  18  22 123 170 208  31 213   5 255 226 229  15 167][ 80 160  18  40 203 233  48  75 238  33 202  25  22 147  96  88 161  28
 106  16  18 107 131  16 217 164  17 127 208   1 167 130][ 96 161   7  41  25 143  64  79 198  33 201   8 246 209   8  80 216  14
 106   8  27 107 219  23 181 164   1 120  80  10 210 170][ 67 191 133 147 162 180 188 151  58 123  26 245 172  38 194 202 167  71
 189 149 183  88 143 227 172  22 254 226 140 212 137  93][206 255 182 118 203  65  23 238 187 158 168 169 108 247  69  27 167 115
 233  98  96  71 170 104 251 211  79  63 194 113 167 235][240   5 109 101  28 106  75  58  97 228 186 139  19  45  16  83  72 212
 109 224 188 122 245  12 243 233 224  20 101 232  86 114][253 101 236  99 236  63 207 152  86 250 181  90  83 121 223  43  89 196
 126 126 169 102 239  48 126 203 229 245 255 251  88  32][245 237 237  69 172  47 207 184  83 250 190 202 211  97 221  47  25 196
 124 110 233 112 237  42 236 143 229 180 237 251 210  48][252  50 250 100  67 118  81  88 176 134 231   3  91 219  43  27  58 189
 196 162  44 183 144   8 211 225  97  13 227  99 110 194][ 87 100 175 167 162 106  47 152  50 254 159 236 221 102 219  58  55 197
 125 255 145 209 173  66 184   6 239 132 172 247  35 113][  4 182 185 171 188 175  83  25  30  61  25  85 215 119  72  72 213  27
  95  61 178  32 105  23 205 151  43 252 208 202 135 225][ 88  11 126  69  48 138 109  33 173 164 238 165 203 227 134  84 114 164
 236 160  72 153 129  76 246 247  97   1  34 162 100   8][138 181 148 186 205 229 180 207 159  23 160  25 172 254 110 141 201  27
 251  17  50  79 210 243  29  18  94 123 146  76 141 202][201 159  62 126 168 158  93 183 233  30  54  92 223  63 146 115 135  23
 125  44 252  76  96  79 239 251 116 208  66 128 202 121][252 188 253 118 232 109  87 222 243 191 173  24  87 247  73  59 137 246
 108  26  58 111 250  34 251 219 117  61 224 241 198  99][108 113 251  70 118  91 103 248 105 168 127  40  86 241 141  52 178 124
  70 106  65 176 169  46 119 220  37  38  98 251  70  35][ 64 151  29 239 188  12  85 191  38  29 138  69 247  55   8  81 212   2
 125  44 122   8 115  63 233 249  54  88  16 138 149 107][ 84 115 218 100  42  10  55 248 169 164 239 173  79 231  11  82  54 245
 237  98  64 147 136  76 242 165  37 133  96 179  47   3][211 207  68 149 158  18 142 166 208 226 154 239 227 104 151 231 106 230
 248 231 237 203 197 175 190  98 207 147  45 252 152  92][126  97 225  69  93  91 199 232  99 224 188  10  82  24  87 182 184 204
  83 107  76 114 249  12 127  77 133  55 103  63  94 198][254 214 181 220 143 127 148 175 158 190 146 250 204 124 141 175 175 213
 255  35 229 101 107 211 179  83  95 151  87 124 133 127][245   6 205 117  20  42 105  18 116 162  98 212 211  33 145 120 114 228
 108  44 169 244 197  14 196 239 240   0 237 241  80  32][101  53 209 103 176  46 103  48 120 170 123  76 215 113 129 116  18 124
 124 106 161 176 249  14 164 190  33   0 200 243  66  33][140 214 183 219  45 185 165 140 254  27  51 112 205 208 172 239 167  83
 238   2 227 229  43 243 132 211 127 198  86  93 129  33][212 120 187 102   2  14 127  16 176 132 230   4  87 247   1  91  52 244
 105 106  40 209 184  40 241 169 103   0  32 115  39 114][126  51 162 108 121 119  18  88 131 204 189  45  74 253 239  52 220 248
 245 118 140  99 250 156  91 221   1 191 211 175 126 215][ 75   3  86 188  40 154 108  55 237  73 218 229 239  98 178 210 230  39
 108 141 229 153   7 205 148 118 122 128  14 164 169  13][252 252 253 118 232 105  87 222 179 191 181  56 119 247 201  59   3 246
 108  90  58 111 234  35 251 203 117  61 224 241 198 227][122  75 206  54  75  10 126  35 177 198 234 175  97 226 131  82 106 231
 233 198  76 219 199 104 246 103 205 145  45 244  42  30][184   8 127 229  38 122 112  80 117 196 119   3 151  31   3 121  42 172
 100  44  12 188 101  12 199 233 114   1 101 137 102 251][ 16 159  27 175 150 194  79 245  20   0  90 195 247 119  32  64 126 122
  31 234 121 153  25  63 233 166 174   0  48 250 165 248][ 79 255 181 183 178 148 191 188 187 219  30 245 253 255 219  39 183 127
  53 207 231 216 191 227 238 127 127 134 142 247 131 125][ 84 123  90 102 114 138  55 240  33 172 127 237  95 199 161  16  54 253
 196 106  64 179 136 108 242 165  37 132  97 179  39 177][104  32 115  69  85  91 225  99 105 228 254  40 139  24  22 180  58 172
 214  32  76 187 229  76 119  93   0  51 103  36  86 238][116 123 243 116 219  90 151 224 171 164 172 171 110 253  69  22 170 253
 232  98  72 123 234  40 127 228  69  63  99  58   6 235][ 72   3  90 100 112 138 104  39 173 140 246 173 111 131 166  86 166 165
 236  12  64 153 129  76 214 253  50 129  10 128 107   9][243  79 103 151 166  26 238 166  80 226 218 239 225 104 151 231 123 238
 252 231 237 218 239 170  52  34 239 128  45 252  24  92][160 106 187 241 228 173 253 150 186 190 112  93 183 189  81  26 133 123
 119  29 162 244 178  34 205 221 119  40 192 249  71 235][233 120 211  84  99 220 116 102 249 202 102  88  58 176 197 191 162 126
 242  66  97 254 178 235  55 250  84  42  74 112 203 189][ 94 123 150  84 203  65 159 238 187 190 172 173 108 231  67  26 175 127
 227 194  64  75 138 104 251  87  79 191 130 117  47 155][122  40 250  80  67 249 176 198 235 165  60 169  40 190 103 190 167 251
 230 144   6 123 166 240  91 221  16  43 231  84  79 206][ 90  59 194  20 211 180  58  66 187 133 238 141  44 235 103 156 166 187
 245 148 156  75 130 226 154 117  24 235 235 229  43 223][228 164 185  98 169 109  81  11 115 191 173  24 214  53  72  59 153  22
 104  56  56  99 251   2 203 159  85 127 192  72 198  34][ 98 180 180 250 205 253 144 207 159  55 165  25 142 254  76 159 201 147
 251  17  50 107 218 209 159 210  95 127 210  76 143 198][112  20 105 229  52 107  66  19 117 227 251  89  19  29  16  80 248 132
 109  36  41 182  81  14 215 239  48  20 108 232  84  50][198  20 156  95 170  46 189 154 190  91 167  21 252 103  15  75 167  71
 107  30  50 101  27 115  71  58  83  23 216 113   9  19][  4  46 153 241 180 175 107 146  62 187  42  92 151 231  65   8 133 110
  79  28 187 248  88  50 205 215  51 116 144 201 133  96][ 86 249 188 219 139 209 183 173 174  61 133  40 252 242  76 123 161 215
 249 211  82  73 251 113 249  51 223 255 144  83 175  59][193 150  63 126 232 140  93  55 233  31  51  29 254 255  28 115 133  55
 125  14 240 109 186 117 199 251 112 152  64 192 195  75][252 104  62 122 205 201  85 196 195 150 164  24  63 217  97  27 137 242
 233  82 106 111 218 179 251 217  69  59 114 121  78  42][  9 181 121 249 246 143 237 255 127 121  94 246 157 159 252  96 127  11
  55 157 243 248 125 215 238 223 191 196 191 136 193 249][ 92 116 190  97   3 110 115 152  32 182 175   8  95  23  75  26  49 213
 105 122   8 245 185   0 219 239 101  85 234 243  71  50][ 69  53 147 101 176  46 103  49 120 168 123  68 215 115 129 116  22 108
  76  42 185 176 209  14 164 190  37   4 200 227 195  33][ 64 221  29 255   8 140  87 189  36   4 238   4 246 115   8  80 196  82
 121  74  75  10 251  61 229 185  84  24  16  18 132 122][245 111 237  69 172  43 207 191  82 254 190 110 211  49 215  43  89 198
 124 106 232  98 237  10 238 139 229 180 229 249  82  97][193 160 159 149   8 162 161  15 174 243 194 212 212 230 224 107 101 103
 106 157  51 205 167  64 156  34 127  76 128  64 161 120][ 13 245  27  97 180  14 110 189 124 169 123  84 215  49 152 112  53  76
  22  60 241 176  89  14 236 255  39 196 200 146 195 161][220 254 158 254 170 232  93 183 183 159 166 185 255 231 194  91 167 247
 109 146 122  79 138  51 250 227 127 153 160 241 167 107][120 173 184 122 157 233  85 175 243  53 172  24 183 181  64  49 137 146
  73   8  58 107 250  55 235 223  20 121 240  64 198  42][  9 130 212 113  49 154  97  23 118   5 102  16 175   3 130 221  67  46
  40  24  54 220 101  21 204 239  82  65 226 128  72 136][223 198 182  91 169  63 189 158 255  31 183  52 207 226 175 239 167  87
 236  14 166 101  43 243 130 251  87 150 210 245  13 101][ 95 115 234  39  50  30 123  56  96 232 215 229 221  71 219 114  54 205
 253 254 201 208 189  76 254 237 175 132  46 183  43 113][ 69 245  87  69 176  14 103 188 104 168 122 108 215  51 136 119  54  84
 108 106 241 240 145  12 172 184 101   4  72 178 195  49][228 180 185  98 184 111  65  11 122 191  45  24 214  53  72  59 145  86
  96  56  59 118 249   2 203 159 117 117 192 107 198  34][ 58 227 250 126  90 241 248  79 227  29 253 169  41 206 238  16 174 155
 199 144  14  11 166 211  83 253  48 171 225 214 238 207][ 86 249 184 202  56 205  19 172 175  60 133  40 238 214  72  50 132 209
 253 211  74  11 218 113 249 212 143 255  16  19   7  63][193 145 191 254 236 108 121  57 170  95  49  93 254 255 104  91 133  83
 125  14  50  73 186 113 193 187 122 234  64  66 195  99][208 205  79 175  22  66  79 184  36 134 194 194 119 103 169  67 118 244
 125 238 104 145  41  45 241 163 230 144  48 187  36 104][ 92 112 187 100   1 110 115 208  96 164 239   8  95 215  73  56  48 244
 121 122   9 179 185   8 211 239   5   4 234 243 102  50][  5  60 155 242 149 237 113 215 190 141  42  28 182 183  97   8 161 123
  91  24  19 217  50  42 233 158  23  96 192  80 131 235][110 176 180 242 141 237  80 138 203  61 165  25 142 223  79  30 137 147
 253  16  30  98 218 176 203 217  81 127 210  77 206  82][171 171 236  21 236 153 236 103 218 254  52 157 163 172 214   3 136  46
 231  13 244 122 230 128 102  89 244 185  69 204 222 205][ 75  35 194  53 112 138 104  39 185 193 122 229 237 162 146 210 118  45
 229 133 212 216 134  72  22 116 126 129  12 164 251 205][248 237  60 126 141 201  85 175 210  55 164  24  55 241  66  27 137 242
 232  66 106 111 250  49 251 195  84  57 114  88 206  42][114  59 178  84  91 219 176  97 171 172 188 171  46 221  69   6 172 253
 234   1  64 251 226 200  31   4   5  59  99  42   7 175][ 96  34 115  69 119 219 241  99 105  37 246  42  42 152  22 180  42 188
 198   1   4 185 164 204  22  60  16   3 103 140  86 238][252 255 254 118 234 105  87 253 187 190 181  56 119 247 201  27  47 246
 236  58 120 103 234  34 255 203 101 189 227 241 198 163][  9 213  17 101 180  14 102 190 124 169 122  68 215  51 136 240 183  86
  92 120 241 184  81  14 236 255  37 196  72 146 193  41][137 121 146  84  71 220 180 103 249 194 100  28  60 152 102 191 162 107
 242   0 229 253 146 227  55 122  86  42  75  84 203 159][ 85 123  91  37 114  10 111 112  32 236 114 229  93 199 131  16  54 237
  68 238 193 147 129 108 244 233  43 132 104 179  35 209][ 67 111 227 149 164  26 239  55 112 238  90 230 225 108 151 230 126 238
  60 173 237 240 229 138  36  46 239 128  45 252  81 125][ 67 147  23 157 112 158  40  55 125  73  82 116 236 162 180 244 246  39
  62  13 149 152 165 197 148  62 122 194   8 132 169  13][  9 149 125 249 118 141 233 127  95 121  94 246 189 159 252  96 127  11
  55 157 243 184 119 215  78 223 186 228  63 136 161 249][ 22 123 142 150 203   2  30 239  51 174 200 175 108 231  67  26 191 255
 243 215  68 219 139 104  58   6 223 171 169 116  47 219][ 71  12 157 159 139 103 188 138 174 115 170  17 212 119  79  75 161  71
 123 158  55  65 219 112 203  58  95  30 144 113 161  66][ 92 120 183 118 169  92  85 149 233 250 166  40 255 247 193 255  34 244
 236  74  73  65 251  40 179 251  85  26 226 243 134 123][248 164 178 114 155 253  85 127 163  55 173  25  79 247  74 146 181 151
 205  48  58  75 186  23 251 199  21 127 226 198 134  98][168 122  28 122  89 141  18  48 138  52  36  13 174 193  71  17 134  59
 194  70  66 106 218  61 102 145   0  59  88   9  75 154][165 161 241  91 245 205 225 221  91 121 117  24  18 213 220  52  25  26
  18  24 179 250 122  55 111  24  21 108 211 136 214 160][125 243 184 162 185 149  94 253  99 237 189  41  95 251  74 176 244 223
 221 114 222  11 232 183 251 205  37 255 162 151 238  67][122 251 162 162 189 221  95 236 171 237 152  41 175 206  90  16 152 223
 221  83  78  11 234 183 185 213 141 251   2  23 151 123][216 140 238 117 144  58  98  55 119 227 230  16 115  41 144 121  49 206
  44 168 184 220 165  14 202 239 245   1 231 224 232  42]