[ 84 121 123 100  34 206  63 240 168 200 226 169  61 223  33  48 166 245
  93 226  65 157 176 108 243 201  47 130  33  51  39 243][125 182 236 102 155  95  71 187  99 238 174 173 115 117 203  52  25 222
 236  34 205 250 253  63 251 207  37  53 235 230  94 119][ 72 149  26 232 124 173 122 115  47  41 255  42 191 159  32  80 214 187
 159   8  26  26  80 221 255 221  42 232  18 138 160 139][ 85 119  87 101 178  10 103  56  96 168  43 236 215 115 137 115  54  84
 108 106 193 208 141  12 228 170 101 148 104 179   3  33][228 173 140  21 205 109  69 143 194 183 160  24 194 224  75 155 137 206
 104  16  62 103 219  17 141   2  85  61 192 120 218 142][105 186 188  20  93  95 177 187 219 254 180  46 254 245 139 167  61 244
 238  32 229 105 250 159 223 215 101 191 235  44  95 255][126 240  56 160 191  83 146 206  15 117 156  43 143 158 111   0 251 217
 221 113  14  43 248 150 251 213 143 127 150  29  29  95][134  97  83 138 236 169 238  76  47  17 249  90 148 202 124  24 250 139
  91 195  18  39 202 241 148 152 138 104  85  91 227 128][135 233  31 155 236 133 174 236 142  25  89  82 244 210 104  65 223  91
  51  83  83  18  10 113 108  16 239 236  24  27 161 161][ 49  13 123 109 116 139 235 119 100  64 250  66 179   8 180  32 122 168
  22 169 201 186  37 205  52 172 162 128 117 138 113 233][246 101  82 224 236  43 238 206 173 162 186  10 143 139  85  18 122 197
  95 243 104  39 193 202 180 152 143  60  37 251  64   0][ 23 201   2 190  20 131 206 224 151   0 217  70  99 202 177 196  88 234
  30 195  75 171   8 191 176 228 138 136  60  59  56  12][121 232  82  88  41 157  80  71 227  53 228   8  42 128 198 180 128 168
 236  24 206 111 230 213  26  88  16 123  98 132 202  76][123 176 228  86 137 124  81 159 227 253 175  29  75 230  78 254   1 198
 236  24 159  75 255 129 219 253  85 223 226 228 206 127][133   4 157 247 176  46 107 144  60 187 115  80 215  51 137 121  23 110
 126  62 177 212  89  46 204 170 118 192 136 241 193 161][ 72 176 185 112 137 108 113  15 235 191  45  24 150 183  72  26 129  23
 232  16  18 104 242   0 205 215  85 127 192  64 199  98][199 121 125 242 236 189 222 208 235  88 181 233 158 223 221  59 174 243
 223  87 198 103 170 240 246 216 110 186 198 215 195  87][ 49  73 107 229  20  11  79 112  68 224 222  74 115  65 177  96 120 236
  30 239 201 179 101  28 240 140 161 144 117 186 112 104][ 11 237 104 155  86 211 175 239  94  68  92 130 188 236 182  36  62  43
 147 205 199 152  60 255 109  13 143 224  21 150 153 252][220 237 222  22 218 106 111 175  58 183  47 156 111 226  79 211  51 199
 232 250 115  93 159 111 184 167  85  77 232 115 139   8][103 189  51  80 219 141 183 255  59 107 120  92  28 191  12  52 189  95
  87 112 243 122 184 119 125  30   5 238 203  97 195 179][212 106 159 245  50 134  43 144 168 128 195  96 213 211  65  67  38 117
 108 250  64 213 137 104 249 161 111  64 136  51  35 161][108 101 121 103 116  79  87  56 113 236 239   8 211  85   9  48  88 220
  68 106  73 178 249  14 231 253  33  20  98 187  70 226][129  72  31 167  36  10 102  52  52 162  99  80 215   3 144  65 120 172
 110 106 104 188  73  62 196 170 242   0 104 139   1  40][  1 231  89 173 240  11 111 190 118 160 106 192 247  99 137 112  83 206
  14 110 105 152 205  63 236 174 167   4 168 250 195 168][124  65 236 108  12   2  79 120  67 160 253  10  83 105 153  82  88 196
 108 234 200  35 207 137 242 237 225 156 119 251 114   0][ 79 214 227 220 110  20 239 248 211 202 244 230 121 255 253 239 127 204
  54 174 225  71 174 203  22  46 239 140  63 252 112 253][129  78 221 231  36  46 110  20 116 162  99  80 247  35 145 121 114 108
  62  74  97 244  73  46 196 170 114   0  44 251  64 168][ 67  26 159  29 170 190 189 135 190 251 198 244 204 182 194 111 167 119
 234  21 177  77 167  64 140  50  94 194 200  80 161 125][218 103  50 224  51 217  59 101 173 132 188 171 109 207  39 208 246 185
 223 225  64 131  32 222 251 213 143 251  50  54  39 123][ 33 145 105 127 100 159 237 119 125  73 127  82  51  57 148  32 126 170
  22  13 213 184 117 245  70  63 242 192 111 136 210 249][ 51 115  99  73  87 147 226  64  69 104 248 238   1   8 148 180 122 140
 134 236 201 186 101 156  54  44 160 194 127 142 114 165][ 49 230  74 232 212 131 206 255  86 162  88  74  83 201 240  32 121 168
  18 173 238 182  76 159 126  14 165  44  53 232 248 136][251 125 242 228 164  62 222 119 121 234 190 185 143  63 151  55 191 247
 221 175 236 255 165 206 242 255 118 146 103 244 227 125][ 65 241 151  84 169  76  52 141 234 249 162   8 222 178  72 122 128  87
 104  88  67 105 179  64 157 184  85  94 200  48 131  43][ 88 178 156  92  27 222  81  57 251 253 246  44 254 246 130 183  48 181
 236  32 133 232 243  93 219 167 113 145 107  36  79 123][208 184 145 240  57 237  81  67 171  59 160  24 190 151  64  56 129 187
  93  16  27 111 210  81 153 144  19 122 136  64   7  59][ 56  37 114 225 118  11 242 112  77  32 254  10  75   9 148  16 126 140
  87 106 200 178  69 206 182 221   0   0 103 138  82 129][109 113  57  97  61  31  83 184 107 232 164  76 222  17  89 176 152 196
  76 110 201 114 249  28 255 217   5  54  74  43  66  35][  3  50 113  81  98 153 184  70  41  69 176 248 172  14 148 188  46 147
 223 145 151 107 228 197  30  24  26 226 197 132 103 253][212 121 221 116  40  76  85  56 176 186 162  24  87  23  65 123  34 212
 108 106 105  71 211   0 209 171 117  28  96 177  70  35][  7 205 231 223  86 226 174 233  86  23 224 130  96 238  61  97 123 235
   2 165  38 242  46 255  52  46 143   5 245 112 117 172][248 172  88 112  88 237  82 218  51 167 172  25  55 211  74  16 145 155
 197  16  58  15 218  55 219 197  53 125 226 192  14 138][  9 153  91 237  48 142 107  53  45   8 126 100 191  19 128 112 166  57
  30 104 193 184   1  93 229 253  34 128  74 130 227  41][ 33 241  25 109  61  15  71 188  70 232 172  76 211  17  89  48 216  76
  88 110 201  98 121  28 237 221   5  60  88 186  82 184][ 41 157  50  77 117 159 246 119  93  72 124  12 178  88  54 164 152  42
  82 108 223 184  81  63  39 221   4  82  91  10 216 158][130 185 178 154 255 165 184  71 142  89  80  51 172 158 116  72 239  59
 151 145 146  14 146 243  13  24 154 234 148  12 165 219][251  82 101 197  46  22 201  48   5 234 215 238  89  45 148 239 110 212
 125 175 201 215 245 204 210 106 248 144  47 172  48 117][133 205  85 103 176  15 102 188 116 170  98  92 247  99 137  48  18 110
 108 110 233 180  73  47 172 174 101   0  72 242 194  41][ 37 126 211  69  83  63 167  82 114 234 120  76  18 176 213 180 173 108
  70  46 161 182 184  10  61  12  37 172 233 243  99 181][  9  91 115 205 116 142 107  52 109  72 126 100 191  19 176 244  54  52
  22 108 193 184  33 205 103 248  32 128  78 138  65  41][ 40 189  19  73 209 223  50 103 127   9 108   8 190 151   4 180 152  59
 194  16  19 186 112  95  47 253  16 107  82   2 199 170][ 27 204  99 187  20 176 235 242  85  66 223  67 249  75 178 229 123 169
  31 207 239 189  45 255 246 237 186 128  55 143 113 200][223  86 127  45  34 114 185 112 180 198 247 181 221 230 131 123  54 181
 253 166 165 133 165  76 210 227 107 129 111 247  47  81][  2  97  91 154 228 169 236  69  60   1 121  74 180 138 124  73 250 171
  19 219  18 178   2 241  20  24 154  40  85  91 225 136][  2 205 106 204  84 128 174 103   4   1  90   2  49 138  52  64 122 171
  19 193 210 154   0 255 116  45 186 200  21  10 241 136][ 48  65  64 169  92  11  70 104  13 160 250  10  67   8  52  16 122 132
  78  99  72 179  65 156 178 220 129  52 117 170  80   0][ 92 168 148  58 153 137  16 204 171 181 160  25 239 242  72 146 129 211
 236  16  30  75 202  49 153 213  21 127 176  68 143  14][210 158 223 117  50 170  57  55 188  27  66 244 253  55 128  83  38  55
 125 128  49 221   1  79 204 162 122 192  32 128  35  57][ 80  73  42 108  24 223  66  48 229 196 238   1 243 193 147 112  56 228
 236 238  76 161 101  13 243 233  32  17  98 170 108  74][ 20  39 200 163 180  42  74   9  32 161 155 163 215 104 219   2  59  78
  76  61  28 240 205  12 232 197 173  85 236 235 219   0][124 154 189 157 113 222  49 184 186 253 230 101 254 247 202 245 245 252
 237 148 155  88 251 221 223 231 255 198 138  36  46 123][  9 157  27 239  48 142 123  55  44   9 122  68 191  19 128 112 166  63
  31   8 211 152  17  93 237 253  34 192   8 130 163  57][242 141  86 239  92 136 110  99 173   0 234   2 225  10  52  81 106 167
 107 193 104 187 195 255 180 184 138  25  53  10 112  10][230 101  81 139 236  41 238 200 175  49 249  90 148 202  92  90 234 137
  91 243  18  39 203 241 148 184 138 124  21  91 227 128][ 62 249 104 162 127  91  90 206   3 244 156 171  47  28  83  48 203 219
 149  83  78  26 121 190 251 213 157 255  55  29  30 223][ 82 137 118 253 116 128 236 167 189   1 242   2 173 170  52  80 234 171
  63 193 210 152 195 253 182 254 218 128  53 128 241 136][ 22  73 134 190 223 128 184 204 175 208  74 135 236 234  59  74 242 107
 187 213   6 209  22 233 188  34 207  11 188  62  57  30][209 158  31 189  18 162 105  55 180   3 194 214 117  35  32  81 103 183
  57 136  57 153  21  79 232 166 218  64  44 128  33  56][ 22  98 242 129 255 219 184 198 143 181 190 171  12 142 103 142 175  85
 235 209   4 105 162 208  58  84  15 255 199  29 143 215][136 184  63 122 105 204 113 215 239  93 102  16 190 223  98 121 161  59
 255  24 131 109 178  49 215 249  80  74  66   0 231 235][ 82   8  22 169  44 139 104  71 173  32 210   2 143  10  48  64 106 165
 127 129   8 169  65 208 148 244 154 144  52   8  49   8][ 11 187 186 154 120 208 177 248 158  93 213 224 244 246 234 164 221 123
 182 209 151  75 170 113  92  39 190 235 212   2 173 253][154 157  98  12 155 211 159 123 197 198 204 167 107 236 182 164 126 178
 129 165 252 171  52 159 122  71 133 139 119 228 252  86][195  32 250 249 170 184 120  26 173  83 150 144 157 143 208 123  39 151
 127 156 178  77 167 192 214 249 250 152 164 192  35 121][ 92  61 187 228 184 111  87  86  38 228 238   8 151 183  65 112  50 253
 109 122  24 219 241  26 249 229  37  48 160 243  39 115][110  48  96  64 125 117  89  88  83 249 245  10  90  93  95  61 220 144
 215 184 138 114 122 220  95  89 129 255 215 207  86 231][ 66 190 188  59 170 236  53 151 190 127  30 245 188 190 198  91 135 119
 253  21 182  73 171 113 207  55 126 211 136  68 135  91][ 63 115 114  76  55 153 215  80 233 204  61 172 206 216 175 180 182 185
 196  98 132  35 166 200 178 221   1 187  71 247  79  71][120 250 115  88 107 205  81  86 163  29 164  40  59 151  68  20   6 186
 196  24  10  11 162  49  83 217  16 123  98 128  70 235][149  69 110 109  16   6 207 184  52 138 230  16 243 103 153  51  88 244
 124 234 105 229 121  46 225 171 229 148  97 177  98  32][ 66 187 188  59 169 253  53 135 191  95 180  61 174 254  70  90 135 115
 237  16  22  73 250 113 239  55 126 219 208  84 143  91][  2 176 178 154 127 245 184 202 143  93 185  39 140 222 110   8 239  27
 211 145  22  43 178 241  31  85  26 239 209  15  39 215][213  87 223 103 178  42 111 184 112 178 163 116 215  51 137 123  55 196
 108 250 121 213 173  14 248 163 103  68 168 243 163  33][104 161 249  97 216  77  65 157  99  53  45  24 147  21  72  50  25 158
  64  24  26 122 249  17  79 153  21 125 224 138 198 170][149  95  66  78  82  18 174 248 244 128 249 230 105 192 181 213 126 232
   6 238 237 163  14 108  48 104  39 136 111 183 106 149][246 104 239  86  74  72 199 200 249 214 160 139  98 236  85  59  40 228
 104 226 108 103 190 104  19  42 197  59  97 115 102  94][248 172 188 122 137 237  85 199 243  31 164  25 182 249  66  27 129 242
 237  16  58 111 202  55 219 211 116 123 210  80 206  42][  3 133  35 153 180 150 175 231 124  73  90 210  72 238 188 228 247  47
  19 189 245 152  36 222  41  62 158 196 134  68 177 236][213  28 255 237  42  46 121 152 188 186 210  98 215 119 169 107 247  85
 125 106 161 213  41  14 208 235 107 148 164 243   1  33][ 96 172 189 120 153 237  81 207 251 181 172  24 182 247  64  58 137 254
 232  16  26 107 242  51 219 247  21 123 192  64 198 106][ 41  75 104  77 252  29 214 223 199 172 188  13  43  40 215 178   8 196
 230 108 204  43 101  25 118 217  37 189 115 252 218 205][182 207   7 188 156 129 198 229 151   8 184  79 102 232  32  81 232 227
  14 227 107  43  10 191 184 210 143 122  57  58 240  14][212 236 150 191 142 171 164 238 190 178  67  18 228 226 105  75 241 127
 106   3  98 213 139 115 157 162 223  53 144 120 129 138][ 79  18 192 167 165  24 110 144 169  86  23 231 205  39 155 223 102 196
 175 238 196   0 205 224 198 113 234 140 174 247  25  81][212 172 148 191 140 168  68 206 182 179 128  17 215 243  65  75  73 231
 106 145  58  71 203  49 221 162 223  61 176 121   3   2][ 47  54 246  87 235  61 188 218 123 251 253 253  72 238 199 190  47 207
 230 156 151 118 255  98  30  26  87 174 203 245 107 149][207 241 245 230 173  62 220 157 235 249 183 249 206 253 223  63 135 213
 253 119 132 101 171 192 203 219 109 190 198 247 199  87][ 42 203  98  29 245 155 238  39 213  68 254 163 171 136 183 212  74 170
 142  77 206 186 100 255  38 127 146  19 119 156  92  76][ 63   2  96 161 181  95  82  68   9 237 191  47  10  28  86 148 249 140
 149  53 156 178  97 128 187 221 133 247 211  15 220  87][112 169  14 111  56 218  86 165 231   0 234   1 227 216  18  18 200 230
 108  66  78 169  75  61 163 252 132  19  96 162  94  14][185  34 217 109  80  75  99  90 119 164 228  92 243 129 194 144  57 204
 110   8  11 190 253  31 222 231  49 124 107 168  70 160][145   0  95 229   6  10 105  49 116  66 119  66  83   3 145 113 122 132
  30 168 233 180  37  78 212 169 226 128 109 170 112  32][210   0 238 253  12  42 104  88 231  50 243  18 105 139  56  75 106 197
 127 129 168 245 195 193 150 235 219 196  37 168 112   0][  2 142   2 153  22 163 184  71  30   7  90 215 172 138  50 192 127  43
 163 149  54 156   1 223  44  38 154 193 156  12 185 153][122 115 211  64 107  16  56  80  33 232 251 237  12 151 197 150 110 157
 198 240 133 147 129 192  22 240   0 175 107 151  46 151][120  32  29 109  13 207  65  72 118 160 226   8 215  17   0 112 112 156
 108  72   9 248 209  20 213 225  81  80  96   0  70  42][  6 154 180 147 239 217 184 192 143 245  27 163 236 206  79 138 175 119
 251 215  22 112  15 241  12  18  79 231 149  47  13 215][ 90  59 144 161 186 157  56  23  47 173 186 229 173  11 194 208 166  63
 237  20 150  24 193 240 190 213  62 243 154 134 175  27][221  20  23 245 176  46 103 186 116 138  99  84 215 115 137 123  23  70
 124  42 185 212  25  46 232 235 103 132 168 241   1  33][218 101  18 136  91 144  60 111 173 132 136 131  44 207 100 212 246 185
 219 229 100   3 146 222 179 116 139  11  38  54  39  14][192 184 155 240 169 237  17  71 170 123 160  24 190 151  64  56 133  59
  88  16  19  79 210  81 153 144  27 122 128   0 135  58][ 33 137 107 219 228 173 232 215 127  57 127  66 177  25 156  40 110 170
  54 157 147 184  69 245  70  56 240  64 237 138 242 165][ 73 178 188 125 121 222  49  57 171 253 182  45 190 159 130 183 188 180
 253  32 133 233 243 221 223 251 115 215  74 164  15 255][ 27 132 102 170  20  51 234 248  69  64 223   2 105  73 186 100 121 138
  31 171 207 179  45 221 146 110 154 132  55 207 112 236][116 164 151  54 137 109   4 205 235 183 169  25 230 240  72  31 137 230
 104  16  62  99 218  48 153 146  85 123 192 106 222   6][197  78  85 101  48  15 102 190 116 170 106  88 243  99 129 176  17 228
 108 110 233 244  77  47 164 174  37  16 104 240  66  41][212 109  83 128 142  43 110 199 173 162 170  26 134 138  85   3 107 229
  74 243 104 103 193 202 180 132 143  60 165 120 225   8][ 57  73 107 237  20  11  71 113  84 224 254  74 115   1 177 100 120 172
  30 106 201 186 101  15 240 173 160  16 119 186 112 104][ 87  50 242  65 107  20 186  64 105 237 185 239  12  30 215 142 174 149
 223 135 149 243 165 194  22 124  10 179 207  23 171 213][  9  82 123  79 116 158 107  48 109   8 119 100 255  19 180 116 182  52
  22 106 193 184  49  77  71 249  34 128  74 130  97 169][105 113  56 101  53  31  83  56 107 232 183  76 223  25  89  48 156 132
  76 110 201 242 249  28 231 221  33  52  74 171  74  35][ 66 137 117 255 126 128 248  35 175   1 210   2 173 138  52  64 238 187
  63 193  18 152  67 245 150 252 154 200  53 136  33 136][100  48 185  99 233 108  81   9 107 243  47  24 214  55  73  58 145  20
 104  24  19 116 251   0 205 223  81 126 192  99  71  34][133 199  31 187 236 129 174 232 158  16  88  66 244 195 232  97 219  75
  42 234  83  18  10 113 108 128 175 108  24 123 161 160][ 14 112 176 170 123 229 184 202 143  93 185  15 140 222 111   8 239  25
 159 145 130  39 154 211 153  85  26 255 208  15  39 211][105  50 188 124 125  95 177  57 207 237 182  47 190 221 130 175 172 180
 255  36 133 107 243 157 223 251 113 187  74 172  95 127][  1 135  25 229 244  11 111 190 116 168 122  64 247  35 144 112 115  78
   6 108 105 152  77  63 236 174  39 132   8 242 195 168][  2 129 135 157  31 193 172 233 214  17 202   2  96 232  60  96 248 171
  34 129  78  99  15 221  21  34 207  13  81  42 117 174][196 232 213 145 204  41 236 192 174 179 163  90 132 226  93  11 107 193
 106 219  16 116 206  64 156 146 223 108 197 121 195 128][123 178 189 141 121 222  57  24 171 252 214 229 190 215 194 244 246 189
 253 220 139  67 243 213 223 241 235 254  10 132  47 113][ 18  65   6 188  95 192 184  77 175 128 202 131 108 202  52  66 114  33
  59 245  70 131 150 217 185  32 143  11  53   6  49 142][ 93  71  85 103  52  14  79 184  96 168 255  76 211  97 153 247  54 196
  76 110 201 176 109  12 160 233 101  20 106 179  64  33][244 108  81 136 206  43 110 206  47  50 168  26   6 130  85  88 123 207
  74 243 104  55 201 242 180 128 143  60 181 121 227 128][ 34 129 206 205  92   3 233 111  86 165 104 130  32 168  52   0 120 168
   3 172  80 250  71 221   4  14 211  36  21 136 240 136][189  77  71  76  92  18 207 120  84 224 246 198  81  66 181 245 124 236
  22 238 237 151 101  14  48  40 163 132 127 186 122 244][ 57 203  66 190  84 145 202 224  23   0 216  70  35 200 179 192  88 232
  22 199  78 170  10 191 176 229 170 136  61  27  56 136][125 178 232  96  57 252  80 155 227 253 173  61  11 157 206 182 133 156
 252  20 159  75 254  17 219 253  49 255 234 132 206  87][ 86 115  63 229  34  66  59  80 172 160 147 225 221 215   9  27  54 245
 125 227   0 209 137  72 209 161 107 132  32  51  39  51][ 40 148  90 235 116 173 123 114  44   9 125  42  61 147 160  80 254 187
  23  24  18 186  96 253 119 221  34 200  16 138  98 163][ 49   5 123 237 116 138 235 113  84  64 123  66 179  41 176  96 122 168
  22 237 201 186 101 207 244 172 162 192 117 138 112 233][249 177 120 120  89 221  80  91 227 125 164  29  43 157  70 181 140 130
 204  20 190 107 246 149 219 217  17 123 107 132  78 223][212  22 157 229  34  42  41  57  52 186   3 240 213  39 136 123  55 213
 124 168  49 212 137  76 204 163 255 132 168 224   1  49][177  69  67 205  84   2 110 113  85 192 242 198 113  35 181 245 124 172
  22 238 233 147 101 142  52  40 162 144  63 186 112 188][120 162 148  58  25 141  82 232 171 189 168   9 239 194  72 150 129 215
 236  16  14  75 202  51 153 244  21 127  50   6  11  14][ 84 118 157 116  40 104  81  18 178 191 162 120 151 183 193  27 135 245
 109  16  40  71 194   2 209 231 113 188 224 241   6  35][220  54 253 101 162 110  95  24  32 254 183 252 223 119 203  27  23  85
 253  42 161 196 233  10 192 235 101 148 234 243   7 113][204 191 254  22 219 122 119 191 122 255 126 156 108 230 203 213  51 239
 228 186 247 222 191 127 127 103 117 237 235 116 175 123][ 13  79  81 109 176  10 111 184 116 168 122 192 243  99 145 112  82 110
   6 110 233 152  77  62 236 175  39   0 104 242  64 168][ 70 109  95 242 236 169 254 196 171  16 185  72 252 203  93  27 175 115
 127 251  66  99 138 224 180 152 239 172 196 243 195 129][130 184  18 155 255 165 184  71 158  25  80  50 172 158  96  73 231  59
 147 145  50  28   2 241  13  16 154 234 148   8 161 155][184 188  88 112  80 237  82 218  50 175  36  25  55 215  66  16  25 186
 197  16  42  94 218  63 123 199  53 125 224 192  78 155][ 73  81  27 103 112 142 105  53 109   8 118  68 255  19 128 113 182  60
  94 104 193 152  17  77 231 249  34 128  74 130  67  41][100 105 121 101 116  79 103 184 113 236 239   8 211  85 129  48  24 252
  84 106  73 178 249  46 231 189  33  20  99 187  70 226][232 188 181  82 233 249 164 143 251  59 176 120 170 244 196 191 129 114
 238   8  51 111 234 115  31 218  85 122 194  80 199 173][  0 205 106 173  84 130 175 119  68   0  90   2  49 139  48  64 122  43
  19 193 194 154   0 253 116  37 170 128  53 136 177 136][ 65 177 147 100 168  76  52 135 234 185 170  72 214 242  72 114 128  87
 104  88  83 105 211  64 189 184  71  94  72  50 131  35][ 77 221  21 103 177  14  70 184 101 168 175  76 223 115 137 245  16 212
 108 106 105 144  89  45 173 249   5  20 106 179  66  32][ 41 181  19 105 241 255 114 103 127  73 108   8 190 147   4 180 153  59
 194  16  23 184 112  93  47 221   0  99 219   2 203 158][148 229  81 139 206  41 238 206  46  19 233  82 135 194 121  72 123 203
  74 251  90  51 207 115 180 128 142 108 241  91 227 128][210 109 211 246 180  42 254 231 185 130 186 216 175  43  21  19 175 247
  95 163  96 237 128 234 176 254  94  18  68 240 227 136][194 158 159 119 162 106  61  55 184  67  66 245 253 119 128  91 167 119
 121 132 241 221 179 111 228 163 126 130 136 240 167 121][228 104 163  53  78 106 163 200 114 162  96  75 113 245  81  26  56 252
  99 243  33 118 202  40  85  34 239  44 225 113 119 168][ 47  46 230  23 235  59 190 206 123 243 249 253 200 234 223 190  63 207
 246 159 151 242 207  98  30  94  95 166 207 247 235 213][ 70 255 191  63 170 236 189 182 190  95  82 245 244 254  74  91 167 119
 253  85 183  73 186 113 237  39 127 194 136  80 135 219][ 67 251   1 131  48 141  42  21 175 105  26 229 188  22 198 244 166  35
 127 213 215  24 241 245 172  52  62 194 136   6 131  93][ 43  39  98  28  95 147 146 104 223  68 125 175 104 200  55 132 250  41
 131 103 198 163  14 223  50  28 139 171  95  47 123 198][ 39 161 154  83 240 143 252 253 123 169 112  72 220 251 204 188 190 127
  86  88 179 122 138 116  46 158  53 234 201 128 203 173][ 67 154 190  23 234 252 189 151 190 219  78 244 188 182 230 110  39 119
 250 156 147 217 167  99  76  55 126 202 200  68 165 125][ 58  69  98 237 116  11 206 120  69  32 250  10  75  41  53  80 122 204
  23  98 200 179  65 158 178 253 130 144 119 186  80   0][ 37  99   9 101  60  15  71  57  70 232 185  76 211   1 216  48 152 204
  92 126 201 114 125  28 236 221  37  52  88 170  82 177][216 157 159 252 136  68  85  55 177  18 230  16 255  55  32 119  96 246
  60  42 121  77 179  33 241 235 118  24  34 240 164  42][235  18 233 247  70  38 235  18  20 103 215 247 241  61 150 104 126 252
  63 141 141 150 245 130  71 111 186 128 175 173  80 113][ 92  45  59 100 184 203  87 178  37 164 238   8  87 183   0 112  50 252
 109 122  88 219 225  44 249 229  37  80  32 163 134  98][ 35  99  99  73 116 155 235 112 101  64 126 230  35   1 148 180 126 168
   6 254 203 186 101 221  54  44 160 192 111 142 114 181][237 113 149  71 160  14  70 184  97 170 167  76 211 113 217 183  16 196
 108 106 233 240 217   8 165 250 101  52  74 243  66  32][123 115 114  64 123  18 186  80  41 232 188 239  12 158 231 150 174 149
 198 230 197 163 132 200  50  92   2 191  79 151  43 151][185  54  91 109  81 123  99  90 119 229 230  92  83   1 130 177  57 140
 206  44  47 252 125  31 246 239  49  21 107 136  78 248][ 82   8  82 169  38 137 120  71  45   1 218   2 175 138  48  64 238 171
  31 129  10 185  65 194 148 244 154 128  52 136 177   9][120  73 107 110  56 201  82 120 100   4 235   9 115 217  56  80  88 168
  77 106  76 163  72  61 243 237  32  24 112 170 102  10][249 182 234 101  81  95  83 122 115 237 238 253  83 245 134  49  57 252
 236  52 173 255 237  31 255 239  37 245 235 164  94 127][ 44 190 222  31 219 219 165 251 255 254 116  12 238 224  15 159  51 110
 230   8 115 249 191  63  45 119 101 183 203 108  79 253][198 180 189 112 233 124  21 154 171 255 173  61 222 255  77  27 135  87
 236  18  51  71 250  96 219 218  85 255 202 113 135 115][253 215 125  71 242 124  95 184  33  95  63 252  91 125 158 183  23 212
 245 110 189 100 237  39 102 251  97 212 239 247 198 113][  3 140   3 137  20 162 170 103  28  65  90 199 172 234 178 228 123  43
  18 141 151 152   5 223  44  38 154 192 156  78 185 220][ 39  96 224  72  77  31 218 216  67 232 180  10  74  92 223  54  90 200
  86 110 207  34 255 216  55  28 133 190  87 191  82 229][107  64 227 220 108  22 205 120  83 226 245 198 120 234 245 239 126 236
  54 174 225 119 174 221  22  62 227 172  63 252 112 181][ 79  83 225 135 229  24 110 144  45  72 151 231 201  39 155 222 102 196
 191 238 205  16 125 192 150 120 238 132  46 183 120  85][ 48   5 114  97 118  11 234 112 109  32 250  10  75   9  20  16 122 141
  70 226 200 187  65 206 182 220   2  16 103 138  98 128][179  71  15 156  14 139 133 103 156 168 210  78  54 162  33  65 104 165
  14 233 105 171   0  93 176  34 254 152  25  56  49  40][ 95  18 111  45  34 114  59  16 165 198  87 165 221 239 131 250  54 245
 255 231 141 144 165  72 214 239 234 129 175 231  47 117][ 84   4 215 183 130  43  38 138  62 163  74 210 215  99 137  72  51 110
 106  24  48 212  77  46 140 166 127   4 164 113   1  32][ 45  53 241  67 221 127 195  25 107 225 169  72 210 113 204 180 153  28
  82  58 155 114 249  16  15 156   5 118 203 235  66 164][ 62 127 120 178 119 219 214  64 137 236  29 171 111 204 151 128 190 185
 213  99 140 176  46 156 178 213   9 179 119  63  31 199][ 86  31 222 229 162 106  61  59 188 162  30 179 221  63 161  75  39 119
 125 161  48 217 129 202 218 167 123 196 164 224  37  51][ 11 173 104  73  86 211 175 239  94  69  92 130 185 236 182  36  62  42
  19 205 214 184  44 255 110  13 174 225 119 142 245 236][137   4 127 229  36  42 105  51 124  66 118  82 147   3 144 121  98 164
  62  40 161 188 101  76 196 235 242 128 109 128  96  41][192  36 254 249 170 168 249  83 174  51 150 146 149 143 208 123 103   7
 127 152 178  77 231  82 222 171 250 232 164 192 163 129][ 45  71  68   7 118  30 111  48  85 234 127 230  83  32 158 228 126 236
  22 238 237 176  77  14  36  47 161 128 111 191  88  21][ 65 177 145  69 200  12  36 159 234 185 106  76 150 208  72  55 144  94
 104  88  83 120 210  64 173 184  69 110  72 114 195   9][ 88 190 148 186 171 173  20 143 175  23 168 237 175 235  66 155 135 115
 237  16  30  75 218 177 154 215  93 123 154  68 139  27][ 82  13  82 185 118 137 104  71  61   1 250  10 175 138  52  80 106 171
  31 129  26 154  64 239 180 252 154 192  53   8 241 136][ 75 186 174  28 123 214  49 123 251 253 246 237 120 246 198 191  53 188
 253 148 135 219 191 221  95 119 117 235 203 164  47 255][185  69  71 205  68  26 111 113  84 194 247 198 115   5 180 229 122 164
  22 238 233 188 101 142  52 170 226 128  47 170 112 252][ 90 182 148 176 139 188  28 143 187  51 130 221 175 174  74 219 167 135
 237 149  54  77 155 243 154 211  95 127 138  68 139  26][ 55 129  98 202  76  51 202 216 199  64 221   2  66 201 191 100 121 136
  23 235 140 179  44 215  18  12 131 140  55 255 112 228][160 172 220  83 232 237  97 223  51 183 100  24  50 215  78  29  19 186
  67  24  34  94 234 119  77 154  85 105 195 192 198 170][237 110  84  69 176  62  70 186 113 170 126 104 243  97 145 181  17 230
 108 110 233 244 205  46 164 255 101 144 106 243  74  41][ 87 114 114   3 123  17 186  64  45 236 179 239 140  14 222 130 174 149
 223 247 132 247 133 192  54  28  10 243 205  23 171 213][ 37  47  73 101  52  15  99  56 110 232  58  76 211   1 209  48  24 236
  68 110 201 240 117  28 236 221  33  52  72 171  82 160][210  69  82 172 147  35  30 103  61   2 234 155  46 174  36 213 254 151
 155 163 124 143  16 238 179 246  26  27  35  84 175 142][137 148 127 249 160 172 121  23 188  27 118 112 189  55 160 123 231  51
  63   8 179 220  32 195 199 251 114 192 128 192 161  41][  2 137  98 138  86 129 186 101   4  65  81 131  40 142  52  64 110 187
  19 133 210 154   4 221  48  44 138 200  21  14  49 216][233 190 213  83 235 253 180 223 251 243 160 120 174 184 196 191 135  87
 234   0 183 109 254 115  15 218  85 126 195  80 203 173][222 252 183  55 178  38  63 183 184 199  70 177 253 247 139  91  55 119
 253 130 241 201 187 107 248 231 126 130 166 245 167 123][107  50 126 108 109  95 177  91 239 253 182  45 158 157 150 190 174 181
 255   5 133 107 243 213  87 249 112 187  78 140  79 127][  5 107 159 171 236   9 174 201 170 144  56  72 189 202 249  11 166  81
 126 255  67  97 138 112 164 152 111  44  28 243  35 160][196 233 208 147 204 169 236 198 190 179 161  90 133 226  81  11 107 231
 106 219 114 118 206  98 156   0 223 108 133 121 195 128][211 249  67 131  50 205  43 244  61  72  18 228 188 150 214 244 166   9
  31 223 199  25 181 255 176  24 170 234  12 134   3 125][130 184  22 155 207 229 184 199  30  27  80  50 172 222 104  73 239  59
 147 145  50  92  26 241  13  18 222 234 148  76 165 155][ 84 181 156  48 168 236  81  51 162 247 175  29 151 183  66  91 165 183
 109  20  26  73 147   0 217 131 117 124 168  64 135  82][198 237 215 246 236 169 238 164 187 178 185 218 204 235  93  27 171 247
 127 211 112 103 138 226 188 154  79  56 196 243 195   0][  2 141  22 158  93 197 130 105 142  17 201   3 228 248 108  70 201  51
 106 129   6  43  90 247 153  20 139 123  16  10  49 142][179 143  96 187 247 176 254 231  61  71 217 183 109 110  62 197 255 195
 151 135 254  26  76 255 190  94 142 195 191 222 185  92][220  54 189 117 169 126  85  27  59 255 183 253 223  55 202 159 135  85
 253  52 185  69 249   0 203 243 117 214 202 228 143 115][ 86   5   6 158 157 231 190 104 159 134 219   3 236 254  39 196 240 249
 191 227 108 131  27 255 177  54 207 139  20 127  53  70][107  64 231 204 109  55 236 120  95 226 113  74  72 232 244 239  94 236
  50 238 133 247 247 217  22 122 195 172  31 175 112 164][ 25  78 214 245  36 186 111 114 244 194  94 102 191 163 179 224  98 108
  46  76 201 153  37  42 230 239  98   0  46 249  41 168][ 57  52 111 117  83 127 115 123 119 237 231 189  83  21 134  49  61 220
 204  60 175 255 173  31 255 239  49  84 235 132 102 247][122 166 144  42  57 169  82 200 171 185 168 105 239 194  72 150 145 215
 236  17  14  67 202  49 152 244   5 127  40   7  14   7][152 184  62 120  75 205 113  83 255  29 100  16  62 223  96  89 161  59
 255  16  18 239 178 113 211 251  80  75  82   0  39 187][ 72 220 219 252  73  72  85  55 177 131 110   0 126 183   0 118  99 246
  44   8  73  94 178  99 247 255  84   9  34 240 230  42][ 75  50 126 109 105 223  57  91 175 253 182 173 158 159 134 190 166 149
 255   4 133 201 243 213 215 249 114 211  74 132  47 255][ 58  69  98 228  84  11 206 114  85  32 254  10  75  41  52  80 122 204
  23 234 200 179  69 142 178 237 160 144 119 187 112 128][120  37  59 102 176  79  67  52  33 172 239   8 119 119   9 112  16 254
 108 104  89 147 249  44 249 237  37  88  98 130  38 122][ 36 105 121  69 116  79  71  56  97 164 126   8 243  21   1  48  24 220
  68 106  73 176 233  12 103 173  33  20  98 187  70 224][214  18 157 163  34  42  41 152  44 119   3 245 213   7   8  75  39  21
 125 191  49 212   9  64 204 163 123 196 172 131   5 113][216 148 221 245 162  42 125  63  49 242 135 245 223  55 136 123  39 215
 253 174 121 220 225 138 198 235 255 148  46 228 129 121][220  16 151 229 160 110  69  19  56 202  98  88 215  55   1 123 180  53
  92  40  57 148  17  10 193 235  97   0 200 112 131  51][ 59 176 225  69  87 127 145  83  95 237 244 254  42  28 150 180 220 156
 151 145 189 190 117 223  27  94 144 242 255  12  94 255][ 59 180 243 192 119 215 153 123  91 233 156 110  28 252 246 164 159 185
 151 177 183 239  48 223  27  94 157 254 223 172 123 253][ 66 137  82 239  92 128 232 101 175   1 240   2 165 138  52  80 106 171
  59 193  82  26 194 245 148 188 154  73  53   2  97 136][ 11 115  82   9 107  19 186  64  41 232 240 231  12 158 247 166 174  13
 211 199 197 147 132 192  22  28  10 170  79 151  43 213][230 190 189 112 233 109  21 159 187 251 160 125 156 191  69  59 135  87
 237  16 179  79 250  98 223 218 117 254 202 113 135 115][ 57 203  74 190  92 145 202 228 214   4 120   7  35 201  51 192  72 234
   6 199  78 170  14 191 114 237 170   9  61 155 120 136][ 37 143 106  67 244 169 234 199 236  17 123  66 144 200 220  32 107  42
  18  95 146 184  78 240 110  28 134  64 213 203 218 128][210 173   2 158  29 196 130 105 143   0 201   3 100 218  44 196 232  35
 107 129  94  11 154 223 177  52 139  27  16  14  57   6][192 141  86 191 204 168 230  39 236   3 107 146 245 226  32  67 107 174
 106 138 112  56 206 127  52 166 218  72  20  74 225 136][ 95  83 225 135 231  30 110 144  41 200 151 231  75  79 159 246 126 197
 159 238 205  16 109 232  54 120 142 134  47 191 120  85][ 40 145 122 235 116 143 251 208  28   9 125  34 189 211 168  80 254  25
  23  88 130 186 112 255 231 141  34 192  20 139  99 163][  3 141   3 137  22 166 171 103  92  65  90 198 116  34 180 100 122  43
  18 157 151 152  37 255  44  46 154 192 156  78 177 252][169   1 123 239 116 139 235 112  84  64 119  66 243   1 176  97 122 168
  22 232 249 184 101  63 228 173 162 192 117 138 112 169][107  50 125 109 105 222 121  25 171 236 182 237 159 159 214 246 230 189
 253 156 143   3 243 213 215 249 171 251  14 132  47 117][249 176 104 120 120 221  81  93 243 125 165  61  19 157  86  57 140 152
 213  20 190 111 250  21 219 217  49 127  99 132 206 211][ 29  79  65 101 176  30  79 188 101 168 254  68 243  97 145 244  18 228
  76 110 201 176 109  46 228 239  37 144 106 242  64  32][109 231  24  69 180  31  71 190 117 170 238  76 211  97 153  52  17 204
  76 110 232 176 233  30 174 255  37  20 106 242 202  12][109  99  57 101  60  31  67  56 105 232 183  76 223  25  91  48 152 196
  76 110 201 242 249  12 231 217  33  52  74 171  66  35][  9 181  50  73 245 191 242  91 127  73 125  76 190 248  14 180 153  42
 214  24 151 184  80  95  47 221  32  98 218  70 203 143][ 16 201  10 173  20 130 239 117   4   0  82   2  53 139  48  64 106 169
  23 193  74 152   0 189 224 225 170 128  53 136  48 136][ 48  77  66 225  84 139 238 118  45   0 250   2  11  11  20  16 122 173
  70 224  72 186  65 206 182 252 130  16 103 138  98 136][194 172 211 182 244   8 238 231 185 131 178  90 229 170  20  19 235 231
  74 139 112 239 136 238 188 190 222   8 196 112 227 136][229  99 104  71  76  31  71 184 115 164 165  76 243 104  31  51  24 204
  96 110 236 114 253  40 102 187  69  60  73 187  90 132][ 30 107  42 179  59 217 186 192 175 164 155 163 236 206  99  64 231  57
 239 211   6  17 168 252 252  85 139 243   5  15  13  83][ 99   0 227 205  84  38 235  90  83 227 116  86  17 167 181 108 124 204
  51 172 161 190 245 202  87  46 147 172 247 168 112 248][189  68  79  13   4  18 207 112 116 226 246 198  83   2 183 228 124 228
  62 238 237 183 101 142 176 239 231 128 111 190 120  92][ 44 175 202  31 214  43 167 235 118 166 104  10  97 224  73 144 121 238
  66 186 112 242 204  63  60   7 135  37 225 122 250 128][ 42 143  98  26 125 249 248 103 223  69 124 177 174 236  54 196 201  43
 131   5  54  41  38 255  22 119 154  75  86  76 253 222][216 132 166 255 135 102 109  39 176   7 207  18 121 115  56 103 113 231
  57 170 120 205 155 239 241 231 222   1  35 112 161  42][182  82 104 163  55  91  90 192  25 108 177 171  78  28  15 144 254 145
 149 103 172 182  73 239 147 209 136 247  55  31  86  87][  3 141  35 153 149 150  47 167 124  65  74  66 236 238  48 228 209  43
  19 133 247 152  52 255  45  54 158 192 148   6 177 108][ 92 158 191 191 186  66  31 184 190 222 150 165 253 255  11  67 183 119
 253 227 225 193 187  47 249 231 111 149 164 114  39 115][161 216 115  77  52  15 239 180 116  40 118 100 243  17 181  36  94 168
  22 110 225 180 101  63  36 186  32 128 127 186  64 185][125 214 237 110 172  92 215 152  83 222 181 108 211 124 223  58 157  68
 244 110 237 102 239  35 106 127 101 188 239 255  94 119][ 71  82 105 142 108  28 107  16 233 220  21 197 157 204 247 118  38  33
  23 239 197   0 190 192 198  56 138 168  30 167 113 116][160 164 214  89 201 233 165 207 191 183 100  24  40 247  76  31  11  58
  98  24  50 126 106  83  77 154  85 111 195 192 198 170][  1   2  27 109 116  14 105  48 108   8 115  68 251  67 156  48 180  12
  70  44 129 176  33  77 199 189  32   0  72 162  67 161][ 36 186 142  30 217 217 163 232 150 253 240  46  96 224 235 152 249 104
 226  16  18  99 234 125  93   6 127 125 209  42  63 195][  1  49  27 101  52  15  97  51 124 232 110  76 151  17  17  48 180  44
  68  44 129 176  49  14 229 189  32   0  72 168  67 169][116 165 159  48 169 105  17  73 170 253 169  57 198 244  74  27 145 214
 236  50  30  99 234  16 153 146  69 127 192 106 134  98][246  86 120 163 102  43 154 192  25 110 187 175  79  92  15   9 255 209
 151 103 172 182  73 206 150 219  43 151 101 127  95  83][216 241 159  48 171 200  84 167 186 123 130  57 191 183  74 251 167 151
 253  16  95  73 130  17 251 227 124 127 160  80 143  91][ 50 137  82 171 222 128 234 101 173   0 233   2 165 138  60  80 106 171
  11 195  90  27  74 245 180 176 138  73  53  11 241 136][ 92 165  86 167 179  78 126 232  61 166 251   3  79 127   8 208 183 221
 236 226 124 147  25 238 251 247   7   7  98 119 175   3][ 84 107  77  37  10  11  47 172  36 224 130 237 199  64 145 150  22 196
 108 231  73 208 205  44 164  32 175 148  36 183   3  80][109  99  57 101 116  15  83  56  97 232 127  76 223  17 155  48 144 132
  76 110 201 176 241  12 231 221  33  52  74 171  66  97][108 207 101  69 252  75 199 174  96 228 186 137  67 108 159  16  25 198
 108 110 236 178 237  31 126  30 165  52  69 254  86 108][ 77 107 228  37  48  10 111 188 100 224 146 229 211  32 147 195  18 196
 125 239 201 208 205  44 228  34 239 148  44 183  82 104][ 33 135  76  79 244  42 231  59 116 161 123 224 243  96 156 114 123 198
  98  46 248 248  77  15  46  46 165   4 101 234 210 132][198 237 215 246 236 169 238 229 187 146 185  90 236 234  93  27 187 227
 107 203 112  99 138 226 188 154 207  40 196 115 195 128][  3  77  38 156  20 146 174 230 212  66 218 199  32 232 183 225  72 106
  19 199 229 137   6 255  32  46 138 128  29  93 120 140][160 173   3 139 220 163 166 111 198  33 201  18 128 128  36  64 104  14
  74  19  50 187  71 118  61  36 138 121 209  75 245 130][ 75  50 124 105 105 221 249  19 175 125 182 173 158 159 150 190 166 149
 255  21 135  47 243 208 215 249  58 251  78 132  79 127][130 152 178 155 199 225 188 199  30  91  80 179 172 254 104  72 255  59
 179 145  50 220  26 243  13  22 222 231 149  76 181 219][ 77 120 155 119 176 204 119 148 249 136 106  76 254 179  65 122 166 126
 124  90  65 248 145  42 253 253  36  66 200  51   3  41][ 57  54 111 117  83 127 113 123 119 239 246 252  91  21 134 185  61 158
 230  44 173 246 109  28 215 239 113 128 235 132 230 245][ 68 140 211 158 212 136 238 228 184   3 227  90 229 226  60  80 123 231
 106 203  50 235 142 111 188 182 222  72 196  99 227 136][195 188 213  83 139 253 180 199 250 243 160  92 174 254  68 187 167  87
 234  16 183 109 254 115  15 219  87 122 201  80 139 156][150  98  58 129  46  19 186  72 174 164 147 167 141 142 114  66 166  21
 255 215   6 133 143 210 148 193  43 255   4  15  37 209][121  76 227  12  68  18 239 112  85 194 255 198 115  44 179 228 124 236
  54 239 205 183 101 142  50 110 226 128 111 190 120  92][161  90  86  77 116  31 235  54 125 104 118 100 243  17 149 165  94 100
  22 110 233 180 101  31  38 186  32 128  95 184  72 169][223 146 189 179 170  44 121  25 174 127   7 245 223 119 202  91  39  87
 253 159 179  68 203 145 206 243 123 212 174 197 133 113][ 72 152 211  92 219 236 113  55 123  17 102  24 122 183  36 246  99 246
  56   8  51  30 179 247  31 190  80  74 146 160 230  58][114   5  18 188 147  38  78 111 189   3 224  11  14 170  36 213 248 187
  75 162 120 139  16 239 177 246 222  27  81  80 171  14][  2 128  98 142  84 129 170  96   4   0  81 130 104 204  60  64 120  41
  19 163 194 170   8 221   0  40 138 136  21  14 113 128][ 96  53 155 100 209 124 103   7 235 193  46   8 182 180  65 178 176 126
  64   8   1 176 176   0 165 189   4  50 192 114 198 172][ 90 156 158 250 139 228  52 199 191  87 204  51  44 255  96  75 231 115
 187 145  50  79  26 243 219 247  94  75 146  85 165  91][219 124 121 207  58 216 187  48 236  66  29 162 253 223 147  96  54  57
 223 235 227   5 190 223  71  45 170 136  55 135  37 241][ 79 190 189 112 232 109 189 159 187 251  56 124 156 191  69  59 135 119
 253  16 147  75 234  96  77 223 125 254 200 112 131 187][ 88 184 158 248  11 228  16 199 191  29 228  17 190 151  96 219 167  59
 249  16  18  79 146 241 219 241  90 107 146   0  47  27][237  79  68  71  36  26  78 184  97 168 190 236 195  96 151 183  16 228
 108 110 237 176 237  44  38 249 101 144 111 191  90  45][ 59  48 115  73  53 215 216  89  79 233  85 238  14 156 246 172 158  29
 151  21 143 254 117 212   2  88  24 242  95 140  90 221][ 36 173  72 211 212 169 238 199 236   1 122  18 224 232 125   0 107 106
  66 155  50  56  76 119  44  12 134 100 213 219 241 128][204  60 147 224 161 110  85  23  45 227 106  88 158  55   0 254 162  52
 124  24  49 221 177  66 213 246  84  22 170 112 135  51][ 40 228  63  91  45 239 229 106 237  26 237   8 242  85  12  61 137  48
  74  42 105 165 123  61  67 218  80  20  82  75  70 226][ 70  13  22 158 157 230 190 224 156 134 203   3 236 242  45 196 240 117
 187 227  36 131  27 255 177  54 143  27  16 127  53   6][ 50  77  66 237  84 138 238 103  61   0 250   2  43  10  52  80 122 175
   6 128  72 186  65 238 182 254 146 128 101 136 226 136][  9  15  86  69 180  58 110  51 117 170 126  68 251  97 145 244  82 230
  12 110 233 176 101  14 166 255  37 128 106 242  72  44][124 230  16  32 121  45  82 202  35 168 168 109  15 194  65 144 149 205
 236  32  14   3 203  23 184 213   5 127  40  70  10   7][ 10 141 106 201  87 211 171 103  76  69  92 130 169 140  54  36 122  59
 147 137 214 184  36 255 111  45 138  65  23 142 245 238][ 91 169 133 178 139 253  28 143 171 121 136 205 175 166  66 222 167 199
 252 149  23  73 155 241 152 246  95 250 138  68 139  94][ 75  50 239  93 105 221 185  88 175 253 247 173 184 223 198 190 174  61
 255 148 135 202 247 213  95 121 115 235  79 132  47 247][176 224  57 114 104 173  89 196 243  55 161  25  55 157  88  25 141 155
  85  67 186 103 218  53 209 154  80 120  65   1 198 194][169 197 123 235 116 143 107 112  85   0 119   2 251   3 184 117 122 168
   6 234 249 188 117 191 231 233  32  64 119 139  96 160][ 24 184 190 248  75 253  48  71 191  21 228  16 190 159  96  89 163 187
 251  16  18 111  50 209 219 249  82 107  82   0  47 155][255  81  97 199 103  30 238 176  41 192 183 199  75  78 159 244 126 197
 159 238 205 144 125 232 182 120 142 134  47 191 121 117][  9 182  50  73 245 191 178  91 127  73 124 108 158 216 238 180 191  11
 198  29 151 184   0 223  46 221  49 198 219 204  75 199][ 55  73 226 206  76 177 206 248 215 192 221  10  98 233 253 100  88 232
  23 239 204  35  46 248  50  12 133 188  55 255 112 228][  5  99 155 161 172   9 110 221 110 184  90  64 157 195 225 106  54  73
 110  94  65 144 139  64 236 153  47  36  24 242  33 169][172  65 122 235 116 143 251 216  86   1 117   2 159  83  57 112 126 152
  23 248 170 178  48  31 231 141 162  68 113 139  97 160][  1 141  43 201 148 167 171 119  76  65  90  66  48  34 180  96 122  42
  18 173 209 152  53 125 109  44 170 192  20 138 177 108][237  46  84  69 176  62 102  51 121 170 126 124 234  96 151 183 151 102
 108  46 189 244 193  46 166 255 101 144  74 247 202  13][ 75 173 246 222 139  48  61 174 187  19 198 144 252 247  73 255  39 215
 249 222  50 201 155 225 191 254  95  74 162 245 163  40][215 114  98 131  98  24 186 192  41 108 179 239 140  14 223 128 254 213
 223 247 236 183 197 202 180  24 142 179  77  55  43 213][ 57  68 111 207  36  26 239  48 116  66 247 198 243   4 180 229 122 164
  62 238 201 180  37 174  38 239 226 128  47 171 120 228][ 36 105 113  71  84  79 103  48  97 164 239   8 211  21   5  52  24 252
  68 106  73 176 249  12 103 172  33  20  99 187  70 232][ 32 201  74 156  92 193 207 230 150   4 124 131  32 201  51  64  72 234
   3 207  70 171   6 189 114   4 146  41  53 153 124 202][107  65 231 204  77  23 238  72 207 160 243  74  72 168  53 230  72 236
 122 239 197 179 247 216  23  58 203  60  87 191 120 164][105  46 244  69 176  58 110  55 121 174 126 252 235  32 151 182  19 230
 108  44 188 252 229  46  38 127 117 145 198 246 202  77][ 77 107 196   5  36  26 110 180 100 164 158 228 227   1 147 214  18 228
 124 239 200 208 197  44 164  47 229 144  38 183  90  40][ 37 166 204  77  84  42 227 170 118 165 107 128 195  96 156 224  25  70
 106  44  56 184  77  31 108  46 161  84 229 235  88 132][130  20 182 145 182 160 184   3  62  19  82 179 140 174  32  73 103  19
 179 149 178 220   0 198  12  38 218 194 148  68 161  17][ 44 140  51 122  45 253  69 170 237  10 175  24 242 245  12 188 153  50
 104  10   9  33 123  55 131 223  80  26  82  91  70  98][130 180 246  89 139 253 165  79 255 183 164  24 168 242 204  15   9  19
 234  24  50 109 122 209  13 218  87 127 195  68 199 174][152 184 190 248  75 253  16  71 191  21 228  17 190 159  32 217 163 187
 251  16  18 111  18 209 211 251  82  75 210   0  47 154][121 142 100  69  52  59  70 174 117 166 238 168  99  32 150 244  91 198
  76  46 236 184 101  14 174 255 133  17 103 238  90  76][ 55 205 226 206  92 145 206 248 215  64 124  10  96 233 255  36  88 232
  23 239 206  35  46 187  50  12 133 168 119 255 112 204][129 180  16  17 242 191 102 255 121  35  96  92 142 112 140 181 179  78
  66  60 181 126 208 127  44 158  21 110 202   0 203 141][ 59  68  99  12  68  18 207 112  85 194 223 198 121 172 182 244 120 236
  55 239 205 179 101 204  54 110 128 136 127 191 120 244][247  96 106 163  14  20 190 192  40 102 147 143 201  14  31   1 254 197
 223 231 236 183 197 234 180 121 138 147  77  63  59 212][101 117  25 103 152  79  71 189 114 232 173   8 215 113   9  48 144  86
 108 106 105 112 217  30 229 175  37  52  72 115 195  50][217 188 181 115 139 253 180 199 250 187 160  88 190 254  68 171 161  87
 232  17 183 109 191  99 155 203  95 123 201  80 139 188][230 188 145 250  41 245  31 136 191 182 173 185 239 199  73 223 207 243
 255 134  59  71 251 247 191 243 143 186 146 215  38 112][ 86  69 150 158 157 230  30 232 189 134 203   3 206 242  45 196 248 245
 191 227 108 131 154 238 177  54 143  31  16 119 189   6][ 94 197  86 166 147  70 126 248  61 166 251   3  79 255  41 208 255 223
 239 226 108 147  25 238 187 255 135 135 163 247 238   2][ 54  41 148 186 137 233  20  65 143  25 169  41 174 248 101 140 201  59
 194  17  30  99  74 177 145 214  89  59 208  94 143   7][ 97   3  68  69  52  31  66  16 101 172 178 204 227   0 151 180  24 132
 108 110 204 176 229  29   6  56  32 144  72 171  90  21][ 86 143 166 190 139 224 156 231 159  23 200 179 108 238  98  74 231 243
 187 145  50  75 138 243 185 118 222 251 148 116 165  82][ 57  68  99 207 100  30 239 112  85  74 255  66 123   8 188 228 120 172
  54 238 205 176 101 205 118 239 226 128 127 191 112 100][218  20 122 237  55 178 122  27 229  70  79 178 157 223 183  96  54  57
 219 168 160   5 180 223 103 237  10 139  55 228  37  34][ 52 224 152 186 104 173  81 200 186  51 161  25 246 217  73  24 153 153
  83   3  10 103  26  49 209 134 121 124 208  81   3 130][ 11 190 115   9 243 187 178  83 127  73 124 228 140  60 182 180 191  11
 150  61 151 184  37 223  46  92  35 198 222 196  75 221][ 57  68 127 201   4 159 239 112  85   2 247  66  91  65 188 229 120 136
  22 234 201 180 117 157 247 235 162  64 119 139 112 160][ 62   9 150 186 153 229  80  77 143  29 233   9 238 250  32 216 200 187
 131  16  30  11  90 189 155 214  88 123 146  14 174 134][247  73  98 197  21  22 206 224 121 192 246  71  75  28  55 245 252 237
 151 239 237 179 117 236 179 248 142 130  47 191 120  84][ 75 186 185 118 232 237 189 151 187 255  60 124 188 191 196  58 135 127
 125  16 147  75 234  96  78 223 127 250 200 192 131 251][171 100  98 105 237  53 248  87  77 106  93 243 153 156 247 172 142   9
 215  31 229 183 229 210  38  89  56 234  95 221 219 213][ 91 233 129 186 185 221  78 207 171 121 136 105 175 182  64 144 161 227
 253 213  95  11 138 241 184 212  63 251 130   6 131  95][ 52 170 130 146  85 137 226 192  94  37 224  10  98 104 125   8 249 136
  74 145  26 235  72 101  29   6 158 125 209  10 118 138][233  15  68  69 180  58 110  51 117 166 238 144 235  32 150 245  82 230
  44  44 188 184 101  14 174 255  33   1 110 238  88  12][104 189 225  69 245  91 198  47 114 226  46 173 211  44 148 180  25 134
 232  44 121 184 245  14 111  95  21 117 238 236 214 120][ 50 204  66 237  84 170 238 103  61   1 250   2  43  42  52  80 122 171
  23 128  72 186  65 239 182 254 146 128 101 200 224 136][103  83  96 204 125  21 206 104  75 120 189  78 107  72 191 244 220 136
 214 231 207  35  95 157  50  93 139 191  31 175  90 148][ 88 146 174 141  25 211 145 104 198 252 198  35 244 212 162  98  88  52
 234  32  15 203  99  29 217  35 235  55  16  46  53 250][  1 141 107 205 148 194 239  55  68  65  94   2 241  35 176  96 122  34
  18 232 211 184  37 125 100  45 162 192  53 138 241 104][ 86 124 190  28  11 172  49 130 170 150 138 141 174 231  65  91 167 119
 233  17   2  77 146 121 217  38  95  59 128 113   7  58][223 178 189 254 168  60  89 153 171 123 135 253 223 247 202 127 135 215
 253  28 187  69 235 209 202 251 125 222 142 197 131 115][ 95  66  78 198  98  18 126 240  37 130  87 227  73  47 191 225 118 213
 191 238 196 149  45 236  22 107 238 133  39 183  41  69][ 50 201  98 156  93 193 135 230 151  68 204 131  32 141  54  68  72 106
 131 195  66 171  54 189 113   4 146  27  23  28 116 234][ 33  34  75 101 116  15 107  24 104   8 115  76 243  65 152  48  48  12
  68  46 129 176 161  13  68 188  32 128  72 170  82 161][192 188 155 240 227 236  53 199 189  83 106  56 190 183  96 254 163  63
  72  24  49  93 176  98 217 245  84  66 130  64 167  59][122 176 219 122 217 253  81 223 171  93 172  61  46 247  78  30 161 179
 236  16  26 107 186 115 219 213  20 123 210   4 230 123][ 50 129 150 172 217 135  84 109 135  13 232   9 110 250  36 208 216 169
 128  64  28 171  18 157 187 242 196  91 146  14 174 134][227  65  34 140  77  23 206  72 207 232 244  10 136 136  55 230 200 229
 250 231 196  35 214 216  55  56 139  59  95  63 122 134][ 40 105 113  69 112  79 103  56 101 168 122  40 243  21 133  52  24 220
  70 106  73 176 113  44 103 188  33   4  99 187  70 160][ 84 179 190  36 171  75  17  73 170 181 163  57 198 161  72  27 163  23
 232  48  16  67 154  16 217 163  85 127 192  32 135  34][161  90  87  77 100  31 235  20 125  74 118  68 179  16 149 101  14  36
  22 110 161 188 101  14  70 186  96 128  94 187  64 173][  3  77   7 158  28 146 174 102 212   0 218  66  96 232 181 228  72  98
  58 207 229 169   6 255  32  46 170 128  29 127 120 140][165  37  41  65 221 111  67 141  70 228 172   8 146  20  87  49 136  12
  80 125  25 114 121  24 109  24   5 116 208 123  82 234][ 26 219  18 252 117 132 125 247 141  12 222  39  44 135 160 196 204 171
 151 204  72 139  34 237 178 252 158 138  22 156 244 251][238 172 220 251 169 241  92 139 191 179 161  24 255 246  77 251 203 247
 253 146  46  79 219 115 239 251 207 125 144  80 138   2][ 94 197  82 174 147  70 126 232  53 134 251   3  79 251  41 208 251 221
 207 226 108 147  25 238 187 255 143   7  99 247 238   6][ 61 239 104 160 124  27  94 248  87 228 189 143  75  73  95  16 221 200
 199 231 206  34 109 159 250 205 165 189 119 191  94 194][ 63  68  99 205  69  22 239 240  85  74 222  70  89 232 191 228 120 204
  54 175 205 182  53 202  54 126 130 132  63 254 120 244][ 82 226 142  37 130  10  52   7  38 167 203 161  71  39  10 208  55 175
 232 149  92 217 129   0 188 103 125 197 225 118 175  72][236 252 185 114 229 249  86 138 127 123 110  56 246 253  65  56 145  58
 110   2  35 116 250  51 199 223  81  59 194  89  70  35][216 191 251 114 178 224  53 199 184  23 166 176  61 247  96  91  39 255
 205 144 114  75 162  97 251 225 118 107 162 208 167 107][  8 139 107 237 148 194 111  53  68   0  94   2 241   3 176  96 120  34
  19 232 208 152  37  61 103 169 162 192  53 138 244  40][118  77 146 190 157 198  94 232 189 134 202   3  78 242  41 212 249 253
 191 227 108 131  26 254 185 182 143  31  16 119 188   6][ 24  18  36  45  27  79  17  24  22 173 198 163 131  21   0 201 104 188
 239   0   8 216  67  29 195 227 240  83  50  12  52 122][154 184 178 250  75 245  16  71 191  17 228  49  46 159  32 216 227 187
 235 144  30 239  18 241 211 243  18  75 210   4 175 154][ 37 106 204  64 108  63  74 152  75 186 180 204  67   9 221 155   9 192
  70 126 174 118 109  48  30  25 229 188 213 251  90 165][ 88   4 158  60  43 122  85  58 161 222 135  57 223  54 139 251 163 199
 236  35  44  65 163   0 211 227 114 149 162 116  45  67][ 35 205 105 222  92 145 206 236 215 192 120  10  96 232 191  32  88 234
  19 203 230  34 110 191  50  12 143 168  85 254 112 204][ 77 125  27 103  52  15 103 176 105 232  47  76 222  81  65  48 178 108
  92 106 193 240 185  44 239 221  37  96  72  35  67  33][ 50 217  33 156  95 213 149 230 134  84 192   3  34 156  38 196 200 186
 131  65  75  43  50 189  49  68 158  59 115  28 180 254][ 99 174 228   5 244  58 110  39 107 231 254 173 235  40 150 150  51 230
 236  12 148 248 229  79  46 126  21  17 199 230 206  76][  9 227 150  17 209 159 224 255 123 121  96  93  78  96  14 157 189  14
  66  28 183 248  24  93  28  26  85  68 203   4 203 141][119 127  76   4 138  18  78 249   1 166 156 143  99 107 211   7 126 196
 245 238 204  67 253 138 186 193 205 191  47 246 122  92][ 94 189 150 250 155 192  54 231 191 151 168  51 108 255 100  83 163 243
 249 146 114  75 154 243 187 243  95 107 130  84 167  26][ 34 193  32 136 245 133 142 229  76   8  80   2 128   8  48  64 200  10
  19 209 210  40   0 245  37  16 142 224  21  24 176 136][248 176 185 120 249 253  81 219 187  93 180 125  46 223  78  60 141 155
 236  16 187 111 250  83 219 221  49 255 219   0 198 119][ 11   0  67 133 101  54 232  59  93 202  94 198  89  42 183 228 126 141
  55 173 133 144  21 206  22 126 234 132  63 172 121 157][ 75 178 185 114 248 237 185 159 187 253  61 124 188 255 206  58 135  95
 125  16 147  75 250  99 207 223 127 250 192 192 135 249][121 188 224  69  83  63 241  63 115 167 230  26  11  61  86 180  61 156
 240  17 188 252 245 158  31  79  17 119 235  12  90 126][160 141  69 155 212 219 228 239  94   5  88 146 163 232  52  68  89 170
 130   1 123 186  87 191  46  22 158  65  21 136 220 140][223 178 253 240 168 104  89 154 171 255 134 253 223 119 216 123 135 215
 125 156 155  69 251 240 202 251 127 254 174 229 131 113][  1 175  16  91 244 173 233 255 127  61 120  84 172 203 220   0 159  11
  70  28 146 120 202 247  44 156  54 104 208 192 203 137][249   4 228  69  20 122  66  35 117 103 230 177 227  40 150 245  83 198
 236  44 188 188 101  15 174 255  80  17 231 236  92  76][ 83 251   1 174  57 137  11 236 175 108 152 109 174 210 192 244 166 233
 124 211 207  11 138 245 184 244  47 250   8   7   7 125][247 107 236  69  44  27  78 236  65 242 148 174  67  40 215 175  90 196
 252 239 205  98 237 136 162  88 197 189 111 255  90  28][250 132 100  69  21 123  70  47 117 230 238 153  67  44 150 244  89 198
 236  36 172 188 117  15  62 110 133  21 103 236  94  92][105  99  64   7  52  26 110  37 100 164 206 232 227   0 147 212  16 228
 108 111 200 152 229  12 164 101 173 144  38 182 218 108][ 92 123  90 165 114  10 122 112  40 172 126 237  79   3 131  16  54 253
 205 102  68 144 129  12 246 229  33 129  44 179  15  19][ 37  66  73  77 116  11 227  56 100   0 115 232 211  65 153  48  26 140
  70 110 137 180  69  12  68 168  33  20 109 171  82 160][103  99 108   7 120  27 202  56   0 172 187 237 193  72 222  22  30 196
 108 239 204 242 205  12  44  26 237 180  69 167  90  69][130 149 146 140 146 160  60 167  28   3  90 178  12  46  48  64 103  19
 147 129 112 136   0 215  40  38 158 192 148  68 161  89][130 176 150  89 139 253 180  79 191 191 164  28 136 242  78 143 169  19
 234  16  50  77 219 209  11 146  95 127 203  68 143 183][155  79   2 190  28 146 142 118 212   0 218  70  97 232 177 192  88 226
  62 199 237 139   6 175 176 102 174 136  61 127  56  12][ 71 178 253 247 236 108 109 187 187 247 183 252 221 103 218 123  39 215
 125 190 177  68 255 192 223 251 255 172 132 225 231 113][214 143 166 190 155 192 190 239 159 149 153 179 108 238  98  66 239 251
 191 149 126  75 138 243 184 118 223 251 149  94 181 219][231  73  42 140  77  95 214 100 220 104 176  11 130 152  55  97 200 229
 219  99 236  47 208 174 179 121 138  59  88  57 123 142][247 108  42 167   4  12 254 192  52 102 243  15 215  10  27   9 252 205
  95 231 236 183 209 170 209 225 234  17  45 123 123 194][188  93  88  37  90  75  23 232  68 164 238 174  67   1   3  20 122 204
 194  98 104 178  93  14 176 129   5  55 115  59  78 194][ 53  65  65  77  86  11  66  56 100  32 226 202  83   0 149  48 120 140
  70 110 201 178  69  28  52 168 161  20 109 187  82 168][ 24  18  44  41  11 223  81  16  37  61 198 167 171   5   2 204 100 188
 239 148  10 152 117 144 199 225 240  81  50  12  28 122][ 13 127  89 101 116  14 103 184 125 200 126  76 255  81 153  48 148  76
  76 110 193 240 249  46 231 253  37   4  74 179  67  33][154 184 150 250  75 253  16  71 191  21 228  25 174 159 102 221 226 187
 251  16  22 111  18 241 211 216  82 123 210   4 175 154][ 24 203 107 237  36 134 111  53 100   0  86  66 113   3 176  96 118  52
  21 234 200 152  53  61 231 233 162 128  52 146 240  40][ 81 227 202  37  18 138 107 135  38  37  74 141 227 162 146  80  50 142
 104 213  14 152 133  77 172  36   4   0  96 150 131  72][ 95 123  83 165  51  10 122 112  41 232 123 229 207  14 131 208 182 189
 205 231 197 145   5 204 182 245  42 134  46 167  43  85][178 217  49 184  95 213 148 231 135  81 192  11  52 156  32 225 200 187
 147  65 111  43  50 181  51  17 158 123  17  28 180 222][ 59  48 228  85  23 223 209  83 119 237 230  31  10  29  86 188  40 188
 241  25 140 254 245 148  95 203  81 115  99  12  94  94][ 47   0  99 205 101  54 232 113  85  74 215  70  72 104 182 228 120 172
  54 173 173 178 117 206  22 126 194 132  31 174 120 244][111 178 249 120 248 237  25 155 187 127 180 125 158 223 204  58 135  27
 245  20 147  79 250  83 223 221  49 254 218 128 135 243][ 49   3  98 205  84  18 230 105  68 224 222   2  67 104 182 100 120 172
   2 239 204 178  37 140  54  44 131   4 101 170 120 132][239 184 249 112 232 108  89 155 187 255 180 252 158 191 199 122 135  85
 253  20 147  79 250 210 223 253 127 254 142 224   7 113][124 100  96   5  21 123 226   8 118 165 202 130 195   0  19 196 121 204
 232  57  44 180 109  30 172  39 129  85 231  47  94 100][120 101  72  47  82  91  70  45  48 228 207 137  99  34 154 208  88 204
 200 238  76 146 229  15 246 101 140  17  37 166 254  92][198 236 148 255 201 169  76 175 191 178 162  25 238 234  72  91 193 231
 107  18  62  71 218 243 189 242 223  61  16 112 131   2][  2 133   0 137 181 165 142 231  12   9  88   2 132  40  48   0 201  10
  19 145  82  40  64 245  45  16 142 224 148  88 208 136][  2 141   2 156 150 160 174 167  20   3  90 146 172  46  48  64 103  83
  19 129 112   8   0 255  40  38 158 192  20  84 177  24][160 141 107 155 252 201 236 231  95  17  88 210 161 232 180  65  75  42
  19   9 118 184  87 247  44  62 158  65  20 152 213 140][ 71 182 249 112 248 237 249 155 187 121  60 124 189 255 200  58 151  91
 127  29 147  76 250  83 207 221  63 254 196 192 135 241][  0 175  65  89 244 233 229 239 127  53 120 220 175 168 252   0 155  42
   6  29  50 248  74 247  44 158  54 104 212 136 199 204][250 156 100  85  23 123  66  43 117 231 230 159  67  60  22 245 121 244
 237  33 172 254 117  15  63 110 209  87 231  76  94  94][118  77  18 172 157  71  86 239 159 130 202   3 111 242  33 212 249 253
 239 227 108 131 218 159 185 246 143  31  48 126 188   6][122  97 224  39  27  82  70  45   3 164 138 139  99 108  87 210  88 220
 233 227  76  82 221 140 178 101 141  53  37 182 222  78][ 74 118 244  20 169  56  60 135 171 159  62 253 142 170 199 222 167 119
 237 145 148  72 231 192  30 114 126 139 198 116 141  79][126 205  82 172 147  70  94 239  53 162 250   3  75 251  33 208 248 221
 143 226 108 147  25 142 187 255 143   7  99 246 238   6][ 71 251  57 142  58 153  59 184 239 200 141 236 252 198 193 244 182 125
 253 103 195   3 254 125 176  52  43 186  28 163   3 117][129  66 126  95 100 141 239  48 253  74 119  68 242 209 191 117  30 104
 118 110 225 180 108 109  69  59  96   0  74 155  67 237][216 254 126 112 170 224  61 247 179 159 166 176  47 231 192  91  39 247
 237 144 106  79 170 115 219 231 119 203 162 208 167 107][228  60 247 122 251 251 113 203 251  31 181  56  94 245 141  63 163 114
 236  16  50 109 170  58 219 178  85 123 210 249 199  99][226 172 148 154 141 237 148 207 159 159 128  25 174 249 100 143 201 115
 235  16  54 111 202 243 155  18  85 123 210  92 140  14][  9 241  22  17 227 159 160 238 126 121 114 116 204 146 142 189 179  15
  98  28 183 250  63 117  28  26  87  70 202  20 235 143][238 172 148 218 137 253 148 143 159  31 160  25 174 250 102 219 193  51
 235  16  62 111 202 179 155 211  87 123 210  92 205  10][115 109 109  69 142  75 199 111  65 228 184 171  83  44 215  51  72 196
  64 226  92 106 229   8  58   8 197  52 101 250 214  78][ 19  79   2 158  20 146 206  99 213 128 218  70  99 232 181 228 120 238
  30 239 237 171   4 239 176 110 138 136  61 122 120  12][114 167 105   4  26  82  94 111  17 230 140 143  99  44  22  18  61 230
  77 166 236 139 253  14 187 102 197 183  37 226 118  94][114  50 125  77  75 214  16  81  99 125 246  45  10 157 198 125 196 189
 253  16 142 223 243 128  83 249  80 251  99 132 102 127][126 181  40 172  27 103  18 104  19 164 141  11  64 247  10  16 216 221
 249 227 124  75 217  31 251 101 141 127  51  39  62  82][126 180  72  45  91 103  67 104  49 100 239  11  67 117  10  20 120 204
 200 162  60 146  93  31 253  39 129  87  35  47  22 210][165 195 103  87 100 217 239 176 252  78 119  12 243  76 159  53  24 234
 118 110 201 180 108 109 100  58  96  16  69 187  86 228][ 83 185  17 154  26 192   9 239 175  17 136 225 172 214  12  86 167 179
 124 193  87  11 154 117 152  48  26 122  24   2 163  62][  2 141   0 141 180 160 142 167  12  11  88 146 168  46  48  64 205  67
  19 129 114   8  64 255  44  54 158 192  20  72 177   8][145  77  66 204  20 146 238 119  84 192 218  70 113 160 180 228 120 230
  62 232 237 187   5 207  48  46 162 128  63 186 248  44][ 49  65  65  77  70  11 198 108 100 160 226 202  83   0 149  48 120 140
  66 238  73 178  69  12  52 168 128  20 125 186  82 140][210 165 150 190 139 161  28 207 191 147 136  27 236 250 104 203 249 243
 107 129  58  79 218 251 185 246 223  59 145 112 163   2][234 238 148 186 169 249  20 199 159 191 176  57 174 250 100 139 129 115
 239  17  62 111 202 243 186 211  94 251 144  92 141  15][128 141  65 185 244 233 236 231  94  19  88 210 189 232 180 193 219  42
  35   9 115 184  71 247  44  22 190  64  28 200 209 152][  3  16 247 205 117  86 232 119  93 105 119  50 136  58 182 237 250  44
  22 173 181 184  53 204  22 126 210 130 159 140 249 237][184 141  86 172 157  70  94 127  53 162 250   3  75 251  33 208 249 253
 238 160 108 155  81 142 187 255 135   7 115 252 110  10][ 87 125  57 142  58 205  11 104  41  64 201 140 255 198 159 116  54 249
  92 111 203   3 252 125 177  52  11  58  28 179   3 116][130 184  54 248  75 253  16  71 191  29 228  25 174 159 102 221 163 187
 251  16  22 111 146 241 147 216  80 123 210   4 175 159][ 58  61 148 172 189  71  86 111  23 130 248   9 239 242  33 212 217 255
 239  33 124  75  83 159 185 247 143  63 176 108  46  14][ 87 123  67 165  50  14  43 112  45 232  91 229 221   6 151 116 182 173
  93 231 197 145  53 204 180 244  42 130  44 167  35 117][  0 175  17  25 244 169 237 239 126 113 120 212 189 170 212   0 171  11
   2  29  51 248  66 119  44  30  55 108 208 200 199 232][178 217  62 188  29 213 148 231 143  81 192   3  52 156  36  97 204  51
 155   1  79  43  18 181 179 241 154 122  24  28 185 158][ 48 200  26 236  36 198  94 180   4   0 210   2 119  27  48  64 216 241
  29 235  73 139  81 189 243 233 170  16  60 154 120  10][ 99 184 185 121 248 237 185  91 171 121  60 124 156 159 196  56 143  27
  87  16 147 106 242 209 207 221  59 254 208 128 135 251][ 48   1  34 140  85  18 194 105  68 132 219   3  66 232  54  64  88 172
   2  99 204 179   5 140  49  44 129  17 117  46 116 198][ 91 235  66   4  81 154 107 181 160  13 206 197 105 130 154 212  48 174
 236 221  94 153 132  77 248  37 164 193  35 134 186  72][ 74 246 226  20 233  24 188 151  59 223 118 253 172 174 222 222 167  79
 229 149 150  94 166 194  30 119 126 235 142  84 143  95][ 90 189 144 186 185 237  18 235  63   5 168  25 174 222  96 148 145 187
 221  17  58  75 218 247 185 213  31 123 144   4 175  30][214  62 254  84 203 172  61 214 187 151 166 189  46 231  69  31  39 247
 237 144  34  79 170 123 219 178  85  59 226 241 167 123][129 224 246  17 211 155 176 230 127 113  98 148 108 248 174 188  51 110
  98  85 229 252  13 117  28  94  87  70 239 148 235 140][170 207 106 187 253 157 253 255 223  29 252 247 173 207 190  68 239 171
 159 141 246  58 110 247 126  95 190 235  23 140 253 223][ 13 127  25 101 116  14 103 184 109 168 126  76 255  17 145  48 148 108
  68 110 193 176 113  44 231 253  37   4  74 179  66 169][ 68 184 251 245 236 232 105 147 187 247  54  16 157 191 209 122 103 127
 125  24 147  92 178 194 205 255 255 228 132 224   7 249][242 156 230  21  29 255  80   7  55 247 230 159  98  60  22 221  93 182
 233 129 172 254 117  30  31 106 208  83 227  76  94  94]