[125 190 189 151 178 222  55 191  50 223 247 100 254 119 202 247 117 254
 172 148 187 216 251 127 253 167 191 198 138 116 174 113][ 78 177  48 184  63 245  26 201 143  29 157  59 172 222 106 196 223 153
 223 163  14   3 218 215 179  85 139 255  22   6 167  87][ 92 141 238 119 129 126 116 135 113  55 111  16  75  51  72 219  33 222
 225 152  56 216 153  34 255 239 214  65 163 209 238  10][230 237  80 178 236 137 206 172 171 178 168  88 230 232  93  19 147  99
  72  99 114  39 202 115 172 148  13  62  68 123 195   0][ 57  13 122  77 116 135 239 119 100   8 126   2  51   3 180  48 126 168
  22 232 201 186  37  77 118 173  34 128 119 138  98 169][ 34  96  91 202 108 169 232  69  45  17 241  90 180 202 124  25 238 153
  87 129   2  54 194 209  20  24 154 168  85 139 227 128][208 184  19 248 137 237  17  71 171  83 160  24 190 151  64  56 129 187
  92  16  27  79 146  81 153 144  26 122 216   0 135  58][ 92 154 220  61  25 207  65 185 255  93 118 108 254 242  14 145  48 237
 228 128  27 232 187 125 137 167 113  73 249  32  78 123][ 78 153 180 159  61 208 186 137 175  29 219  51 236 222  78 198 231  19
 235 147  86  73 219 241  15 112 138 207  18   6 165  87][197  79 149 101 180  15 103 185 116 170  98  88 211  97 137 112  17 100
 108 110 233 244  73  14 236 174 101   4  72 248 194  40][ 29 109  81 111 176  10 111 184 116 128 107  96 211  99 129 112  82 236
  12 238  73 144 109  62 236 174 167   0  40 243  32  32][  0  34  91 155 100 169 232  69  62  33 113  66 180 139 116   8 250  41
   3  17   2 190 194 209   4  24 154  32  84   8  67 136][115 107 198  36  11  30  92 117 161 198 178 205 107 168  23 147 174 229
 125 231 204 231 135  72  50 107 197 146 109 182 234  77][125 190 189  23 243 222  55 191 114 223 191 124 126 118 138 181  61 246
 228 134 251 218 251 111 255 231 119 198 203 116 238 125][ 90 145  18 170  53 205  56  87 143   9 219  34 174 158  32  64 230 187
 159  17  26  27  82 245 159 245 154 219 144  10 133  27][212  88 159 118  41  76  69 148 184 146 162  24 214  55  65 123   1 116
 108 106 105  69 187  32 209 235 117  24  32 241   6  59][ 49  73 106  69 116  11 207 117  68 160 254  10 115   1 181  32 122 172
  22 106 200 179 101  28 114 141 161  16 101 186 112 168][ 78  50 114  64 255 249 176  72 203 236 156 175 140 220 247 142 150  49
 223  53 132 101 174 218  30  93  15 255 214  47  95 215][ 78 184 176 139 191 209 154 136 143 125 157 163 204 222  78  66 207  83
 255 211  22   9 203 241 159  84 139 255 150  15  29  87][150 108 213 243 198  41 236 192  41 178 179  90 143  42  93  11 107 195
  95 179  56 119 201 224 156 152 223  52 229 121 195 128][199 120 255 242 108 188 248 144 171  89 177 121 188 223 221  59 174  49
 127  87 130 101 202 224 199 217 122 250 198 151  67 243][ 77  79 201 111 180  10 103 188 118 168  74 224 243  99 129 112  83 238
  44 106  73 144 237  63 236 175 167 132  32 243  80  40][  9 219  87 101  52 142 111  53 109   8 122 100 191  19 128 112 182  52
  94 108 193 184  33  77 229 253  34 128  72 130  99  41][251 171  96  16  89 217  80 103 251 245 164  29  42 200 214 149 136 170
 228  20 222 107 230 149  26  89  17 123  67  12 222 206][246 104  82 225  12   9 234  72 173 160 171  10 195 202  85  18 106 229
 123 243  72 103 203 192 180 152 143  60  37 187 115 130][ 70  55 114 128 111  59 186  72 140 236  25 175 140 140 119 132 182  21
 223 119 132  97 132 210  62  84  15 191   6  15  29 215][ 14  67 230 145 239 153 184  64 143 244  31 167 204 206 127 206 175  49
 251 213 134 145  47 208  14  16 143 231 151  47  29 215][ 79   2 236  31 143  48 188  11 239  87  23 183 104 232 183 206 235 103
 251 133 148 225 175 192  14 127 222 131 223 245 121  70][  2 141 106 156  84 128 238 103  84   0  90   2  49 170  52  64 122 171
  19 129 210 154   0 255 116  45 186 200  21   8 241 136][244 120 157 116  40  78  85  56 176 186 166  24  87 119  65  59 129 212
 108 106 104 103 243   0 209 235 117  28  96 177  70  34][ 86 249 127  96 226 206  62 212 168 184  51 233  95 159  69  49 182 245
 125 115 193 209 152 108 249 201 109 198 104  51 131  51][237 255 172  22 221 127 183 191 210 254 188  63 250 116 139 183  61 230
 238 106 229 101 126 191 255  71 101 179 123 126 223 255][  6 154 244 147 231 187 186 192  31 245  83 167 204  46 111 140 175 127
 179 215 150 216 109 240  14  18 223 231 151  79  13 215][122  50 242  69 107  24 176  80 105 174 182 255   8  28 199 190 238 213
 206 146 197 247 165 192  22 120  20 147 239 215  46 151][129  78  29 183  52 170 107  20 116 162  83  80 247   3 145  73 114  44
  46  78  97 180  69  46 196 175 114   0  40 219   1  40][214 184  48 171 191 192 178 200  47  93 155  35 204 222 110  64 231  17
 255 211  86   3 155 245 157 240 139 223  16   7  37  87][ 60   5 114  97 118  11 250 112 109  32 254  10  11   9  21  16 126 141
  87 122 136 178   5 206 182 253   0   4 103 139  98 129][ 60  73 104 109  28  11 199 120  68 160 252  10  83  73 177  32  88 204
  22 234 200 179 109  28 114 237 161  52 119 187  80 160][ 92  88 207 254   6  98  75  80 148 198 210 162 121 255 177  74 106 245
  63 227   9 135 164 235 208 231 234 137  53 251  52 120][214 236 196  86 209 170 102 175 251 179  43  24 103 232  92  31 179 239
 121  19  50  92 159 119 189  62  85 111 224 113 195   6][ 64 188 155 186 155 237  49 135 191  21 168  24 190 247  96  90 131  59
 123  16  51  73 186 113 201 215  22 106 208  64 135 122][120  48  90  96  98  77  81  85  33  45 165  41  31  23  10  16 238 157
 207  32  88   3 192  64 211 241  48  57  96 130 174 131][ 85  29 158 103 168  46  70  18 236 138 171  80 247 115   1 122 133 103
 108  26 141 225 211  42 201 255 112  16 200  99   9   1][123  74 225 213  71  82 237  80  17  99 215 234 121  47 148 253 126 252
  55 205 137 210 229 192  22  42 250 160  39 173 118 245][188 213 108 232 204   7 205 249 151 154 180   2  83 253 181  65  93 208
  55 234 232 103  10 159 251 203 229 188 117 184 116 187][ 60 237  26 154 253 225 151 207 215  37 233 171 102 221 111   0 217 186
 130  16  14  59  10 191 121 151   5 127 213  94 252 218][ 66  50 115  81 106 184 184  82 171  21 180 250 140 143 212 191  46 151
 223 157 147 107 231 192  22  56  26 234 231 132  39 245][123 168 228  20 137 248  81 143 227 245 174 157  42 166 198 254 129 230
 236  28 158  75 239 225 155 127  85 123 162 196 206  94][217 213  29 247 168  78  71 181 176 186 163  80 247 119   8 115 133  86
 124 106 105 197  57  47 225 235 100  16  40 242 131  57][228 236 150 122  13 137   0 202 234 145 168  24 166 209  72  22 137 226
 106  80 106 111 218  51 153 144  69 123  80   8  67  10][184  86 232 237 110   3  77 122  23 166 252 186  83 175 245  64 127 220
 183 170 200  63  79 154  86 207 245 189  55 250 116 249][124  16  59 104   0 111  81  89  37  39 229  24  23  23  32  24 216 157
  76  48  24 183 112   0 211 225  32  85 224 227 166  34][ 48  65  64 173  28  11 206 105  13 160 249  10  79   8  52   0 122 140
  95  99  72 179  65 156 182 216 129  52 117 170  80 128][  2 144 178 153 109 165 184  71 142  25  88  51 172 158  96  72 239  59
 179 145 146  24   2 209   5  16 154 234 144  12 161 155][184  20 108 237  28  67 201 121  85 226 180 158 115  45 182  39  72 196
  95 173 232 239 117 142 123  75 241 148 103 168 116 250][  3 142   2 153  22 179 186  71  30   3  90 247 172 138  50 192 127  43
 147 149 182 156   5 255  44  38 154 193 156  12 185 157][232  26 108 247  78  11 237  48  85 102 215 191 243  45 150   9  74 164
 127 175 232 254 229 175  86 111 240 144 103 137  84 121][ 72 184  63 250 169 236 113 215 175  29 100  17 190 151  96 122 165  59
 255  16  18  77 178 113 219 249 114  75 130   0 167 123][ 33 241  57 105  29  79  71 188  86 232 172  76 242  17  81  48 216 204
  88 110 203  98 121  29 237 221   5  60  88  58  82 184][ 82  72  82 169  44 139 104  67  45  32 210   2 143 138  48  64 234 161
 127 193  72 137  65 192 148 244 138 144  52   8  49   0][ 19  75   3 158  28 129 206 224 151   0 216  70  98 200 177 192  88 234
  14 195  75 171  10 255 176 164 139 136  29  27  56   8][145   0 127 229  38  10 105  48 116  64 118  66  83   3 145 113 122 132
  62 234 233 180  37 204 214 235 226 128 109 170 112  32][216 180  60 114 137 141  89 191 182  63 167  28 159 215  72  27 133 147
 109  16 122  77 251  23 219 203 117 124 112   0 135  51][124 231 121  35 248  91  87 153  35 173 189 233 207   5 202 144  22 212
 196 126 154  50 237  20 238 197  37 245 230 134 134  97][255 109 114 228 164  58 254 119 105 226 190 171 143  31 151  55 190 245
  93 239 236  39 164 202 242 221   7 150 103 244 243 213][222 126  62  36  34  90 191 112 172 206 247 173 223 214 131  51  54 245
 253 167 229 197 173  76 240 227 107 131 105 103  47 115][238  50 192 199  98  24 108 144 161  86  55 229 137  39 203 222 102 212
 239 142 129  20 228 192  70 241 226 131 174 231 110 245][167 237 197  95 249  43 198 175  27 179 105 153 226 232  29  29 153 126
 113 103 120 246 203  63  44  30  85 118 196 127 210 132][114 161   6 138  77   3  64 105 167  16 193  11 102 194  44 208 248 132
 106 161  78  99 219 209 145  48 139  63  17  10 120   6][191  68 107 154  84   3 235 116 212 198 213 215  81 205 190  65 120 136
  23 239 233 183  44 206 112  41 170 140  61 159 112 240][ 92  61 187 228 186 106  87  22  32 164 238  40 151 183  65  80 118 252
 109 250   8 219 225  10 249 229  37  48 160 243  38 107][161  92  95  79 112 143  99 240 100   8 118  68 115  83 161  53 126 120
  22 106 225 180  16 125 103 137  32   0 123 187  98 169][195  30 175  29 170 234 173   7 190 222 130 245 204 166 151 111 167  39
 126 133 177 205  39  64 132  50  95 130 200 116  35 125][ 89 189  27 124 131 236 112  55 249  91 104  92 190 179   0 113 165  59
 120   8 211 123 178  85 211 251  82  74  74   0 163  59][254  84 235 204  78  38 207 250  87 138 220 194  89 255 245 102 127 220
  55 170 201  39 175 219  83 175 239 140  55 250 112 185][245 100 201  39 150  42  70 168  82 162 203 138  83  96 153   0  89 204
  32 239 108 244 205  46 248 167 229  21 101 251  80   0][208  96  57 102  24 204  87  56 101   4 231   8 247  87   8 115  48 244
 108 106 104 103 251  61 241 163  32  25  96 178   6  34][248 160 156 176 169 105  21  15 186  63 161  57 151 191  72  27 129  19
 237  16  58  77 195  19 203 211  84 127 192  72 135  11][175 249  56 219 237 253 191 212  79  93 221  39 140 223 127 204 254 123
 191 211 214  50 122 241 119  89 142 235  22  95 189 215][ 80 232 150 186 137 173  64 207 182 183 128  25 166 227  97  91 225 231
 104  17  58  79 154  49 153 210  95 127 144  80 167  10][ 41 221  48  77 213 159 230 119 125  64 104  12 190  88  52 180 152  42
  82 104 247 184  81  63  39 221   4  82  90  10 202 142][189 199  66 111 148  10 103 184 116 162 107 198 211  97 153 192  89 204
   2 234 121 180  77  47 164 166 165   4 125 251 240 160][ 44 105 121 101 116  79  71 184 101 172 254   8 243  85 129  52  24 220
  68 106  73 178 121  44 103 237  33  16  99 187  70 227][  5 253  25 103 176  47 103 184  62 168 123  76 215 119   9  48  23  94
  92 106 233 144 217  63 237 142  37  68 200 243 194  49][ 41 189  19  73 209 223  54 111 127  65 108   8 190 246   4 180 152  59
  66  16  83 184 112 127  47 220   0  98  90   2 203 174][ 11 237 104  27  86 209 175 231  94  69  92 130 185 236 182  36  63 107
 147 205 199 184  60 255 111  15 143 225  87 158 177 252][ 88  73 110 101  17  26  86 112 228 196 230 135 227 193 147 192  56 228
 236 238  76 161 117  12 242 225  37  17 103 190 108  72][ 19  13   2 133 209   6 108 103  52 142  74 135  41 166  48 196 108 175
  19 172 108 153  21 206 181 174 158   0  41 104 169 156][230  97  81 234 108 161 234  72 175  17 177 218 141 202  92  90 238 153
 127 243  18  39 202 209 148 184 138 126  21 139 227 128][  2 201   2 140  84 129 174 231  12   0  88   2  44 200  52  64 122 171
  19 193  66 186   2 253  52  44 138 200  21  26 241 136][221 220  29 115 178  10  44 188  48 186  34 240 215  51 137 123  55  87
 108 114 113 212 217  62 236 163 119 212 168 241 129  41][107  48 227 220 111  82 239  90  83 234 244 114  40 190 245 236 127 252
  23 169 225 119 174 202  18  62 159 174 183 252 116 253][ 92 172 156 178 136 237  20 206 186 191 168  25 183 247  74  26 129 247
 237  16  62  79 202  51 217 199 125 123 160  80 143  10][156 117 127 103 242 110 119 240 125 174 127  48 223 119  11  49 183  93
 127  42  48 240  41  78 247 239  39 133 226 243 167 227][121 166 194 101  21  91  71  58 119 198 238  12  99  97 130 180  57 236
 108  46  44 186 253  15 254 239  37  17  99 234  94  68][171 203  98  88 117 155 110 166 223  12 246 175 170 200 183 244  72 170
 142  76 238 169 100 255  38 127 144 147  87 156  88  76][ 36  33 251  99 228  79 113  81 121 172 101   8  83  17  72  49  16  28
  84  58  24 240 241   0  71 153  97   5 224 162 198 227][  2  41 114 201 102 137 184  71 236   0 242   2 172 138  52   0 238  43
  95 129 130 184   1 208 148 152 154 128  69   8  99 137][ 56 233  38  63 153 222  86 229 231   0 238   1 227 249  26 212  88 110
 236  66  78 137 207 189 163 241 132  19  99 150 222 142][178  20  17 168 123  97  16  79  45  65 176  57 142  30  44 252 254 145
 223 161  59  15  98 215 145 212  26 255  16   4 167 247][187 217 102 109 118 159 252 119  85  72 246 227  43  28 182 101 238 191
 151 141 236 184  37 157 118 121 146 130 119 140 248 223][ 45  50 244  85 235  63 180 219 123 251 112 252  72 232 223 191 191 223
 230 148 149 246 255  66  30  30 117 102 203 245 203 149][161  20 104  73  77  63 193  87  69 107 244  92 147  25  22  57 200 136
  82  44 189 182 117   0  87 217 144  48  91 200 218 148][  3 221  97 159  86 157 191 231  30  65  88 199 172 236  54 132  63  43
  19 133 199 152  62 255  44  20  30 138  93  14 153 220][  1  43 119  81 242 219 176  66 125 169 114 224 171  12 213  44  46  59
 198 145 151 248  37  76  14  90  50  67 193 128  39 157][ 80  32  31 105  12  79  97  66 102  33 226   8 215  17   0 112 104 140
 110   8   9 184 209  17 213 227  18  16  96   8  67  42][207 119 255 230 172 126  95 159 169 238  62 253 223 159 215  63 135 223
 245 191 241 236 175 226 234 221 181 174 231 246 199 125][182 207   3 190 156 129 198 237 151  12 184  79  99 234  36  65 248 227
   6 227 105  43  10 191 184 146 143 122  57  58 240  10][166 205 226 154 220  33 238 236  83 130 121  26  96 232  61   1  89 235
  19 227 240 118  72 255  60  14 207 236 213 123 242 128][123  81 229 197  71  82 233  80  65 113 223 234  72  60 148 255 110 220
 183 203 141 242 229 192  22 120 202 162  55 191 118 245][ 84 168 150 191 139 234  32 206 182 179 194  17 230 226  73  91  97 238
 106 144  58  93 219  51 157 166  95  85 160  81  43  10][124  45 123 100 184 206  71  48  33 172 238   8  87 183  65  80  52 252
 109 122  88 219 225  44 249 229  37  16  34 179  38 106][127  50 114  65 107  16 186  80  41 239 191 239  12  28 215 174 238 149
 223 151 133 247 165 194  22 124  14 179 239 199  47 213][142  51  34 129  47 185 186  72 142 180  23 167 140 206 119 198 182  57
 251 245 134   1 142 208  30  81 143 239  22  15  45 215][208 172  28 120 138 173  85 167 182  55 167  25 151 211  74  91 161 147
 125  16 122  79 154  19 217 203  87 125 160  64 135   2][ 82   8  82 137  36 137 104  71  45   0 218   2 174 138  48  64 106 161
 127 129  72 185  65 194 148 180 154 144  52   8  49   8][123 179 224  80 217 252  80 159 227 253 172 189  42 254  78 190 133 151
 253  20 159  75 246 193 219 125  21 255 227 132 206  95][ 57  75  66 190  84 145  78 240 151   0  88  70  35 200  49 192 120 234
  23 199  78 186  10 191 176 229 170 137  61 155 120 136][  5 253  25 103 176  47 103 184  62 170 107  68 215 115   9  48  21  94
  86 122 225 144  89  63 237 174  37   4 200 243  66 185][  9  90  83 207 116 142 107  48 109  72 119 100 255  19 180 244 118  52
  22 108 193 184  33 205   6 248  34 128  78 138  97  41][194 185 148 190 169 233  20 135 142  23 128  25 174 242  96 203 129 115
 232  17  54  75 218  49 137 146  94 123 152  84 143  14][ 40 149  18 234 117 237 122  82  13   9  93  42 191 223  40  80 254 187
 151  17  26 154  16 181 255 245 170 235  18  10  37 147][198 160 213 145 204  41 236 194 169 179 179  90 132 106  93  11 107 195
 106 155  48 100 202 224 156 146 223  44 133 121  67 128][169 253  19 122 249 205 118 247 191  27 108  88 190 211  64 180 133 123
  86  72 115 111 154 119 191 221  21 106  90  16 131 187][124 109 154 124 216  73  87 248 178 172 172   9 119 247  75  18  17 252
 109  98  72  67 202  62 251 199  37  61  96 179   6   2][250 185  96 112  89 217  80  83 227 125 180 157  43 140  70 181 136 170
 205  20 158 107 246 181  27 217  16 123 107 140  78 223][ 49 141 122  77 116 135 235 115 116   8 255   2  51   9 180  96 126 170
  22 234 201 186 101  79 118 173  34   0 117 138  96 169][ 52 237 212 119 149 137  70 165 123 179  43  25  99 105  93  17 185 227
  65  82 110 248  88 175 191 222  85 119 227 115 206  10][ 60 173 212 115 145 200 118 166 115 183 111  25 107 123  72 155 169 206
 225 210 126 248 155  35 255 207  85  67 227 215 238  10][ 62  83 232 163 117  95  82  80  25 237 247  47  15  28  94 144 252 141
 149 117 140 178  97 128 187 221 165 183 199  31  92  87][ 92 189 144 178 169 173  22 143 178 183 138  25 239 243  74 154 129 247
 236  17  30  75 218  51 249 199 125 127 160  84 143  10][106  83 103 198  68  31 201 116  81 100 247 142  83  13 148  45 124 148
 119 207 201 242 245 180  87  42 208  88 103 139  84 112][ 41 157  50 109 213 159 246 127 125 105 106  76 190 120  54 180 152  42
  18  44 215 184  81  61  47 220   0  82  90  14 202 142][ 48  69 114  97 118  11 234 112 109  32 250   2  75   9  21  16 126 141
  87 226 200 178  65 206 182 252   2   0 103 138  98 128][ 70 107 247 242 238 172 254 192 171  24 177 105 156 219 221  59 166 115
 127  87 194  97 138 224  20 152 110 250 196 243 195 131][  9 181  19 105 241 255 114 111 127  73 104   8 190 242  44 180 153  59
 210  16  23 184  80  93  47 220  16  66  90   2 203 158][ 70  50 114 128 239  59 186  72 143 236  25 239 140 140 247 134 166  21
 223  53 132  97 134 208  30  84  15 255 207  15  13 215][210 109 115 228 166  42 126 103 121 162 186 155 143  43  21  19 191 247
  95 175 104 175 132 202 178 254  30  54 101 240 227  12][198 243  56 169  58 208  58   9 174  28 151 163 140 222 106  64 247  57
 255 241  66   1 202 215 247 241 171 255  20   3  45  83][  0 205  74 173  84 130 175 119   4   1  90   2  49 170  48  64 122  43
  19 129  82 154   0 253 116 165 170 128  53   8 177 136][ 43 112 241 204  79  18 237  88  83 226 244 234   8 190 244 237 126 220
  50 233 129 114 230 216  22  58 219 174  23 172 114 189][130 144  18 152 253 165 184  71 142  25  80  50 172 158  96  73 239  27
 147  17  18  28   2 241  29  16 154 234 144   8 161 131][111 114 192  67  98  24 110 144 169  86  55 231   9   7 223 222 103 212
 223 142 133   4 228 194  22 124 226 138 111 183 122 213][ 73  91  91 101 100  14 109  52 109   8 118  68 191  19 128 116 182  44
 124 108 193 184 209  77 230 249  32 128  74 178  67  41][246 109  82 224 204  43 110  70 173 162 170  26 131 138  85  19 106 229
  74 227 104  39 192 202 180 152 143  56  37 121  98   2][  7  50 230 145 231 187 184  64 175 244  91 167 236 206 127 142 191  57
 243 213 134 208  46 208  14  16 207 231 133  47  13 213][ 89 178 188  29  59 223  81  57 235 253 118  44 254 214 130 182  52 180
 236 160 133 232 243  93 207 227  99 209 123  36  15 127][105 178 188  92 125  95 177  57 219 252 180  47 250 253 130 183 188 244
 254  36 165 105 242 157  95 127 101 187  74 172  95 127][115 120 230  14  78  16 236  68 233 194 210 237  41 152 151 190 110 229
 245 207 205 211 150  96 176 104 222 138 109 118  58 140][ 48  69  64 140  92  11  70 104  13 160 249  10  74   8  36  80 120 132
  78 226  72 179  65 220 176 140 129  52 117  59  80   0][  6 240 178 170  57 229 184 202 143  93 153  39 140 222 110   8 239  25
 219 145  18  47 154 243 153  84  26 255 144  15  39 211][ 79   2 238  28 143  48 184  11 203 213 159 183 232 232 247 206 203 103
 251 149 150 105 175 192  30 127 223 139 215 100 125  70][ 13  79  65 111 176  10 111 188 116 160 106  96 243  99 129 244  82 110
   4 238 105 152 109  46 236 239 167   0  40 243 194 168][ 70 185  16 155  47 216 186 136 143  93 153 163 204 222  78 198 231  21
 235  83  22   1 203 241 141 116 139 255  22  15 133  87][ 73 207  25 111 180  10 111 190 118 168 110 228 243  99 145 112  83  78
  12 110 201 152 205  63 236 239  37   4  40 243 192  41][ 44 113 121 101 112  79  71 184  97 172 254  40 243  21 137  48  26 220
  68 106  72 176 233  31 103 205  33  52  99 187  70 233][251  84 226 204 108   3 207 123  87 170 244  98  81 249 245 100  93 220
  55 170 233  39 175 219  82 174 231 172 119 248 112 169][221  85  21 118 138  78  69 185 176 146 163  88  87 119   9 123  50 214
 124 106 105  69 187  15 241 235 101  20  42 243 163  49][212 120 157 116  40  72  85  16 178 186 162  56 151  23  65  27 131 244
 108   2 105 103 195   0 209 163 117  24  96 176   6  43][224 172  18  58 137 233   4 203 251 178 169  24 166 209  65  31 129 226
 106  18  42 103 218  51 185 146  85  59  80  89 195  10][156 117 254 103 178 106 119 240  61 166 127  48  95 127  11  80  55 255
 239 106  96 209 153  78 255 239 101   5  98 243 239 131][193 207  22 117 176  10 101 183 116 162  98  80 247  97 128 241  17 110
 108 110 105 252 197  47 236 170 117   0  72 184 194  40][ 72 184 190 122 105 236 113 215 175  29 102  24 190 223  96 120 165  59
 255  16  18 105 178 113 211 249  48  75 194   0 167 107][ 86  50 155 161  34  75  59  88  58 168  19 225 215  23  73  25  54  21
 125 227   1 213 137  88 209 162 107 180  36 163   7 243][  4 101  81 139 204  41 238 204  44  19 233  90 132 194  92   8 122 139
  74 235  82  50 203 113 180 144 138 108  85  91 227 128][104  64 226 204  76   7 205 124  23 162 245 138  80 173 244 109  92 220
  51 174 201 127 255 220  87  10 209  60 119 168 112 184][112 105 102 110  24 142  66  40 165 132 227   9 115 216  21  80 152 228
 109  98  76 161  75  45 243 232 160  17  96  34 118  10][101 181 201 101 252  15  67 185  99 232  57  76 211  97 217  48 157  76
  84 126 217 112 249  28 236 221  37 116  72 171  82 161][ 24   0  95 105  41 203 121  67 111  37 246   0  14 131  36 216 198  29
 238  16  11 187 115  80 147 249  16  83  90 136  44 169][131  95 127 221 118 140 188 103 252   8 114  98 184 156 180  97 238 179
  23 129 225 188   0 239  37  58 186 130  93  24 113 169][  3 141   3 137 150 163 170 103  28  65  90 198 172 170 176 228 127  43
  18 157 151 152   5 223  44  36 154 192 156  14 185 156][229 116 157 103  13 111  67 152 122 242  33  88 214 113  73 187 145  84
 120 122  33 116 249  34 141 155  69  52 200 123  66  32][ 93  29 158 102 169  44  86  19 232 168 171  92 255 114  65 250 133 103
 108  26 157 105 219  34 217 255 101  16 200  99 139   1][102 168 149  50 137 233  20 143 139 247 160  25 230 244  75 159 129 119
 232  17  63  79 218  49 137 146  93 127 208 116 135  78][ 41  90  87  79 100  15 239 240 108   8 118  68 243  81 181 101 124  96
   6 110 193 176  49 125  36 186  32   0  91 187  96 169][ 21 167   8  47 152 174  66 136  54   1 203  68 227 195   8  80  81  78
 104 254  26 129 219  55 168 166   1  84  56 131 160   0][  3 173 104 139 215 209 175 239  94  69  92 130 184 252 182  36  58  43
  19 141 215 184  60 255 109  13 142 225  21  14 181 252][124 177 112 232  31 213  82 232  79  21 173  10  79 223 106 244 242 153
 140 114  94  35 250 149 251 205   3 127  54  15 237  87][137   4 127 229  36  42 105  51 124  66 118  82 147   3 144  97  98 132
  62 168 161 188 101 206 198 235 242 128 109 168 112  41][252  36  26  98 128 111  81  81  33  37 239  25  23  19  42  24 248 149
 205  50  24 151  89   2 211 225  32  85 224  67 166  34][104 232  56 122 221 205  81 175 115  53 164  24 179 145  64  16 137 186
  64  24 122 106 242  55 235 223  20 121  80 136 198 170][124 104 251 244 232  96  95 150 179 142 174   0  61 183  65 122  98 254
  45 216   8  67 162 106 251 237 118   9 162 241  38  43][  0  97  87 139 204 169 236  69 172  17 235  82 164 130  60  73 106 139
  74 219  18 179  70 240 180 128 154  96  21  91 241 128][220  62 157 116 168 110  93 154 178 254 134 124 223  55 195  91 135  86
 253  42  41  69 251  32 195 243 117 180 130 241   7 115][220 254 214  22 203 234 103 174 250 255 126  92 106 226  95 223  49 231
 236 211 113 220 187 111  57  38 117 205 233 113 239  91][ 50  20  49 168 251 115  24  79  61  71 176  56  14  30  36 252 254 145
 151 160  58  15  96 215 147 212  26 127 144  68 167 239][171 139  98  24 245 153 252 103 223  76 118 169  42 200 182 212 200 170
 142  13 246 169 102 255  38  93 150 131  87 140 220  78][120 176  90  96  96  13  81  81  33  45 165  13  31  23  10  16 238 157
 207 160  88 131 208  64 211 241  32  93  99 130  46 147][175 157 104 251 253 253 191 246 157  94 252  63 204 254 255 229 255 219
 151 247 247  50 122 243 127  93 175 239 159 255 253 247][179 207  15 172  28 131 197 239 156 168 240 111  98 194  32  65 120 160
  14 161 105  43  66 223 176 162 175 190 121  56 240  40][172 188 176  90 219 233 147 238 159  23 108  27  46 253 110   0 153 123
 194  17  50 106 218 179  27 198  21 123 241  79 135 218][124 231  97  99 178  91  95 185  33 172  61 169  75   5 218 148  54 212
 196 126 220 176 109  28 254 209  37 245 103 167 206  97][220  84 157 118 170 104  85 188 176 146 171  56 247 119   9 123  51 214
 124  42 105  71 251  34 241 227 117  28  32 243 134  51][249 182 235 109  81  95  99 122 119 238 230  93 115 101 130 177  57 236
 204  44 173 246 253  31 255 239  37  21 107 172  94 122][169  16 104 105 197  63 193  95  85 107 245  92 147  25  22  57 216 140
  22  44 185 182 113   8 199 217  80 116 219 200 210 240][134 205 150 151 150 162 174 239 190 147  91  18 108 234 121  75 115 111
  59 179 114 221  11 239  44  38 223 196 132 115 161   8][228  45 189 117 141 111  69  47 210 182 164  24 242  53  81  59 201 118
 120  42 104 231 251  10 233 155  85  52  64 120 214 106][244 241  57 110   8  79  87 184  37   4 231   8 119  87   8 112  16 212
 108 106  72  38 251  63 241 163  33  28  98 179   6  34][188   4  68 189  44  35 192 152  21  58 241  18  67  41  57  11 201 196
  21  99  40 246  73 152 130 251 225 148  55 249  80   0][249 182 238 100  83  95 119 122 119 238 230 189  83 117 134  53  53 220
 236  36 173 247 253  31 251 239  37  23  99 164 110 119][185 133 122 235 116 135 235 112  84   8 127   2  51  11 176 112 126 168
   6 104 185 186 117  63 102 173  32   0 119 138  96 169][192 146 189 181 170  74  61  55 188 127  22 245 253  55   2  75 135  23
 125   5 241 220  67   7 204 163 122 208  44 192 133 121][120  33 115 103 208  79 103  48  97 172 238   8 115  87 137  52  24 222
  76 106  73 186 225  44 243 237  36  16  98 163  70  40][ 84 181 158 240 136 237  81  19 162 183 175  28 151 183  64  27 129 151
 108  16  58  75 146   2 217 135 117 121 160  64 134  50][ 74   8 170 158  15  80 153   2 139 213 135 155 172 204 118  78 227 229
 249 149  14  79 190 225 219 117 154  59 135  45  61  86][ 33  74 119  79  36  31 239 180  76  72 126  68 243  64 181 228  94  96
   6 110 193 176 101  61  36 184  34 128  91 187  64 173][ 42 143  98  28 117 249 248 103 221  69 124 177 168 236 182 196 202  43
 131   5 246 169  38 255   6 119  18  11  86 204 253 206][252 184 149  54 137 237  18 142 187 251 161  25 174 244  66 155 129 215
 236  18  63  79 218  51 153 211  93 127 200  69 143  94][248 233 255 254 107  64  85 151 179 159 238  56  63 183  96  82 102 246
 173 136 104  79 162 163 243 225 116  57  34 240 164 107][ 14  51  38 128 111 185 184  72 175 228  27 167 140 206 119 198 182  57
 251 245 134  65 134 208  28  16 143 239   7  47  45 215][ 24 184  58 122  73 205 113 215 191  29 100  16  62 223  96 120 163  59
 251  16  18 107 178 113 211 249  16  75 210   0 167 171][  6 205  22 158  29 199 190 224 158   6 203   3 236 250  39  68 233 119
 187 195 102 137  27 255 177  54 203  19  20 127  61  14][ 50  69  66 236  84  11 206 104   5  32 250  10  75  40  53  80 120 204
  23 226  72 179  65 142 178 236 130 176 117 251  80   0][161 253  18  90 249 141 116 247 255  27 116  92 190 243  68 181 141 123
  86   8 243 126 218 119  63 223  22 106  90  16 203 171][ 28 117 222 231 179  94 126 248  61 166 255  33  95 123   9 209 183 221
 239 226  96 241  25  78 255 239 101   5 227 243 175 131][ 60 109  82  46  89  79  86 232  33 172 232   9 103 209   9 144 216 248
 198  98  76 163  88  62 243 213   5  59 115 187  78 130][137  94  15 189   4 139 101 118  84 194 214 198 177  35 179  97 104 100
  42 204  97 189 117  46 228 167 242   0  44 184  49 232][ 92 189 144 182 153 205  86 175 179 188 136  13 239 242  74 210 145 255
 237  81  78  75 154  51 185 215  13 127 168 118 143  19][ 56 149  90 234 117 173 122 208  45   9 125   0 191 223  40  80 254 155
 151 112  26 154  16 191 255 221  34 234  50 139  33 131][198 183  48 137  59 217 186 136 175 116 153 163 140 222 110 196 247  53
 255 241  22   1 202 211 183 116  11 255  22   6   5  87][252 164  26  98 153 111  87  65  33  55 175  25  87  19  10  26 177 151
 205  50  56   7 153   2 211 193   0  93 226  67 174   2][ 73  58  27 103  96 142  99  48 121 136 118  68 255  19 128 112 182  44
  92  78 193 184 177 109 231 253  32   0  74 162  67 169][124 255 218  96 120  75  87 248  51 188 108  41 119 247  67  16  17 252
 101  98 106  82 218  63 123 135  37  61  98 179  78 179][ 37  39  73 101 124  15  75  56  98 232  59  76 211   1 209  48  24  76
  84 126 217 240 253  28 236 221  37 116  72 171  82 161][232 173 158 115 205 126 118 231 243 191 170  25  34 185  72 146 201  86
 224  80 122 251 155  34 123 199  85  65 195  88 238 138][244 164 151  50 137 237  64 205 251 183 169  25 230 240  72 159 137 230
 104  16  62 103 218  51 153 210  85 127 192  75 206  70][ 75  50  63  76 121 223  49  25 175 253 182 173 158 159 134 190 166 181
 255   4 133 233 243 221 215 249 115 215  74 132  15 127][202 172 156 186 201 253  16 167 187  23  32  25 174 247  66 155 129 123
 233  16  54  76 218 119 207 211  94 123 146  68 143 138][ 84 132 206  53 146  42  98  43 118 167  75 144 199  99 136  80  51 206
 104  56  48 216  77  31 236 166  55  69 160 224 137   0][ 53 207  73 111 176  10 111 184 116 162 106 224 243  99 145 112  82 238
  12 238 233 144 109  46 236 174  37   0 104 243 194  40][ 93  53 144  38 169  12  86  23 233 137 171  92 223 242  72 242 129 103
 108  24 221 105 219   2 249 253   5  94 200  98 139   3][  1 207  73 101 180  10 111 190 116 160 110 224 243  35 152 112  19  78
  12 110 233 152 109  63 236 174  37   4  40 242 192  40][  9 181  18 107 241 191 114  91 111  73 121  76 190 250  12 180 153  27
  70  24 151 184  24  87  47 220  32 102 218  70 203 135][212 109  19 128 206 171 102  71 252 162 170  26 134 130  65  83 105 230
  74 170 104  39 209  74 180 132 143  56 161 120 227   8][ 50  77  98 225  84  10 238 119 109   0 250   2  11  11  21  16 122 173
   6 224 200 186  65 206 182 252 130 128 103 136  98 136][134  50  50 128  47  19 190  72 143 236 151 135 140 142 119 198 166  13
 251 215 196   1 131 210 182  81 139 175  31  31  57 215][210 114  58 169  42  89  58  72 174  46 149 163 141 142 107  64 230  29
 223 227  70   5 137 210 215 213  43 191  20  19  45 211][244 116 213 118 168 104  69 156  51 186 171  56  87 247 201 127  23 214
 108 170 105  71 235  34 209 170 117  60 160 243 134  33][107  81  39 204  77  87 204 124 195 232 253  74  72 140  52 166  76 156
 242 235 201  35 250 216  23  88 195  62  87 191 112 244][ 80  13  66 136  84 137 104  71  45   1 250  10 174 138  32  80 106 175
  14 128  72 187  65 206 180 180 154   8  52   8 241   8][ 16 201  10 173  20 130 206 117   4   0 210   2  53 139  48  64 106 171
  23 193  74 152   0 189 224 225 170 128  53 136  49 136][ 75 178 253 229 120 222 121  24  43 220 150 229 253 223 210 246 246 157
 253  92 135 195 243 221 223 249 171 214  14 164  39 125][193 206 220 117 176  10 101 191 116 162  98 120 243  33 128  89  19 110
 108  46 104 252  69  47 236 170 117   0 104 240 194   8][  5 167   9 167 180  43 111 191 118 163  75 208 215  99 152  64  51  78
  46  60 112 240 205  14 236 175  39  68 160 242 193 160][232 180 156  58 137 253  84 175 187  63 164  25 174  49  74 155 129  18
 232  16  62 111 218  51 203 211  85 127 210  72 142  10][185 179 104 120 120 221  81  94 227 125 180 189  59 157 222  49 142 154
 213  20 174 111 242  21 219 217  49 251  99 132  78 219][245  52 157 119 140 111  65 136 250 242 163  24 215 117  73  59 145  84
 104  58  41 101 249   2 201 203 101  52 192 121  71  34][194  45 211 246 244  42 238 103 185 130 186 218 173 170  52  19 235 231
  95 171 112 239 128 238 180 190 222  24  68 240 227   8][ 40 161  57  65 221  77  65 189  99  53  45  24 146  21  72  54 153 154
  64  24  26 120 251  21  79 156  21 116 194   8 198 170][ 13 117  17 103 176  47 103 184 118 168 106  68 215 115   9 240  21  92
  92 106 105 144  89  62 237 255  37   4 200 243  67  32][130 188  50 155 199 229 184 199  30  91  81  51 172 222  96   9 239  59
 147 145  50  92  26 241  29  16 222 235 149  76 165 219][  3 157  41 153  23 211 171 231  30  65  92   2 184 156  54  36 123  43
  19 141 151 152  53 255  45  20 154 195  21  12 181 254][198 109 213 246 236 168 254 134 171 178 185 218 206 171  85  27 175 247
 127 211 112 111 138 226 188 152  79 122 197 243 195   0][ 57 203  74 190  92 145  78 230 150   4 104 135  33 203  51 192  88 234
 130 198  78 170  14 191 114 165 138   9  53 155 120 136][  3 141   3 137 150 163 171 119  92  65  90 198 180  42 178 100 127  43
  18 157 151 152  53 223  44  36 154 192 157  78 177 252][107  50 180 220 109  95 241  27 203 237 180  45 174 157 134 191 140 180
 255   5 133 107 243 141  87 121 113 187  74 140  94 127][123  82 101 197 108  18 233  80  69 104 215 234  89  29 148 237 108 156
 119 203 201 182 229 144  22 106 240 208  55 143 112 245][216 168 158 188 171 168  20 143 187  51 164  57 175 179  75 219 163 223
 237  16  62  79 154  51 218 227  94 123 162  80 139  10][193  28 255 253 164 172 105  23 252  91 118 112 189  51 144 123 230  55
  61   8 177 220  33 193 198 251 242 192 196 192 225  41][196 233 213 147 204  41 236 198 170 179 161  90 132 162  81  11 107 193
 106 219  50 109 206  96 156 146 223 108 133 121 195 128][124  97 121 103  80  79 103 180  97 164 239   8  83  21   9  52  56 220
  64 106  72 176 233  28 119 205   1  52  99 187  70 226][199 105 221 250 236 136 174 200 170 144  56 104 221 203 253  75 175 241
 127 223  66  99 138 240 180 152 111 172  92 243  35 160][ 79  67  97 135 100  24 111 144 169  72  23 199 201  78 255 246 102 196
 159 238 197   0 172 192   6 120 230 140  47 183 121 117][112   1   3  44  20  14  66  40 100 136 235  73 115 201  17  80 240 164
 109  99  72 163 193  13 209 232  32  24  96  35 116   2][114  20  57 168 187 115 145  79  61  79 236  56 142  30  46 120 250 153
 151 161  56  15  96 214 145 213  26 127 208  64 167 239][201  12 255 117 164  42 105  23 120 219 118  80 147  35 144 123   3  38
 108   8 177 252 225  10 198 251 112   0 196 192 194  41][106  10 238  31 111 112 184   2 207 215  55 179 104 236 118 142 235 101
 235 133 148 109 175 225  14 127 219 139 215 109 125 206][ 63   0 226 206  76 179 203  88 197 194 223   2  67 233 191 100 120 232
  23 239 136 163  46 202  18  78 139 140 119 255 112 228][189  16  39 101   5  63 193  88  69 234 247  92  91  25  17 189 152 132
  86  44 185 182 113 136 195 219  65  20 107 236  82 228][ 79 190 190  22 203 254 183 187 251 255 118 124 104 246 199 191  53 239
 228 146 245 218 186 251 127 119 117 171 203 116 175 255][ 47 222 250 250 253 221 255 254 159 222 245 191 125 253 255 165 255 251
 151 183 255 119 122 255 127 223 239 239 223 252 252 247][ 59  66 243 204 109   3 205 120  87 166 245 106 105 233 244 228  91 204
  38 170 232 103 175 218  18 126 243 188 119 172 112 172][228 245  17  74  73  79  71 184 115  40 167   8  82  87   8 116  16 212
 108 106 105  98 249  31 241 186   1 124  66 179 198  32][134 140 134 159 156 162 174 239 150 147  90  18 108 234 121  75 123 111
  59 179 114 217 139 255  56  38 223 204 148 113 177 136][ 75  50 124 109  41 223 249  27 175 125 182 173 158 159 150 190 166 149
 255 149 135  11 243 213 215 249  58 219  78 132  15 127][104 183 156  88 184 236 149 151 154 159 172  57 150 241  78  27 129 118
 233  16  50 107 194  34 107 151 116 127 192  88 206  11][ 82  72   6 140  14 130 168  96 140 128 210 130 173 142  49  67 102 165
  63 225  72 139   0 204 144 224 202 136   4  40  49   9][ 88 181 158 176 170 200  84  39 162 123 143 185 159 183  74  91 163 151
 237  16  94  73 130  16 251 227 117 125 168  64 143  83][ 28  52 214 229  19  78 126 248  61 162 251 131  79 127   9 208 191 221
 237 226 108 241  25 206 255 247  39   5  35 230  47   3][ 45  36 185  67 221 127 194   8 107 224 169   8 210 112  77 190 153  76
  80 122  25 114 249  16  15 221   5 116 202 107  66 164][ 32 255 218  92 120 139 119 254  51 174 124  45 114 247 195  20  23 248
 103 106  98  90 202  31 127 143  37 169  99 240  70 251][ 41 182 114   9 117 191 242  91 127  77 125 109 206 216 190 148 159  10
 198  60 183 184 105 223  46  93  49 230 218 206  91 197][ 43  64 103 205 109  19 232  88  69 224 245 226   8 172 180 238  78 204
 183 203 133 179 229 192  22  56 203 162  23 191 112 228][109 109  28  69 144  31  71 184  97 168 174  76 211 113 137  52  16 196
  76 110 233 176 249  46 239 191  37  20  74 243  74  32][169 196 122 235 116 143 235 112  85   0 119   2 123  19 184 113 126 168
   6 106 249 188 117 191 103 235  32  64 119 139  96 160][198 237 213 246 236 168 238 166 187 178 185 218 236 234  93  27 171 231
 107 219 114 103 138 226 188 154 223  56 197 115 195   8][176 161 124 122 248 141  89  93 179  53 165 153  19  29  94  57 142 155
  85  85 190 111 122  53 211 217  16 125 117 129 198 194][116 172 151  50 169 233  82 200 187 191 161  25 198 244  73 155 137 245
 236  50  30 103 202  19 153 210  69 127 192 107   6  70][ 27  50 121 233  46 223 121  88 175 236 150 231 159 159 210 118 230 157
 253 188 143   5 247 208 214 249 170 244  62 134  21 125][ 69  31 159 101 176  46 103 183 104 170 122  76 247  51 129 115 149 102
 108  46 241 240 209  46 228 174 101  16  72 243 194  41][ 56  76  98 229  84  10 238 119 117  32 250   2  43  43  52  80 122 173
  23 160 200 186   5 206 178 239 130 128 103 136 112 136][108 117 113  79  88  79  71  61  97 232 239  72 211  87 136 180  24 220
  68 106  73 178 249  14  39 252  33  52  66 179  70 176][ 44 101  49  71  84  79 231  48 101 232 238  72 211  21 133 180  24 220
  70 106  73 178 113  44  39 236  37  48  99 187  70 160][109  23 165  39 172  62  70 189 113 234 174  77 243  96 155 183 149 198
 124 110 237 224 221  14 160 126 101  20 202 254  90  93][ 90 156 158 250 139 228  52 199 191  87  68  51  60 255  32  91 231 115
 187 144  50  79  18 227 219 243  94  75 146  85 165  91][ 92 189 146 182 185 140  86 236  51 170 136 105 111 246  74 208 181 255
 237  16 126  75 202  63 185 215   5  63 160 118 139  11][ 75  50 125 105  40 222 121  25 175 236 183 237 157 159 214 246 230 149
 253 156 143   3 231 209 214 249 170 250  46 132 103 117][ 17 206  73  77  48  11  71 190 116 162 106 224 243  97 145 112  83 206
   4  44 105 188  69  63 172 174  37   0 124 248  64  40][219 158 190 188 171 252  29  23 191  95 150 117 190 191  34 107 135  55
 253   5 183  77 179 131 203 243 126 155 138  68 141  91][214  50  28 171  42 180  56 192 174  60 155 183 157 142  75  67 230  29
 253 215   6   1 139 240 212 225 171 213  60   3  41  83][ 33 253  26  91 249 157 244 247 255  27 124  76 188 251 100  52 141 123
 102   8 215 122  26 245  47 158  86 106  90  88 203 143][130 184  50 155 199 225 188 199  30  11  80 179 172 222 104  72 255  59
 147 145  50 220  26 243  29  22 158 227 148  76 165 219][192 172 210 158 212 168 230 231 252   3 235  26 164 226  32  83 107 227
  74 138 112 239 204 111 180 166 222   8 128 120 227 136][252  36 189 113 137 111  17 137 250 183 167  24 215 117  73  59 129  84
 236  50  56 101 251   2 201 195  85 117 192  97   7  98][ 86 118  42 163  46  53 186 192  12 228 155 135 141  14  95 192 238 137
 223 247 166   7 197 226 214  69 171 173  12  95  41 211][161  75 127  79  36  15 239 184 100  72 118  68 243  65 181 101  28 100
  70 110 193 176 101  61 100 184  96 128  89 187  66 169][220 182 156 240 138 172  81  31 179 183 167 189  15 167  74  27 167 151
 237  16  58  79 154  18 219 195 117 125 160  64 143  19][  5 107 155 169 172   9  44 217 174 144  88  96 157 195 225 106  54  73
  46 126  67  80 139 112 196 153 111 172 156 243  33 160][ 34 128  98 202  84 129 168 104   4   0  81 131 104 204  60  64 120  41
  19 165 194 162   8 221   0  40 138 200  21  14 113 136][ 33  47  27 101  52  15  99  48 104 232 122  76 211   1 145  48 148  44
  68 108 129 240  97  12 229 157  33  48  72 170  82 161][ 65  34  27 103 112  14 107  48 109   8 119  68 255 195 156 112 180  44
  68 110 193 176  32  77 199 253  32   0  72 131  67 169][  3 141  43 137 150 163 171 119  76  65  90 198  48  38 182 100 126  43
  18 173 147 152  53 255  44  44 170 192  29 138 177 108][214 114  34 128 127  19 186  64  13 228 145 175  12 142 118 134 174 149
 223 247 164   7 133 202 180  84 138 191  15  31  45 215][193 135 221  53 176  10 110  63 116 163  98 212 215  35 144  81  51  70
 108  44  48 220  69  15 172 174 117  68  44 224 128   8][172  65 122 233 116 207 123 216  22   1 116   2  27  87  57  80 126 152
  23 248  34 178  48 159 119 205 160  68 119 155  96 162][164 172 142  31 220 171 167 234 118 166 233  26  64 224 107 145 121 238
  66  58  48 247 204 126  60   6  71  37 233 123 250 128][ 32 201  74 186  92 193 207 230 150   4 124 131  33 201  50  64  72 234
   2 198  70 170   6 189 114   5 130  41  53 156 124 202][ 87 107 199   7 138   2  46 168  34 226 138 239  65 226 207  90  50 197
 105 247  76 211 205 104 184  34 207  52  37 119  35  84][152 184  62 248  75 221 113  87 191  29 100  16  62 223  96  89 163 187
 251  16  18 111 178 113 211 249  16  75 114   0  39 187][198  77  30 158 157 199 182 168 158   6 203   3 236 242  39  68 241 115
 251 195 100 131  27 255 177  54 207  27  20 127  61   6][222  18  28 187 170 189  28  25 174  31 147 181 141 222 106 203 231  17
 253 151  54  69  75 210 192 241 106 151  20  64 141  83][ 85  25 191 212 147 158 126 115 237 140 111  70  78 179  39 247 166 101
 188  74 245 145  48 204 179 251  66   2 162 242  41 101][250 120 171 190  75 212 145 192 139  95 148  63  44 222 103  90 229 253
 253 209 135  79 178 225 211 113 154 187  22   5  55 127][ 72 156 190 115 161 236 117 151 169  27 126  16 190 255  32  91 165 115
 253  24  50 237 146  96 207 255 118  66 194  65 163  11][ 35 205 103 158  20 147 142 230 212  64  88  70  32 232 181 228  72 106
  18 207 231 170  38 255  34  46 154 128  29  29 120 204][255  83  97 199 103  26 238 176 105 200 183 231  75  78 159 244 126 197
 159 238 205  16 109 200 182 120 138 134  47 191 121  85][218 172 150 188 155 249  84 199 187  55 164 185 174 226  66 223 163 247
 236 144  62  77 138 241 154 243  94 123 162  68 175  14][252 182  26 114 201 109  85 219 177  63 173  29  71 115  74  27 177 151
 205  50  58  71 217   2 251 199  37 125 224  99 142  19][216 126 158 180  43   0  89   7 187 151 164 177  47 231  67  91 231 247
 237 144  42  79 130 163 219 243  94  59 162 112 166  91][ 33 135  77  79 244  10 102 191 116 161 111 192 115  97 152 180  27 238
  32  44 249 248  77  47  46 174  37   0 103 250 218 168][239 190 189 112 233  61 221 159 187 251  52 125 156 190 197  59 135  87
 253  16 179  79 234 226  79 219 127 254 200 112 131 243][171 162  12  26 235 185 184  79 187  95 101 189  12 138 254 157 175  11
 146 149 182  94  14 241  30  83 218 235 154  68 139 199][ 50  69  98 236  84  11  70 126  85 160 250  10  75 169  53  80 120 204
  23 226 200 179  65 142 178 237 129 148 119 250 112 128][ 57  52 110 117  83  95 113 127 117 238 246 253  83 125 150  57  61 220
 252  36 173 247 253  31 251 239 113 135 107 164 126 119][ 10 141 106 203 151 211 186 103  76  69  92 131 169 172  54 100 122  43
 147 137 214 184  36 255 111  77 154  65 119 142 245 238][ 89 245 144 100 137  12  86 191 233 184 170  12 222 240  72  50 129 199
 108 112  95 105 211   2 185 249   5  94  72 114 131   2][133 167 137 161 180  10 111 191 118 161  66 208 215  99 152  80  51  14
  46  60  48 216 205  14 236 174  39  68 128 224 129 160][ 50 201  98 156  95 193 135 230 150  68 236   3  32 140  38  68  72  42
 131 192  66  43  50 189  49  36 154  11  87  28 116 254][  1 251  24  91 249 141 180 255 255  25 120  84 188 250  68  48 143  43
  70  28 214 122  66 117  47 158  54 234 216   0 195 141][ 11 191 115   9 242 187 187  91 127 105 124 228 140  62 182 180 183  27
 214  61 151 184  37 223  46  92  35 198 222 196  11 245][201  29  21 101 160  46 103  55  96 202 106  76 255  51 129 115  22 118
 124 106 225 216 209  46 229 234 100   0  10 242 131  57][172  85 123 233  85 207 239 216  85   8 116   2  27  81  57  37 120 136
  23 250 235 180  48 222 103 201 162   4 115 154  96 160][ 69 107 196  37 160  10  47 184 100 228 130 229 211  96 147 210  18 228
 104 239 200 208 205   8 172  34 239 148  44 247  18  64][124 164 185  98 168 105  83 137  34 183  45  40 215 117  72  26 147  84
 236  50  26  96 235  16 219 199  37 125 224 107 198  98][ 72 177 156  51 169 237  16 143 170  61 172  41 174 179  74 154 129  19
 233  16  22  73 219 113 203 215  92 127 210  64 143  11][ 77 163 196  39  40  11 106 184  38 236  31 237 195  97 155 150  23 196
 108 110 137 240 205  12 140 103 101 212 238 167  26  81][198  12  22 158  29 198 182 224 156 134 203   3 236 242  45 196 240 117
 171 227  96 131 154 255 177  54 143  27  16 127  61   6][ 10 141  42 219 151 243 178 103  94   5  92   3  40 220  52  32 120  59
 147 145  50 184  36 255 111  71 154  67  87  14 245 202][  2 200   2 138  20 133 170 228   4   9  80   2  40 138  48  64 104  41
  19 193  66 136   0 253   1  32 138 192  21  11  48 136][180 233 124 122 200 141  93 196 163  51 161  25  23 217  88  27 137 145
  81  83 122 103  74  53 211 218  85 125 113 145 194 130][ 38 200  98 202  85 133 138 224  68   0  81   2  96 200  61  64  88   9
  19 243   2 162  28 253   1   8 138  64  21  15 112 130][ 45 117  17  79 124  95  70  56 113 232 255  72 211  81 140 180  24 220
  84 106 201 178 249  14  39 252  37  20  75 179 194 180][ 34 239  82  93 122 137  61 255 187 190 108 168  32 231 197  21  63 126
 103  24  98  90 138 127 110 158  37 168  67 176  70 169][ 57  68 127 201  85 222 239 112  85   2 255   2  91  81 188 229 120 128
  22 234 201 180 117 159 103 235 130  64 119 155 112 160][120 161 152  96 137 105  21 143 171  53 172   9 142 179  74  26 129  23
 233  16  26 105 195  17 219 215  85 127 194  64 143  10][221 121 151 103 161  78  71 181 224 234 162  72 223  55  65  59  32 116
 108 106 105 229 185  40 225 234 101  16 106 115 195  49][ 42 166  48  24 127 245 176  79 255  93 117  25  44 140 118 156 169  43
 131  21 182  47  42 215  31  87  26 111 211   4 239 222][ 36 170 142  30  89 203 161 232 222 191 224  14  96 224 111   2 121 236
  98  17  18 243 206  93  29   6  71  61 209  42 127 130][116 183 159  32 169 105  17  75 170 181 169  41 198 228  72  26 145 212
 232  50  26  99 170  16 217 150  69 127 192  99 135  99][ 33  34  11 103 116  14 107  48 108 136 115  76 243  65 153  48 184  44
  68 110 137 176  37  13  68 189  32 128  72 171  82 161][ 48  13  66 140  84 139 110 103  61   0 250   2  46  42  32  80 122 171
  14 128  88 187   1 207 176 164 154   0 101   8 227 136][  3  77  71 158  28 146 174  98 212  64 218  66  96 232 181 228  72  98
  26 207 229 169   6 255  32  46 138 128  29 127 120  12][ 86 143 166 186 139 224 156 239 159  23 216 179 108 238  98  75 239 243
 191 145  58  75  10 241 185 118 223 219 148 116 181  83][130 148 182 145 182 160 184   3  62  83  82 179 140 190  48  73 231  19
 179 149 178 220   2 198  12  54 218 194 148  68 161  81][101 207  77  69 180  31  71 191 113 172 254  76 211  32 151  52  17 196
  76 108 236 176 229  30 110 190  37  20  74 250  82  36][210 250 180  62  11 204  21 134 187  31 128 153 174 166  67  95 165 119
 237  80 110  79 178 115 185 242  94  59 128  21   7 127][  3 141  43 137 150 226 171  55 108  65  90 198 240  38 180 100 114  42
  18 173 209 152  53 253  44  44 170 192  28  10 177 104][229  96 168 103  77  15 199 152  98 234 181  76 211  72  95  58 152 204
  68 111 205 118 249  10 103 157 101  52  72 123  82 192][ 56 184  30 120  81 221 113  87 191  29 100  24  62 219  32  25 161  59
 237  24  50 239  18  21 219 251  16  75  82   0  79 139][152 184  26 248  75 197 113  71 191  21 228  17  62 159  96  89 163 187
 251  16  18  79 146  81 219 241  82 107 114   0  47 155][161  75 117  79  36  11 239 184 108  72 118  68 243  72 181  37  90  96
  70 110 233 176 109  61  36 184  96   0  93 187  66 233][ 33 165  76  87 156 123 230 175 118  33 235 146 227  96 156  36  89 198
 106  44  58 248 109  63  46  46 133  85 229 202 218 132][ 30   4  82 167  19 102 126 248  53 166 251   3  79 127  40 208 255 221
 255 226  44 151  25 238 179 247 139 135  35 103  47   2][220 189 150 118 139 236  52 215 171  27  47  16 190 255  96  90 167 115
 249  16  18 201 146 227 219 247  86  75 194  80 167  27][ 39  77 106 222  92 145 206 248 215  64 252 139  96 236 191  96  88 234
  19 207 198  35  46 251  50  44 131 168  23 255 112 204][247  98  98 131 103  16 190  64  57  98 147 175 200  14  31 133 254 197
 223 231 236 183 197 202 182  88 138 147  79  63  59 213][125 221  89 110  89  77  86 226 225  66 169   8 127 115   1  50 129 242
  76  98 105  43  88  63 243 239  37  58 106 115  66  10][130 152 146 155 215 227 186 199  30   3  80 179 172 254 104  72 255  59
 147 145  50 156   8 243  12   6 158 227 149  76 165 219][  5  99 153 229 172   9 110 157 110 160  74  64 159 195 241  96 114  73
 110 126  66  16 143  64 236 221  47  44  24 242  33  40][  2 158  49 219 181 237 177  39  94  13  92  48 172 248  36 100 209  59
  19  17 178 188 114 215  45  22 154  66 144   8 149 175][  1 174 153 249 176 171  97 159 118  49  74 240 177 163 192  72  83  42
  34 156  50 216  71  55 204 134 179  64 184 128 225 168][207  16  28 179 137 189  56   9 190 115 131 149 221 222  90 203 231  21
 253 151 183 197  91 210 133 243 219  87 156   4 137  82][ 45  99  21  67 117  31 102 184 109 232 127  76 219  65 157 180 148  68
  78 110 193 176 121  60  39 216  37  20  74 191  74  37][218 156 191 190 171 244  29 183 191  95 150  53 236 254  38 107 135 119
 253   1 183  77 187 227 219 115  94 219 138  68 165  95][247  83  97 199 117  26 238 160 121 200 183 231  75  76 159 245 126 197
 151 239 237 180 109 206  54 120 143 134  47 191 120  85][227 113  58 204  61  31 214 108 221 232 180  26 150 248  55 161 216 229
 218 103 237  35 210 152 179 121 139  59  88  57 218 134][194 158 149 185 169 252  56 134 191  91 130  85 236 190   7 203 199  23
 249  17  39 205  83 243 141 114  90 211 152  85  45  95][ 35  97 103 205  79  19 232  72  79 160 241 202   8 136 245 230  74 204
 242 203 197 179 231 208  22  56 195  46  87 191 120 164][  1 174 221 181 180 171  96 159 118 163  74 244 247  35 128  72  83  46
  38  28  58 216  69  23 204 166  55  68 168 200 129 136][ 34 175  94  93 122 139 173 127 175 132 124 232 168 227 196  20  46  62
  98   8  66  91 134  93  44  30  23 171  67 128 199 173][105 143 101  69 180  27  71  55 120 232 122 108 243  32 148 176  19  70
  76  44 233 184 101  14 110 191  37  20  66 232 210 104][ 27  77  71 222  20 146 142  97 212 128 219  66  97 232 181 228 120  98
  58 239 229 169  12 239  48 110 170 136  29  62 120 140][ 75  22 113 193 105 253 249  19 173  93 188 125 140 159 214 255 198 177
 223 149 151  62 242 192  87  89  58 251  94 196 207 255][ 45 125  48  69 124  31  70 186 125 232 254  76 147  48 149 180  24 204
  86 110 205 178 117  62  38 220  33  52  74 185  74 133][214 143 166 158 139 224 158 239 159 151 216 179 108 238  98  74 239 243
 191 211  62  75  10 242 185  54 223 255 148 118 181 219][138 143  34 217 149 243 178 103  86   5  92  51  40 221  52 128 249  59
 131 145  50 184  33 255 111  69 154  67 215  12 189 138][237 120 145 118  65 108  65 144 113 234  38   8  94 179  65 191  17 244
 100 122   9 118 250  98  21 218  81  42 234 243  66  34][205 249 151  86 171  78  71 181 241 218 163  72 254 119   9 183  36 246
 236 106 105 197 185 104 177 186  69  18 106 243 131  63][ 50 217  35 156  95 209 151 230 150  68 192   3  34 156  38  68  72 186
 131 193  75  43  50 189  49  68 154  27  83  28 244 254][  1 143 107 237 180 194 239  55  68  64  94   2 241  35 176  96 112  34
  19 232 208 152  37  61 101 169 170 192  53 138 244  40][161  75 109  79  36  75 231 188 100 100 118 136 243  65 159  53  26 196
  70 110 233 176 109  61 100 168  96   0 119 187  86 104][169  21 127 201 116  87 233 121  84 202 116   2 217  29 188 165  88 152
  22 168 233 180 113 206 103 219 227   4  87 168 112 160][121 253  17 100 249  78  86 190 225 107 168  56 127  51   8  50 131 215
  76  98 105  43 144  47 249 247  52 126  74  80 131  11][  9   4  99 205  69  22 237 123  93 202  94  70 217  62 180 228 126 141
  54 173 197 176  53 206  23  63 235 132  63 252 121 253][ 61  68  99 205  69  22 239 113  85  74  94  70  89 104 191 228 120 140
  54 175 205 180 117 206  55 111 162   4  63 254 120 228][ 61  68 127  73 101 159 231 121  85  74 255   2  91  89 189 228  88 136
   6 234 233 182 117 159 119 255 160   0 115 154 112 164][ 16 183  25 169 186 171  32  27  38  25 216  96 149 179 192   8  55  27
  76  17  19   8 195  17 140 132  43 252 136  64   1 161][125 253  21 110  89  77  86 240 225 234 169   8 127 115   1  50 128 242
  68  98 105  43 216  63 243 255   5  58 106 115  66 139][ 24 184  30 248  27 253 112  87 191  21 228  25 190 159  96 217 163 187
 251  16  18  79  18  85 219 243  82 107 146   0  47 155][  2 149  18 156 146 160 188 167  28   3  90 179  44  46  48  64 103  19
 147 149 112 136   0 215  40  38 158 194 148  68 161  89][ 24 137 122 233 180 151 255  53  68   5  94   6 249  27 176  96 126  34
  23 232 218 184  49 189 111 233 170 192  53 138 240 170][ 77 125  27  99 112 142 103 176 121 232 111  76 214  83  65  48 178 108
 108 126 193 240 185  46 237 253  37  68  72  35  67  33][214  68 146 158 157 198 150 232 188 134 203   3 206 242  45 196 248 245
 175 227 104 135  26 254 177  54 143  31  20  63 189   6][ 24 146 143 189  27  91  33 123  86 244 198   2 211  97 160  97 121  12
 106 168  40 217 103  29 205 167 243  69  48  40  52 250][ 94  68  86 166 147 102 126 248  53 162 251   3  79 255  41 208 251 221
 238 226  44 151  25 238 179 255 135   7 227 247 230   6][ 97  37 185   5 213 111  71   3  98 225  40   8 146  48  85  50 144 108
  64  44   9 112 241  10 109  28   5  48 192 122  82 226][ 77 107 196   5  48  26 110 184 100 228 142 237 195  32 147 214  18 228
 108 255 204 208 205  44 172 111 229 148  38 183  90   0][  9 171 144  91 252 141 253 255 126  29 120  88 174 168 244 144 139  43
  70  28 210  58 202 119  44 157  54 104 208 136 195 137][116 164   4  31 155 235 130 234  86  55 139  26 194  96  30  36 121 198
 106  49  62 229 221  63  61  38  21  87 225  75 212   6][ 56 205  64 189 223 219 228 239  23  37 212 130 163 217  48 196 121 234
 178 193 110 186 119 191 173 198 158  49  55  24 252 142][ 34 225  32 136 245 133 140 197  78   8  80   2 128 136  48   0 200  10
  19  81 210  42  64 181  41  16 142 224  16  24 240 136][ 88 177 152 176 153 205  80 207 163  57 172  13  63 167  74 144 161 155
 237  16  30  75 154  49 251 197  53 127 186   4 142  26][247 105  98 140  77  23 158 104 205 224 212  11 136 136  55 225 216 197
 223 231 236  39 196 202 179 120 138  63  93  63 123 134][ 37  66  75  69 116  11  99  56 100   0 115 232 211  65 153  48  26 140
  70 110 137 180  77  13  68 188  32  20 109 171  82 160][222 189 150 186 139 192  52 231 191 147 168  51 108 254 108  82 163 243
 249 144 114  75 154 227 187 247  94  75 128  80 167  26][ 70  41 142  60 139 232  48  66 170 244 138 129 172 231  67  90 163 103
 233 149  16  73 146  96 217  35  75 123 136 101  47  82][122 176 190  26 203 253  49 207 187  95 172  57  46 255 110  26 165 179
 251 144  30  75 186 243  91  87  95 123 195  68 167 223][ 48 141  66 141  84 169 238 103  45   1 250   2 172  42  32  80 106 171
  14 128  64 187   0 239 180  52 154   0  69  72 225 136][162 205  99 222  92 129 143 236 214  64 120  74 112 232  61  64  88 106
  19 195 226  34  14 191  48  44 143 168  85 123 112 200][137 142  83 125 176 142 107  55 116  11 106 116 243  35 128 240  87  46
  44  44 187 156  65  31 236 175  48 192  42 128 192  41][ 89 157  23 101 176 142  71  55 116 233 106  68 255  51 128 244  22 102
  76  44 249 152  81  63 232 239  36  64  42 130 128  41][202 184 190 158 171 244  25 159 187  91 151 125 252 255  78 123 135 247
 253  17 179  79 186 241 219 115 126 251 138  69 167 127][101  53  25 103 152  79  70 185 122 232  41  72 215 114   8  48 144  94
 104 106 221 240 249  30 237 239  37  52  72 115 203 178][ 53  67  65  77  84  11 227 184 100  32 226 202 211  65 153  48 120 204
  70 110 201 178  69  13  36 168 161  20 109 187  82 160][107 175 214  68 249  30  78 183 233 137 190  76 106  32 150 182 134 230
 108 108 213 233 133 109  62 124   4 210 202 246 202  13][ 19  77  67 204  20 130 174 113 212 128 218  66 112 224 181 228 120 100
  62 235 233 177   4 207  48  46 162 128  29 186 120  44][ 43   1 227 141 101  22 233  57  93 200 214  70 201  40 190 228 124 140
  54 173 157 178 117 204   6 126 203 132  31 172 120 244][ 11 223 120 219 253 149 252 255 159  93 124 231 172 206 190 196 239  43
 151 133 246  58 126 247 126  93 190 235  30 140 249 221][ 53   5  98 141  84  18 230 104  68 196 223   6  99 104 183 100 120 236
   2 239 204 179 109 140  50  44 135   4  53 174 120  68][ 86 143 166 158 223 128 158 239 159 149 217 163 108 238 106  67 239 231
 191 215 126  75 142 243 184  54 207 223 148 126 181 207][ 24 201 122 237  52 135  94  53  68   0  82   3 115  27  48  64 122 162
  23 234  88 184  17 189 227 233 162  64  61 138 240  10][ 80 226 238  37  18  10  37  47  34 165 202 161  99  36  10  18  55 231
 104 133 220 216 197  13 172  38  29  85 161   6 134  76][113 253  25 102 186  72  23 174 233 234 184 104 190 179 192  54 135 215
  76  98 105  43 168 111 184 180  37  62  96 242 135  47][121 221  17 126 113 207  86 246 113  74 184 104 126  49 129  52 130 247
  68  98 105  43  72  63 243 254  37  26 106 179  66  11][ 45  28 115  73 109 223 231 121  85  74 253  10  90  89 191 228  88 168
   6  42 237 182 125 223 119 223  32   6 119 174 120 229][ 24 184 150 248  91 253 112  87 191  17 228  25 190 159  32 216 165 187
 251  16  22 111  18 245 219 251  82 107 210   4  47 155][ 41  16 115 205 101 119 233 127  93 234 127  50 216  57 180 228 122  28
  54 169 177 184 117 206  71  95 178 134 119 140 116 173][246  69 146 158 157 198  22 232 189 134 203   3 206 242  41 196 248 253
 175 227 104 131  26 254 177 182 143  31  16 127 189   6][110 182 187  88 235 245 153 219 187  95 188  61  60 255 110  58 143 187
 255  17 147  79 186 211  91 223 127 251 219  68 167 247][  1 189  25 107 208 229 183 207 118  17 104  64 177 240  72  48 217  27
   2 145 211  58 254  55 109 141  54 108 217  82 227 168][  2 133   2 156 150 160 188 167  20   3  90 147 172  46  48  64 111  83
 147 133 112   8   0 255  44  38 158 192  20  84 161  25][126  69  82 174 145  70  94 232  53 134 235   3  79 242  41 208 249 221
 206 226 108 147  25 174 179 247 143   7 163 119 238   6][ 35 217  26 188  93 133 148 247 143  89 196   3  60 159  34 100 204  59
 155   1 199  43  18 245 243  48 158  90  26  28 185 155][ 47   0  99 204 101  22 206 121  85  74 215  70  75 232 191 228  88 168
  62 175 237 179 125 222  18 126 194 140  31 238 120 244][121  97  66   5  16  90  78  45  36 164 206 169 227  64 147 212  24 236
 232 238  76 208 197  12 164 101 141  17  38 182  90  76][162 221  72 159  95 219 164 239  23  81 208  19 162 216  34  68  89 186
 179 193 110 186  87 191  47  38 158  67  53  24 212 158][  2 133   0 137 180 161 140 103   4   1  88   2 128  40  48  64  73  10
  19 145  82  56  64 149  44  20 142 224 148  72 176 128][116 228 132  11 155  75 130 200 118 165 131  27 194 112  79 132 121 204
 232  49  62 231 223  23 185  38  21 127 241  63  22  70][  0 171  48  27 244 153 232 239 126  53 124  56 175 136 254   4 139  42
   6  28  82 120 206 247  44 220  54 105  82 136 199 204][ 45 125  19  69 113 223 230 178 249 232 110  72 146  56   5 180 136 108
  80  72 197 184 208  46  39 220   1  22  74  49  74 190][168  73 109  69  36  75 231 188 100 100 118 172 243  69 157  53  26 196
  70 110 233 180 125  61 101 233  97   4 119 187  86 120][  2 171  82  77  24 141 171 111  46 141 252 204 169 226 132   4  62  43
 106 140 210  41  71  93  44 156  10 186  73   2 203 173][ 77 125  27 103 116  15 103  48 121 232 107  76 214  81 209  48 178 108
  76 110 193 240 185  46 237 253  37   0  72 163  67 161][ 16 129  88 233 180 135  94 125  69   1 112   2 183  25  56  64 222 155
  23 240  94 184  81 157 235 201 162  65 125 138 240 138][ 82 253 150 186 155 192  54 239 191 147 169 163 108 246 104  83 227 243
 251 146 114  75 154 243 185 246  95  75 144  84 167  74][103  99 196   5  60  11  74 168   3 168 155 233 195 104 223  22  28 196
 125 239 204  80 205   8  44  62 165 180  37 191  90   4][130 152 146 155 101 229 184 199  30  17  64  18 172 222 112  72 231  59
 179 145  50 156  18 241  13  18 154 106 144   8 161 139][250 248  16 186  57 201  18 232 159  60 160  41 174 215  96 144 129 123
 205  82  78  79  74 191 187 212   5 123  18  15  14  30][ 78  59 150  81 169  60  60 134 187 191  54 245 140 170 199 222 135  87
 236  16 148  72 203 226  14  86  95 199 202 245 139  31][161  29 118  77 118 219 240 115 221   2 127  50  74 249 180 101 254 184
   6  32 228 176  36 222  54  62   0   7 119 232  68 167][  2 141   0 142 180 160 142 167  30   9  88 130 172  46  48  64 205  99
  19 129 114   8  72 255  44  54 158 192 148  92 177  72][  3  16 231 197 117  86 233  87  93 105  87  50 136  28 182 237 234  13
  62 173 149 185  53 196   7 122 218 198  15  12 249 229][ 20 115 115  69 114  75  55 113  45 172 127 168  79  23 165  20  54  61
 198  98  64 177  41  76 116 164  33 135 103 178   7 227][121  72  26 172  44  70  94 180 132   0 194   2 119  27  33  80 212 245
  28 227  73 131  16 189 241 225 170  25  56  59  40  10][ 49   5  98 140  93  18 194 104  68 196 251   3  98 232  54 100 120 172
   2 111 204 179  45 141  49  44 131   1 117  46 120 198][ 10 184  54 120  75 253  80  71 191  29 228  25 174 159 102 221 163 187
 251  16  22 111 146 241 147 249  80 107  82   4 175 159][179 209  61 152  29 197 148 231 143  89 196  27  60 157  32  97 204  27
 155   1 119  43  18 149 179 209  26 122  26  12 185 158][ 89 227  66  37  18 138 107 132  38  37  78 173 107 162 154 208  50 142
 232 205  14 152 133 109 252  37  32  65  96 150 143  72][ 53  65  66  76  94  11 198 105  68 160 234  74  67  72  53 144 120 172
  66 106  76 179  69  28  48  44   5  20 113  58 122 140][122 165  10  46  91  87  23 105  49 164 205  11  98 118  10  20  88 254
 200 226  92 131 217  31 241  37 141  59  33 102  46  70][162 221  73 155 212 203 164 239  22  81  88 243 162 220  52  65  89 186
  35   1 126 188  87 183  45  22 150  67  52   8 208 154][128 175  97 155 244 201 228 239 127  53 120 157 173 200 252   0 203  42
  66  29 118 248  74 247  44  20  22 104 212 136 199 204][109 127  81 101 116  14 103 184 121 200 126  76 247  81 145  48 180  76
  76 110 193 240 249  46 230 253  37   4  74 179  67  33][ 18 175 162  46  48 185 138 103 102  13 248 233 171 232 208 128 190 187
 198 197 158  58 142  61 188 197 171 233  69 134 175 141][108 241 158  42 137 205  22 200 142 252 137   9 198 212 107 147 144 121
 233 115  78  67 218  16 249 209  13  63 144  63  14  66][254  77 146 172 157  71  86 235 151 134 216  11 111 242  33 212 217 251
 239  99 108 131  90 191 185 247 143  27  48 124 188   6][ 62 105  34  12  91  87  23 232  19 164 172  11  66 213  71  20 184 253
 193 226  72  67 153  60 115  69  13  63  99  55  38 198][124  69 210 228 149  78  86 232  53 166 250   9  75 251  41 208 251 221
 206 226 108 179  25 174 187 239   7   7  99 247 230   2][  2 133   0 137 180 173 172 167  30  41  24  18 132  40  48   0 201   2
  19  17  50  56  64 183  44  22 158 224 148  72 145 136][ 64 255  29  70  90  12  63 190 233  34 172  72 190  39   1 114  38 215
 204  98 224  11 216 127 253 180   5  56  96 243   7  41][ 83  13  66 204  20 146 238 119  84   0 218  70 113 160 180 228 120 174
  30 237 253 187   5 207 176  46 170 128  61 232 248  12][ 86 233 150 190 155 192  30 237 191 149 136 163 108 246 104  82 231 251
 255 210 122  75 138 245 185 246 223 239 145  86 167 219][253  80 119 102  97  94  86 188 121 234 183 109  74 125 159 183 156 212
 252  98 237 103 249  42 179 251  69  22  75 183 234  87][253 116 240 102 101 126 214 216 121 238 189  45  74 124  95 190 185 196
 245  99 173 103 248 106 147 255  69  55 203 127  94  87][ 43 223 106 219 253 157 253 255 223  29 124 247 173 206 190 196 239 171
 151 141 246  56 110 247 126  95 190 235  23 140 253 223][169  89 101  77  36  75 103 188 100  96 118 232 243   5 145  53  26 212
  94 106 201 176 125  61 229 232  97  20 119 187  86 121][122 169 226   5 145 251  82   7 115 101 238 141  43 172  86 148  58 174
 229  20  30 186 245 139  58 125 148  83 231 196 222  94][ 24 173  29 107 152 199 134 239 198   1 236   0 247 115  40  32 216 122
  72 232  91 169 120  61 233 197  38  80 112   2 167 170][175 112 112 210 109 253 248  84 139  94 181  63 140 158 247 174 207  25
 215  87 135  39 250 242  87  89 154 255  95 157  79 247][253  52 240  70  53 126 211 152 121 238 191  13  75 121  95 190 146 196
 100 126 172 226 253 234  83 255   5  23 235 247  78  71]