[244 206 159 126   8   6  79 188  48 134 227 208 115 231   9  83  93 253
 104 234 104 231 251  43 241 170  69   8  97 240 166  40][ 73 253  92 119 181 250  87 182 127  97 110  12 190  49 131 180   2 110
 252  72  43 184 113  47 231 255  52  19 106 212 202 107][222 191 218 179 234 168  62 218  63  54  90 247  77 235 203 208 183 255
 239 215  86 213 143 115 254 229  47 143 172 247 171 147][104  48 188  48  77 109  81  11 203 243 164  25 150 185  66  27 137  22
 248  17  26 111 210  16 217 209  81 127 200  72 222  10][ 84  52 157 103  32 110  87  56 104 170 171 104 215 115   8  51 146 212
 108  34  56 240 201  10 237 235 101  20  96  99  66  35][130 175 115  91 114 195 171 101  61   4 116 226  40 199 180  37 126  58
   2 232 243 186  36 255  44  24  34 194 119 128 229 253][ 36 160 255  81 212 207 225 215 231  89 100  16 146 209  76  60   9  26
  66  24  19 252  48  85  79 158  21  68 195 136 198 162][174 239  99  75 242 178 175 252  49   6 121 230  72 230 189 148 127 234
 130 238 243 150  44 235  54  60 143 130 103 247 231 245][ 87 205 143 167 176  35 111 184  54 234 219 196 213 230 153  96 119 239
 125 255 189 208 237 126 172  46 175 132 172 243 177 112][120 249 184 120 171 201  87 238 163  53 172  41  63 223  66  18 131 251
 237  80  74  75 250  49 251 213  21 127 226  18 142 122][165 174 157 127 152  63 134 174 214 187 186  88 243 232 221 163 221 119
 238  49 189 237 107  63 173 223 127  84 192 121 193   5][ 28 191 122  98 242 187  59 240  59 164  63 175  75 237 199 148  63 253
 199 118 160 178  44  62 126 197  37 167 231 247   7 241][ 41 191 127  99 240 143 127 247 113   8 124 108 115 127 128  49  30 186
  23 124 250 186 104  63 239 207  37 224 106 130 194 187][ 93 243 157 167 168  14 127 189  58 248 162 237 223 119  72  83 183  87
 125 102 249 217 219  40 253 243 101 148   8 178 135  89][ 14 250 166 154 239 241 177 206 134 255  28 167  44 220 234 143 205 122
 187  17 150  73 171 177  15  19  93 255 150  77 157 255][218  98  96 229  54 208 122 156  39 244 150 131 253  79 219 102 118 157
 191 239 130  21 173 221 214 201 171 165  39 183  53  89][126 245 186 250 221 247 151 252 151 255 189  11 122 253 110  32 221 251
 243 243 190  99 250 191 251 223 141 127 211 127 246 243][210  54  62 190  10   2  29 104 184  30 135 191 109 215  43  91 182 245
 237 227 100 199 138  79 208 227 122 151  32  39  39  91][ 56 189  27 238  19 205  87 100 181   0 236   8  63 215  32  48 182 187
  93  98  74  43  16  63 241 221   2  59  48   2  39  42][247 229  12 138 137  37  76 232 134  54 129 141 192 226  91  87 201 196
 105 239 110  67 219  81 185  48 203  60  24 119  58  84][198 252 246 126  43 164 159 168 185  86 146 129 236 254  63  91 199  87
 253  71 238  71 154 235  67 122  90 159  70 119  39  95][214  30 158 186 234 160 188 199 190 159  74 183  44 238  99  91 231 123
 171 145  54 207 138 226 248 103  94 139 144  85 175 155][ 80 109 158 190  26 138  22 168 182 128 194   1 247 243   1  83 178 245
 104 226 104 193 139  45 241 227 111  17  32  51  35  10][201 157  81 103 244  30 111 188 125 234 126  68 243 115 144 245 150 102
  94 110 225 176 125 110 230 255  37 128  74 243 195  41][252 184 188 114 169 237  81 159 171 187 166  24 191 255  72  59 133 215
 253  24  58 111 251  49 219 219 117 125 226  64 198  51][194 174 158 158 234 169 180 199 190  31 144 189 164 230  98  91 163 123
 239 145  54  79 138 115 220  18 126 251 152  80 175  27][223 123 129 160 169  52  78 156 170 248 138 205 223 206 217 250 182 197
 125 247 205  71 255 160 176 240 239 158 136 119 163  85][ 68  56  62 146 202 169 177 198 234 180  38  43 182 145  99  27 163 115
  74  81   2 111 146  96 220   0  23  59 200  89   3 203][ 10 170  83  80 112 201 123 210 187  68 116 168  46 223 132 148 175 185
 215   8   3 219 168 255 150 156   1 171  66 128   7 241][ 73  48  29  97  41 206  81  19 107 185 162  24 158  23  64  59 128  20
 124  24   1 109 209  76 199 251  80 114  74   0  67  43][105  52 149 101  41  79  97  59 235 186  34  88 150  51  64  51 129  20
 108  24  35 108 211   4 205 219  21  54  74  32  67  40][ 37 106  55 103 108 143 227 152 239 232 115  76 243 201 221  48 152 108
 110 110 193 240 235  89  68 184  33 164  72 171  83 161][237  48 189 116  77 109 208  10 235 251 160  24 178 184  69 187 137 244
 232  16  47 103 242   0 219 155  85  59 192 121  94   2][ 85 125 149 101 144  78 103 184  32 232 235  72 215  51   1 114  48 212
 108 106  73 208 249  12 253 174 101   4  40 243   2  32][225 120 185 127  12  77  71 252 115 234 164   8 242 209   1  51 152 252
 120  74 107 102 251  57 231 185   5  56  64 251  70 170][176 247 108 107 188 131 215 253  70 140 252 237 243  93 159  49 216  74
  87 120 250  42 111  29 106 201 165 253 117 154 214 235][ 20  20 188 127 203 102  52  27 191 147 237  16 254 127   9  91 167 183
  98   0  48 192  91  64 199 235  87   3 240 112 167 147][ 69  35 155  37  32  14  99  16  40 168 107  72 215  19 129  48  22  76
 108 110   1 208 161   8 228 164  33   0   8 163   3  33][ 77  55 186   1 213  63  97  17 121 255  47  92 222  57  94  30 181  12
  68  62 148 240 185   2  79  95   5 100 202 103 203  69][182 132 196 157 252  47 204 170  27 178 184  26 234 106  13  19  91 195
 127 160  42 102  75 223 157 158 207  60  21 104  82 128][ 69 125  61 103 188  14 111 184 105 232 187  72 215 119 137 115 150  85
 124 106 201 161 249 108 229 184  39 148  64 243  67  33][101 125  76  70  74  26  70 168  97 160 238 172  83 114 135  51  94 244
 124 226  77  82 221  44  62  42 229 159 109 242  74   6][101 113 249 103 176  79  71 184  98 224  47   8 215 113 201  48 144  92
 100 106  25 240 249  44 237 157  37  52 192 179  70  33][196  60  87  87  66 238 107  49 177 130 107  88 247  87   1  53  38 180
  72 170  97 148 177  78 133 170   1   0  96 162   6  48][162   4 244 253 188  46 216  59  27 162 248 154 203 109  20  27 223 255
  53  33 184 238 195 207 135 254 209 148 119 236  82   1][ 50 175 243 111 219 179 174 207 122 167 248 226 105 238 236 180 253 255
 194 129 158 187 236 243  61 229 143  43 209  98 175 172][207 148 238 211 164  58 249 159 126 251  23 182 221  63 222 111  39  87
 191 158 179 220 173 226  78 123 254 196 134 215 161 121][212 188 158 250 170 233  17 195 191  31 161  57 254 255 104  91 167 179
 253  16  58  79 154 115 217 243 115 123 144  65 167  51][138 190 230  30 251 185 188 215 191  23 220 255  44 236 214 156 175 235
 239 149 182 255 142 247 126  87  28 235 231 212 143 223][237 253 120 103 116  14 111 189 121 232 126 108 251  97 155  52  22 236
  94 110 225 178 233 110 102 255  37 164 110 186 194 249][ 45  89 117  67 213 223 226 213 109  65 114  64 210  80 157 164  88  26
   2  88 147 176 117  36  39 152   0  64 203 155 194 164][233  53  25  69 209 111 103   7 120 227  46  24 146  55   4 185 145  94
  64  40  49 252 241  14  39 223  21  48 192  81 198 162][116 117 200 103 146  10  78 184  48 160 235 205  83  97 153  16  56 222
 101 234 104 242 221  46 250 231 229   4 109 243 162 144][220  52 191 230 169 110 119 248 187 186 183  56 222 247  73 123 181 212
 125 106  40 197 187  72 251 251 103  52 194 243   7  51][192 212 157  61  40 142   5  63 188  27  74 112 247  51   0  83 135  55
 108   0  96 204  67  15 165 178 118   0   0  80 163   9][221 244 120 103 240  62 127 248 113 234 247 184 219 127 155 113  55 223
  93 238 237 212 237 174 246 239 103 132 103 247 195 113][197 113 189 103 236  15 111 184 126 186  55  72 215 113 201  59  20  84
 110 106 225 240 251  40 229 187 101  52  64 179  67 161][ 40 183 248 231 240  79 127  61 118 170 127  40 255  55 200  17  95 254
  55  40 248 248 233  14 238 207 101 129 100 234 198 171][173 125  61 115 177 239 103 164 124 163  43  24 210  21  13 177 152 118
  64  74 121 252 121  63 103 219  69 112  64  91 198 162][150  88 143 185 178 230  42 128 188   9 194 213 213 215  41  88 247 117
 125 214  56 149  17 102 241 166 170 192 136  17 161  51][ 66 250 144 186 185 245  18 198 171  77 168  61 174 222 110 148 135  59
 205  17  22  15 154 243 153  84  26 251 152   6 175  95][ 88 243 208 102 243  31 116  93 127  45 127 236  79 161 200 148  54 159
 206  40 211  48 153  19 190 229  37 103 122 154 139  49][252 205 156 254 188 236  87 174 178 158 174  24 247 243  73  91 209 246
 109  66 120  73 202  43 251 231 101  57 160 123 196  42][124 181 121 103 144  78  95 252  49 160 239   8  87 119   9  48  53 222
  85 106 105 178 249  46 255 239  37  52  97 243 198  50][ 68  79 217 101 176  14 111 188  60 172 126 232 247 103 137 112  54 220
 109 106  72 208 233 110 237 239  39 132  32 243 199 113][199 160 164   3 137  61   9 137 122  51 133  24 207 114  90 255  17   6
 120  63  58  70 255  17 141  18 219 127 146  71 159 100][154  11  87  91 179 211 180 228 237   0 242 226 105  12 165 165  46 179
 206 241 245 173  39 252  62  99 102 195 103  21  45 141][ 59 229  82  74  83 208 182 109 237  65 253 162  40 216 174 164 126 155
 130 161  71 171  14 223  50  53   2  75  95   6 171 141][ 75 190 196  31 250 180 238 151  63  91  88 245 169 234 150 212 207 239
 255 149 183 218 207 243  46 126 190 202 223 212 171 221][173 241 121  75  13  93 211 184  87 121 181   8 219  89  92  36 217  64
 123 122 203 100 251 147 111 223 133 124  83 187  80  34][130 178 158 185  15 225 176  71 142  31 192  51 164 158  96  75 233  59
 235 145  50  77  66 209 141 144 218 123 144  72 165 139][ 92 125  23 224  17 111  87 246 165 170 170   8 190  55   1 255 160 116
  76 106  41 193  17  44 241 210  69  50 226 113   7  42][124 236 250 246 251 232 255 234 187 134 253  41 110 255  77  16 251 255
 239 210 106 103 234 231 251 255   7  63 227 115 231 163][250  52  98  72 207 117 148  75 155 118 252 191  10 252 119  31 237 155
 215 177 254 103 242 210  63  83 133 191 231 108 254 215][ 93  79 158 231 164  54  79 190 116 155 222  86 211  34 153 107 117 198
  44 254 249 241 237  34 248 239 231 196 168 243 224  33][ 87 189 136 162 250 229 126 238  58 125 136 141 173 238  74  80 183 203
 255 213 158  11 155 119 250 215 191 253 184  86 175  91][210  94  90  71  98  10  63 112  57 142 118 229 105  71 131  21  54 253
 199 234 224 148 133 110 118 162  98 128 111 179  39 153][ 20  28 159 252 203 102 117 219 191  27 236  16  60 127  33  91 167  83
 127   0  50 111  19  81 219 235 119  14 240  97 163 131][ 86 202 230 231  20  74 122 240  39  49 242 162  75  15  61  66 126 221
 189 243 138 244 201 225 154 233 206 197 167 171 116   8][233 163  31  71 164  14 103  53 104 136 118  76 243  97 152  55  16 102
 108 110 249 248 165  45 228 251  96  16  74 162 194  40][ 26 178 222 181  98 146  56  80 191  29  86 231 236 199 234 219  38  61
 239 145   2 217 135 213 222  99 122 195  38 132  47 139][ 95 117 195 164  83  31 106  88  49 224 235 205  77 167  11 148  54 141
 208 228  61 145 149 206 178 229   9   4 171 166  43 212][175 252  60 154  43 151  31 188 158 222 149 181 239 214 234 229  87 112
 255 110 239  71 126 191 235  83 111 255  30 190 141 117][100 101  81 101 112  74 103 184  48  96 107 204 211   3 137  16  50 204
  68 110  73 144 217  14 164 172  32   4 104 179  66 176][ 26  58  18 184  43 201  56  64 143  29 177 171 172 158  96  88 166  57
 207  17   2  11   2 240 145 209  58 251 144  13  37  83][124  56 182 250 169 253  84 200 175 188 173   9  47 255  99 155 201 243
 253   2  14 107 218 185 219 211  85  59 210 127  78   2][ 77  89 153 229 160 110  79 150 104 234 154  68 223  55  65 122 148 117
 125  10 201  16 241  32 229 255 111 156   8 115   1  49][229 180 245  95 236  61 229 159 251 251 181  88 210 241 221  63 201 206
 126  24 179 118 251 242  15 154 117 126 194 248 210 165][ 93  96  23 117  41  78 164 172 232 186 162  72 222  48 193 191 160  84
 104 106 225 229 163   8 149 250  85  20  64  49 195  44][222  22 182  60 139 118  20  75 249 207 183 191  75 254  79  95 181 181
 237 177 188  71 183 194 219 115  95 159 227 100 175  87][216  20 158 127 137 124 116 154 255  31 167  21 238 243  11 219 163  87
 236   2  36 101 155  99 211 243  83  27 194 113  43  11][ 12 171 228 153 205 249 224 202 198 117  76 139 129 200  91 204  72  42
 170  93 150 112 207 177  12   1 211 101 247  13  92 196][ 62 243  56 170 175  69 158 248 131 216 153  47 110 220  79   3 220 217
 221 227 206  35 218 145 187 209 173 191  87  63  54 211][ 47  53 249  97 185 127 217  91  91 249  60  93 154  61 222 168 159  27
 213  53 159 120 113 150  79 221  17 246 206 204  70 247][ 64 168 152  49 248 137 112 142 170  49  32  13 159 131  66  26 163  15
 105  85  22  90 194 113 204 144  63 109 136   0 139 138][ 90 163 168  54 240 184  91 115  51  13 205 189 171 166 210  16  55 175
 205 149 158  90 228  71 222 101 184 233 164 132 134 207][137   0 243 243  84 174 232  19 124  35 103  80 211   1 152 104 121  12
  50  24 187 180 117 151  71 255 146  68 202 137  80 160][ 27 241  47 161 130  82 109 237  37 117  79 163 221  54 138 114  55 151
 253 173  81 153  53  69 236 167 254 197 164  22 167 253][ 43 162 224  25 245 189 232  87  75  73 124  77  42 136 246 180 157  42
 130  29 151  58 198 211  14  92  16 107 223 142 218 141][228 101 237  77 156 107  71 169  82 166 173 168 211 101 217  51  89 220
 104  98 120  98 253  30 109 134 197  61 245 251 214 112][158 188 160  18 179 247 155 206  31 215   5 191  76 252 127 141 191  91
 147 181 182 207  62 254  59  87 157 127 215  93 191 214][ 27 181  18   8  17 156  48 103 173  73 236  68 174 146 170 180 228  43
 198 132 111 139  16  95 178 245  18  75  26   4 171 157][165 117 113  71 244  78 103 184 105 232 127  72 219  85 157  53  30  92
  84 106 233 176 121  76 103 248  37   4  66 187  66 177][218 164 254   0 131 114  28 135 123 247 166 148  15  46  70  95 227 199
 236 144  62 223 245 226 154 243  86  87 166 196 175  78][ 63 145 120  58 207  52 242 232  91  87 101  23  14 248  62 156 191 139
 130   7 150  42 158 211  18 127  82 111 251   5 235 198][120 168 191 114 171 233  21 207 171  63 172  56  47 255  64  26 163 243
 237  16  26 107 170  49 219 211  85 123 226  80 135 107][201 114 150  71  32  14 110  53 121 170  34  76 255  67 209 183  22 100
 108 110 225 212 145   8 230 250 101   0  74 178 203   9][ 84  48  95 110  98  78 115 120  40   4 227   9 119  95   8  81 182 153
  93  98   8 145  24  13 209 161  96   1  96 131  39  19][ 69  14  25 103 112  78 107  56 125 232 123 108 215  98 128 112 147  76
  76  46 165 176 105 110 172 255  39 128  72 163  67 225][ 84 180 155 250 186 233  19  91 190  29 233  57 223 247 104  88 183 187
 111 144  26   3 154  83 217 167  59 111 176  66 167  51][172 166 253 103 244 107 107  57 118 175 127 240 211 119 152  49  95 222
  38  42 176 244 233  15 110 175 101 196 231 234 198 161][ 69 115  25 101  48  14  99  16 104 172 111  76 215  19 136 112  52  92
  76 110 193 144 177  12 229 173  33   4   8 178   3  33][ 84  70 159 175  26  10  78  40  52 162 195 193 215  99   1  83 118 245
 108 226 104 197 201  14 240 166 111  16  32  51  33   0][ 87 241  67  34 147 214 111 113  37 193 235 221  79 215 226 212  54 189
  92 252  93 155 184 198 187 220  15 206 234 134 171 117][124 173 251 102 240 111  71 248 113 170 238   8  83 115   0  48  49 254
  85  42 120 251 185  46 251 239  37  20  98 242 230 162][149 190 207 191 178 163 175 191  62 203  90 244 245 226 128  64 119 111
  63 133 177 220  13 127 236  38 255 192 172 240 161 249][229 180 189  87 236 109 229 219 250 251 177  88 210 241 220  59 141  94
 126  24 179 118 251  18  13 154 117 124 192 232 195 161][ 93 248 189 167  40  78 127 188  42 236 174  12 255 119  75 114 148  85
 125 110 201 208 249  40 233 255 109  52   8 178   7 123][110 245 184 250 253 213 215 248 211 250 181   9 114 253 127  48 221 219
 247 115 203  99 250 179 251 223 165 254 211 123  86 243][214 223  22 183 138  34  62 174 190 114 138 247 205 102 137 195  39  71
 237 231 117 201  15 127 184 103 111 215 172 119 169  29][151 207   7 147 146  18 174 239 188 210 202 247 205 102 185 199 119  71
 123 231 245 221  13 239 184  34 207 196 173 245 185  92][212  48 183 102 168 111 117 248 187 186 183 120  94 247  73 127 183 212
 125 106 161  99 187  72 219 186 101  62 194 243  71  51][197 113 189 119  44  15 101 184 126 250 119  88 215  81 201  59 148  84
 110 106 225 244 251  40  69 187 101  52  64 177  67  33][101 127 108   5 218   2 151 184  96 164 250 238 113 120 135  51  94 197
 100 227 204 114 237  45 124  46 229 148 109 226  66  79][  4  56 186 178 234 233  49 194 238 212  38  41 181 211  99  10  35  59
 107  80  18 107 130  96  92 128  51 105 232  65  39 203][165 117 117  71 180  15 103 184 105 232 119  72 211  81 157  53  28  92
  84 106 233 240 121  12 229 248  37   4  66 187  66 161][ 38 177  45  59 193 237 177 193 174  93 213  29 146 221  78  41 205 154
 211  17 155  42 122 177  69  16 152 250 217  78 214 242][ 87 191 194 165 242  34  46 251  62 226  90 231  77 238 147 208 119 239
 183 183 199 148 141  90 188 100 175 132 173 246 171 157][225 101  81  71 244  30 111 188 125 226 126  72 215 113 149  53  18 110
 124 110 225 180 253  46 102 190  37   4  78 243 194  40][ 40  73 126 111  73 207 119 240 228   0 236   8  51  17  33  16  40 240
 115  74  72 171  50  61 103 205  96  17 115 187  70 170][ 56 141  31 238  27 207  87 104 165   0 172   8 127 115  32  16 240 187
  77  98  90  11  24  61 241 213   2  59 114   2  39  42][ 36 161 189  81 184 235 161 143 110  25 172   0 146  17  12  56 137  26
 104  24  19 168 115   7  77 158  52  85 192  72 199 162][228 181 185  98 217 109  23 136  19 183  45  24 210 117  73  58 145  94
  81 114  58  98 251  50 239 148   5 127 210 123 198 242][120 233  62 126  29 205  87 228 243  16 236   8 127 251  33  48 200 242
 253  74  74 107 250  61 243 255   4  59  82  27  70  42][ 85 207 158 231 180   6  79 189 116 170 154  98 211  99 201  99 119 198
  44 254 248 217 205  42 248 239 231 132 160 243 224  41][176 218 125 109  46  15 215 252  84 238 240 237 243   9  23   1 220 192
  79 103 233 236  81  63 230 203 240 144 125 152  90 219][229 117 213  99 132  44 102 152 114 218 179  84 211 112 217 187  25 196
 124 122 175 116 223  34 172 138 101  68 233 243 202   4][252 140 154 254 186 104  87 190 179 142 174  40 247 243  73  80 147 246
 109  98 104  75 203  47 251 231 101  61 160 115 198  43][ 69 125  61  71 184  14 111 188 236 168 190 104 215 119 137 115 150  84
 126 106 225 224 249 108 229 184 103 148  64 243  67  33][ 85 101  69  39  48  74  78 184  48 224 251 224 211  97 153  51  18 196
  92 239 105 208 205  46 160 166 165 148 108 179  82  48][ 45  41  96   9 253  31 226 208  77 105 248  78 146  56 159 164 216 138
  70 127 157 179  85 184  54  92   4  56 223 143  90 140][195 190 196 159 248 189 236 159  63  83  80 245 168 234 214 220 239 235
 247 149 183  90 207 247  46 126 222 234 159 212 251 157][116 108 206 111  56  34  71 184  48 142 238  33 115 115 139  83  89 196
 109 238 104 215 201  46 240 175 229 148  40 243 114  98][ 37 106  75  79 108 137 235 120 238 232 113 236 243 201 213  48  88 172
 110 110 201  50 206  29   4 184  33 168  76 171  82 160][236 253 157 115 145 111 119 167 120  35 111  24 150  55   0  57 161  94
  64  26 113 252 249  38 239 255  84  66 192  81 199 170][221 228 122 119 246  58 127 248 113 234 119 155  91 127 157  49  63 223
  85 239 236 246 173 174 246 239 229 132 103 245  98  81][224 248 185 111  12  77  71 188 122 162 160   8 247  85   9  51 152 124
 120 106 107 100 251  59 229 152   5  56  64  58  70  42][244 172 254 246 255 235 247 234 251 182 248  58 106 253  13  17 251 251
 198 162  42 231 170 255 127 223   7  63 199 123 230 163][109 113 209  71  80  79 103 184 113 232 107  72 211  49 137 180  16 220
 100 106 193 176 249  10  45 188  37  52 106 179  66 161][232 244 189 115 233 109  85 159 123 251 164  24 190 183  72  59 137  94
 124  24 187 110 251  51 207 223  85 124 192  88 198  58][ 86  86 158 174  10  38  29  89 160 158 143 173  79 231  43  90  55 213
 237 167  72  67 154  64 209 231 126 159 169 119 167  83][205 102 163  71 100 126 107  16 121 238 119  77 219  37 215  62 144 108
 100 126 161 244 229  10  70 127 101 128 194 247  86 117][ 68 127 249 101 176  14 111 190  52 164 126 204 215 103 129 112  54 220
 108 110 201 176 241  46 237 239  37   4  96 242  70 113][233 112 188 116  41  77  85  40 235 242 164  24 150 153  66  59 129  84
 108   2 105 103 218  16 195 219  81  63  72  56  74   2][242   4 212 157 253  47 220  47  27 163 184  26 238  42  20  27 251 231
 127 161  56 238  83 222 159 190 219  52 213 104 211   8][242  60 226 216  95 119 144 119 155 255 244 191  10 188  86  27 237 157
 215 177 188 111 242 210  31  94 216 191 247  76 118 223][130 207 111  89  82 131 175 119  20   4 116 231 113  71 180   1 126  56
   3 238 242 156  37 127 101  10 170 192  85 128 228 249][120  48 184  48   9 109  81  71 234 243 164  25 150 157  66  26 129  22
 232  17  26 111 210  16 219 209  80 123 192  72  79  74][173 249 105  65 236  31 207 184  87 248  52  12 147  25 213  37  88 204
  54 122 203  58 253 180 111 217 165 124  94 185  80 100][  4 157 157 255 170 226  21 143 182 147 232  48 215 183  64  91 195 247
 105 144  27 202  91  96 237 167 126  71 144 112 167  58][ 37 115  81  69  82  15 102 184  96 232 123 236  83  16 137 176  60 204
  70 110 201 178  77  12  36 140  33 132 105 179  66 145][131  78  71  93  64 150 174 115 188   6 114 198 233 130 181 197 110  33
  34 142 225 156  71 126  36  58 222 128  93 180  97 188][210  66 102 245   6  38 104 216  63 180 210 147 111 143  53  75 118 237
 191 229 170 212  17 205 151 248 139   5  39 189 116  72][165 253 121  71 244  15 111 189 125 234 118 108 243  97 149  48  30 236
  86 110 225 180 237 111 102 255  37 132  79 186 194 233][ 87 253  41 170 176 199 126 254  38 105 152 237 253 255  90  80 183 203
  95 215 223  11 153 127 253 197 175 252 188  86 167 219][134 126  66  71  98  34 175 112  53 142 118 231 105 103 151  20  62 237
   7 238 224 148 133 110 102  46 226 128 111 243  35 185][ 71 248 189 146 203 213 185 143 142 245  12 155 172 222 111 238 135 115
 251  21 151  13 186 243  13  20  31 127 158  22 141 126][ 18 175 191 111 152 179 174 239 118 165 251 198 225 238 180 128 253 255
 206 181 190 251 233  63 185 229 175 241 225  98 175 148][201  48  21 113 105 237  97  19 107  57 102  24 190  19  64  62 128  52
 110   8  17 124 211  64 199 251  80 114  74   0  67 171][120 249 184 234  57 201  87 238 163  37 172  41  63 159  66  16 138 251
 237  80  74  11 218  53 251 213  37 121  98  18 142 122][ 93 109 233 167 180   3  79 188 118 232 222 196 243 102 155 112  86 206
 124 239 217 146 237  46 236 175 175 196 172 243 240 112][192  92 158  63 176  46  21  55  48 139 238  24 247  51   1  90 133 118
 108   0 104 204 211  47 225 183 116   0 128 112 163  41][255 252 108 251  42  93  91 184 159 254 148 143 255  95 219 115  71 209
 253 110 238  71 127 191 203 203 109 253  54 189  13 119][248 184 188 112 169 253  81 159 171 187 164  24 159 255  64  59 133 215
 125  24  58 111 250  49 219 219 117 127 226 192 198  59][ 26  82 206 185 106 146  56  88  63  29  86 231  45 134 162 217  38  29
 175 212 134 217 135 209 214  97 122 195  47 133  41 221][218 180 238  49 139 112  92 135  59 255 166 157 139  46  78  91 201 199
 237 148  62 207 245 226 223 243 222  87 163  84 174  94][ 33  49 183  76  77  77 161  79 207 113 228  24 146 149 108  46 200  24
 114  24  17  43 242   0   5  56  80 106  83   8 214 246][ 84 127 153 166 178 136  63 148 160  13 234 233  63  87   9  83  38 255
  93 194  50  18 136  41 240 225  32 128 160 211 167  99][210 184 150 180 139 236 176  71 191 147 162  18 172 190  96  91 167  55
 251 144  50  79 146 195 153 242  94  43 128  64 165  27][ 98 162 232  24  77 249 208 202 203 117 164 187   3 204  94  26  73 136
 195 149  30  47 238 147  30  85 145 127 247  13  94 198][ 93 113 145  71 240  78 103 184  96 232 235  72 211  51 137 116  48 212
 108 106  73 144 249   8 165 172  37   4  42 179  66  49][128 140 159 187 152 231 169 135 190  19  66  83 180   6  32  75 225  51
  43 145  51 205  83 117 141 130 218  64 152  72 165  26][117  69 121  71 164  79 207 184 119 224 255   8 211  97 221  52  88 196
 124 106 201  48 125  58 233 158  37  20 119 251 194  96][165  36 149  87 141 127 197   8 119 250 227  80 210 112  93 191  89 204
 106  42  41 244 123 138   7 250 193  20 203 251  82 164][ 73  29 155 228 176  44 111  55 104 232 106  72 255 179 193 240 150 126
  60  10 193 152 145  10 245 253  38   8 136 242 129  57][ 41 239 125 107 240 143 111 253  48   9 124  72 115 115 144  17 188 186
  87 124 241 184  89  63 111 207  37 192 104 130 194 169][  9 178  42  42 113 157  89 121  47   5 109  13 175  74  10  16 158  11
  70  20 150 138  20  85 202 223  16 105  88   6 170 199][194 164 164  91 168  41   8 143 126  51 129  24 198  96  92 127 129   2
 121  25  50  76 223  83 140  26  94 127 144  64 147   6][ 92 180 156 242 137 237  81 223 170  51 173  24 159 247  72  58 129 155
 105  16  26 107 250  49 219 215  85 127 144  64 135  50][ 30 224 236  27 139 247 153 207 143 247  68 131  76 252  95 143 175 123
 179  21  22 220 191 241  75  91  93 111 247 116 159 254][221  28 156  60 169 124  84 155 187 127 166  29 238 255  67 219 167  87
 236   0  62  77 179  99 219 243  83  31 202 117 175  83][ 72 120 149  85  43  24  37 148 248 186 166 120 254  51 193 191  34 116
 108  74  65 245 163  96 133 186  85  18 202 241   3  45][ 37 246 189  59 252 173 198 222 223 251 177  93 246 232  88  42 221  79
 110  19 191 103 219  51 253  22  85 124 216  89 138   7][ 84 212  31 165 146 102 109 191  52  64 202 194 213 119  33  80 119 149
 125 189  41 145 145  94 249 167 239 196 168 178 161  49][192 180 157 181 168 108  33 143 190 187 130 125 213 178  72  91 167  87
 104  16  51  77 211   2 205 163 127 116 136  96 131  27][ 90 179  26 237  58   3  57  57  54 132 198 165 239 199   0  80  54 189
 237 164   0 129 147  93 216 165  43 132  40 160  37  57][194 252 189 186 248 229  17 214 190 251 176  57 148 158 103 121 199 179
  95 145 182  79 114 118 217 147 127 255 144  80  39  91][ 80  89 151  84  11  95  68 116 173 184 166  72 126  51   5 183 160 244
 236 104  73 201  49  44 179 219  69  18  98 176  66  47][ 61 245 120 234 254  11  95 248  18 224 189 171  83 109 217  48  31 212
  85 255 234  34 109  31 250 205  37 252 117 187  82 241][101 241 253 105 253  77  91 184  91 240 165   8 223 125  89  50 157 213
 125 122 203  98 251  17 239 219  69 124 208 187  66 242][117 237 105 199 180  11 111 188 116 232 222 204 211 103 155 116  86 206
 124 238 217 146 237  62 236 175 167 196 164 243 240 113][ 89 113 185 101  57  78  91  56  43 232 174  12 255 119  67  50 148 245
 125 110  73 209 249   9 231 253  37  48   2 178   7 122][ 69  35  81 101  48  10  99  48  96 232 107 104 211   3 137  48  18 204
  68 110 201 144 229  14 228 172  33   4 104 179  66  32][165 106  75 111 108 137 235 120 236 168 121 236 243 193 145  48  26  44
  78 110 193 180 204  62  68 184  35  40  76 187  83 160][120 249  58 126  29 205  83 228 243  20 165   8  63 223  32  48 200 250
 232  66  74  43 250  53 243 249  20  57 114  26  70  42][240  48 184 112   9 109  81   3 162 119 164  24 151 149  66  26 129 149
 105  16  10 103 242   0 211 193  80 125 192   0 135  98][ 56 137  94 238  91 203  87 100 165   4 236  40 127 115  32  16 234 179
 204  98  88  43   0  61 243 241   0  27 114   2 102  42][248 176 188 112 169 237  81 159 171 187 164  24 191 191  64  59 129 183
 125  24  58 111 250  17 219 219 117 127 226 192 198  59][105  32 148 101 105  13  96   0 107 185  38   8 158  17  68 190 128   4
 108  24   1 120 211   0 135 217  80 112  74   0  74  42][ 84 203 159 255 178 194  31 228 182 149  71 161 247 247 105  91 245 119
 109 210  90 217 139  41 249 167 255  69 160 115 167 106][212 112 191 196 104  78 125 216 235 186 179  88  86 183  77  59 183 213
 126 106 161  71 187  64 223 186 103  62 192 113 103 179][131 174 196 187 252 189 236 143  63  83 208 215 237 106  86 137 239 107
 123 149 183 220 223 247 172 122 223 232 157 212 219 156][220 181  19 232 187 194  27 121 182  57 235 176 223 247 104  80 183 159
 237 176  58 195 153  87 249 228  43 124 178   2 167  51][241 112  61 116  40  77  81  48 224 240 167  28  23  25  64  59 128   4
 108  74 105 103 242   0 195 201  97  56 104  32  66 114][ 53 103  66  15 210  27 230 232 116 160 105 204  67 224 189 148  58 236
   2 110 205 178  77  30  48  12   5   4 125 179 106 132][ 12 172 157 115 145 235 119 166 122 115 102  24 246 119   9  59 161  86
 104  26 115 248 249  39 239 255  85  67 192 113 199 170][236 180 189 115 172  77  85 159 123 251  37  24 214 117  72  59 145  94
 108  24 123 100 251   2 239 219 117 124 194  64 198  51][ 96 109 121 101 176  14 111 190 112 172 110  76 211  39 145  48  16 252
 108 110 201 184 241  14 237 237  37   4  96 178  70 120][169 231 123  71 116  15 239 189 125 234 119 204 243 105 156  48  62 236
  22 110 225 176 109 127 102 190 103 128  77 186 194 185][131  76  71  29   0 182 174  50  52  66  98 214 177  34 181 229  76  34
  50 142 225 156  87 111   4  46 218   0  25 244 113 188][165 180 189 117 172 111 241 218 126 251  51  88 215 113  72  59 129  94
 126  24 179 244 251  16 205 139 119 116 192 104  71 163][120 249 120  98  57 205  87 244  35  45 172  40  63 151  66  16 152 251
 221  80  74  11 248  61 251 197  37 121  98 146 134 123][ 23 175  67 165 242  34 110 255  54 224  90 231 221 102 145 208 119 207
  23 191 221 152 141 126 188 110 175 132  45 246 187 220][165 113 125  71  36  79 103 184 120 234 119  72 211  81 157  49 148  84
  92 106 233 244 121  12 229 186 101  20  64 187  66 161][ 87 207 197 135 138   2  46 188 174 226 138 197 245 102 145 230  55 231
 124 239 205 193 239 127 188  38 239 148  44 243 129  92][ 84 233 223 167 188  66  79 173 114 165 203   2 195 227 216 114  82 198
 104 126  88 217 207  40 248 239 199  85  36 186 224  40][  0  78 111 125   0 134 239 118  52   2 106 198 241 103  48  65 124  98
  43 238 224 188  85  63 101 171 226   0 113 243  96 168][ 60 173 123 103 240 107  71 254 113 174 255  40 115 115 136  48 123 254
  68 106  56 251 105  46 123 239  37  21  99 242 230 163][ 23 253  11 170 240 135 111 252  39 232 216 233 119 119   8  80 127 251
  95 255 203 155   9 127 249 197 175 244  52 146 162 137][ 45 160 177  97 253 109 225  75 127 169 105   8 150 240  72 172 153  26
  98  25  19  48 251  18  13 156  17 126 192  74  67 166][ 61 225 104  33  52  31  74 184  67 104 181  77 211  72  95 176 152 200
  84 111 207  54  93 191 130 221   1  52 127 191  90   4][157 236 254 247 230  58 127 248 113 226 119 147  91 127 157 121 127 221
  55 238 232 246  45 174 246 239 245 132 231 241  98 209][247  61 107  96 208 214 111 115  53 200 254  24  57 214 166 240 254 235
  86 254 255 143  52 110 187 233 165 200  97 161 230 245][ 48 205 123  76  29 205 215 230 116   4 236   8  50 145  37  52  88 186
   2  72  74  59  48  63 115 141  16  57 115  24  70 170][109 141  71  71 212  62 111 190 117 162 126  72 251  97 156 245  56 238
 102 110 249 248 125  45  38 254 101   0 107 242 210 172][109 113  81  71 113  31 102 184 113 232 107  76  75  16 221 180  56 204
 196 110 205 178 221  12  62 221   5  38 107 183  74 165][ 19  58  78 185  98 183  56  82  46  21  86 199  13 142 114  72 102 141
 191 213 134 156 151  81 214  97 250 129  45 133  41 209][  7  30 194  71 114  42 234  80  60 130 122 231 249  99 149  28 126 236
  23 238 161 148   5 110  36  46 170 128 109 243  99 177][194 184 150 156  11 224  56  71 191 147 194  50 172 182  96  91 231 119
 251 144  50 207 146 225 153 178  94  75 128   0 167  27][172 166 253 101 244  43 110 186 118 171 126  80 211  99 152  49  95 220
  38  42 176 244  65  15 110 239 101 196 239 233 194 161][ 88 221 158  54 169  94  85 167 171 183 142   9 239 119   2  91 135 119
 236  66 120 201 187  45 233 243  85  83 130 114 143  90][ 13 173 254 127 156  63 239 255 118 162 255   0 243 225 217  96 121 110
 110 170 248 248 251  63 111 239 103   4 225 251 225 168][248 180 172 163 141 126  93 159  51 255 183  61 155  63  74  91 205 199
 253 148 190  95 249 130 219 243 246 215 170  68 254  90][ 92  63  90 238 186  42  86 186  51 174 250 237 239  99 129  80 119 255
 236  98 120 211 201  62 250 231  37 149 170 242 142   3][201 124 185 240 169 125  29  23 250 250 134  24 159 151 211  59 133 119
 253  25 233  77 240  82 235 217 127 189 136 112 135 123][ 41  41  57  97 229 223 231 242  95 228 108   8 147 153 119  32 216 108
  18  74 205 184 112 188 103 221   5  52  80 187  80 234][ 93 159  79  47 178  42 111 190  52 234 222 228 247 103 154 113  55 102
 124 238 249 153  45  47 232 231 111 132  46 243 161 113][118 174 254 222 255 171 255 234 187 134 248  43 108 251  45  17 255 255
 207 162  34 115 138 255 127 183   7  47 229 127 103 131][ 69 121  61  71 232  78 111 188 232 248 190  72 214 119 137 115 134  84
 126 106 193 240 251 104 229 184 103  20  64 243  67  33][ 60 107  98  46 125 153 198 104  67 108 117 235 107 201 183 148  90 232
 135  79 206  50 110 185  54  93 161 169 119 175  94 197][145 175  14 191 184 131  94 239  54 172 219 247 243 234 186   1 217 239
 110 231 124 251  79  63 248 131 239 193 104  74 168  19][ 72 209 149 237 169  76  21 159 174 189 170  32 221  55  72  90 196  87
 125 208  27  73 219  32 237 246 126  85 128  18 135  59][  0 157 158 253 176 167  61 247  30  11  74  86 180 179  32  96 197  59
  27 128  50 216  81 255 237 166 190  64 152  88 161  43][ 86  51 138 172 136  36  31  88 163 205 141 205 221 231  75  82 252 213
 253 228 137   3 219  64 241 229 175 188 168 243 166 115][ 64 124 154  62 176 238  55 182 176 138 234   0 246 247   1  82 149 126
 108   0 104 204 208 111 233 183  52   0 192 112 162  43][224 104 153 111  12 111  67 156 114 162  96   8 247  85   1  58 144 124
  72 106  41 116 249  59 197 174  33  48  64 123  70  42][ 90  64  38 244   5  38 104  68 181 150 227   3  75 207  57  91 248 173
 187 167  40 215 154 200 147 251 218   5  35 253 116  10][124 111 200 111 146  42  71 184  48 166 238 168  83  99 131  16 122 236
 109 106   8 146 201  46 252 239 165 132 161 243 102  41][165 165 241  68 252  79  71 249 115 234 253   8  82 113 205  54  25 220
  68  42 105  50 249  10 111 156  37  60 115 250  86 162][229  60 149  85 173 127 196  11 255 186 179  88 194 248 213 191 201 228
 110  26 173 247 251 130  15 250  69  54 202 125  82  36][ 53  79 105 207 254   3 207 184  68 224 251 230  83  97 153  96  94 204
  22 238 201 178 109  60 116 173 165 148 125 187 112 161][163 246  97  93 120 148 173 254  63  79 252 229 168 199 158  53 204  10
  70 140 227  14 230 255  38  60 178 136  83 148 230 253][114 121 105   0  79 221 145  79 131 244 164 139   2 156  71  56 232 185
 211 209 206 107 250 144  91  64 133  59 101  28  86 254][163 174 238  25 214 187 168 199  95 115 114 242 160 168 150 173 107  43
 146 145 182 254  71 247  14  30 210 193 221 204 250 156][ 41 237  93 107 244 143 111 189 116   9 126  64 243  67  16  49  24  34
  70 120 123 184  73  63 111 143  37  64  64 130 194 169][ 73 133 218 101 116  62 110  51 120 129 110  72 247 179   0 240  16 110
  16  40  17 152 144  11 231 173  32   0 136 226 202 168][ 89 171 172  53 185 254  25  23  50 125 134 177 239  37 146 127 133  71
 253 157 190 200 231   5 201 243 250 193 226 196 143  91][108  98 222 247 108  56 120  18 169 147 119 183 157  47  67 218 102 213
 255 134   4  84 195 192 214 233 242 129 175 241 106 131][  0 248 187  60 117 205 178 198 235  73 120   9 174 156  82   0 170 123
 195  81 199  59 146 125 253  85  22 107 193  20   7 219][101 229 249 103 244  95  71 248  85 226 123  74  83 113 153  48 121 204
  22 106 233 178 253  46 127 143 165  36 109 251  82  32][ 92 120  23 224   1  78  83  16 161 184 162   0 158  23  65 255 162 116
 124 106   9 197 177  96 209 248   1  22  34  49   7  51][220 188 188  60 137 252  52 135 187 255 166  29 142 190  66 219 167 119
 253  17  62  79 243 226 219 243  87 127 202 116 143  83][242  56 182 218  79 245 152  67 155 251 241  59  44 156 102  43 237 189
 247 145 188 127 242 210  31  30 218 251 213  12  54 223][213 101  69 103  48  74  78 184  48 224 251 224 211  65 153 112  18 196
 124 110 105 212 205  46 164 170  37 148 108 179  66  48][245 121 111 100  32  14  79 176 224 232 182 236  83  87 145  51  22 196
 124 238 201 197 253  40 240 233 101 148 109 179  66 113][233  97  88  97 105 221  96   7 105  32 174   8 158  17  68  54 160 132
  76  88  10  35 225   0 151 217   0  50  66 130 202 170][204 124 186 114 137 253  95 151 251 255 143  24 190 255  75 123 133 123
 249  18  42  77 250 162 251 223  95  59 130  85 135 122][210 184 150 153  75 224 184  71 191  19 194 179 172 190  96  91 239 191
 251 145  50 207 147 241 157 178  90 203 128   0 167 154][  7  15  71  15 112  42 238  16  60 194 123 199 209  99 149 196 126 108
  23 238 161 144   5  78  36  46 170 128 141 227 123 145][ 13  34  23 103  36  47  99  24 124 168 123  68 215  65 145 104  54  44
 102 110 129 180  73  12 196 168  35   0 104 163  67 161][ 20 188 190 127 188 239 247 255 118 171 255  16 243 243  88  96 121 110
 126  42 184 249 251  63 255 175 119  68 225 251 225 162][236 180 189 115 173 109  85 159 123 187  37  24 215  53  72  59 145  86
 124  24 123 108 251  18 207 223  85 116 194 208 198  35][ 60 191  90 101 242  11 119 250 113 172 254  96 115 115 128  16  91 254
  68 106 104 186  73  46 254 239  37 129  99 242 198 163][ 19 165 203 173 210 163 110 111  54 193  74 195 113  98 154 208 122 239
  19 173  29 154  77 127  60  46 175 128 173 198 234 136][ 89 105 187 100  57  78  95  48  99 232 174   8 255 247  64 114 144 244
 125 106  73 211 249  12 243 253   5  48   2 162  70 114][133 113  61 103  36  79 103 184 124 234 119   8 211  83 137  51 144  84
  92 106 233 244 121  46 229 171 101  20  72 187  67  32][ 61 205  99  71 244  15 111 189 117 232 250 204  91 103 157 244 126 238
  94 238 233 146 109 126  60 174 165 132  47 243 210 125][131  72 143  29  13 180 236  38  84  83 194  84 176 170  54 237 201 166
  58 141 237 220 119 123   4  58 218   0  89  76 120  28][181 253 108 123 152 214  95 254 116 206 244  20 115  94 147 113 253 211
  95 250 253 207 119  62 251 235 166 217 105 145 238 251][117 143  12  63 184   3  78 185  20 162 203 197 247  99 154  81  93 230
 108 231 253 210  77  63 232 231 239  20  56 234 184  16][ 11 172 141 189 157 189 108 175  62  83 194 213 191 234  82 201 205 107
 127 157 191  88 211 183 140 255 223  88 156  76 153  88][ 76 169 159 119 145 204 117 164 250 113  98   8 246 243  72  59 161  86
 104  82  19 248 187  33 207 251  84  67 192   2 199  42][ 84 201 158  38  11  92  18 168 171 188 174   9 238 247  75  82 132 245
 236  66  76  75 155  41 219 247  69  27  66  55  15  75][ 37 111  66  12 114  11 230 120 112 160 104 204  80 128 149 180  58 236
  66 110 193 178 204  94  52  44  33  40 105 179  98 132][218 181  23 232 187 194  57 121 191  53 135 176 205 215 136 215 119 149
 237 186 123 207 153 221 249 242  75 214  34 130 167  51][240  48 188 116   8 109  81   2 234 123 165  24 151 149  66  59 129 149
 108   0  10 103 242   0 209 161 112  57  64   1   7  35][ 37 239  73 101 244  11 239 189 125 170 122 204 243  97 148  48  62 236
  22 110 201 176 109  63 102 190  37 132 109 186 210 161][124 253  94 238  59 219  86 236 179 164 181  41 127 255  73  16 250 253
 237  98 106  67 235 191 251 215  37  63 114  51  38   3][170 249 104  74  86 217 242 244   2 100 124 171  33 205 247 128  58 248
 147 227  70  58 108 191 118   9 165 169 119 159  94 218][212  48 191 245  10  78  49  88  62 178 163  24 215  55  73 123 167  85
 123  56  33 215 249  64 221 171 119   4 192  33  39 179][116 237 201 174 156 202  71 173  98 164 202 136 227 227  88  82  82 238
 104 122  90  75 207  45 248 229 133  93  36 187 244  32][ 97 125 125 101  52  78 111 181 112 164 110  72 243  55 145  48  24 244
 108 106 233 184 241  14 229 255  37   0  96 178  66  56][ 77  77 165   7 136  14 111 184  38 224 138 196 241 102 145 114 118 228
 120 239 201 209 253 106 173  46 239  20  44 243 145 112][221  85 252 191 174 125 119  24 124 198 255 139 255 125  27 123  54 247
 253 111 172 229 255  42 247 235  97  17 245 251  13 115][ 96  32 156 101 109  91 192  11 107 181  34   8 130   0  86  26 136  12
 104  24  14 248 211  16 143 217  17 117  64   8  82 138][ 41 141  70  71 213  30 230 189 101 168 126  68 235  96 156 246  56 230
 102 110 221 184 109 173  46 254 101   0 107 254 218 140][165 174 221 101 244  42 104 187  54 170 114  80 211  35 145  49  95 236
 102  44 177 252  65  14  78 175 117 196 237 232  66 129][  0 198  13  95  12 135 205 175  20   2 234  64 241  99  56  96  88  18
  42 168 105 168  67  63 165 174 242  80  81 154 224  40][161 141  49  91 245 221 229 103  95  73 104  24 178 144  52 164 153  58
   2   8 115 190 114 183  45  30  20 106  82   8 212 174][ 84 195 222 182  50   2  95 248  54 164 199 163 119 103  11  81 118 245
 109 226 104 193 137  45 248 231 239 149 164 179  37 115][248 203  94 236 106 203  86 108 173   4 228  41 111 211  32  81 234 177
 196 226  72  43   2  61 243 225  66  27 112  48  46  10][232 120 149 109   8  79  71 156 114  42  34   8 247  87   1  59 144 124
 104 106  97 244 249  59 229 174  97  48  64 114  71  42][225  60 149  92 109 125 212  66 255 250 178  88 174 184  69 191 137 230
 238   3 173 111 243 162  23 122  81  58 200 125  90  15][112 233  59 126  29 205  83 238 227  21 172   8  55 215  96  48 137 250
 104  66  74  43 250  61 251 237  16  57 112  27  70  42][120 185 185 112 153 237  81 159 162  53 172  24 151 183  64  58 129 154
 105  16  27 107 242  17 219 221  21 125 192  64 134  58][ 37  56 147   0  93 253 224 194 235 225  40  72 142 152  85 188 136 108
  66  89 135 115 210  96 159  92   1  62 202 109  90 132][ 57 237  75 238 240 131 111 236  38 160 234   8 119  99 136  80 122 238
  95 238  88 155  73  63 248 205 135 116  52 178 226 168][163 170 228  25 212 187 168 199  94 115 114 243 160 136 150  41 107  11
   2 149 182 252  71 247  14  26 254 193 221  72 211 140][ 77 113  61  71 232  76 111 188 232 248  63  72 254 119 201 114 132  84
 126 106 193 112 251 104 229 184 101  36  74 243  67 161][  0 221  31 255 148 199  39 167  20  67  66  66 245 119  32  65 193 115
  27 192  51 152  19  63 233 166 190  64 152  88 161  58][101 225 185  97  93  79  79 184 107 240 165   8 211 125  85  50 153 212
 123 122 201  98 249  24 127 217   5 124  64 171  70  98][209  75 139 188  22   4 110 132  84   0 210 194 245 230 177  96 124 251
  62 193 201 154   7 105 181  32 170 136  60 184  49  40][ 61 223  67  79 242  27 110 253 117 224 250 230 123 102 157 244 126 238
  22 238 237 186 109 255  62 238 165 132 111 190 232 253][ 81 249 153  96 184 204  66 156 163 185 174  72 150 151  72 246 134 212
 124  88  91   9 251  96 171 249   5 126   8 146 131  57][204 176 181  81 171 109  49 139 122 251  35  56 158 177  76  58 163  31
 232  16  19 124 187  82  77 158  85 118 200  65 135 115][211  42  46 169   8 164 121  82  38  21 198 133 177 139 115  73 236 169
  59 157 142 150 131  81 212  41 186 129  24 129  41 218][  3 246 109  93  56 149 173 190 174  95 244 228 185  46 148 165 206  19
 223 141 227 104 119 253  39 123 250 152  84 148 103 253][169  66 193  95  85 156 224   0 114  65 227  84 227  64 156 252 120 140
  34  28  47 246 229  71   6 190 144  64 203 140 122 164][183  61  97  64 213  87 198 127  85 232 248 206  66  28 181 165  88 218
 150 243 253 251 125 158  59  10 197 182 223 124 118 253][ 37 253 243  71 213  79 231 252 119 226 127  74  82 113 157  52 121 236
  50 106 225 242 125 238  61 190   5  36 239 251 210 164][252  64 104 238  13  68  87 232 196   6 165  10 115  81  57 113  88 208
  89 234 104  39 123  63 211 233 192  25 115 171 116  34][244 239 170  62 216 193  87 232 146 134 233 169  99 238  47  81 217 249
 109 226 110  71 202  63 241 167 167  57  48 115 102  66][ 93 223 111 103 178  58 111 188 116 232 222 230 251 103 155 241 118 246
 125 238 249 144 109  46 230 239 231 132  46 247 168 113][ 45 240 245  87 125  95 194 184  91 224 113  72 114 112 157 180  24 108
 114 106 169 242 249  29  15 254  69  52  75  43  82 164][ 33 161 202  65 240 133 248 215 171 185 188 197 144 131  92  16  77   8
  83 156 146 186 208  64 111  28 148 236 203 128 226 154][ 71 177 136 161 248  68  89 156  34 248 158 173 156  23 203  82 198 149
 127 244  91  83 209  64 254 241 175 236 168  34  34  91][ 41 205  25 109  52 143 111 188 116  40 126  64 243  97 144  48  24 100
 110 106  73 184 105  63 111 191  37  64  72 154 194  40][130 168 135 153  74 160 184  71 190  19 194 211 172 182  96  73 239 187
 107 145  50 223 195 209 157  50 218  75 128  64 165 138][ 97  56 183  84 172 253 176   3 254 187 178 120 182 184 197 187 163 119
 238  17 149 109 247   0 157 251 117  58 200 104  67  45][ 16 204  31 255  20 199  75 176 148   0 194   2 247 119  33  96 112 119
  63 202 105 157  59  63 233 167 175  64  48  43  37  56][108  36 189 101 173 111  85  25 107 187 167  24 215  51  72  59 145  84
 108  58  56 116 249   0 207 219  69 116 194 227 198  34][125 133  12 175 184  15  78 184  54 226 203  69 247  97  26  80  81 206
 126 111 221 144  89  63 236 231 229  20  56 250 152  16][ 92  66 202 166  50   2  95 184  49 166 199 175  87 103 139  80 118 213
 109 230 104 211 141  46 248 167 237 133  37 179  38 115][133  56 215  81 123 251 176  66 239 249  48 120 142 144 197 191 162  56
  74  88  55 229 164 112  29  24  17 119 192   9  79 165][244 103  14 175 152   6  71 232  52 182 131 149 199 226  27  83 216 197
 109 231 104 199 201  14 240 227 239  21  32 115  50  66][240 176 157 112 136 237  81  15 170 179 160  24 183 179  72  59 129 151
 124  16  59 111 210  17 217 218  85 120 192  64 131  42][121 125  59 100  53 206  67  48 233 232 174   8 178 215   1  54 128 252
  92  74  73 251 240  45 251 253   1  48  66 162  70 106][220 101  61 103  36  79  71 184 100 170 167   8 215 115   9  51  16  84
 108 106 105 228 249  42 225 235 101  20  96 179  70  34][ 56 205  95 239 144 195  79 238  52 160 238   0 115  99  32  16 122 234
  74 234  88 155  73  61 248 237 135  81 117 146 226 168][120  36  82  96  85  91  71  71 105  38 175   8  11  17   4  52 184 132
  76  40 120 183 241  14 243 252   0  51  99 128 198   6][178 253 106  74  87 209 183 253  17 100 252 143  48 221  62  37 122 186
 147 227 234 187  60 255 123  13 132 235 119 158 254 222][253 111 105 103  50  14  79 184  96 224 255 204  83  71 145  48  54 196
  92 238 233 148 253  46 244 239  37 132 109 179  66 112][101 121 185 101  93  79 103 184 107 248 160   8 210  89  85  50 153 252
 122 122  73 114 249  28 125 152   5  60  64  43  70 162][236 237 145  98 205 109 215 200  83 179 172  24 214 121  73  62 153 210
 208  50 122 103 248 162 249 214  69 127 195 123 214 162][ 84  48 157 245   8 110 113  18  46 179 166  16 215  55  65 122  39  85
 124  24   9 245 243   0 205 171 115  84 192  96   7  50][ 97 125 127 101  52  78 103  53 112 224 110   8 243  55 128 113  16 246
  76 106 233 184 241  15 231 255  37   0  96 162 198  40][ 33 175  89 101 244  11 239 183 116 160 122 194 243  33 148  48 122 238
  22 108 193 184 101  63 100 175  37 128 109 186  82 169][ 77 117  49  71 184  78 103 185 108 232 175  72 222 115 137 118 148  84
 126 106 193  33 249  76 229 188  39  20  74 179 195  33][ 84 102  12 167 136  47  77 184  52 182 131 157 199  99  27  27  57 197
 109 175 104 244 217  14 208 163 117  20  96 243   2   2][131 162 237  25 228 171 168  71  94  51 114 211 176 136 220  41 107  10
  34 149 182 252  71  83  12  10 250 192 213   8 241 140][ 37 237 215  95 221 159 230 252  95 232 121  74 114 240 157 180  89 238
 114 106 193 242 255 255  62  62  69  38 219 255 210 164][ 29  17  87 103  50  46  99  24 124 168  99  64 223  83 137 120  54  28
  76 122 129 176  25  78 196 174  35  68 104 163  33  33][ 52 133   8 234 221 181  74 232  22  21 233   2  67 227  44 208 249 138
 131 248  26   3  10 183 251 237 130 125 177  11 124 162][204 180 185 113 179 235  49 139 122 251  39  56 158 183  64 188 167  31
 232  16  51 124 139  82  77 215  85 103 194  64 135 163][112 233  57 122  25 205  83 238 162  21 160   8  55 215  73  16 129 250
 104  66  74  43 218  53 251 229  21 121  80  19   6  42][ 64  52 185 113 137 109  81  23  42 179  45  24 150  55  64  58 129  30
 120  24  27  72 243   2 205 221  84 124 192  64 135  42][ 77 249 159 114   9 205  49 132 234  89 162   8 182 145  64  50 128  84
 104  88  67 105 155  33 203 249  84  91  72   1  67  42][220 245 220 238 187  67  94 237 179 188 189 169 239 247  73  82 215 213
 237 226 106  67 203  63 251 215  45 191  50 179 166  83][120 173  75 234 157 203  71 239 102 164 172  10  99 243   0  80 121 254
  72 242  90  11 221  63 249 229 133 125 176  90 246  42][ 77 205 129 231 157  22  78 188  98 234 142  72 243  96 145 246  81 230
 124 239 201  66 221  47 189 237 239 152  42 246 218  44][ 63 237  97  79 245  31 238 253 117 232 250 202 123 100 157 244 124 206
  86 238 233 178 109 191  61 126 165 132 111 190 210 172][ 88 249 150  44  27  12  18  32 171 132 171   9 110 210  65  86 160 245
 232  98  76  67 155   9 219 241   1  27  64  39  15   2][ 20 181 185 111 148 111 119 255 118 161 239  64 243 241   8  96 121 222
 110  40 154 250 249  63 239 175  37  84 232 250 228  34][ 56  63  83 101 240  10 110 184  53 160 122 237 223  99 129 208  54 255
  68 102 233 176  73  14 228 247  37   0 106 242  74 145][208  74  26 188  66  64  22 100 185   6 224 169  47 199  35  80 178 253
 206 226  76   7 130 123 210 225  66  59  48  48  47  11][214 128  23 217  41 198  73  41 191  51 163 184 206 151 140 247 231 149
 253 170 121  71 235 213 155 242  67 214   2 132 167  52][ 19 165  74 141  82 131 234 107  52 225 202 195 113  99 186  64 122 174
  27 188  28 154  69  95  60  44 139 192 173 134 120 136][227 128 133 159  45 252 192   7  94  91 194  80 176 184  52 239 201  42
  58  13 175 252 115 241 132  58 218  17  24  76 216  76][ 45 241 245  71 109  95 226 232 107 248 113  72 122 216 205 182 184 108
 114 106 199 240 255  61  31 248  69  54  75  59  74 164][ 73 168 141 185 173 141 104 159  62 123 210  93 183  40  80 201 201 139
 127 157  63  88 219 181 205 211 254 112 152  12 218  74][171 182 228  31 127  19 154 233 223 211 145 255 232 232 222 166 159  65
 223  37 183 103  79 159  46  94 157 191 223 174  90 149][  9 142 216  71 116 171 234  50 126 171 123  68 243  35 144  80  91  46
  38  28  17 184  77 126  78 174  51  64 204 203  64 136][181 220 125 123 172  70  95 190 116 222 180  52 243  63  27 113 221 214
 125 235 253 206 115  63 235 235 246  81 121 209 118 123][112 173  28 190 185 153  86 239 215 140 188  45 166 232  34  16 137 235
 236  71 126 107  74  63 186 215  21  59  88  26 171  14][ 94  60 178 114 139 253  84 130 187 147 174  25 174 255  77  59 161 115
 249  18  46  65 154 226 251 223  85  59 162 116 135  42][ 53  79  73 237  52  11 111 188  68 224 250 226 211  97 145  96 122 236
  30 238 201 176  77  62 236 175 167 148 109 187  80  40][252 104 239 118  15  75  71 232 243 178 164  10 115 209  73  51  57 244
 232 226 104 103 255  63 243 195 197  61  99  59  86  34][242  64  35 232   9  65  73  72 164   6 161 153 145 199  57  93  88 145
  75 238  72   7 114  88 145 128 138  56  17  19  38  96][165 163  85  65 244  11 225 185  86 177 243  88 211  65 216  37  89 140
  78  56 187 240 109  20  44 136 165 116 241 138 210 160][129 162 205 185 212 171 168  71 126  51  82 210 177   8 144  73 123  10
  34 157  50 252  71  87  12   2 250  68 245 200 241 136][187 207  70  79 116  31 238 252 117 168 254  66 123 104 156 245 120 236
  94 239 237 186  77 191  62 127 167 132 111 190 248 140][136 150 118  83  99 171 161  55 127  63 119 180 202  69 140  13  55  30
 226  24 178 244  41  87  12 154 113  70 195 132 197 229][ 48 167  74 173  18 131 234 104  52 224 207 135 113   2  50  64 120 140
   2 234  92 152  77  31 252 229 171 197  61 130 120 136][128 140 133 157 150 163 169  79  22  51  66 210 241  35   0  73 123  46
  42 153  51 220  71  23 140  38 218  64 188  72 177 136][ 97 181 127 103  20 206 103  53 116 200 110   8 243  53   0  49  24 246
 108 106 249 184 113  13 229 251  36   0  96 130 198  40][109 101 113  71 236  78 103 184 105 232 175   8 211 113 221 118  16  84
 104 106  73 240 249  40 103 188  37  52  66 243 194  32][255 226 236  43  15  31 218 200  75 180 149 143 203 200  95 139  63 205
 253 255 142 103 223 241 218  73 205 253 119 191  91 198][ 88  34 214   5  98  90  49   1  42 165 103 161  15 134 194 158  34 125
 232   0   4 216 229  64  20  97  90   3 102 164  47  72][220 101  61 103  40  78  71 184  96 170 167   8 215 115   9  51  16 212
 108 106 104 229 233  40 225 235 101  20  96 179  70  34][ 84   5  31 238  26  98  79  56 164 128 203  66 247 119  32  67 112 244
  45 234  40 129   9  13 241 163 227  16  48 235  36  32][252 247  92 110 184  75  95 253  51 174 188  41 223 255   9  17 220 221
 237 226 104  67 235  30 243 195  37 189 114 242 134  19][ 88  32 157 245  40 110  81  18  38 187 166  16 215  55  64 122  33 148
 124  24  26 240 211   0 205 239 115  80 224 192   7  34][208 176 157 240 136 236  81  15 170  51 160  24 183 147  64  27 129 151
 108  16  59  79 210  17 217 130 115 120 128  64 135  42][ 69 245  49  71  52  94 103 185 109 232 175  72 214 115 157 244 144  84
  94 106 193  48 249  78 165 188   5  20  74 179 195  36][210 250  10  62  40 193  30 229 187  74 192 237 102 199  34  84 150 249
 237 194 111  15 138 127 176 176 251 187  24  18  47  27][ 57 173  74  37 208  30 110  49  53 224 238 204 243  99   2 148  30 238
  68 238 237 178  93  14 166 239  37  20 107 242  74 152][ 33 143  91 101 116 139 239  55 116 160 122 198 243  33 144 112 122 174
   6  12 193 184 101  31 228 173  38   0 108 138 195 168][184 219  82 126 107 193  84 101 177  12 245 169 111 215 160 149 106 185
 198 226 104  39  10 189 178 240  64 171 115 182 230 187][ 96 120  59 100 117 207  67  50 233 232 170   8 178 155   5  48 128 252
  92  72  73 235 240  15 247 188   1  50  64  32  70  42][130 168 135 185 202 160 168  71 190  19  66 210 164 130   0 200  99  63
  59 145  50 220 195 211  12  38 218  64 140  64 161 136][ 60   9 118 108 117 127  82 112  97 136 124   8  59  89 147 180  24 184
 198 106 136 178  96  28  67 233  33   1  99 175  78 163][ 37   3 173  99 236  47 204 153  67 191 113  91  83 104  93  42 221 202
  54  62 158 114 203  16  79 223 245 124 209 251 208 192][ 85  85  95  99 178  78 107  57 124  33 107  96 215  19 136 112  54 148
  92 250  49 144  57  76 245 174  34  68 232 147 161  49][121 175   8 167 152  22  78 191 115 170 206  76 243 114 147 244  89 238
 124 238 253 218 221  47 186 255 165 144  42 242 218  12][246 168  31  88   9 185  72  35 175  50 162  24 131 146  68 251 193 181
 232 128  56  79 210  84 155 251 211 123  16  33  46  36][ 65  56 181 119 168 172 160   7 254 155 242  88 183 184  68 171 135 127
 108  17 147 232 195  32 141 178 126  90 192  72 131 173][141  34 207 177 224 171 104  83  55 177 115 247 155 131  65  27 111 174
 102  28  27 252 199   0 204 201 179 196 233 201 194 128][252 249  47 126  15  71  87 236 243 242 164  10 114 209   9  51 216 244
 232  98 105 103 250  63 243 195 197  63  99  59 246  42][124  99  86  79  82   2 111 248  35 164 231 234  75  71 137  84 126 220
 229 234  72 210 237 108 118 160 229 132  39 179  38  33][  9  10 219  71  52 170 107  16 126 161 127 192 243  99 152 112 123 108
  38  28   1 184  77 110 108 174  34  64 238 139  72 128][ 56 189 155 120 153 239  23 239 150 161 172  24  50 247  96  80 217 250
 200  16  59  11 218  63 249 215  21 123 208  74 230  42][ 49  79  73 237 180  11 111 189  84 224 222 198 243  33 145  96 122 236
  14 236 233 184 101  14 228 175 165 128  45 186 240 168][ 37 237 215  79 221 159 166 236 206 224 250  66 226 248 157 164 217 110
  98 106 197 179 127 191  46 126   7  22  73 123 211 164][178 189 103  88 223 215 159 239  23  93 244 190  40 220 190  37 221 155
 147 177 251 239 120 223  57  74 141 238  95  12 246 255][ 30 182 209  83 179 251  49 135  63 183  47 184 140  55 200 188 183  31
 236 144  50 220 169  86 207 199  53 231 226  64 143  35][167 104 190  16 109 189 240 194 239 119  36  29 142 136  87  10 137   0
 122  21 134 101  82 178 159  93  17 119 200  93  91  70][  9 168 129 187  52 205  96 150  62 121  82  89 183 179  16 248 209 234
 126  29  47 220 219  55 141 247 188  64 152   8 210  10][252 102 132 164 137  10  71 248  53 166 195 141  66  99  11  95 121 196
 109 110 104 215 201  14 212 162 197  20  34 247  54  66][ 37 128 173  71  92  79 195 184  82 225 247   8 211 121 156  40  89 204
 114 126 185 240 121  31  77 158 229 116 209 171  80 160][ 53  33  69  65 220 123 194  72  70 160 169  10  82  64  93 180  88 204
  74 122  29 243 221  28  28   8   5 116 249  43  90 132][147 142 198  30 154 176 188 239 190  83  64 245 104 234 166 249 167 107
 234 133 183 207  14 127  58  34  94 139 157  68 171 141][247 233  34   6 221 157 230 228 207 224 165  13 106 216 127 164 184  96
 218 111 199  35 158 255  50  92   5  58  75  63 218 142][199 186 132 183 171 172  29 135 187 255 146 253 238 190  67 223 135 103
 253  21 182  73 219 225 136 114  95 250 140  85 139  95][ 88  32 149  97  49 236  80  18  39 185 175  24 223  51  64 122  35 150
 108  24  26 216 193   0 223 255  48  81 162 128   2  34][192 168 158 120 137 173  72   3 174  59 163  24 151 162  68 219 193 183
 108 128  30  79 210  17 145 243  90 125 192  64 171   2][ 84 213  89 103  34  74 111 188  48   0 107 224 215  55 136 114  54 213
 108 234  65 144 233  13 229 175  96   4  32 179 135  33][254 237  83  78  91 211 182 236 233 128 237  10 106 216  45 180  58 253
 202 226  69  35 172 255  51  92   5  59 115 183 238 172][ 33 237 153  45 156 157 134 238 198 160 232  72 179 248  21 160 217 111
 106  65 207 171 223  63 173 253   7  57 216 122 203 140][ 97 181  63 103  20  78 103  53 116 200 111  72 243  53   0  49  24 246
 108 106 249 184 113  13 229 251  32   0  64 170 198  40][124 165  60 238 184  79  95 185  51 174 189  41 215 119  72  18 221 215
 237 226 120  67 235  31 251 199 101  61 112 242 134 115][101 101 113  71 189  95 231 184 105 232 171  72 211 113 221 182 152  84
 120 106 201  48 249  46  47 188   5  52  66 251  66  32][225 104  25 116 124 205  99  54 123 168 160  72 182 145   5  48 136 124
  76  72 105 238 208  47 101 188  33  58  72   8  66 170][129 140 140 185 148 171 233  23 118  35  66 208 245  33  16  72 123  42
  34  28  51 252  69  55 204 174  18  64 212 200 209 168][120 189  31 108 153 207  87 239 199 112 172   8 114 117  32  49 200 242
 202  96 121 107 122  61 251 195   5 123  90  72 230  58][212  98 149 102  40  46  69 152 160 190 163  88 215 115  73  27 128 212
 108 106 104 101 203   8 209 170 101  20  96 243  70  35][242 251  65 154 106 193  95 233  57  80 224 237  38 198   6  85 198 155
 113 198 123  78 218 253 176  48 200 122  60 132 166  92][221 119  43  46  56 196   7  60 228 200 133 228 247 214 171 113  86  96
  92 111 237 135 124  12 240 225 171 152  56 178  51 121][ 89  32 156  53 137 189  97  15 118 183 198  24 167 160  82 139 161 238
 104  29  30 248 231  32 141 195  85 113 192  72 139   8][170 223  83 126 107 145  86 121 177   6 240 237 107 223 164 149 238 187
 198 226 108  46  90 189  54 250  64  42 123 180 230 159][ 95  12 148 180 137  52  24 155 150 155 142  22 205 243  67 207 197 103
 249 157  60  69 219 130 155 247 223  31 138 117  41   4][131 170 135 153 210 169 168   7 190  19  66 208 165 130 192 200  99  43
  42 152  51 220  71  87 140 166 154  64 156  64 161 136][126 227 108 162  13  19  95 216 135 252 149 139  75 205  91  11  57 197
 237 247  78  67 235 185 251 193 237 189  55 191  94  66][101 101  49  71 180  94 103 184 105 232 239  72 210 112 157 180 152 204
  92 106 201 178 121 110 167 252   5  20  74 187  66  36][ 33 143  78 103  80  15 111  63 116 174 254 141 115  97 146  16  92 238
 102 174 252 186 109  46 102 239  37   0  97 234 202 192][ 24  95  74 175  18  67 102 120  52 100 207 199  83   3  58  64 120 204
  34 238 109 146  93  63 244 231 163  65  45 171 248  80][220   7  95 229   0   2  79  56  32 162 199 192 215  35 136  83 114 212
 109 234 121 145 193  14 241 227 226 148  32 163  96  32][  1 135  75 103  52 139 111  55 124   1 122 196 243  33 144 112  58 174
   6  44 217 184 101  31 228 237  34   0 108 138 194 168][113 174  72  47 248 155  79 191 115 238 236   8 243  99 146  16  89 238
 108 172 252 218 237  63 238 239 165  49  32 226 218  72][  5  75 202  67  52 138  99 212 118   5 110 128 243 195 155 244 122 236
  34  92  10 176 237  47 100 173  38  64 231 155  88 232][129 138 141 153 228 169 233   7  62  19  66 210 181 163 176  72  67  42
  42 157  50 220  71  83 140  38 250  64 148 200 145 168][ 53 108 130  46  29  31 198 200 195 160 169  13  66 216  79 146 152 236
  72 115  76 103 218  26 177 212   5  59  89  63  90 134][ 17  79  79 229  52  10 111  55 100 224 250 230 243  33 144  96 122 228
  30 108 201 184 101  14 228 174 164 128  45 186 208  40][249 253  63 126 137 205  87 255 211 240 164   8 118 241  32  51 136 114
 104 106 121 107 250  61 251 219  69 127  90  56 242  58][203  73  71 159  71 210 175 160 188 192 194 227 233 238 183 241 114 229
 251 231 229 211 172 237  52  34 239 128  13  55  53  92][132 147  93  91 242 139 160 233 126  49 113 242 212 216 236  41 183  27
  34  80 115 252  15  85  12   2 119 102 209   8 133 165][ 64 122  31 126  41 205  17  23 234 153 163 104 190 151  64  58 132  49
 236  16   3 109 162  17 193 241  49 123  64   0   7  59][ 15 182 110  19 243 191 121  23  63  95 119 181  72  71 142  28  55  10
 167 156 178 212  13 214  78  95  81 199 235 196 235 215][247 237  58  30 151 221 214 228 253 196 172  15 110 216  63 129 184 234
  74 103 228  43 190 127 179  93   5  59  89  63 219  78][252  98 236 171  45  27  91 152  23 182 149 157 203  77  91  91  95 196
 237 103 172 102 239 144 214 211 225 189 182 255  94  66][120 172 105 103  28 235  71 191 114 231 238 137 243 101  18  16  89 238
  65  46  56 218 253  63 237 239 165  17 224 226 214 232][ 92  52 153  48 168 108  80  27 162 187 171  88 215 179  73  90 129 213
 108  16  25  69 219   0 217 167 117 124 168  97   3   2][  9 135  91 109  52 139 107  55 116   1 122 196 247  33 144 112  58 174
  14  44 217 184 101  15 228 173  34  64 108 130 192  40][  9 174 199 153 144 168  40   7  62  19  66 208 165 162 144 205  99  42
  42 156  51 220  71 117  12 162 218  64 180 192 161 172][252 111 108 230 140  67  95 252   2 164 140 139  83 109  91  19  88 212
 221 234 104  67 233  60 251 193 229  61  53 251  86 114][170 157  85 127 203 245 124  99  21  82  96 157  41 174   4 145 207 187
 163 134 117  30  94 255  55 235  64  42 123 196  98 220][ 61  93  67 175 211 199  71 252  21  96 206 199  83  69  35  68 124 236
  22 238 233 146  93  62 245  39 161 192  59 191 248 209][220  71  15 237  36  14  79  56  36 168 207  68 215  99 169  83  80 196
 108 110 121 145 217  14 241 227 225  20  42 179  96  32][246  96 148 186   9 237 130 200 139 144 161  25 230 216 109 159 200 225
 232 115  14 103 218 177 145 208  73  59  80  63  10   6][  9 140 197 217 148 170 105   7 118   3  66 208 241  35 144 205  81  46
  42  28  50 220  69  55 140 174 210  64 178 192 241 168][ 52 225  74  75 212 219 103 205 118  68 111   2 227 192 187 100 120 238
   2 126  74 176 125  63 117 236   7   1  99 218 244 236][236  36 156  97 169 111  67   8 115 191 167  24 195  49  73  27 153 196
 104  58  56 102 201   0 203 219  69 117 194 107  70  34][ 85 193  93 101 242  74 111 184  32 160 106 192  81  55 137 112  54 212
  60 234  73 144 233  76 229 170 103 132  32 179 163  33][  8 237 152  47 157 141 198 239 230 161 168   8 166 248  18 160 153 106
 104  81  94  41 219  63 237 213  21 121 208  26 219  10][195 180 159 158 139 252  53 133 186  83 139  21 252 246  74 123 161 119
 248 147  55  79 186  99 153  51  94  91 136  86 175  94][124 189  60 102 184  79  95  59  35 168 173   8 215 119  72  18 156 247
 237  34  88  75 219  29 235 207 101  61 112 226 198  50][ 41 174 107 127  52 175 103  51 116 198 254  17 243  97 146  16  89 238
  70  44  56 184 101  63 238 239 161  64  96 170  70 232][225 104  25 117 124 141 224  54 120 168  96  72 182 145   4  49 136  62
  78   8  97 254 208 109  37 152  48  48  72   8  66 169][181 253  58  30 219 209 150 236 253 192 236  10  98 248  39  49 248 235
 194 227 110  43  30 127 187 239   7  59  89  51 239 142][228 190 189 117 168  99  93 191  18 191 146 248 215 125 201  59 151  87
 125  17 184  78 235   2 205 159 125 252 132 240 132  97][ 64 162 159  56 169 237  65  23 226 127 164  28 150 162  66  26 129 167
 108  17  31 107 242  17 217 177 112 121 192  64 134  67][117 125 113 101 117  95 102 184 121 232 122  72 211 120 149 180 216 204
  84 106 237 178 125  46 167 255   5   4  74 251  74 164][  1 135  71 237  52 138 111  55 100  64 122 230 243  33 144 100 114 166
  14 108 249 184 101  15 228 172 162 128  46 138 208  40][232 239   8  50 249 205  86 174 187 189  40   9 175 233  74 147 129  79
 229  85 126 106 202  55 235 209 117 125  64 148 206 202][ 80  34 208 101  49 168  64   2 107 161 170  72 199  51  64  90 163 212
 108  16  26 216 193   2 158 246  16  80 162 128  66   2][172 235  40  62 105 141  86 232 211 174 161  13 102 201   3 145 152 232
 197  70 110 103 202  63 243 209  69  57  80  47  90 202][116 221 110  71  22  75 199 168  84 224 234 139 115 109  28  48  88 244
  73 234 120 187  93  62 121  46 165  80 109 171  86  50][ 87  75 167 135  36  82 175  96 172 198 219 162 225 230 179 230 114 229
 125 239 205 145 173 232 176 118 207 128  36 183  55 244][  5  42 223 243 164 168 104  19 127 147 115 244 159 131 208 121 127  43
  38  28 147 252 199 192 206 219 119 192 236 201 192 161][182  12 172 186 143 175 156  75  31  59 179  27  98 124  61   9 221 179
 127 163  58 231  75 255  81  26 217 147 213  77 178   3][ 72   4 140 188   9 116  89 158 146 223 134  21 207  39  75  90  65 198
 236 156  46  69 243 130 195 247 214  29 178 116  44  90]