[244 176 157 240 169 237  89  95 187 187 160  24 159 159  64  27 129 179
 125  16  58 111 146  18 219 217  87 126 144  64 195   3][ 11 181 121 249 246 153 233 255  95 113  92 246 157 175 248  96 127  11
  55 141 147  56 111 215 238 223 190 228  62 200 145 249][123  94 111 108 126 178 235 114 229 200 254 230 121 239 183 116 126 227
  55 237 173 187  36 255 114 239 162 128  63 247 112 249][164 167  80 147 254 169 232 235  63 177 185 154 205 235  92 136 123 139
 110  25  50 120  79 214 156 158 159 116 197  72 219 128][118 108 210 247 110  40 232 202 251 179 187  26 207 234  93 218 107 205
 127 131  40 103 218 226 148 252 223 188 165 241  99 128][ 69 121  24 102  32  14  86 184 104 170 167 108 246  83 137  51 146  68
  76 106 193  52 217  44 240 185 101  52  72 179  75   1][ 40 217  58 250  29 197 215 101 198   4 236   2  50 209  32  64 200  56
 138  66  74  43  90 189 243 253   0  91  80  26 252  42][  9 201 103  95  36 154 239 180 245   0 118  66 249  97 180 229 104 100
  46 234 225 185  39 253  36 250 242   0 119 184 112 172][110 241 161  68 201  77  87 200 131 246 160   9  82 253  95  55 217 212
 121 126 200  99 250  24 123  26  69  62 194 124  86 114][ 92 130 172 188  29  71  24  41 214 153 130   3 231 254  57  75 217 149
 189 161  28 195  67 157 217 227 255  31 144  40  53   2][223 105  78 172  34 138 122  48 169 192 211 197 191 194 179 211 102 229
 125 239 237 133 132 236 240 249 170 128  44 181  41  17][210 213 125 189  42 192  31 175  54   2 210 163 245 215  41  67 119 211
  61 227 106   7 195 223 241 225 171 136  52 144 165 123][254  78  71 102 226  98 126 248  49 162 183 251  73  39 137 223 127 212
 221 234 104 215  13 238 242 227 231 149  39 247  46 177][128 128  22 159  60 173 184 104 188  25 211  18 236 194  40  65 242  33
  46   0  50 165  11 223 132  50  26  10  16   9  49 129][124  97 122 102 195  78 118 248  33 132 255   9  95 123  11  17  58 221
 199 106  72 179 152  44 243 233 101   5  99 243 110 130][213 188 140 167 190  34 254 186  22 234 158  71 245 120  27  64 123 199
 125 175 253 193 221 191 248 231 239 149 172 122  57  27][131 161 119  91 197 149 172 215 125  65 114  82 184 146 180 228 252  59
  50 136 195 188  54 247  37  56  18   0  73 144 225 172][221  81 215 101  34  10 111  48  97 202 118 228 223 115 129 247  54 245
 124 234 225 212  53  72 244 234 103 128 106 179   3  57][212  84 252  71 162 123 182 200 121 178 191 186  91 121 205  63  63 212
 206 106 105 247 205  98 114 207 101  55 239 251 203  23][145 254 191 181 162 234 181 183 188 250  90 244 188 190 128 107 167 119
 125 129 241 221 163 111 224 163 126 130  12 112 167 251][109 177 185 103  61 127  81  25 123 233  55  92 222 112  74 190 145   4
 108  24 151 112 251  16 207 223  33 118 202  43 203 103][124 127  26 174 185 132  86 248 161  14 239  45 127 243  43  80 216 241
 237  98  76   3 154  63 243 229  33 155  40 115 174  19][170 169  48  90 201 221 180 103 219  21  36  25  40 188 102 149 137  59
 227   0  86 106 210 245  63  88  84 123  83  12 207 142][105 124 153  37  40 126  21 159  58 250 164  44 150 183 195 123 145  76
 124  60  33  73 243   8 236 187 117  60 136 112  11 249][180 237 223  95 218  75 230 236 118 130 235  72 115 244 140  48  63 254
  96 106 105 242 239 127  61 174 101   4  97 243 230 160][253  96  65 111  28  71  79 184  84 162 225  74  83  81  25 225  88 212
  24 106 105 166 221  14 241 232 165  20 115 187 112  32][239 181 229 117 185 123  82 186 115 251 182 120 219 125 223 191 145  84
 253 123 189 212 255  38 174 219 101 246 202 245 218  85][121  32 128 101  21  78  65  18  97 165 230   8  19   3   2  84   8 172
 108  44   9 186 209   8 215 253  16  16 106 136  90  42][252  96 145 242 141  77  69 200 251 186 177  24 158 209  73  15 137 208
 109  90  74 103 218  34 217 152  85  62 194  57   7 162][ 45 173 209  75 213 159 198 255  87  41 248  72 114 248 156 180  89 202
   6 250 223 186 109  63  62 220  37 102 219 251 234 141][253 249  33  66  91 221  87 248  67 124 165   8  91 213  94 180  25 216
 209 122  75  99 250 183 123 217   5 127 115  63  70 246][ 76 252 147 180 173 236  85 183 187 191  10  93 182 179  65  90 129 118
 109  16 122  89 210  34 253 246 117  58 136 120 135  59][ 70 248 172 187  29 213 155 168 142 117 141   9 252 220  91  34 197  83
 123  83 198  75 251 241 205  21 143 125  20  10  21 122][125  81 125 100  45  94  87 184 225 248 182   8  91  61  27  59   8 212
 124 106 205  99 255  12  83 233 101  28  99 187  70 115][109 181 185 103 168 108  79 185 106 250  31 108 214 119 201 122 149  86
 124 106 209  64 251  32 237 191 101 188 136 243 130 113][ 93  15  66 101  53  26 110  50 105 128 127  96 251  33 145 244  50 108
 148  46 137 184   5 174 166 255  34 128 110 166  90 165][183 143  70  78 150  38 206 248  20 130 219 199 113  99 189  68 127 238
  23 238 232 135  77  63  56  46 175 148 253 251 112   4][189 236 235  85 212  18 239 244 112 210 118 210  17 140 254  39 123 204
  23 255 249 247 164 202 126  43 239 196 103 188 243 228][125  77 255  71   0  30 103  56 112 162 231  64  91 115 157 115  50 196
 108 234 233 241 189  72 114 235  97   4 107 243  98  32][ 41 190 209 211 229 253  97 150 123 123 121 124 190  53 204 190 135  90
  38  24 147 120 232 226  15 158 112 226 202 205 199 253][205 157 253 213 170  90  45 187 236 226 150 226 253 118 217 227  39 119
 124 168 225 217 167  78 236 163 111 129 164 224 133  57][252 227  90  97  96 143 103 116  96 172 100   8  19  67 202  16  50 140
  68 122  88 178 224   4 231 201  37 101  98 144 206 225][ 52 205 243  78 222  99 135 234  86 138 249 106 112 245 189  36 121 214
  22 170 105  35  41  62  57  46 229 140 245 251 244 161][ 80 251  25  42  56 141  67 252 174 172 160  76 183 211  65  16 144 248
  76  66  75  35 218  63 241 197  37  56  88  19   3  59][180 164 105  91 223  83  71 105  83 119 229 154  81  68 222  53 121 152
   2 186 126 118 111  23 127  10 129 109 119 169 246 230][ 97 168  92  69 100 159 105  55 105  33  38  12 179   1 150  52  72 164
 106  12 137 184 245   4  70 189  80  16  74 136  90 140][ 34 184  17 137  93 133 186  74  30  41 144  26 132 152 112   8 205  25
  19 145  18  62  88 247  29  20 155 126 145   9  49 138][171 157  53 219 221 215 239 239 223  91 217  82 248 243  60 229 217 250
 186 138 115  58 123 255  63  62 215  78  26 204 240 180][ 83 180 157 181  58 106  41  43 188 232 154 224 255 118 128  99  39 183
 124 161  33 201 167  79 156 162 123 144  44  96   1 125][ 99 173 172  58 236 173 148 231 202  31 152  29 166 232  86  11 201  99
 111  21  54 107 202  49 253  23 254 251 192  72 219 206][  3 141 167 213 215 247 174 167  94  99  74  18 160  60  20 228 161 127
  50 129 183 248  53 255  45  62 222  66 141  92 177 188][200 180  62  97 164 110 113  23 249  63 118  48 159  19   2 123 161  22
 108  24  58 253 161   7 207 251 112  69 192 128 198  99][193 118  89 165  32  79 127  56  56 238  63 237 223  87 203  49 182 213
 204 102 225 208 233  74 228 221  39 180  72 178   7 113][117 112 251 100  64 110 105  88 105 226 182   8  83  55  65  58  58 213
 124 234   9 115 241  72 215 233 227  60 225 243 102  34][ 70 140 149  94 219 229  52 239 223  31  40  24 108 231 108 255 129 119
 234 144  50  75 154 115  63 182  85 127 210  96 132  46][169  96  97 101 108  30 235 120  65 224 117  74 211   9 145  38  88 204
  55 234 233 182 245 142 103 201 225  32 103 170  82 160][240  81 127 236  44  70  87  56 229 200 163   8 115 119  33 115 240 244
 125 106  73 131  49 141 243 235  97  24  48 178 100  50][199 190 213  83 235 188  40 151 185  83  98 212 204  38   4 255 135  87
 106  28 183 220 211 102  14  58  84  66 202 193 139  21][ 88 253 189 250 169 205  85 239 171  57 168   8 191 247  72  18 133 243
 125  80  75  75 250  49 249 211  87 127 144  80 135  59][ 27 181 195 141 219 115  42 207 119 225 202 198  73 226 210 196 123 238
 250 157 159 152 221 194  62  36 143  69 175 230 184 148][ 64   0  19 104  27 233  48  75 175  65 227   0 158 150  12 252 230 153
 234 144   3   1 227  85 149 244  18 107 208   0  39 182][117  96  12  47  12  31  78 184  68 224 195  77 211  64  27 177  88 196
 104 111 205 182  93  28 164  43 193  20 105 191  90  20][226 121 114  28 109 221  84  71 233 198 180  25  46 156 103  27 168 169
 195  65 100 111 178 192  19 120  80  59  67  28 102  94][144 163  30 169  40 193 121 101  36  61 215 181 183 135  10  81 226 155
 237 196  94 153  99  21 211 225 186 209  48   0 165  91][104 177 249  97 228  74 113  29 121 169 118  40 147  63 220  56 158 156
 117  56 152 240 241   0 207 249 117 101 192 130 198 179][ 69  34 203 247 164 168 107 144  58 203 115 244 213 227 217 122  87  78
  61 158 147 212 205  98 204 191 186 192 140 211  65   1][212 223  95 175 146  66  79 188  36 132 202 230 119 103 161  65 118 244
  29 234 105 129  41  44 241 161 167 144  32 178 164 121][ 73  61  21 165 161  14 124  50  41 234 250  76 223  55   0 244 134 215
 125  44   9 216 209 206 167 254  96 146  74 228  11  49][210  43  10 188 139 193  28 110 190 134 192 139  45 198  33 201 110 185
 235 128 106  79 130 223 241 231 155  63  49  48  47 138][130 176 184  17 235 253 176 207  59 127  32  25 140 158  78 137 165  27
 243  17  22  92 154  83  15  16  93 111 192   4 143 223][ 62 156  17 186 219 225  18 224 159   5 233 187 111 250  40 208 207 187
 143 144  62  11  74 183 155 247   8 123 178  78 167 199][237 252   5  97 137 127  70 154 119 250 166  92 218 117 194 189 137 204
 236  62 127 246 251  18 239 219 101 116 202 125 202  87][163 196 196  95 102 115 237 238  87  83 117 178  96  96 190 109  91 138
  50 174  39 118 111 211   4  58 210   4 255 220 248 140][ 17  31  30 109  50 142 150  55 228 104 190 100 151  26 130 113 166  53
  76  97 237 169  17  28 224 233  34 144  72   0  43  27][111 240  41 170  61 253 147  72 203 236 153   9 246 220  95  32 156 177
 223   7 207  35 250 157 209  85   9  63  84  46  22  86][  0 183  17 177 146 239 176  55  62  41  90 242 181  55  96  64  39  59
   2  17  19 152   1  85 172 132  62  64 152  72 129 185][  3 183 106 145 246 185 190 103 207 229 127 191 140 200 254   4 191  43
 215  21 246 248 166 198  46  28  15 226  77 206 217 213][125  31 111 108 118 178 235 114 225 200 254 230 123 237 183 117 126 238
  55 239 201 187 166 253 114 105 226 136 127 247 114 249][112 255  24 234 240 141  86 245  43  45 168  13 183 211  72  16 148 251
  69  80  90  11 152  53 251 213  37 123  40  18 135  27][229  36 243  71 228  42 235 152 123 234 127  80 216 226 221 254 119  76
 118 186 161 244 237 202   4  62 227 132 199 243  98 165][115  40 191 116 141 124 213   7 235 215 174   8 114 252 117  58 193 119
 121   9  12 107 178 128 147 255 212  27 192 120 214 110][ 69  17 189  53 168 110  37  31 234 251  10  68 213  54  81 106 129  71
 124  13 145 200 243   0 205 167 127 132 128 112 133 115][ 97  40 108  69  76  15 201  39  67 245 166  13 131   9  86  58   8 132
  98  12 140 250 245  28  70  26  81  53 111 136  90 204][182 237 122  48 171 153 158 231 139  62 184 171  46 248 119 144 141 243
 245 211  94 107  10 243  58  81 221 255 213  85 155  15][242  64 223 189 108  10 236  74 251 146 178  90 223  42  21  90 107 197
 127 139 104 119 199 192 148 186 251 144  37 248  99 128][162 107  34 154  85 193 190  69 150  68  81 163  32 204  51   8  88  57
 147 209  66 182   6 187  33   4 158  11  21  30  52 218][150 197  60 171 154  66 155 173  22  85 223 179 213  95  40  66 127 147
  63 241 106  13  75  87 248 163 175 205  53   2 165  83][165 133   6  79 221  15 239 248 109 226 255  76 242 104  31 103 216 198
 122 111 233 243  95 254  61  58 199  20  91 250 120 132][ 45 161 228  91 205 241 168 205 198  49  45  18 217 248  94 170  73  74
 114 153  22 106 127 241  79  31 223 109 215  78 218 134][ 90 183 253 119 178 162  95 191  51 253  94 229 255 103 200  86  23 127
 189 188 187 216 171 189 234 255 101 196 166 230 134 121][214  76 214 135 110  42 238 200 123 162 243   2 206 122  29  91 250 229
 127 227  40 247 201 234 149 186 207 150 165 123  99 130][ 59 224  44 169  12  85 120  76   6 117 198 131 147  14  82  66 232 141
 251 213  78 155 247 145 215 225 186 213  37  14  60 218][ 80 181 147 252 155 200  53 111 190  17 233  56 190 247  40 244 163  59
 234   0 115  73 146  87 185 182  26  74   8  64 167  58][171 114   2  24 105 181 184  72 174  90 240 253 136 206 247 171 204  41
 234 133 135 103 194 209  22  89 219 187  91  12 107 149][ 13  37 250 241 254 160 233  83  59 147 125 146 157 175 213 106 127 255
  55 157 178 250 231 194  94 255 255 228 167 201 227 225][246 164 212 179 236  43 234 201  63 179 179  26 206 106  92  27 251 141
 127 179  56 119 203 242 156 154 207 244 229 107 195 132][ 64 168 150  22 153 216  48 142 234 145 160  24 174 242  68 222 129 103
 104  80  22 105 138  97 153 254  87 123 192   0 171  14][135 175 238 147 246 155 170  65 142 181  91 151 201 204 246   0 111  43
 151  21 214 248  44 250  44  13 175 229 197  46 213 192][214 100 238 116  11 122  16  72 187 183 131 155  79  76  95  27 163 213
 233  35  44 229 175 128 147 195  81  55 229 117  95  70][229  36 220 241 236 169 233  83 255 179 179  90 157 171 213  27 107 131
 127 153  49 118 207 210 220 158 255 236 205 201  99 128][ 23 165 135 151 154  22 142 237 184 194 139 199  68 234  61 195 221 103
  57 239 253 201  29 238 168  62 207 196 141 247 187 148][ 11 159  98 157 115 213 186 238  15  76  92 167  44 174 182 196 238 235
 183 197 214 185  38 253  62 126 154 195  31  13  45 223][144  57  95  67  11 201 185  64 172 116 254 167 175   7  71  70 102 185
 207 208  19 185 177 193 213 225  10  67 105   2  39 243][150 226 222 147 218  99 187 200 190 254 215 179  84 194 235  74 119  77
 111 243   2 215 143 112 220  34 175 237 172 115  39 211][ 85  92  90 244  34 140  62 182 169   2 110  64 125 183  33 114 166 245
  61 194 193 149 152 106 241 174  78   2  40 243  33  59][108  48 180 241 141 109  81 154  75 191 165  24 142  61  77  27 137 149
 253  16  58 102 219 144 143 219  81 127 210  73  70  34][ 65 207  74 183 180 136 110 183 120  65 106 205 179 168  20  80 199 238
  12  71 253 184 220  47 172 188 190  64  76 219 218  28][ 96   5 216 239 236  40 111  27  11   2  95   2 253 227 249  82 115 239
  63 138  64  16 203 211  68 188 235 168  52 250  80  32][102 177 160 145 205 237 184 199  43 245 232   9 142 172  94  26 137 159
 243  17  18 122 210 192  13  20 223 127 192  76 215 210][134   0  22 152  44 165 184  74 158  27 211  18 140 218  32  73 227  33
 127  32  50   5  67 215 149 178  90 218 144  73  33   1][ 80 189  19  76 147 192  55 111 190  65 234 184 189 183 160 244  51 187
 232 128  83  27 178 119 185 166  22  75  32   0 167  42][ 77 112  89 101  32  13 119 156 104 234  46 108 215  81 203  58 146  76
 108 106 133  48 253   8 228 221  37  52  72 179  67  97][180 237 215  94 218 139 230 237 118 162 235  72 115 226  13  49  57 254
  98 234 120 243 143 127  61 174  69  12  97 243 226 168][121  48 105 108  29  95  65  88  97 228 229  12  83  21   6 176 216 140
 204  44 141 163 241  28 211 249   1  60  98 170  86 112][118  96 210 183  77  40 234 200 251 179 179  26 207 234  93 218 123 205
 127 131  40 103 219 226 149 190 223 188 165 123 107 128][104 113 249  97 100  74 123  20 105 225 126 104 147  29 216  48  62 156
 119 120 209 176 241   0  79 221  36 100 103 170 198 177][ 52 135 245  79 246  35 135 239  82 162 250 234 113 113 189  32 123 214
  34 234 248 243  77  62  56  46 229  20 245 250 240 161][253 113 105  68 108  92 207 120  97 234 189  76  91  13 223 182  28 196
 212 110 201  38 252  10 115  73 165 188 111 191  90 113][102 169  56 170  29 205  91 200 143 180 141   8 254 221  91  34 129 145
 123  91  10   3 250 253 221 145 137 127  20  11  21  98][115 146 237 180  50   2  89 191  59 249  22 237 127 103 128  81  23 245
  61 188 249 216 201 205 234 255 237 212  38 164   2 121][214  71 230 164  10  34  95  57  37 134 151 227  75 102 171 126 118 213
 237 231 204 135 165 202 240 226 235 151  39 247  36  85][137  21  63  69  36  62 237  55 104  74  95  18  81  61 190  99  52   6
  48  44 241 185  49  14  67  43  98   4  69 234 241 112][ 16  33  18 104  27 137 176  73 239  33 225   8 158 146  72 188 248 157
 234 144  10  51 130  81 145 244  18 127  80   2  43 134][223  88  23 190  34 150 126  48 173 202 215 231 221 194 179 255 230 229
 125 239 237 199 134 232 146 249 234 136  46 183  43  85][189  70 103 141  92  23 203 120  80 224 213  74  81  64 187 165  88 196
  22 239 233 247 109 159  48  43 225 148 127 191 122 228][ 94  95 238 119 162 242  63 182 164 238 222 165 255 119 131  66  39 119
 253 226 192 201  57 110 251 231 111 129 166 243 165 123][120 249 149 250 169 205  87 238 175 120 168   8 190 247  64 178 129 243
 252  80  75 107 218 113 251 211  85 123 154  80 135  58][109 245 249  71 242  94  95 152 123 233  63 104  94 119 217 246  23  94
 116 122 209  80 233  34 111 253  37 180 166 243 199 113][ 11 164 121 249 246 137 233 255  95 113  94 214 189 175 248  96 127  11
  23 157 147 184 103 215 206 223 191 228 190 136 241 249][153  73  55 207  60 151 239 244 204  88 210  66 253 194 181 229 110 100
  62 202 227 161  39 253 180 248 170 128  22 153  97  45][239 188 252 101 173 123  84 158 123 250  54  40 155  57 215 191 131  68
 125 120 191 124 231  24 142 219 101 247 238 244  90  71][210 206  44 175  44   2  95 190  22  54 150 179 245  47  51  67  71  85
  61 231 232 205  73 191 228 227 254 149  52 185 149  73][159 232 239 213  70  50 233 242 116 242  86  82  25  41 149 175 127 204
  55 175 161 244  37 206  70  11 251 132 103 245 115 224][ 33 112 216  65 230  57 232 150 122 115 118 254 145  56 222  42  47  79
  54  28 149 252 229   2  78  15 112 228 205 217 201 149][163 182 250  66 242 179 186 223 127 121 188 246 200 254 254 180 223 155
 150 149 183 191  44 247  58  93  47 198 223 196 235 221][ 67  62  21 229  33  30 108  50 109 170 234  76 191  50 128 246 134 245
 124  12 141 216 241 204 167 254 112 146  10 132   3  45][ 47 245 233  67 252  31 207 189 123 249  61  76 218 116 223 180 159  74
  84 126 215  96 255 126  46  29  37 252 206 183 218 245][101 162 145  90  93 189 192 202 219  59 161  88 130 208 109 252 201   8
 106  24   7 103 202 211  31 222  17 127 218  93  90 132][212  74  79 167   6  10  79 176  36 230 135 166 247  71 137  83 118 228
 125 238 104 213  73  44 240 163 231 144  44 179  36 112][105 121 181 101 168  91  84  22 123 250  54 104 159  55 195 191 135 126
 252  24 165  88 229   8 238 251 117 179 202 212  74 125][217  72  95 229  34  10 125  51 169 130 118  96 191  19 128 119  38 245
 124 170  96 213 161 200 198 251  98 128  38 160  35  33][214 148 146 184 235 164  56 202 189  27 211  50 140 190  40  73 231 155
 191 145  50  15  19 195 157 242 218 206 148  69 161 195][210  78  44 191 172   2  95 189 156  46 210 179 245  47  51  75 198 119
  61 199 232 221  73 191 228 227 254 145  52 184 149  91][165 127 253 100 234  45 191 250 138 186  56 236 220 253 197  43 159  93
 102  99 225  99 138  88 124 155 101 188  76 250   3 185][236  36 189 178 169 121  20 138 155 191 129  57 206 254  79 155 129  87
 237  19  62  71 202 162 139 211  93 127 144 125 135  71][ 66 160 146 147 241 172  56  71  61  27 123  16 172 190  40  80 167  27
 127 144  18 153 128 195 157  54  26 194 128  64 163 137][166 106 193  15 110  67 174 200  30 226  80 238  64 204 245 140 127  76
  19 255 225 116  77 122  44   6 239 180 253 191  91 181][244  70 212  69 194  42 190 202 121 178 186 250  67 106 205  59  63 213
 110 226 164 247 205 106  62 174 101  23 229 241 202 133][ 37 191 248   9 252 187 214 255  91  41 248 236 227 232 214 176  31  74
 198  81 158  58 205  63  46  93  37 255 223 222 218 141][124  83  90 110 161  14  86 248  33 140 253  45  91 251  41 146 248 220
 197  98  72 179 152  44 243 237  37 141 107 179 110 147][167 124 174  24  93 247 148 206 206 248 180  93  16 220 119 187 201  97
  90 119 167 103  58  56  59  27 101 191 217 125 122 215][150  74  14 189  56 162  42 166 172  38 194 193 165 162   1  67 238 119
 107 197  40 153  65 108 164 178 138 144 132 113   5 136][ 40 133  57 233 252 205 193 191  78  61  60  24 182  29 232  32 131  26
  70  24  83  40 107 151 239 157  52 126  80   8 197 169][ 33  12 111  95 116 254 235  50 220  64 111   2 243 121 181 101  72  32
  18  14 161 188  53  47  69  46   0   0  69 171  80 232][123  96 169 100  25  95  80  40 203 232 173   8  82 252  93 178 153 244
 253  60  73  99 250  24 155 221   5  63  66  46  94 110][120  33  97 101   5  95 193  33  65 229 163  13   3  12  20 180 200 164
 204  12 153 186 245 140 151 221 144 112  99  12  86 126][ 74 143 245 117  32  30 109  55  52 174  94 244 233  39 144 231  38  55
 253 140 240 220 231 206 199 251 254 128  38 224 133 121][148 204  31  85 158  75 165 174 244 182 162  50 247 112 129  43  41 118
 104 123  97 237 109  62 232 162 103  20 193 121 101  40][125  81 117 100  45  94  87 184 225 232 191   8  91  61  25 182  24 212
 125 106 201  35 249  12 115 233  37  28  99 183  70 115][188 227 122  97  96 203 117 117 112 132 100  24  19 133 130  17  48 188
  68 106 104 247  48  14 115 137  37  81  99 160  70 226][ 68 253 147 180 243 237 119 246  47 233 122 109  62 247  65  84  55 126
 111  80  19 152 152  43 253 182  37 170 170 114 130  59][ 82 192 149 173  60  11   0  45  14 177 131 107 199  56   8  75 216  21
 109  49   8 225  65  28 136 182 219  86 148  40  17  10][124 115  18 174 185  66  86 248 161 200 233 109  79 251  41 209 246 253
 237  99  77 131 138 172 178 241  47 159  42 119  42  19][197  80 219  69  98  90 111  52 121 202 118 236 215  51 129 249  54 252
  52 238 225 212 181  74  54 171 101 128 108 179  98 185][ 35 165   0  26 221 181 232 107 255  17 233  80 128 232  60 229 201  11
  74 157 183  43 222 213  29  56 154 106 216  72 249 132][ 56 189  89 232 240 141  87 255  35  41 104  77  55 243   0  16 157 155
  71 112 122  58  88  63 251 205  37 104 120 146 130 155][147 167 106 179 182 139 190 245 156 101  91 183 157 236  58   1 190  43
  95 103 180 249  44 253 228  73 191 245  85  30 209 217][124  97 149 246 237  93  68 232 203 186 181  72  78 209  73 191 136 212
 236 106  73  99 202 128 147 218  69  63  66 187  74  39][198  22 255  85 162 122 185  18 188 151 119 177 204  39 135  95  39 119
 239   0  48 213 163  66  70 183 122 131 230 229   7 243][ 34 191  96  89 247 185 183 239  91  61 124 175  40 168 214 148  63  10
 135  20 150  58 110 247  46  30  21 231 215 204 206 205][ 12  36 250 241 246 160 233  83  63 147 118  18 157 171 209 104 127 175
  55 153 147 250 231 194 206 239 255 196 167 200 227 161][ 14  26 255  83  99 250 179 208 170 223 127 231  92 247 239 254  55 124
 166  22 135 212 190 194  78  39  35 135 203 247 109 245][108 169 168  46 205 101  87 154 131 247 169   9 147 253  83  26 217 206
 113 223  26  99 218  48 235 157 133  61 208 123 214  82][ 72 249 189 103 168  92 103 149 234 249 142  64 215 183  72  98 128  86
 124  88 211  73 251  32 237 237  39  84 128  50 135 107][158  46 214  20 195 242 184  66 191 135  74 179  45 170 103 159  39 255
 226 145  36 221 134 234  26 103  95   3 167 245  47 140][ 62  28 144 186  25 229  26  66 151 149 168 155  47 238  33 216 205 185
 139 145  62  15  90 191 155 215   9 123 178  77  12 198][255  86 237  21  52 122 238 159  83 207  86 247 105 108 158 238  63 196
 181 159 175 212 109 171  46 111 253 128 239 253 216  85][107  50 130  72 109  29 176  64 239 105 241 100 140 152 215 174 204   4
 250   5 199  33 211 208  22 125 154 186  90  14  91 149][108  48 181 225 173 109  80 154 203 191 164  24 159  29  65  26 137 213
 253  16  10  98 249 176 207 219  85 127 194  89  70   3][175 157  23 219 221 247 174 239 223 115 121  18 232 250  44 229 217 123
 186   2 119 127 123 255  63 126 223 111 154 126 249 174][ 52  14 236  95 132  43  97 254 118 167 127 198 211  97 150  76  89 238
  39 140 152 248 109  62  76 174 245   0 229 235 244 224][166  97  16 168 125 133 202  77  15 160 177  74 130 200 116 128 216 137
  19 243  74  38  90 208  61 216 141 124  81 154 210 128][205 106 203 243 164   8 111 156 122  19 119 244 221 195 217 122  87  76
  60 222 163 212 207  98 204 255 183 196 140 243 225  33][226 112  50 156  79 221 180  71 185  86  96  25  44 156 102  27 170  57
 211   1 100 111 178 193  23  16  90  43  81  28 167 222][237 114 213  79 104  31  67 152 115 250 165  92  91  83 205 191  21 196
 100 110 169 102 255  16   6 154  97  60 250 179  66  37][198 176 188  18 233 237 184  67 171 255  49  57 140 222  78  27 133  27
 243  17 150  78 154  80  31  16  95 239 192  68 143 215][ 11 191 250 201 247 244 190 119  95  77 124 231 168 188 182 228 255  59
 151 149 151 184  52 215  46 125 190 195 223  76 237 223][ 25  11  74 109  52 154 110  49 117 128 126 162 107   1 179 244 114 238
 148 110 220 184   5 237 246 237 162 129 111 134 121  12][ 19 189  71  11 147 211  46 237 118 225 202 199  81 242 150 224 120 238
 122 245 191 217 221 127 190 108 143 196 173   6 248 156][189  68  67 232 212 179  66 126  85 130 127  82  67 201 189 237  89 168
   6 250 253 183  44 158  58 207 165  68 255 251 248 164][208 188 156 249 138 236  48 135 250  31  34  25 182 187  66  91 167  51
 109   0  50  77 146 115 223 243 114  91 192  64 135  11][ 19 141 135 149 148 131 166 231  94 177  74  82 164 184  52 224 225 111
  58 209 118 217  23 255 172  54 222  66 140  72 177  14][ 77 124  58 167  32 158 127  48 184 238 127 141 223 119  75  48 182 253
 221 238 193 212 184  10 247 221  39 164   0 243   3 113][208 146  12 185  32 136 120  23 172  21 194 245 183  11   2  81 230 149
 109 133  78 156  67  21 196 227 250 209  32   0   5  27][229 164  36  30 157  31 198 232 223 226 169  12 242 248  30 183 217 226
 122 111 173  99 219 191  61  62  69 124  88 107  90   4][248  81  95 236  12  70  71  56 225 192 231   8  83  87  33 115 248 244
 124 106  73 131 177   8 243 233  96  24  41 163 102  50][ 69 205  27 174 180 140 111 229 248  64 106  68 247 224  49  96 176 106
  16 111 247 185  24  47 232 173  47   8  72 243 243  24][178 132 101  95  31  99 165 238 213  87 205  18 120 125  60  47 121  18
 219 161  43 229 127 223  33  74 218  23 247  92 117 238][ 41 181  81  97 116  79  67 188  87 161 122  72 147  17 152 176  90 156
  22 120 187  58 121 158 111 220  33 116 255 138  82 169][105 122 252 113  40 217 112  22 237 233  62 104 191 156 199 182 134  62
 252  16 133 248 231  40 206 223 116 179  66 148  78  77][ 32 182 189 101  69 111 177  55  80 249 122 124 178  61  80  35 140  62
 229   1 153 250 241   0 205 177 112  50  73  72 214 187][  9  55 157 229 170  47 157 123  26 186  56 108 158  55 193  35 159 125
 118  44 193 122 195   8 204 153 101 188  72 232   3 185][223  48  62 247 169  95  92  56 189 250 167  25 223  31  11 123 167  85
 253  98 108  69 187 172 211 251  95  51   2  53   7  83][205 113 249 101  98  30 119 156 104 224 102 108 223  83 139 114  54 220
  76 106 193 176 181   8 246 169  37   4 104 178  67  97][228  59 232  82 216 228 127 222 179 157  36 189  20 231  75  26  13 218
  67 212  50  90 250  98 127   1 181 237 160 209 134 242][ 72 184 151 251 201 237  52 199 175  27  40   8 172 183  96 223 161  59
 235  16  18  89 146 241 141 214  94 107 146  68 135 171][ 92 123 250 102 242  30  63 180  51 172 127 236  89 255 193 118  54 253
 253 234 209 209 185 234 251 237  37 164 167 243 135 115][  9 128 107 249 246 139 233 127  95 113  94 214 185 139 248  96 127 139
  55 140 147 184 103 215 206 207 190 196  63 136 241 249][ 93  96 247 101  34  42 107 152 113 160 190  72  91 123 221  58  50 197
 108 250 137 240 173  72 222 239 101   4 227 243  66  33][  2 164 146 152 241 164 184  67  61  25 123  18 140 170  44  80 239 139
  95 144  18 187 130 195 159  60  26 206 128  64 163 131][ 14  22 254 181 226  42  61  23  61 151 127 247  77  47 206  91  55  23
 183 148 180 216 135 194  78 103 126 199 175 228 167 209][120 249  16 120 233 221  84 239 171  57 172   8  63 243  64 178 128 242
 252  64  74 107 218  53 251 221  21  59  66  18 202  42][ 14 108 227  85 118 187 235  86 127 227  94 130 153 175 181  44  47 109
  55 157 128 184  37 234  70 127 186 128 231 247 113 237][ 16 237  83  77  82 210  38 231  60   1 234 160  61 182 160 244  34 191
 138 128  83 155  36 127 181 164   6  65  32 128 167  44][198  24 148 152  44 165 184  70 159  27 208  50 140 154  33  72 207 177
  63  17  50  15  66 208 149 178 218 222 144  73  33   1][ 29 120 251 103  98  90 111  16 112 194 127 228  91  23 145 176  54 236
  20 238 201 180 181 106 102 237  37 128 111 179 106 185][252   5 180 124 137 118  84 239 241 150 168  25  98 121  13  27 249 214
 104 162 124 103 155  40 179 235  85  31 243 112 230   2][ 33 197  49 201 188 205 197 191  94 121  56  88 182  49 184  96 147  26
  18   8 211  56 123 151  45 156  16 116  80 136 212 169][103 179   4 138 253 173 192 200 207  93 185 109 134 232 126   8 201 137
  78  85 159  35 218 149 156  80 155 127 216  15  91 215][ 74 147 183 117 129 188 105  55 173  21  70  84 173 167  16 215 132  55
 121 140 146 216 179 193 199 251  90  64   2 132 129 120][189  76 110  76  77  83 207 120 212 228 245  14  83  72 183 167  88 228
 214 239 237 231 125 157 114 107 225  53 127 175  90 228][145 207 110 179 182 139 255 189 220 118 210 151 247 200  58  65  63  67
 127 231 244 237  15 255 232 203 127 196  45 152 185  89][141 115 153  97 184  47  95 219  94 170  52 124 223  71 193  40 151  89
  94  60 163 100 105  90 234 223  37 180 218 248   1  49][ 85   6 158 117 168  46  84  59 160 190 175   5 215  35   3  91 133  70
 108  46  76 241  91   8 194 239 117  21 232 243 200  19][184 108  94 117  67 191 112  82 117  50 102  25  63  11   3 155 163 172
 198   6 100 246  16  62  87 203 112   1 107 213 110 139][ 39 253 104  11 242 157 175 244  74  96 124 238  57 204 214  48  62 235
  22 255 199  58 188 125  60  12 173 232 125 151 203 253][213  94 156 191  46  46  95 190 156 158 158 183 245 111  35  75 231 103
 125 111 168 197 203  43 240 227 239 144 172 241  25  91][227 178 253 244 120  14  89  63  57 233 146 252  61  63 148 115 150 181
 125  44 161 207 193 223 218  62 248 208  12 128  19 121][236 120 185 224 173 125  82 150 235 187 180  24 159 157  65  58 141 208
 221  88 138 103 240 162 219 221  21 119 194  89  70  58][209 251 184  98 184 140  87 189  98 169 134   8 183 211 200 114  20  94
 124  88 218  73 249  34 235 237  37  92  32 146 202  41][209  66  78 173  36  10  79  56  36 198 150 167 215  71 155  83 118 228
 125 238 104 133  69  12 240 227 227 148  44 187  48 115][208 254 158 191 170 226  53 199 190 159 130 177 237 246  34  75 167 119
 237 128  50 205 131  99 217 227 126 147 128  80 173  75][175  79 101  79  82  18 174 184  85 224 115 231 105 108 159 165 126 228
  51 238 229 144 109 238  36  46 135 132 127 183 112 212][169 112 104 108  92  47  65  88  64 232 245  12  83  29  26  48  92 140
  86  44 137 182 113  14  83 169 160  52 121 138  82 240][219  72  55 223  45 148 239 180 205  26 214  66 232 218 181 239 238 229
 126 235 233  37 103 253 179 250 234 154  55 185  49  45][ 61 115 208 102 109  29  86 216 203 184 181 108  75 216  79 186 136 200
 228  66 204  99 202 128 146 217  69  63  75 191  90 135][ 87  70 226 132 138  34 111  28  33 166 155 239  67  38 223  86 118 197
 109 239 216 146 197 192 240  36 238 132 175 247 176  20][127  28 236  77 189 126 219 186  89 207  92 135 251 108 151  35 173 102
 181  61 173 232 117 205 107 127 239 149 199 237  85 246][ 95  51 251  70  67 116 187  88 170 204 127 230 124 246 239 238  54 125
 182 214 135  81 190 192  22 109  43 170 175 247  45 245][ 49  81  99 205  54   2 239 112 100 232 243 230  83   3 177  96 126 228
  22 238 201 177  37 140  48 168 162 128 109 186 112  49][ 87 104 210 134 226  52 126 208 169 202 255  77  76 234 215 254 247 229
 127 238 133 131 142 224 146 124 207 142 142 247  43 149][125  77 120  70  52  95  71 184 113 168 255  72 115 113 149 116  24 228
  20 106 233 178 105  46 243 239  37 148 111 187  90  33][ 40 189  89 235 240 207 119 255  37  40 104  76  55  51   0  16 157 187
   7 104 115 186  88  63 109 141  36  96 120 130 194 187][169 113 115  97 118  78 235  16 113 224 119  90  27  21 216  52  58 156
  22 122 225 180 181   2 103 201  33  68 111 168  66 176][ 50 185 235 250 223 199 210  77  22  65 200 131  49 221  48  32  88 186
 147 209  95 186 127 191 127  69 143  73 253  10 252 186][231   6 239  20 236 114 237  10 248 214 179 147  80  44 183 123 105 196
 104 167 173 231 165  74  20  46 218   4 197 113 116 116][205  67 201 245 164   8 111 157 114 146 126 194 211 227 217 123 115 206
  60 238 217 244 207  32 228 233 231 140  44 248 209  32][ 61 118 238  69 118  63 235 208 101 232 126 198  83  33 147  36  62 236
  22 126 137 176 125  12 110  13  37 132 239 255  82 241][ 60 127  82 108 179  14  86 248  33 140 254 237  75 243 161 144 126 244
 205 106  72 163   8  44 242 237  37 157 107 183 106 147][195 123 202 132 202  17 188  67 187 226  80 239   4 142 231  24  46 237
 183 197 197  31 132 194  54   4 175 174  13 180 139 221][131 188 126  91 250 179 186 254 126 115 252 247 249 124 190  33 223  91
 215 181 183 239  77 255 110  95 191 196 221 196 171 221][125 222  21 232 190  63  87 190  71 120 188  76  94 113 161 244 213  84
  62  56 187  35 105 158 251 255  37 254 218 249 225  49][192  28 191 253 130 230 181  55 188 199  66  16 181  55   0 107 162 119
 121   1 112 220 179  46 197 163 122   0 128  96 165 107][206 118 249 178 234  68  61 220  51 218  20 255 125 247 235 122  55 221
  55 177 226  86 174 250 125 134 255 174 183 244 167 251][ 37 237 105  67 244  91 239 188 107 232  61 236 217  92 223  52  30  76
  84 127 215 112 109 126 110  29 165 228  78 183 210 245][ 36 160  68 145 253 201 232 105  63 181 179  26 141 202  92  24 123 137
 110 145  18 122  79 212 157  22 159 125 213   8 215 128][ 65  59  23 101  49 140 105  54 237 201 106  76 191 178 132 246 132 103
 124  12 141 152 241 236 133 252  18  18   8   2  67 109][134 244  55  90 187 111 151 249 159  91 181 116  92 247 172  63 135  19
  95  50 243 101  58 247 105 154 103 222  80  73 165 243][ 45 255 112   9 248 159 158 191  95 173 120 237 167  40 150 132 158 106
 198 125 214 184  69  63  46  92  37 244  94 222 202 157][ 94  91 238 230 178 214  95 180 165 204 222 167 249 239 179  64  54 247
 253 231 200 153 185 236 250 239 239 129  46 247 172  91][203  10 142 181  41 158 105  35 172 214 134 149 141 163  19 207 101  37
 248  12 116 205 135 204 196 115 218  17  10 228  25  64][ 54 132 229  95 143 107 149 171 199  55 157 178 194 125  30  47  73 214
 237 163  56  97 111 159 203 178 219 151 247 121 212 102][117  71 104 101 164  11  70  37  97 164 187 168 195  96 156  18  26 196
  76 110 220 178 205  12 166 168 101  20 101 186 210   0][166 109  18 128 236 171 230  71 143 160 104  26 134 152 116   1 200  41
   3  83  66 178  64 240  53 152 143  62  85  89 211 130][ 32  79   6  45 124 143  70  55  21 172 234  77 227  97  19 148 220 110
  66 108 200 186  65  63 165 222 133  48  82 190 210 200][248  81  83 236   0  70  71 120  97  64 231   8  83 151  33 115 120 180
 124 106  73 135 176 136 243 233  96  24  99 163 102  50][145 237  79  45 146 139  78 173 116 224 194 227 243  90 152  97 112 142
 126 231 125 152  69  63 188 238 175 192  45   2 248  12][197 231 214  87  56 154  86 152 251 168 247 108 238 210 142 244 151 100
 108 110 198  85 239 111 190 250  37 158  74 179  10   5][ 86  64 214 133 110  10 232  72  45 162 242  10 206  74  29  91 122 197
 127 227  72 247 193 200 148 186 203 148  37  56  97 128][116  64 210 157  77  76 232  72 123 182 242  10 206 250  75  90 250 205
 238 131  12 119 211 192 149 182 203  61 165 120 123 130][ 91 179  63 169  48 143  89  19  39 121  86 229 158 159 146 121 134  61
 125  21 143 216 241 149 194 121  56 194  46 132  33  89][ 11 191 122 137 247 211 186 119  95  77  92 167  44 190 182 228 254  59
 151 149 215 184  52 255  46  93 186 195  31  14 253 223][180 237 214  95 216 139 230 236 118 162 235  72  99 224   9  17  57 238
 106 234 104 243 143  63  60 166  69   4  97 115 226 136][135 141 150 219 221 253 182 239 223 115 187  26 236 248  44 237 249 123
 186  19 119 107  91 247  63  94 223 127 155  95 249 142][ 12  12 151  55 227 233 112  67  57 155 107  89  47 186   1 157 167 171
 198   1  53 246   2 194   5 246  80   3 226 100   3 135][121  95 120 103 116  27  71 184 117 172 127  40 115 121 159  48  58 252
   4 106 232 176 109  47 102 239  37 128 103 187  86  41][ 67  77  61 222  44  21 239 190 205  10 222  66 240 154 181 111 236 231
 126 235 201  39 103 249 183 186 214 154  16 249 113  45][ 29 124 250 103 118  90 111  80  97 192 127 230 115  21 147  52  62 236
  20 238 205 176  61  78 102 237 164 128 111 179 106 177][147 108 235 161  86 129 175  86  58 226  88 215  53 142 247  32 110 237
  19 213 199 156 164 106 116  13 190 160 141  80  51 216][  5 255 123  69 246 219 255 240 104 232 126 232 127  92 151  48  54 124
  84 106 197 184  45 125 110  77  37 164 103 179 195 245][ 67 235 186 117  96 141 120 150 239  41 106  72 190 140  84  48 132  63
 122  16 198 248 146  97 111 220  20  34  64 144 195  13][203  36 190 247 161 180 120  23 185 143  79  17 172 179  98  90 167  63
 185  20  54 220 178 194 207 255  90   3 130 196 171  75][195   8 135 149   9 190 120   3 255 211  66  21 172 162  50 255 161  39
 120  12 181 221 179 194 135 122  90   3 130  68  41  78][137  61 145 245 145 143  21  23  31 235 182  92 190  55   0 160 141  55
 222  16 249 252 113 138 239 223  52  50  74  72 129  59][221  96 121 101  98  26 123  24 113 224 118  88 219  17 147  59  54 220
  68 106 225 244 165  74 246 233  33   4 107 176  67 169][201  47 200 229 164  26 109 191 123 170  62 228 159 163 211 255  83  76
  44  44 225 248 165 138 206 251 247 164  46 240  91  41][ 41 237  81  79 240 143 103 255 101 104 124  72  62  51 128 180  28 106
  86 110 209 186 104 127  44 156  36  96  90 146 194 169][221  82 220 230  40  46  95  16  32 234 183 109 215  51 195  91 102 245
 125 110 136 197 193   8 210 235 226 144 172 243   0 113][ 41 235  97  71 116 219  79 252 103 232  48  72 115  69 149 181  24 232
  86 110 233  50 109  61  39  88  37 176 103 187  86 237][ 94 219 106 102 178 214 127 180  49 204 222 231 121 255 179 244 118 255
 189 206 201 155 184 239 250 253 173 136  46 183  44 123][201 251  49  98 240 142  71 181  97 172 110  76 183 131 208 112  20 222
  76 122 218 120 248  61 255 168  37 108  34 146 198  41][  6 172 154 152 244 164 184 195 191  25 248  16 156 170 100  88 239  11
  95 144  50 187  66 215  29 125 186 206 144   1 227 129][ 66 156 154 145 221 229 184 198 159  25  26  18 140 158  97  72 229  59
 187 145  18  89 146 242  29  22 154 106 144  73  37 155][ 82 205  74  13  18 130 111 228 165   4 238 133 105 131 162  84 118 238
   9 238  72 153 145 127 114 237 134   0  42 150  32  10][244 127 120 102 124  13  86 248  65 172 189 111  83 201 203  16  28 204
  68 102 204  50 204  42 250 201  37 189 105 187  94 195][189 100  83  65 117 154 226 112 113 138 119 114  91 209 156 181  58 188
  22 234 233 246   0 206  38 248  33 132 107 185 106 161][117 105 218 162 242  14 254 208 168 200 251 207 221 234 215  26 190 237
  87 255 149 243 140  96 250 205  47 172 237 243 235 209][120 169  24 106 185 221  86 237 227 173 172   8  47 219  66 144 136 179
 236  64  78  43 202  53 251 221  37 123  98   2 206  11][ 49  12 234 229  20 162 234  86  84 225 254  66  49 169 183  96 120 236
  23 217 157 184   5 174 110 237 171 128 173 251 120 136][ 73 188 157 245 100 172  57  51  56 171  94  92 188  51   0 115 132  63
 117   9 161 220 209 207 197 251 122 162   8   0   3 169][ 56 127  90 108 178 222  94 245  33 204 252 239  99 207 163  16 126 248
 133 110 200 171  32  46 250 237  37 153 123 186 238  25][ 15 104 227 215 118 176 251 208 255 193  94 194 189 207 245 236  62 123
  55 223 135 176 174 226  78 125 186 128 231 247 113 253][  9 223  83   5 242 159 182 246 109 232 122 236 190  24 183 164 182 111
  22 111 197 184  37 127  46  28  37 130  78 191 203 221][ 66 185 154 218 233 157  48  87 239  25 108  12 172 179 102 150 135  59
 234  16  23  27 146 241 159 213  22 107 218   0 139 159][124  94 243 103  54  90 111  16  97 140 255 226 123 103 149 244 118 252
  29 234 201 178 229 138 183 237 162 128 103 243 102 121][ 73 161 166 117 141 188 104   3 171  25  79  16 170 163  20 126 129  38
 121  28  26  73 147 193 207 255 210  81 130   0 210   6][ 33 207  15   4  85 143 102 119 188 236 106  77  34 161  50  16 128  42
  74 108 192 185  80  63 177  30   5  48  64  12 210 248][ 49  67  67 205  54   2 111 112 100 192 250 198  83   3 177  96 126 236
  22 238 201 178 101 204  52 172 162 128 109 187 112  49][ 35 239  99  11  86 151 175 244  79  96 120 199 104 232 190 164  62 235
  19 223 199 186  60 255  44  28 143 224  79 158 243 220][130 116 241 245 242   6  61 223  27 250  16 251  61 191 241 123 119 221
  23 188 227  86 128 218 237 154 255 172 180 240 163 187][121  94  21 105 187  31  85  63  79 235 190  76 158  49 129 244 197  23
 220  60 169  46 113 158 239 223  53 246 218 216 137  57][189 223 108 111 109  87 215 248 197 252 156  46 115  92 155 167  92 192
 254 111 237  39 111 189 115  75 225 189 127 191  92 253][222  52 190 244  41 109  84  10 191 242 167  25 222 191  73 123 167 213
 253   3 104  69 147 194 211 251  93  31 192  96   7  82][  9 128 105 249 118 139 233 127 127 113  86 214 185 139 176  96 127 139
  55 140 147 188 101 215 206 239 186 192  62 136 241 249][ 93  67  82 103  54  10 102  49 101 132 123 224  67  64 144 112  50 228
  76 110 220 176  13  14 254 236  37  64 103 162 194   0][ 37 149  25 233 148 239 228 191  94 123  25  88 215  56  24  96  17  10
  18  56 243  56 125 151 109 159  21 116 220 138 208 128][147 157  60 177 190 187 188 191  92 122 154 247 245 124 146  41 239  83
 127 165 189 248  79 255 236 219 255 212 220 233 169 153][ 34 169 137 217 252 197 146 207  30 121 248  10 176 253 108  32 217  26
  83 209  19  43 194 119 127  28 173 255 209   8 210 139][166 253  93 210 250 224 150 238 202 147 184  58 228 122 237  59 131  83
  66 114  51 111  58 127  57  26  79 126 208  83 167 167][ 61  95 103  71  54  63 235  80 101 236 127 198  83   9 151  36  62 228
  22 254 137 176  61  12 102  12 165 132 239 255  80 245][221  92 156 191 172  42 124 188 180 250 151 117 255 123  11  75 231 231
 125 111 173 197 203  40 242 227 255 144 172 249   9  25][126  91 198 204 203  50  94 120 129 136 254 231  73 231 167 222 126 252
 167 234 136 147 134 232 114 103 225 139 175 247  44  21][253  96 243 101  50  10 107 156 113 160 246  72  91  43 221  62  50 197
 108 234 169 245 165  74 210 233  37   4 107 179  66  32][ 79 123 235 206  98  52 191 216 162 204  93 230 120 254 255 230 126 249
 183 206 135   3 174 235  82  45 171 170   7 247  39 245][216 241 184 253 189 204  85 191 246  25 230  16 191 255   8 115 193 151
 125   0  74 107 243 149 227 239 118  93  50  16 229  10][ 36  87 189 191 202 107 181 191 134 183 161 183 241 111   9  11 205 215
 235 130 112  68 123  49  69 163 253 149 145 248 132 251][249 112  87 188  73 218  80 101 177 210 224  89  47 218   0 219 160 189
 196   1 109 223 146  15 146 227  80  11  42   4 170  10][252 124 184 112 189 125  85 214 123 187 164  24 159 157  65  59 137 222
 221  88 170 103 240 162 251 217  21  63 194  89  70  58][ 44 165 172 115 213 253 101 175 127  87 109  24 178 241  90  60 137  10
  98  24  58 120 250  55 111 223  20 109 194  72 222 242][ 38 160  86 129  77 205 232  73  47 181 179  26 142 138  84 156 122 137
 239 145  26 115  83 212 157  24 139 111 245  12 119 134][124 209 189 120 141  77  81 169 198  61 164   8 214 113  72 123 145  80
 236 112  26  97 251  17 203 251 101 125 210  56 196  34][  2 110 182 155  99 225 184  71 190  23  80 179 172 142 103   8 239  59
 131 145  34 220   2 227   5  22 218 131 149  84 165 219][ 20 159  29 235 178  43  71 187  20  58  91 228 215  55 168  65  87  22
  12 106 113 128  73  61 224 162  98 212  60 235 161  49][190 253 102  26 203  85 151 252 147  94 181  63  74 220  63 183 221 210
 209 243 254 103  58 255  59  83 197 191 115 119 254  87][146 244 253 197 238  74 188 103  72 234  26  51 148  60  84  34 175 117
 119   1 224 252 229 202  37  30 127 131  69 120 213 239][  9 165  56 120 253 181 209 239  95  25  60  24 158 187  96  48 201  10
  66  24  50 106 250  87  79 223  23 110 210   0 235 170][ 63  80 234 206 101  54 218  88  71 202 221 163 120 255 191 120 252 249
 183 167 142 131  46 201  19 127 171 142 183 255 112 215][202  93  55 214 131 221  53 103 189 204  70   9  46 183  33 247 160  51
 235  64  97 217  50 237 187 243  84   3   2  28 133 126][  2 156 154 154 211 229 176  71 190  17  72  51 188 190  96  72 227  59
 179  17  18 216  18 242  29  21 158 107 144  72 165 154][  0 189  27 185 240 172 185 227 190  25 122  80 148 178  96  64 229  59
  10 144  18  24  18  87 205 182  58  68 144   0 163 171][149 193 127 247  36  26 236 113 252 178 147  82 223  74 184 227 242  37
 124 235 249 245  45 204 248 235 239 212   4  34 225  32][123 217 106 238 112 212 126 180  33 200 254 231 121 223 183 240 118 255
 157 206 205 154 176 237 123 253 174 136  47 182 122 121][245  99   9 162  60  13  75 216  38 236 145 205 151 205  91  16 156 201
  93 119 206  39 232  26 241 197  45 188 112 187  23  97][218 180 146 184 145 244  56  71 185  31  74  17  44 250 110 216 165  59
 185  16  54 205 146 195 219 247  30  75 130  68 169  14][  2 185 147 154 243 217  48  71 191  65 104  32 172 246 102 116 167  59
 186  16  23  25 146 243  29 116  30 107 152   0 175 159][165 118  94  95 116 154 224  48 113 138 247 116 243  81 157 183  94 232
  70 234 237 246  76  76   6 184  96 128  77 187 106 133][ 11 223 107  76 114 214  63 113  37 204 126 228 121 215 167 116 118 185
 151 238 193 154  52 127 118 237 166 128  47 178  39 253][ 72 177 184 113 130 237  81 183 162 125  46  29 151  55  66  26 133  31
 225  16  26  88 176  21 207 193 116 101 224   0 134 123][132  60  13 179 164 227  47 178 156 250  19 251 213 215 193  75 199 127
  29 251 121 212  73  46 205 131 239 224   4 121  21  51][ 32 179  25 201 222 205 177 223  30  57 120 106 180 157  64  32 223  27
  67  17  18  58 194  87 125   4  61 254 213   8 135 171][ 61  53 111 101 118  90 107  16 113 192 126 226 115  93 157  48 126 188
  20 232 173 176 101  12 102 169 161 128 111 162 122 161][221  93 157 191 172  46  94 188 180 250 146 117 255 127 155 123 199 247
 125 111 173 197 203  32 226 235 127 148 172 241 137   9][ 72 173  63  50 145 188 116  39 175  55  42  25 174 187  64 144 165  51
 201  21  54 249  16 247 235 223  22  67 194  68 143  11][  9 128 123 251 118 169 233  87 127  81  87 210 189 143 240 104 111  11
  55 157 147 188 103 215  78 223 186 224 191 136  33 233][  3 108 235 222  86 176 174 208 126  64  92 194 177 205 253  96 126 107
  23 207 199 178 174 227 118 109 174 168  53 243 121 232][ 17  65  67 205  86   6 111 112 100 192 250 198  83   3 177  96 126 204
  22 238 201 178 117 204  52 172 162 128 109 187 112  48][153  96 245 117  99  26 121  18 121 226 118 216  59  27 145 191  54 189
 196 168 161 244 165  74 214 251 112   0 107 180  66 169][221  18 153 228 160  44  91  16 160 202 190 108 215  55  73  90 150 213
 125  62 153  69 193   0 211 233 101 144 168 241   2  19][201  62 144 245  53 190 121  55 127 239  62  84 190  51 194 246 135  47
  12  12 245 220 241 202 207 255  54 130  10 196   9  45][ 21 105 155 163 180 142 239 208 104 200 251  71 223 218  81  56 254 237
  95 255 201 145 204 104 248 204 175 132 172 115 163 209][160 207 123  71 116 139 103 180 113 164 118 172 115  65 151  48  62 236
   6 106 232 176  45  63 110 175  37   0 101 187  70 233][112  70  99 237  54  10 107  48  33   4 254 230 115  71 149  84 126 188
  29 172 201 178 229 141 183 237 160 128  39 162 116 113][ 97 217 187 254 236   4  95 247 205  74 216  74 247 250 181 114 204 247
  62 203 205  43 250 249 181 190 222  24  20 250 240 108][255 245 108 200  62  27 223 252  87 240 156 170  91  93 191  37  95 208
 127 111 235  35 111 159 122  31 165 252 119 191  80 125][ 71  31 135 151 168  62 172 191 186 251 155 244 221 102 221 239 167  71
 125 143 149 209 239 232  12  58 255 148 140 245 147 117][ 67 132 183 151 137 252  49   7 255  87  67  16 172 186  38 123 161  39
 120 145  22 217 178 225  13  58  90  66 128  64 165 110][ 82  77  78  78  18 130 111 228 180   4 238 129 105 195  39  80 114 236
  41 238 104 155   4 111 114 173 130   1  41 183 106  10][ 60 120 188 242 229  93  81 214 107 185  52   8  62  29  65  58 137 218
 213  88 138 122 122 176 219 219  85  59 194  91  70 170][ 29 251 123  71 118 139 255 240 109 236 126 230 125  93 151  32  54 253
  87 107 193 184  44 125 118  12  37 128 101 179 103 249][ 36 111 123 102 116  11 103 248  64 164 125 175 115 109 145  16  30 236
   7 110 232 178 108  46 118 141  37 164 101 187  86 249][168 160 177  89 221 253 225 203 255 117  36  24 142 153  70  60 201  10
  98  24  51 110 250 211  79 222  17 111 210  12  71 230][  3  38 146 153 243 248 168  71  57   7 104  48 140 178  38 188 183 187
 134 145  23 154   2  66 141 246  26  67 192  68 175 165][220  20 191 188 169 112  20 139 177 222 134  53 207 254  75 219 195 215
 237 145  44  71 227   2 194 243 255 159 128 117 173  83][ 17 221  63  28  19 203  55 231 244  64 234   8  54 144  34 112  34 230
  74  67 101 187  52  47 241  46   4   3 105  48 163  74][ 57 237 100  69 220 155 198 237  71  96 184 232 115  24 150 180  24 202
  86 111 205 186  77  61  38  72 133  52 127 158 218 140][153 205 125 247 174  27 254 191 252 242 154 210 253 110 144 227 231 119
 126 235 245 221 109 191 228 235 255 148  60 248 137  41][ 56 233 120 106 116 201  83 253  98  44 124  40  51 209 194  48  24 184
  68 120  90  58 232  63 251 205  33 121 113 138 198 235][ 41 175  81  79 240 223 103 247 109 104 120  64 122  51 132 180  62 106
  70 106 241 184 104 127  47 222  36  64  82 146 194 173][149  69 127 227 182 139 187 112 172 240 151 210 213  79 185  97  54  53
  93 255 245 133  45  28 234 201 171 196  45 163  41  17][ 49 157 123  77 244 203  79 119  85  64 124 142  51  45 181  48  94 186
   6 236 123 186 116  63 122 237  36   0 127 202 230 250][220  80 156 182  40  96  85  44 128 158 135  49 215 119  75  91 193  85
 237 163  40  69 219   0 195 227 255 157 160 115  28  83][170 176 187 240 109 237 177 199 155  31 180  57  14 157 100  24 137  27
 211  17  50 111 178 211  95 215  16 127 210  12 214 186][106  48 154 240 233 237  17  71 187  21 165  56 142 159  68  27 135  59
 249  16  18 111 146 192 219 209  80 123 194   8 135 163][132 127 255 183 182 169 191 144 222 142  82 247 245 253 241   3  38 123
  63  83 224 252  12  42 236 128  47 128 228 249  21 251][  2 166 182 155  91 225 184  71 158  23  73 179 172 206 106  72 239  59
 131 145   2 220   2 243  13  22 154  11 148  68 165 218][232 120 190 246 201 236  85   7 187 179 166  24  30 255  65  91 161 247
 125   2  40  79 146 226 211 251  81  59 194 112 230  34][234 165  98  81 221 189 108 103 235  33 104  24 171 137  84 180 137 171
  91 136  90  58 214 215  39 124  20 121  66 196 202 140][ 34 181  53 211 189 239 209 239 159  51 189  24 158  61   4  45 201  27
  91  24  50 233 120 255 239 222  23 118 210  72 195 162][100 251 173 191 136  76  79 156   2 189 226 133 247 231  73  74 205  94
 109  82  10  72 251  32 237 167 253  28 128 251 132 122][  3 169  27  56 211 205  48  71 190  81  96  17  60 222 100  80 167  59
  18  20  22  26 146 115  93  28  26 106 216   0 163 202][157  65  67 197  86  14 111 112 100 192 242  70  83   1 177  96 126 204
  22 238 233 176  53 206  52 168 162 128 111 187 112 160][113 239  57  44 180 140  79 182 104 204 248 105 183  40 146  16 144 239
  76 111 204  10 224  47 248 173  36 184  96 179 214 105][163  72   7 172 108 134 168 103  20   8 208  67  52 155  49 193 236 185
  63 133  73 159  83 221 149  32 218 136  29  24  49 136][ 40 121 184  99 125  93 115 148 107 169  52   8  63  29  81  50 136 208
  87  88 139  56 248 160 239 221  37  48  66 155  70 171][ 41 239 115  69 240 155 230 247 109  40 122  72 123  32 148 180  58 106
  70 106 213 184  45 125  46 220  36 192  67 146 202 173][  0 217  31 187 178 194  53 231 190  17  74  48 189 183  32  65 226  51
  59 128 114 153  19 125 237 231  62  67  16   0 165  43][153  95 115  69 118 135 239 116 125 204 126 230 121  77 181  37  62 253
  23 239 225 176  36 253 118  40  39 128 103 178 103 249][165  82  92  95 108  42 236  56 237 218 243 244 211  72 157  59 222 192
 102 174 237 228 111  76   6 186  99 132  77 251 106 149][212  95 124 167 142 107  23 184  20 254 151 247 215 125  11  75  39 215
 125 227 249 101  93  46 240 227 109 149  44 251 149  83][ 90 189  23 176 145 236 116 231 169  17  42  17  46 191  32 210 161  51
 233  17  86 201 146 229 187 247  30  75 130  68 175  10][ 33 157 105  77 116 203 235 127  69  73 124 228  49  61 180  48  90 186
  22 168 155 186 117 127 111 174 160 192 125 138 194 186][213  70  78  37  98  10 110 112  96 138 115 230  85  98 153 115  54 229
 116 239 228 149 133  76 180  42 235 132  45 243  43 129][ 97 201  57 238 252 205 207 175  78  65 234   8 247 248  56 112 216 243
 122  73  89  43 122 189 253 254  86 120  16  26 208  40][160 251 121  75 118 203 227 253 113  44 116  40  51  81 140  52  58 184
   6 120 242 186 108  63 124 140  33 224 117 138 214 233][  2 219  23  28 147 196  60 231 173  88  64 229  44 214  37 213  38 123
 155 192  71 137   2 125  47  32  46 139  56  20 161 223][206  22 188 182 169 112  29 136 187 255 135 181 207 238 203  75 199  87
 237  19 188  69 235 162 202 243 255 159 128 103 149  87][ 64 168 147 176 201 236  48   7 170  89  74  17 188 190  68 122 129  43
 123  17  23  72 178  97  13  52  26  75 128  64 167 202][ 92 107 168 162  60  13  75 152 230 172 151  77 215 193  91   2 144 100
 109 127 202  37 203  56 235 205  45 188  34 187  83  97][221  99  41 162  52  15  79 216  38 172 149  77 215 193  91  16 148 204
  93 127 200   3 248  24 241 201  45 188  32 187  23  97][157 105  19 166  52 142 111 240  53 192 250  68 255 211  81 176 124 237
  95 255 201 147 248  46 249 205 175   0  40 179  34 248][251 112 118  85  67  26 108  83 113 242 118  92  43   9 149 191  46 164
 230 168 225 246 183 200  22 123  80   3 111 180 106 173][ 49 237  64   5 212 155 230 231  69  32 250 232  99  56 150 164  24 234
  86 107 220 186  77  63  46  76  37 241 111 158 218 140][ 66 189 158 214 211 252  52 103 173  81 110  16 172 190  38 247 160  51
 251   0  55 201 178 229  59 243  90  75 138  68 173  30][200  24 188 251 160 236 113  19 186  27 102  17 182  59   2  91 193  58
  45  16  58  92 210  35 199 243 114  73 136  65 201  18][160 187  24 249 214 143 161 119  30  33 112 220 181 129  64 128  12  59
 131  17  83 184  81  63 109 133  60  96  89   8 131 184][ 93  51 155 228 160  44  89  19  32 202  62 124 151 183  65  90 151 221
 125  28 153  80 161   2 219 237  39 236 168 224 203  51][ 43 159 106  77 112 150 127 119  52  76 124 228  57 223 182 112 126 186
  23 236 201 154  52  95 103 173 170 136  63 128  98 249][  0 181 154 187 210 225 185  71 158  21  73 179 188 222 104  72 227  59
 131 145  18 216  18 247 205 133 154  75 148  72 165 154][170 176 250 240 235 233 177 199 187  21  36 185  12 159 108 155 175  27
 211  16  18 111 146 209  95 209  80 107 210  12 143 171][116 205 105 218 204  65 238 233  86  48 173  10  81 201 124  33 121 194
  51 250 122  35 127  55 127 143 133 125 245 187 240 160][218  88 247 222  99 208  52 230 189   6 230 163  44 255  37 213  34 251
 163  66  96 207 162 239  51 114  94  11  55  20 165 239][240   3  83 229 116  10 105  51  41 136 242 230 147   3 144  81 118 164
  29 172 169 184  65  78 244 168 162 128  45 160  98  57][ 18 141  66 170 158 131 206 237 134   1 217 194 113 203  56  64  88 162
  19 235  90  43  14 253 120  36 174 204  61 138 240 136][189 207  67 195 116  27 110 248  53 160 247 206  91  67 185 245 126 204
  22 110 233 183  13 190 182 201  37 164 127 187  74 177][220 118 220 182 174 104  87 156 130 183 151 189 215 255 203  91  83 213
 125  99 104  69 203  34 224 227 237 157 164 243 148  83][ 68 151 110   7 188  42 237  63 236 175 191 245 211 105 158  82  19 230
 109  60 248 225 205  78 236 175 103 212 204 234 197  81][247 237 109 194 222  19 207 248  87 242 157 138  83 108 214  32 127 192
  55 239 233  39 127 255  58  14 133 252 117 187  80 100][165 172 253  83 244 235 231 255 118 227 118  16 115 117 156  53  91  78
  22  56 179 252 109  63 111 158  53  68 231 248 214 248][216 184  58 178  83 205  81 231 179 117  36 185  47 159  66  16 161 187
 213  16  58  15 178  55 219 213  24 123 162   4 142  90][ 34 153  66 136  95 209 154 111  31   5 192 163  40 158  36 212 248 186
 147 145  30  11  84 215  63  20 154 251  23  12 252 222][185   1 119 101 118  10 232  49 117 192 114 226  91  25 149  49 126 148
  22 168 169 176   5  76  70 170 162 132 111 160  98 137][105  40 129 181 233 236 161   3 186 225  74  24 180 183  64 154 201  47
 241  29  19 218 211   0  13  55 218  42 136  68 155 138][232  60 183 244 233 236 117 199 187 147 100  24  62 255  69  31 129 255
 245  16  58 110 242 224 215 251  84  43 194 112 230 170][220 240  63 246 138 100  85 189 160 255   7  25  95 127  74  27 133  87
 245  35 121  71 186  36 219 227 125 237 160 113 135 115][185 237  67 238  84 206  78 244  49 192 228  68 115  67  17 181  88 232
  22 238 105 254  80 175 183 217 133   0 107 186 114 184][189  68  85  69 100  47 110 248 237 226 183 206  91  67 189 119 126 196
  94 238 237 181 125 220  22 250  99  20 123 251  74 148][ 50 141   0 138 158 131 142 237 134   1 216  66 113 233  56  64  88  42
  19 249  90 171  12 189  56   4 143 204  53  10 240 136][214   4 111 188  67 102  11  96 176 198 199 131  65 103  51  89 123 165
  49 175  40 151  60  78  81  47 203   5 165  99  38 242][146 202 243 222 107 208 180 239 191  22 244 179  44 254 166 213 102 251
 163 192 102  79 166 243  50 103  94 139  55  20 173 255][200 216  59 184  98 236  57 182 168  75  82 116 188 151  32  96 166  59
  31  65 195 141 178 103 197 241 122 200   8   0  37 187][  0 181  29 187 154 225  57  31 166  29 203  51 181 247 104  72 117  27
  47 144  18 136  91  53 205 197 190  73 144  66 165 155][ 92  82 189 166 168 104  93 156 138 255 135 189 215 111  75  91 151 213
 253 119 141  69 255  32 203 227 109 189 164 251 133  83][ 33 157  79  79 116 207 227 125  68  73 122 102 113  49 180  32  88 178
  22 232 241 184  85  63 108 172 160 192 125 138 210 185][ 34 185  34 152 221 213 144  79 159  69 128  15  40 158 102 196 204 187
 147 145  23  11 114 241  29  20 153 123 155  12 157 222][121 201  49 236 149 205  71 175  90  97 232   8 247 241  56 112 216 238
  84  73  91  58 248 191 253 253   6 120  80  58 210 168][ 72 168  19 186 209 205 177  71 186  89  97  17 188 151  96 144 129  43
 211  17  18  30 146 117  77  85  26 107 210   4 167 202][ 41 241 120 103 116  15  71 156  66 168 189   8 179  25 216  48  28 220
  84 122 202 176 249   0 239 221  37  52  67 154  82 169][217  57 155 244 176 236  89  23  57 201 118 124 191 183  64 122 164 191
 125  16 153 216 176   2 219 253  58 200 168 192 163  59][105 120 184  96  45 157  80  82 203 232 180  76 158 152  87 182 136 160
 220  92 207 107 242 128 203 217   5  58  74  12  90  30][173  18 228  45 236  58 237  25 125 210 247 244 219 104 159 175  94 196
 110  47 161 244 127 192   4 251  99  20 239 255  88 213][137  95 119  77  36  22 239 115 124 202 118 230 249  13 181 229 126 181
  23 239 225 188  53 207 103 235 226 128 111 176  97 249][ 48 175 106   1 214 155 198 231  85  37 218  11  98 168  54   0  59 170
   2  37  92 186  68 191  62   6  21 115 117  14 220 206][129   8  15 189 100 160 169  86  20  11 210  98 181 147 176  97 104  42
  62 137  41 156  64 233 132 162 250 128  28   8  49 169][ 17 207 115  77 114 155 230 247 109   8 122 102  43  32 180 244  62  42
   6 108 199 184   5 125  62 172  32 128 117 130 235 173][ 42 187 112 218 123 241 186 207 143  69  60 175  44 222 102 148 207  59
 147  17 150  11  82 241  31  93  18 251 211 142  78 223][137 184  26 177  81 205 161 103 190  89 100  28 188 147  32 128 169  59
 210  28 115 188  18 119  77 149  26  96  88   8 139 154][ 61  86 124 205  38  62 238  56  77 162 183 230 219 105 157 239 126 196
 124 234 173 181 109 202 210 251 227 148 127 251  72  53][181 228 109 194 220 103 207 232  86 226 169  10 113 104 125  49 121 204
  51 255 107 103 125  63 123  15 133 124 117 235 112 170][185  96 234  84  71  28 252  71 121  66 119 150   9 136 182 249 250 141
 178 132 236 246 182 130  22 235 112   3 111 164 234 198][201  12 255 101 180 110 109  23 120 139 126  16 151  51 144 122   6  46
 108  24 177 252 241  10 207 255 116  64 192 192 199  41][  2 184 176 155 239 245 184  79  31  25  80  51 172 222 102 204 207  59
 147 145  18  92  18 241  13  16 154 235 146  12 173 223][ 16 168 191 241 169 232  17 198 187 159 160  56 174 255  64  26 131 123
 237  16  26 111 226  98 137 214  87 123 192  80 135 171][ 51 151 236 165 236  34 189  63   4 253 219 231 209  46 158  66 222 199
  63 181 157 216 101  12 108  47 254 196 141 234 240 209][208 202  31 190  10 198  63 180 180  30 198 163 253 247  41  83 246 117
 173 226 104 133  11 125 241 227 238 131  48  51  37  43][ 75 134  50  16 113 188 248  35 253  13 126  21 174 170  54 252 167  43
 204   4 182 185  34 199 143 255  18 195 194   4 235 207][197 240 189  97 226  79 115 152 122 250  39  24 215  23  72  59  55  92
 118 122  49 116 185   2 207 139 101 100 224  51 199 179][105  59 120 101  48  31  73  51  97 232  63 108 147  19 146  48   4 132
 124  12 153 184 225  30 206 253  33 212 106 163  74  33][171 203 110 172 124 129 236 231 140  68 214 151 189  10  54  64 234 163
  31 197 228 171  84 221 246  41 170 209  29 156 249 216][124  72 115 106   9 116  87 192 225   6 173   8  10 223  45 182 160 177
 209 226   8  39 178 224 211 249   0  59  99 115 102  34][185 109  71  77  29 223  79 254  85 192 230   8 115  81  21 181  88 224
  94 238 109 175 113 175 179 219 197  16  75 184 114 168][125  76  71 101  13  63 111 112 229 226 174  12  91 106  53 183 120 228
 126 238 237 167 117 204 179 219 195  16 107 251 106  52][ 41 141  17 235 245 207  65 127  83 105 253   8 247 209  32 244 216 170
  22  56  91  58 120 159 253 253   1 120  82  10 210 170][117   0 236  13  12 127 237  88 111 242 231 142  83 104  95  47 120 196
 122 239 141 243 255  64 151 107  65  20 237 251  90 244][108 121 250 100 244  78 115  16  97 140 126   8  83 115 129  48  22 252
  68 104 136 178 177  14 247 237  32   0 224 179  66  33][  9  92 127 237  37 134 239 119 125  74 126  70 185  31  52 229 236  36
  31 238 233 188  49 237 103 251 242   0  95 160 112 184][ 92 209 185 246 203  68  87 152 178 255   5  25  95 247  74  26 149 215
 245 210  88  82 186  48 219 227 117 237 162 115 166 115][  9  28  30 253  53 182 107  82 188   5  78  22 189 243  34 224 224  58
 155  24  51 153  51 239 197 247 186  64 138 201 185  32][170 177 248  72  77 253 217  79  27 117  52 159   9 143  94 148 159 155
 147 148 158  58 242 211  95 221 145 127  87 140  78 222][185  92  56 124 197 252  87 182 241  74 108  16  58  93  35  49 128  58
 144  10 233 190  50 175  99 251  80   3  90 113 110  58][218 235  42 136 235 145 188  71 175   5 156 191 172 206 118 194 230 163
 235 149  86  15 134 209 242  81 138 251  22  20 191  95][253 124  58 114 133 253  86  82 241  74 173  24  26 217  55  57 152 184
 208 106 173  39  48 170 243 217   0  59  75 121  94  86][  1  91  91  77 114  10 239 116 108 200 114 228  49   3 164 113  62  44
   6 236 193 184   5  77  36 168  34 128 125 162  99 185][233 115  56 101 117  31  81  55 105 237  52  92 183  25  82  49 140 140
  84 108 204  60 240  15 231 249  48  48  74 136 202  27][ 24 168 179 242 185 233  17 194 190 157 169  40 191 247  64  16 131 187
 237  16  26 105 234 115 217 213  23 123 192   3   7  43][ 57 113 122  96  85  95  87 117  65 228 188  10  59  93  51  48 120 232
 149 106 201 179  48 142 243 205 133  57 103 186 214 234][  2 184 176 155 239 245 184 207 159  29  80  51 172 158 102 140 207  59
 147 145  18 122  26 241  13  16 218 235 146  12 141 223][  4 183  29 235 154 101  31 157  22  21 137  50 213 119  72  64  93  27
  79 176  58  72  91  55 237 133 191 124 176 202 165  50][217 149  58 114  49 156 113  55 233 105 110  92 158 155   2  49 180  54
 212  72 209  56 176  23 227 249  48  98  74   2 202  27][101 149 237 161 188  46 235 191  38 225 218 229 211  44 152  98  94 198
 127  61 159 152 117   4 236 173 174 196 173 202 208 208][ 47 111  99   1 244  31 238 245 117 224  90 198  73   8 151 164 126 236
  22 255 213 176 101 204  46  28 167 128 111 191 248 148][233 123 159 119 228 158 101 180 249 186 118 108 190  17 129 191 130 100
 108  78 225 252 224  40 166 251 116   0  74 240 203  41][ 94 131 103 170 187  96  25 205 167  21 157 179  77 207 234  68 119 147
 205 177  26   3  47 213 250 197 190 223 183 134 165 123][148 180 255  96 202  99 177 201  18 119 133 187  84 253 104  43  59 157
 195 179  50 119 185  83  89   2 203 103 245  97 167 242][179 220 108 156  60 150 222 175  93  74 218 231 112 124 188 225 220 231
  63 229 237 175  93 255  48  62 236 146  61  28 216  31][ 28 112 249  97 162 107  51 152 118 186 119  40  95  23 201  57  55  93
 108 122   1 244 185  18 223 203 101 100 224 179   7 179][154 141 254 254 203 208 180 231 191  23 196 179  44 254  46  65 227 187
 163 129 118  79 162 247 123 231 222 203  55   4 173 206][124 121 114 224  29 221  82 196 203 160 188  11  46 221  99 176 232 185
 223 114  78  35 146 136 251 217   5  59  99  31  78 138][137 128 235 249 102 169 233  95  95  81  86 214 157 143 240 105 118 137
  23 157 131 252  39 209 198 201 186 196  61 136 113 169][ 90  17  55 186  59 224  57  69 173  69 143 179 108 215  40  78 230 179
 253 177  18   1  42 197 153 246  10 203 166   6 165 115][ 67 134  62  56  49 188 176  99 253  93 110  21 174 186  38  88 165  43
 206  21 182 173  50 215 155 127  26  75 194   4 175  79]