[ 73  91 123 101  52  14 107  50  96 200 126 104 151  19 129 112 182 252
 124 104 201 176 161  12 231 253  32 128 104 160  66  49][  9 168 191 249 205 237 233  71 254  83 102  16 188 250 112 107 233  43
 122  28  19 253 242 209 205 251 214 106 152  72 225 170][122 249  58 186  57 221  86 228 175  28 172   9 174 222 102 148 128 249
 255  81  94  11 218 253 187 213  13 123  82  14 143  95][138 184 182 153 247 245 184  71  31  31  86  51 172 190 102 204 231  59
 179 145  54 220  50 211  15  87 222 235 150  76 173 207][ 90 184 178 248 139 253  16  71 171  85 172   9  46 159  98 158 165 187
 253  16  30  75 178 209 155 213  94 123 146  68 175  91][ 96 184 191 184   9 205 145  79 174  61 164   9 190 215  98  91 201  55
 239  16  26  75 242 113 217 243  90 123 144   0   7 250][102 241  22 190  57 205  22 232 171 172 169   9 238 246 109  82 152 241
 239  99  74  67 218 253 185 146  15  59  16  55   7   6][231 204 196 155 205 189 206 239 159  55 137  31 234 232 126 223 217 203
 251 135 126 111 219 243 191  94 223 127 147 124 216 134][  3 191 187 219 246 197 189 215  30  73  88 119 188 254 180  96 255  59
  23 149 179 216  34 247 108  30 190 194 156  72 165 251][ 40 189 120 113 120 205  81 119 179 237 188   9  63 159  66  16 143 186
 215   0 106 106 242  63 255 207  52 121  98 136  78 251][120 253  24 186 121 205  86 252 179  60 172   9 111 255  75  16 157 219
 205  98 110  99  90 191 251 215  37  63 114  31  78 219][143  50 234 233 110 117 185  88  31 254 213 183  29 158 247  45 254 153
 151 183 151  55  38 208  86  89 235 175 191 237  45 247][220 181 184 180 185 108  92 159 179 255 138  57 223 255  75  90 151 223
 253  17  62  75 219  34 251 245 127 255 160 113 143  83][ 94 181 144 178 185 108  86 143 187 255 139  25 207 254  74 218 149 215
 253  17  30  75 219 162 185 245  95 127 128 119 143  83][ 89 221  27 111 176  14 103 181  96  72 106  68 247  51   0 112  48 118
  92 106 217 184  49  45 225 237  36   0 104 162 227  41][ 41 180 181  69 221  79 199 191  87 231 236  24 211  53  84  52 217 222
 114  56  57 250 123  31 111 222  21 116 195   8 198 248][ 40 237  57 122 221 205  87 236 211  49 173   8 114 245  72  48 153 218
  66  74 106 107 250  55 235 159  21 125  80  91 198 170][237 110 189 119 173  63  71 158 123 250 166  92 211 121  81  59 153  70
 124 126 233 116 249  42 239 219  85  52 202 249 210  96][109 248 189 119 173  31  71 156 235 250 166  76 222 249  87  59 137 108
 120  94 137 112 251 160 207 219  85  52 202 251  82 242][ 86  21 148 182 169 108  20 139 171 191 139  25 206 254  75 202 133  87
 253  19  28  65 219 226 153 246  95  31 128 119 141  87][ 41 176 181  65  93  95 193  27 119 241 164  24 146  21  92  60 217 156
 114  24 155 250 113  20  79 223  81 116 194 136  70 240][ 44 181 189  82 221 237  71 173  83 123 173  24 210 117  76  54 153 218
  80 122 123  98 250  55 107 223   5 124 210  91 198 162][237 124 157 101 172  46  71 184 113 250  38  72 211  51 193 191 145  68
 108 106 233 116 249  10 175 251 101  52 202 241  66  32][ 84 233 150 158  25 205  34 200 175 177 129   9 230 210  73 210 225 230
 234  82  74  75 218 241 153  20   7 123  16   2  43  10][ 93 124 189 101 169  62  83 154 107 250 190  76 223  51  65 186 149  68
 124 122 169 101 241  42 203 255 101 116 202 241  67  51][201  29 159 245 164  14 101  55 124 170 122  64 247  51 128 243 132 118
 124   8 241 252 209  46 229 251 116  16  72 240 195  57][201 141  31 117  52  46 109  55 116 170 122  80 247  35 128 115   0 102
 124  40 249 252 193  14 228 251 116 128 104 224 195  41][ 66  33  18 140  89 141  96  72 175 160 160   8 238 194  97  82 248 173
 106  96  10   3 210 221 157  16 139  59  16   2  35   2][  1 158  19 245 116 174 233  55 124   9 122  84 181  51 144 112 167  47
  22  12 177 184  17  79 108 174  50 192 200 128 193 185][ 72 153  63 253  19 204 113  55 172  73 110   0 190 183   0 114 164 119
 121  72  83 201 179 109 225 255  22  64   0   0 135 123][193 156  31 245  52 174 105  55 124  11 114  80 183  51 144 113   7  39
 126   8 177 252   1  15 197 191  50 192 136 128 193  41][  0 157  63 185 178 228  57  55 188  77  74  51 181 191  32  64 231  59
  31 129  50 152  50  95 237 167  58 193 144  64 165 123][  0 157  58 185 178 226 185 103 188  13  90 179 181 191  34  64 231  59
  27 145  50 152  16  95 237 167 186 193 144  64 165 219][ 88 217  59 254  19 204  51 119 172  69 110   0 190 151  32 112 166  51
 121  64  67 137  50 125 241 229  26  74  16   0 167 123][ 35 123 251 191 230 221 191  85  94 206  84 231 188 220 246  32 254  59
  23 133 199 190 182 235 119  31 190 170  77 158 247 223][163 187 234 215 230 221 189 117  30 206  85 231  61 156 246   0 254 187
  23 199 215 190 182 235 118  29 190 168  77 136 247 219][253 166 196  69 221  27  64 107 119 162 230 138  99  96 159 181 121 140
 226 172 236 242 229 158  62 110 197  21 231 236  90 132][ 70 169 148 178 137 237  20 143 170 181 139   9 230 242  72  91 129  87
 232  17  30  75 219 113 153 178  95 127 128  82 135  10][ 10 188 178 217 243 245 184  71  63  79  94  55 172 190  38 108 247  59
 183 145 182 220  49 215  15  86  26 195 146  68 165 223][ 10 184 178 249 119 245 184  87  31  93  84  55 172 158  38 236 231  59
 151 145 182 220  50 215 207 215  26 195 154  12 173 223][ 73 191 179  69 117  30 109  55 121 232 126  76 190  49 148 246 164 110
 124  12 209 248 241 203  39 255 112 130  74 228 203  61][201 159  55 117 228  30 101  55 121 234 126  76 190  51 144 247 134 102
 124  44 241 248 241  79 231 255 116 128  74 224 194  57][  9 191  50  69 117 158 238  55 125  73 126  68 190  24 150 180 166  46
  22  12 213 184  49 239  39 253  50 128  74 132 203 157][124 169 186 234 157 213  87 205 227 181 173   8  75 255 106  50 216 222
 253 210  26  43 250 177 251 221 133 127 227  27 246  98][124 161 186 234 157 221  87 237 195 181 173   8 107 255 106  50 248 251
 237  81  90  43 186 181 251 221   5 127 226  14 254  98][120 233 186 234 157 221  87 237 227  53 172   8  47 251 106  18 200 251
 237  81  74 107 250 181 251 221 133 127 211  30 238  42][126 233 186 250  29 205  86 236 239 180 165   8 106 219 109  18 248 241
 235 211  74 107 218 245 251 213 135 123  83  27 118  10][126 233  62 254  93 205  86 232 239 180 165  10 110 251 105  82 249 241
 251 211  74  99 218 189 251 213 143  59  19  59 102   2][120 233 188 252 173 221  85 175 195  63 164  24 191 253  66  51 129 242
 253   0  90 107 250  49 251 219 117 123 242  88 198 107][220 244 189 114 169 109  85 143 178 183 165  24 215 247  72  27 129 215
 237  16  58 103 251  19 219 211 117 125 224  80 135  98][120 182 252 120 171 249  17  71 171  63 172  57 175 191  66  26 175 147
 237  16  26  75 162  17 219 215 118 123 224  64 143 235][209  89 159 245 160  78 101 181 176 250 162  80 247  55   1 123 132 117
 124 106 233 197 241  40 225 171 103  16  40 112 129  59][208 156 191 252 170 228  21 167 188  23 166  49 247 183  32  91 167 247
 125   0 120  77 179  37 219 227 126  89  32  64 165 123][ 50 189 159 254 219 197 148 239 158 137 232  27 116 253  96   0 201 251
 123  17  50  75 218 127 121   6  31 122 209   8 163 170][149 172 144 155 150 163 142 206  22  51  73  82 196 226 105 204 123  75
  34 154  50 214  79 119 172 134 159 100 180  91 169 128][166 108 193 147 236  43 174 206  22 178  89 251 209 233 217   9  89 126
  51 215  98 246 206  50  44   6 255 172 213 123 210 128][230 175 229 150 236 105 238 239 219 255  56 255 224 236 223  11 219 207
 243 183 244 127 206 234  60  30 223 173 197 253 215 214][231 174 228  22 253 191 254 239 123 255 182 189 106 236 222  61 223 239
 255  29 182 111 239 255  62  62 223 255 199 252 223 205][170 174 227 179 212 235 173 239  62 247 216 187 225 236  86   9 123 239
 227 149  54 254 206 183 124  39 159 105 197  76 247 202][  1 141 138 155 214 171 172 167  62   3  74 210 181 227  48  72 123 106
  34 156  50 216  71 119  44  38 222  64 148 200 161 168][132 224 157 151 228  37 172 223  30 186  80  82 148 242  73   9 255  75
  51  26  99 212 203 114  76 130 127 164 152 121 161 161][226 174 238  26 237 253 188 207 251  95 116  61  40 236 126  27 239 235
 231  21 182 111 238 243  31  30  95 235 213  92 255 223][157 188 189 117 168 255 149 254 254 251 180  24 255 252  66  43 175 119
 124  17 191 237 251  55 235 203 119 113 201 113 203 219][245 212 189 243 172  79  87 185  94  59 167  24 215 113  72 123 145  84
 124  42 121 101 251  23 237 219 117 116  80 106 208  34][253 245 171  98 217  70  79 252  49 204 175  13  81 247  91  48 221 207
  93 254 121 195 251  38 251 223 143  76 136 243 242 114][127 181 169 230 217  70  79 252  49 204 237   5 209 103  91  18 217 206
 125 254 121 194 251  46 255 223 143 204 138 243 242 242][ 47 189 104 227 241  15 111 189  51 237 127 133 217 103  90  16 221 206
  87 254 155 208 249 239 239 221 175 228  10 247 194 242][118 160  22 186 141 193   0 200 175  21 161  25  70 210  40 208 249 165
 106  16  26  35  10  80 153 178   1 127 208  10 162   6][ 69   7  92  71 180  14  79 188  96 168  58  68 211  33 145 114  16  68
  76 110 201 176  77  46 224 174  37 148 104 243  66   1][102 168 146 186 137 201  20 202 155  18 160   9 166 250 109 156 129 115
 232   1  14  99 202 179 153 214  77  59 208  92  15   6][ 65  71  85 101  52  14 111  48 124 138 122  68 215  33 145 112  18  68
 108 110 225 176  69  14 164 190  36 128  72 242  66  33][229 112 213  69  12  78  68 152 112 242 163  72  83  17 205  59  16 212
 124 106 233 118 249   0   5 170 101  20 104 179  66  48][101  78  73 101  52  42 110 190 116 162 106 224 211  33 145 112  19 196
 108 110 169 176  77  46 228 174  37   4 236 243  82  32][ 26 159 110 171 182 243 251 246   5  77 222 167 125 111 178  65 126 179
 159 245 188 153  45 253 250 239 170 193 183 207 188 123][112 169 135 154 216 225   4 239 158  17 168  73 102 226 104  80 201 106
 106  16  26  75 218 113 185   4  31 122 144  72 163 142][112 233  23 158 200 137 134 236 230  17 128  74 102 226  32  82 233 234
 106  64  10  75 218 125 185   2  15  58  88  88 163  10][121  48 125 101  20  79  97  59 116 224 230   8 211  17  16 112 120 140
 126  40 201 186 113  12 199 239  33   4 105 168  82  32][ 57  48  57 109  28  79  65 120 116 224 230   8 211  21   1 112  88 156
 126  40   9 178 241  28 215 237  33  20  96 168  70 160][120 185 178 104 249 221  82  71 171  13 172   9 174 159  70 180 164 187
 245  16  30  11 178 209 155 221   0 123 194   6 143 219][ 96 184 191 248  73 205  17  72 174  21 164   9 182 151  96  90 192 181
 107  80  10  75 242  17 221 241  90 123  16   0  39 234][166 238 238 254 253 181 254 238  31 151 253 155 233 239  63  75 253 255
 255 151 190 107 219 255 255 255 223 187 151 253 254 206][212 255 223 247 178  42 111 253  54 170 250 228 215  99 137  19  63 223
 109 238 104 208 201 110 252 174 103 132 236 243 163 161][237 252 157 119 233 111 119 188 123 250 175  24 223 247  73  59 145 214
 124 122 121 247 251 106 255 255  69  60 202 243 194  50][229 124 157 119 233 110  71 156 123 178 175  24 214 247  73  59 145 214
 108 122  57 103 251  42 255 223  69  60 200 243 194  34][  1 223 251 251 246 135 191 247  30  73  90 246 189 255 160  96 127  59
  23 145 243 152  41 255 108 143 190 192 156 152 165 185][ 60  77 122 236  84  67 230 252  85 132 250   2  83 249  53  64 120 252
   7 234  72 179  16 142 115 237 167   5 119 187 112 138][ 40 188 120 253 120 205  81 119 183  77 124  25 191 191  66  16 140 186
 215   0  26 106 114  63 199 223  48  57  80 128 206 251][ 56 253 120 113 120 207  87 254  51  44 188   9  63  55  67  16 141 250
 215  64 106  42 243  63 255 207  37  61 114 248  78 219][ 60 253  24 110 121 205  86 248  55  60 172   9 127 255  75  16 157 219
 205  98 106  35  91  63 251 223  37  61 114 251  78 219][ 63 114 248 227 102  55 249  88  13 250  85 183  29 159 247  40 254 153
 151 183 132  54 109 192 214 217 235 166 181 175  37 243][ 73 156 189 127 185  46 117 183 255  27 174  84 255 115   0 123 133 118
 108  28 177 233 243 111 207 255 116  80 202 224 195  43][ 73 157 191 127 169 238 117 183 239  89 174  68 254 115   0 114 165 119
 124  24 145  73 187 109 235 255  84  82 202  66 227  43][105 249 187 102  13  92 119 188 235 232 166  12 254 217  67  50 132 100
 124  78 193  97 250  41 255 249   5  58  74  59  67 122][ 92  46 190 118  10 104  81  18 160 182 167  25 215 247  75  91 167 245
 237  18   8  69 155   0 211 227 121  29 160  99  39  34][109 123 188 119 173  15 117 159 251 250 182  76 210 121  81  59 129 102
 124  94 201 112 251  32 239 219 117  52 202 121 210  43][ 41 176 181  65  77  95 225  25 111 249 166   8 210  29  84 188 153  28
 122  56 155 240 241  20  79 219  17 118 202   8  82 178][173 181 189  67 221 125 199 185  91 251 173  24 210 117  92  63 153  94
 120  58  59 114 251  55 111 223  69 124 202 123 210 162][237 124 157  69 237 111  71 154 123 243  37  24 210  49  77 191 145  84
 120 122 177 116 249  34 207 223  69 116 202 113 194  32][237 238 132 115 173  47  78 154  91 187 177  92 211 105  93 187 221 198
 124  62 191 102 219 178 175 219 213 124 218 253 218   0][109 238 165 115 141  63  70 158  91 251 165  92 210 105  93 191 217  70
 122 126 187  96 219 176 207 219 213 124 218 253 218   0][ 73  60 188 101  57  62  81  22 235 242 174  12 158  51  65 190 133 245
 252  24   9 105 241 200 207 251  85  54 202  96  75  59][200 157  31 245  49 206 117  55 188  10 106  80 190  55   0 115 164 119
 124   8 113 217  17 111 225 255 118   2   8  64 161  59][ 88 217  63 254  59 192  51  96 172  68 198  33 127 215  32 114 162 245
 253 194  66 137 178 125 241 225  42  11  32   2  39 123][218  94  14 188  34 146 190 230 188  70 210 167  45 238  35 195 230 247
 189 199 236 141   6 239 176  99 250 131  61  53  45  91][146 223  62 188  34 194 188 103 188  68 210 167 181 190  34  65 230  51
 189 197 100 137   3 189 240 227 254 131  20  16 173  91][147 207 102 156  23 146 174 230 156  70 210 231  41 238 183 197 110 227
 155 199 228 141   6 239  48 114 202 130  31  60  57 220][ 10 176 178 154 203 208 176  71 159  87  85 179  44 222 110 140 239  59
 147 129  86  15 178 211  19  85 154 235  23   4 175 223][ 11 179 251 255 118 199 191 117  28  78  95 247 189 221 190  32 254  59
  23 143 211 188  52 239 101  77 190 128 109 138 181 249][124 177 152 162 153  77  86 141  35 189 169   9 207 243  72  18 145 215
 236  80  30   3 218  49 185 213   5 127 128  51 142   2][ 84 177 144 162 153 205  22 141 170 189 137   9 230 242  72 146 128 215
 232  80  26  11 219  49 185 213  13 127 128  18 143  10][225   2 205 101  60  10  97  59 112 160 242 200 243  33 144  51  24 164
 108  40 105 248 197  12 196 235 225  16 101 168  82  40][233  34 205 117  36  10 105  51 112 170 242 216 179  33 144  59   0 164
 108  44 169 252 193  12 196 251 112 144  72 168  82  40][ 84 115 250 230  58  90  59 248 173 204 191 171  95 223 235  18 182 245
 253 242  76 195 170 104 251 229  39 191  37 179  39 115][183 135 108 154 254  19 158 233  31  95 221 247  65 236 190 193 127 203
 191 247 254 103  79 255 186  75 239 223 189 239 184 213][183 215 108 171 190  19 222 248  23 127 157 247  73 108 190 225 127 195
 191 247 254  67 111 247 186  91 239 223 191 255 184 213][  2 156 178 153 119 247 184  71  63  77  90  51 172 190  38  64 231  59
 147 145  54 152  49 255  15  54 154 195 150  68 165 223][ 10 156  50 249  51 245 184  71 191  77  94  55 172 159  38 108 231  59
 191 145  54 156  50 215 207 247 154 195 146   4 173 223][ 10 156  50 185  55 245 184  71 191  77  94  55 172 158  38  68 231  59
 159 145  54 156  50 215 207 119 154 195 150   4 173 223][201 159  87 117 180  62 109  55 121 235 126  84 191  49 144 247 133  38
 124  12 249 248 241  15 238 255 116 128  74 224 195  57][  9 255  58  85 245 158 254  55 109  73 126  68 190 184 150 244 164  47
  86  13 213 184  48 239  39 253  50 194  74 132 203 221][120 249  90 170  59 217  82 236 167  12 188  41  47 223  98 144 186 249
 197  98  78  43 202 191 243 213  37 187 115  14  78 203][120 233  58 234  93 205  87 236  67  12 172   8 115 221 106  48 216 248
 197 114  90  43 248  63 251 205   5 125 115  26 246 234][120 233  58 234  29 205  83 236 195  36 172   8 107 217  97  48 216 248
 205  66  74  35 250 189 251 221 129  63 115  27 118  42][124 169 184 106 185 205  87 205 195 173 173   8  47 253  66  16 152 250
 237  80  26  43 250  49 251 213  37 123 242  11 198 106][ 92 180 189 114 170 105  85 143 162 183 173  56 215 247  74  26 131 215
 237  16  26  79 251  17 219 199 117 125 224  80 135  99][ 88 187 252 248 187 249  81 215 170  61 188  57 175 191  66  26 167 179
 237  16  26 107 162  49 219 199  52 123 224  64 143 107][220 124 191 244   8 108  85 150 176 190 166  24 247  55  65 123 161 245
 125   2  41  69 179  42 209 227 119  16 160 113   7 123][208 156 191 254 138  96  29 166 178  23 134 185 247 247  66  91 231 247
 237 128  56  79 170  35 211 227 126  25 160 112 167 123][132 239 132 155 158 163  38 206  86 179  73  18 192 226 105 141  89 106
  34 146  54 212  79 114  44   6 223 111 177 121 169 132][166  47 134 151 236  43 174 239  26 178  88 218 241 232 209 137  89 110
 114  27 112 254 206  42  44  22 223 164 205 121 211 128][166 172 167 151 252  43 174 239 154 179 216 251 228 236  85 139 251 111
 251 149 178 127 207 242  60  22 223 236 197 124 211 152][ 35 174 169  59 252 173 180 207  94 127  88 221 164 232  86   8 221 107
  99  21 182 126 206 115 108  30 127 232 197  92 211 207][227 175 229 150 252 253 252 239 251 255 178 255 236 236 214   9 255 239
 255  21 246 239 207 255  62  30 223 251 197 220 215 223][133 188 153 179 180 167 173 159  30 171  90 114 245 243 224  72  95 123
  19 153  51 220  89  50 237 134 191 228 152  88 129 185][226 188 175 154 236 237 189 207 219  95 112 191 172 236 118  27 207 107
 115  21 182 126 250 243  31  30  95 235 213  92 247 223][152 188 191 117 170 238 213 246 254 251 182  56 191 188   0  43 171 247
 124  17 189 237 179  63 219 227 119  81 224 112 135 123][237 181  45 103 249  70  95 189  51 236 236  28 210 119  88  49 217 206
 127 254 121 210 249  46 239 223 167  84  74 242 226 242][ 97  71  84 103  52  14  71 188  96 168 190  76 211  97 152 114  20 196
 108 110 201 176  77  46 228 172  37 144  72 243  66   1][ 73  71  85  69  52  14 111  55  96 168 122  68 211  32 145 242  20  68
  76 110 201 176  69  14 164 190  37 128  72 242  66  41][101  87  84  71  60  14  70  56  96 232 187  76  83  48 153 115  20 196
 108 110 201 160 217  12  32 168 101  20  72 179  66   1][101  79  77 103 180  42 111 190  96 170 122 236 211  33 145 112  18 198
  76 110 233 176  77  46 164 190  37 132  76 243  82  33][130 144  58 153 115 245 184  67  63  93  87  51 172 158  38  76 231  59
 179 145  54 156  50 215  15  22  26 195 148   4  45 223][ 40 189  58 104 113 237  83  87 107  77 124   8  62 159  98  48 156 187
 151  24 154  58 176  19 123 221  32 107 211 128 206 251][ 96  48  63 232   9 205  81  72 174  60 165   8 182 215  64  18 200 177
 111  80  74   3 242  17 209 241   2 120  80   2   7 122][120 185  56 160  57 205  83  85  35 109 172   9  63 159  66  16 156 187
 221  80  94  11 240  19 251 197  32 123  96   2  70  91][165 172 213  87 252  47 238 234 127 179 249  88 242 248  93 188 251 238
 118  58 187 246 223 250  61 158  87 124 205 251 210 132][118 173 190 190 157 173 246 239 223 183 169  27 230 249 126  75 233 235
 107  23 126 107 218 243 187 223 223 127 208 125 218 138][197 175 221 229 240  42 111 191  54 162 250 228 243  99 129  80 127 206
 110 174 120 214 201  14 236 174 231 132 172 240  98  41][230 172 150  30 205 253 180 199 255 179 168  25 238 248 103 159 169 231
 234  17  54 111 154 243 187 214  87 123 192 125 235 142][109 188 157 119 233 111 103 184 123 250 167   8 222 243  73  59 153 254
 124 122 121 243 251 106 255 223  69  60 202 115  66  34][ 73 157  28 127 185 174  85 183 239  27 174  68 254 115   0 115 133 119
 124  24 145 233  91 125 235 255 117  82 202  80 139  43][ 25 223  91 235 178 135 111 246  54  73  94 230 253 247 160  96 119 123
  23 236 227 152  45 255 236 239 174 192  60 146 161 185][ 56 205  74 236 212   2 102 125  85  32 250   3  99 105  52  64 120 238
   7 226  72 187   1 175 243 237 166   1 117 186 240 138][ 53  79  75 254 220 130 199 240 212 128 249  70 115 233 177  96  88 232
   6 106 201 163  78 191 240 175 165  24 125 187 112 160][ 40 188  58 252 121 237 113 119 191  13 124  25 191 191  34  16 133  59
 215   0  50  41  50  55 199 223  48  75  82   0 206 219][ 56 253 120 125  56 207  87 247  55 172 188   9 187  63   3  16 141 250
 199  72 106  58 113  63 231 207  37  57 114 248  78 251][191 112 250 227 102   7 251  80  29 232 213 183 221  95 251  40 126 153
  23 255 137 182 109 192 214 201 171 164 165 187  49 241][ 89 185 191 110 153 204  87 183 235  73 174  12 254 243   0 114 132 247
 120  88 155  41 187 117 251 253   4  90 202  66 227  59][120 189 248 241 248 207  85 183  51 253 188   9 191  55  66  16 133 191
 253  16 106  90 209  30 255 199  53 113  98 192 142  91][ 73 185 190 118 173  28 119 181 235 249 174  76 254 241  64  50 128 102
 120  76 209 105 251  33 235 255  85  56 202 114 203  43][121 121  59 102  29 157  87 244 235 232 166  12 254 217  81  50 152 100
  92 110 201  35 250  41 243 253   5  58  74  59  66 106][ 57 121 123 110  53  31  71 112  97 200 244  76 127  89  19  48 188 236
  84 110 201 178  56 172 243 249  33  16 107 187  82 121][109 121 188 119 173  29 118 157 235 185 166  76 254 249  81 186 129 102
 120  94 217 105 219  32 239 219  85  52 202 122 218  42][109  48 189 101 109  95 113   8 107 248  38   8 222  21  69 190 145  92
 120  56   1 112 249  24 207 217   5 118 202  40  66 162][109 124 189  87 225 127 119 130 123 250  38  24 222 241  69  59 177 124
 104  90  33 112 185  34 239 223  69  54 202 113  71 162][222 179 216 161 186  24  48  31  43 189  51 253 143  15  74 154 183 149
 237  49  22  89 129  64 222 193  61 247 164 132 143  83][109 249 132 115 173  63  68 156 203 187 162  76 210 233  85 158 137  70
 120  94 159  96 219 176 143 219  85 116 202 127 218   0][ 73  60 182 116   9 188 112  23 235 176 166  12 174 187  71 191 161  53
 232  24 132 109 146 200 223 251  85  59 202  68  75  15][ 67  51 197 129 162  50 168  31  46 243  19 247 140  46 222 206 167   7
 253 181 149 217 133 192 156  50 250 198 140 228 137  85][222  78 223 246 130  98  63 166 177 134 198 161 109 231  33  91  38 247
 237 194  96 205 162 106 241 227 126 131  32 241  39 107][ 90   2 127 236  42  64  57 104 165  12 215 163 109 199 162  82 118 245
 237 224   8 131 163 205 209 225 234 139  36 162  37  99][ 87   4 230 151 134  54 168  64 172 194 211 215  76 238 183 239 118 229
 251 175 165 213 181 200  16  42 203 128 175 247  57  84][151  76 103 159  70 182 238  96 212 194 215 198 120 236 183 239 106 228
  59 239 165 229  52 238  18  42 202 128  47 255 120 244][ 34  15 106 200 246 241 249 119  31  76 124 171  41 174 247  96 127 187
 151 149 158  58 100 214  94  93 186 233 151 140 126 221][124 180 152 254 169 109  87 155  51 191 173   9 223 247  73  26 145 223
 237  18  26  99 219  51 219 247 117 127 226 115 134  66][  3 203  66 141 118 147 174 244  76  64  88 231  40 136 180 228 126  42
  18 205 199 154   4 253  52  44 170 128  63 158 249 157][ 11 191 107 253 118 166 187 114  28  75  94 246 189 255 176  36 126  59
  23 141 243 188  53 239 101 111 170 192  47 204  49 241][ 41  48 243  69  85  79 227  89 115 233 116  72  26 213 212 180  89 188
  50  24 131 242 240 210  31  28   5  46 195 172  70 228][126 249  32  14  25 213  82  72 207 236 165  13 106 220 111 150 216 177
 233  99  78  35 250 157 147  81   1  59  82  47  94  86][ 27  29 123 239  54 199 255 115   5  73  95 230 125  95 176  96 126 187
  23 174 193 152  49 239 231 205 174 128  47 202 177 249][201  34 159 117  36 174  97  51 124 187  98  80 191  33  16 123 128  38
 108  12 177 252 209  68 197 251 112  64  72 128  67  41][ 84 115 248 236  58  66  95 248  36 204 253 175 247  79 139  82 126 213
 125 227 200  67 239  72 242 229 175 157  53 179  39 115][118 199 108 169 174   3 223 248  22 127 156 231 209 110 159  75 127 197
 127 231 254  67  79 189 250 139 239 253 181 251 188  81][119 207 236 169 172   3 223 184   6 252 156 175 209 110 223  67  95 197
 127 231 206  67 111 253 234 143 239 245  53 185 156  81][  2 156  58 155 247 231 184 103  62  77  90  51 172 190  38  64 247  59
 147 145  50 152  17 255  45  54 154 195 144  68 165 219][  2 156  54 187 115 245 184  71 191  77  90 179 172 190  38  64 231  59
 159 145  54 137  50 247 143 118 154 195 146   4 165  95][ 73 157 179  84 225 220  53  55 249  75 110  84 188 183  36 246 164  63
 242   8 209 248 178 239  39 254  86   2  74  68 227 191][ 27 221  51  92 211 220 182 247 237  72 110   4 188 158  38 244 166  59
 146  65 199 185  50 239 179 253  22   2  74  20 171 223][ 43 159  98 155 245 151 174 239  95  77  92 199  40 200 190 164 220  43
 147 221 247 186 124 255  46  28 142 227  95  14 249 220][120 249  24 162 121 201  82 236  35  44 172  41  47 223  74 144 152 219
 205  82  78  11 202  63 251 213  37 127 114  23  14  75][ 92 184 184 114 138 105  85 159 163 183 175  57  87 247  74  26 163 215
 237  16  26  75 170  50 219 199 117 125 160 114 134  99][ 88 187 190 248 186 185  89  87 162  29 188 185  47 175  66  26 167 179
 237 144  26  75 130  49 219 197  62 249 160  64 143  91][148  14  71 191  52  42 110  42  52 130 195 240 231  99 145  73  51 230
 109  46 104 212  77 111 160 166 241 144  36 225  48  32][132 239 132 155 220 163 166 239  86 179  72 210 225 226  97 141  89 106
  34 146 118 220  79  62  44   6 223 101 148 121 152 140][132 174 134 151 252 171 174 239  30 178  72 208 229 224 209 141  89 110
  34  27 114 252 207  42  44  22 223  32 204 248 219 140][ 33 174 169  59 244 173 164 223  94  71  88  93 180 232  84   8 219 107
  35  29 146 250 218 115 108  30  63 104 221  88 211 203][130 174 143 187 180 235 239 239  62  39 218 179 231 237  16  65 123 238
 111 157  58 220  79 127 172  54 255  81 132 216 181 104][  1 188 145 243 180 175  47 159  22 171  90 118 245 243 192 104  95 122
  54 152  51 220  73  51 236 134 191 228 156 216 129 169][ 34 188 171 187 236 237 189 207  30  91  80 247 180 252 116   8 223 123
  51  21 179 126 218 243  77  22 255 234 213  88 183 251][ 88 188 191 244 186 233 117 247 255 239 254  40 191 191  64  50 167 247
 237   1  88 249 178 114 255 247 119  19 224 112 133 123][ 76 253 189 247 172 111  87 154 123 251 175  24 215 245  73 122 145 222
 124 106  57 113 251  50 253 223 101  52 224 251 198  35][173 253  45 119 253  79  79 188 123 232 246  24 210 119  76  49 217 222
 127 122 121 254 251  46 239 219 229  52  74 185 214 242][ 73  79  20 101  52  30 103  55 104 168 126  76 243  32 144 246 148 100
 108 110 193 184  37  12 164 253  36 128  74 242 194  41][176 161   6  13  10  75  37 234 118 176 194  16  66 160   8  81  88  76
 106  98  40 218 197  17  28  34  65  68 112  40 182 128][223 223 111 239 182 214 127 252  21  76 222 231 121 111 191  97 126 247
 191 239 249 153  45 253 254 251 239 193  63 191 244 121][105 249 186 102 189 156  86 181 235 168 174  76 191 249  82  50 132 102
 124  78 218 107 218  33 251 253   5 120  74  18 202  42][ 23   4 239 213 198  50 237  83 244 195 215 146  89 236 191 111 123 228
  59 189 181 245  37 200  30  42 254 132 165 228 241 228][ 47 246 209  67 243  57 231 220 123 171 121 252  72 225 205 188  63 222
 198  26 179 114 236 242  46  28  21 238 203 247 194 181][169 247 105  99 112 223 127 253  82 100 117 236  51  69 218  49  30 216
  23 126 235  62 124  63 110 137  37 236 125 154 198 249][237 253 189 119 252  79  71 188 123 234 118  24 214 117  64  55 217 124
 126 106 113 244 251  63 239 219 101  52  66 185 214 235][236 189 189 245 254  79 119 190 251 246  38  24 215 247  65 123 163 254
 124 106 113 121 249  46 253 255 101  54 226 249 199  35][218 223 254 244 178 202  63 231 188 132 126 163  45 255  34  80 166 255
 239 193  96 217 130 110 251 231 111 131 164 112 167 123][128 172 141 187 156 235 231 175 190  55 202 177 247 225 144  73  75 126
 107 157  58 220  79  55 236  38 223  81 132 216 149  40][109  56 157 119 105  79 115 248 251 240 167   8 254 243  77  58 184 252
 108 120   9 115 251  72 223 251  69  60 202  34  66  34][129 173 150  31 212 175 166 239 126 179 106  16 228 224 112 141  57 110
  98  12 113 254 155 111  44  38  87  64 200 120 235 136][130 236 134 159 220 163 172 239 158 179  66 146 228 226  96 203 107 111
 106 145  54  92 207 247  60  22 223 101 148 120 153 138][132 172 134  31 153 187 166 175 214 183  74 149 224 224 101 141  89 106
  34  20  54 220  95  58  44   6 215  99 152 124 152 140][121 253  59 106 145 221  87 247 101   9 236  12  63 211   0 112 148 251
  92 120 219  43  56  61 251 253   4 122  90   2 226  59][ 24 188  58 186 121 253 113 119 191  77 108  17  62 191  34  80 165  59
 215   0  22  43  18 183 211 247  16  75  82   0 175 219][120 187 122 248 186 137  89 119 163  29 252 173  63 143  66  16 175 187
 229 144  90  27 130  53 251 197  52 249 176 128 174  91][109 149  85  78 185  30  70 189 233   8 175  76 122 115 140 247   0 198
 220 106 217 171  25 237  50 248   4  82 106 166 202  45][100 189 251 114 210 233 119 223  51 183  44  56  22 247  72  56  51 254
 101  24  26  90 186 114 127 133  53 109 226 224 134 243][121 249  58 102  53 157  87 244  97 104 244  76  63 217  19  48 144 236
  92 110 201  35 184  61 243 253  37  56 106 186  82 107][ 41  48 115  97 109  91 241  64 111 232 118  40 158 157 196 180 162  28
 126  24   1 240 241  16  87 217  33 118  74   8  67 167][ 88  50 255  69 114  75  49  66 123 172 118  40  94 151 196  62  50 125
 236  48   0 241 161  76  95 227 117 163 231 160  71 227][ 92  62 255 116 242 106  55 233  59 166  54 168  95 247 193  58  55 253
 236  48  48 241 169  74 255 199 101 231 227 240   7 227][130 174 134 159 252 173 172 239 190 155 218  83 236 232 116 139 233 111
 123 149 114 255 138 247  61  54 223 232 197  88 243 136][163 159  98 155 245 183 186 239  95  93  92 183 168 204  62 196 221  43
 147 149 182 184 110 255  46  22 158 235 223  12 249 223][ 26  93 115 222  83 208 182 229 237  64 254  34  44 222  39 228 162 123
 155 195  69 169  50 237  51 117  14  11 127  22 173 255][ 97 203  44 165 188 143  95 182   6 236 154 237 147  45 211  66 206 229
 127 199 204  90 229  60 236 191 175 180  20 184  84  89][  2 157  62 186 251 224 184 103 159  93  90 179 172 254  38  65 231  59
 187 145  54 137  50 247 159 119 154 203 148   4 165 223][ 90  18 110 173  42   2  57  82  37  12 214 167  77 143  34  90 102 149
 239 132 136 147 131 192 214 227 250 129  36 128  37  91][ 87   4 239 133 134  98 237   3 180 243 219 210  81  47 185 107 123 197
  59 189 177 209 165 194  93  46 255 132 165 240 177  96][  2 148  63 155 245 231 184 103  62  77  91  19 172 126  40  64 247  59
 147 145  50 152  17 255 109  54 154 195 144  64 165 219][124 181 184 114 168 109  87 152  50 191 173   8 215 247  73  26 145 223
 125  58  26  66 251  51 223 199  53 125 224 243 198  51][ 32 180 123 105 116 207 115  87 112  77 124  12  51 151 130  48  28 184
  23  56 179 186 112  31 103 141  32 224 113 138  70 251][252 180 189 118 137 109  85 139 242 183 165  24 214 117  72  27 129 214
 105  16  56 103 251   2 203 211  85 125 192  96 198  98][ 72 156  58 254  49 236 113  39 253  13 110  16 190 191  32 112 163  59
  29   8  18 184  48 111 239 255  18  67 194   0 199  43][ 73 153 156 127 185 142 119 191 239  25 174  76 254 115   0 114 133 119
 124  88 147 105  91 125 235 255 117  82 202  82 139  43][107  48  49 192 109 221 185  80 201  93 181  15 140 159 118 174 142  17
 215  17 135  43 178 208  83  89  26 123  86  14  15 247][222 207 238 190 139 160  31 230 179 150 140 179 109 231  99  91 103 247
 233 198 120  79 142 235 250 103 223 187 167 247 175  74][ 17 157 123 237 150 199 111 115   5  64  94  70 125 119 176  96 126 187
  23 172 209 153  53 207 119 175 162 128  63 202 240 241][ 43 158 104 249 116 245 249  87  95  77 124 151 185 172 246  32 207  59
 151 157 151 186 100 215  79  95 186 225 151 204 124 221][124 123 105 237  56  66  95 184  36 236 253 173 215  79 131  80  94 221
 125 226 200 130 233  12 244 225 175 156  37 179  38 113][ 37 223  44 169 172  15 207 186  22 250 154 197 211  41 155  67 221 197
 125 239 249 112  77  62 236 131 239 244 156 249 144  81][ 25 223 123 239  54 131 111 246  53  72 222 230 125 119 177 100 118 250
  31 238 235 153  61 255 234 239 166 128  63 147  33  57][213 207 253 247 130  42 111 183  48  51  26 210 215  35 153 123  39 214
  61 254 249 216 109  34 236 171 119 196 165 241 129  40][220 208 156 182 139 120  80 136 171 183 167  25 207 127  75  91 131 213
 237  51  44  69 219   0 219 227 125  95 160 113  14  82][188 113 234 225 102   3 255  88  68 224 247 162  89 207 249  43 126 221
  23 239 200 246 108 192 214 201 235 164  37 187 112 241][ 59 217 112 229  54  27  91 119 101  96 254 170 155  31 150  52 126 157
 149 237 204 184 101 143 230 253 160 208 103 142  82 249][ 41  56 241  81 116 253 233  87 123  73 116 126  57 149 212  60  94 186
  22  24 179 190 116 211  71  28  48 232 231 136  70 249][  9 157  59 126 113 236 115 119 237  73 110   0 190 255  32 112 164  59
  23   8 147 185  48 111 247 253  18  66  64  66 167 107][223 223 111 239 190 214 127 252 149 204 222 231 121 111 191 225 126 247
 191 239 233 155  47 253 254 251 239 128  63 191 244 121][114 169 150 190 201 205  52 198 255 147 160  25 110 250 101  91 169 243
 234  81  22 107 154 241 187 210  87 123 192  81 175  14][  1 188 147 187 244 173 175 215  30  11  88 112 181 253 240  40 223 123
  51  25 179 248 218 115 109 150  63 224 220  88 131 185][129 166 205 101 240  10 110  63  54 162 106 192 243  35 144  80  95 206
 102 172 121 216 197  14 236 174 165   4 232 224  66 168][ 56 253  88 104 113 205  86 244  35  40 252   9  63 159  32  16 156 248
 149 106  74  58  88  63 251 205  37 121 115 154  70 155][233 252  61  87 109  79 229 188 125 250 118  24 254  85 132  61 217 244
 127 106  97 252 251 175 239 251 117  54  66 184 214 251][195 186 144 147  42 185 184 150 191 127  16 253 172 134 198 223 167  83
 253  21 183  76 238 243 140  16  62 250 140   4 139  93][ 56 253  88  98 114 201  87 252  51  44 124  41  63 215  66  16  59 248
 197 114  74  58 200  63 251 197  37 253 115 146  78 219][190 117  96 224 101  55 222  88   9 242 189 138  91  31  93  59 126 145
 151 239 200  54 117 192 211 217 227 188 103 255 114 241][128 172 158 158 203 225 164 239 190 151 224  18 236 226  96  75 107 107
 106 144  50 111 139 115  29  34  95 105 144  81 167 138][240 113  25 232  24 205  83  88 168   8 165   8 183 151  65  48 136 177
  92 106  75  39 242  21 209 209  32  56  80   3   6  58][203 186 229 147 162 152 169 151  62 113  22 246 188  46 214 238  39  71
 127 157 151  92 167 225  12  58 254 192 142 132 129 125][ 56 249  89 106 113 205  86 252   3  40 252   9  59 223  33 144 156 248
 196 106  74  58  88  61 243 205  33  57 115 155  74 139][192 160   6   8  73  67  32 232 134 176 192  24 192 192  96  67 208  12
 106  32  80 211 155  16  29  34  65 127  16   8  38 134][214 110 206 182 130  34  63 144 176 134 206 167 109 231  99  90 119 247
 237 230 104 199 139 106 242 231 239 137 165 243  39  90][165 181 113  67 245 239 227 223  91 121 125  92  18 113 220 180  25  10
  18  56 179 122 120 183  45  28   5 100 219 202 194 180][ 84  54 255 101 210  43  59 115  59 164 126 168  79 103 192  18  55 253
 229 176  48 217 165  78 255 135  37 229 225 224  39 225][172 124 255 245 100 235 119 182 127 162 118  56 254 183 133  60 147 124
 118  42  97 244 249 239  87 255 117   2  66 249  71 235][220 252 255 117 114 203  55 246 187 166 102  56 127 247   0  49  51 125
 239  66  96 253 168 110 255 231 101   3  98 240 135 235][  1 191 147 251 180 173 174 223  62  11  88  68 181 243 224  32 223 123
  54  24 147 184  75  55 236 150  63 224 152 218 129 169][128 174 140 187 252 171 100 175 190  55  74 177 231 225 208  73  73 106
 107  24  50 220  75  55 236  54 255  65 148 216 221  40][131 237 150 155 223 173 172 231 254  19  66  82 236 232 112 203 235 107
 106 157 114 122 154 247  60  50 223 106 221  88 187 140][129 173 151  31 219 175 164 239 246 179 106  18 228 224  32 205 121 110
  98  28  51 254 223 119  45  38  87  64 193 112 171 140][222 126  90 180 178 130  62 230 188 134  94 167 109 239  35  80  55 253
 239 195 100 221 136 238 250 231  47 131  36 181  45  91][128 239 142 159 220 169 172 239 190 179  66 147 228 226  96 201 121 110
 106 145  54 221 207 247  60  18 223  73 144  88 185 140][ 49  77 123 238  84 134 231 117 212 136 250  66 113 233 180  96 120 254
   6 235 233 187   4 191 114 175 167   8 125 186 112 168][ 53  79  75 254  20 131 199 244 212 136 248  70 115 233 177  96  88 234
   6 110 233 163  76 175 240 175 167   8 125 186 112 169][ 26 157  58 186  27 245  16 103 191  13 236  17  46 255  34 208 163  59
 223   1  22  11  18 247 219 247  26  75  18   4 175 219][104 189  25 117  57 205  84  55 171 169 190   9 191 191   0 144 132 191
 221   0  78 250  80  63 239 223  52  49  66 192 134  27][121 175  56  98 180 141  71 183  99  45 252   8 183 161  82  48 148 238
  76 124 218  58 224  61 251 253  37 120  66 130 194  41][184 170 224  25 133 251 101 151 119 119 102 151  11 140 214 252 121 142
 160 148 158 252 245 179  79 103 212  65 231 220 222 222][130 172 134  31 153 173 164 239 222 179  66  17 224 224 102  15 209 106
 106  20  54 220 223  59  45  22 223 107 152 120 153 142][104 171 122 248 250 225 121  87 163  21 124 169  54 167  98  16 111 187
  71 152  26  27 162 117 127 133  52 233 163 128 166 251][100 185 243  82 211 236  37 199 123 249 108   8  56 247 197  62  51 126
  98  24  19 122 186  96  31 156  21 106 195 192 198 191][ 86  46 206 180 208  34 127 123  49 142 206 133 109 231  67  82 119 253
 237 182  40 211 131  74 250 167 239 137 161 242  38 122][  2 180 184 153 245 247 184 207  31 125  88  51 140 252 126 136 221  27
 147 145  22 184 120 247  15  20 155 231 213  76 157 223][ 90   2 206 173 104   6 121  19  53  13 214 135  13 135  18  88 118 141
 127 140   8 218 209 192 214 227 250 129  40 164  38  88][  2 157  46 155 255 245 184 239 158  93  88 183 172 238  62  65 239  59
 147 149  54  24  59 247  47  23 154 203 148  76 189 223][ 18 189 255 222 211 192 181 231 185  65 108  50  60 247  44 112 162 123
 146 128 115 203 178 111  51 166  94  11  65  80 167 251][213  79  77 163 134  42 111 148 100  50 187 246 211  35 153 123 107 198
 108 238 233 244  77  34 244 171 230 132 173 243 240  32][100 177 249 103 248 111  87 152  34 173  45   8 215 247  73  48  29 222
 119 122  11 114 251  50 255 157  37  60 192 243  70 179][ 18 217 123 222  19 208 182 229 237  64 254 162 124 222  37 224 162 123
 251 195  71 171  50 237 179 101  14  11 125  18 173 255][ 37  48 120  79 108  27 240  72  79 232 181 104 218 216 223 160 218  29
 214  99 135  99 237 153  22  89  35 191  93  10  91 133][167 181 101  67 214  15 239 253 117 240 125 214  80  69 220  37  63  74
  18 254 243 250 125 126  45  24 133 100 207 131 210 244][ 39 178 209  83 242  27 174 216 123 251 113 236  72 234 205 188  63  92
 194 250 183 242 236 210  46  94  37 166 207 247 203 181][  2 157  63 187 179 231 185 231 158  29  90  19 172 254  40  65 231  27
 187 145  50 152  19 247 237  54 154 195 144   4 165 219][ 60  61 115 238  83 213  83  96 145  68 109  11  47 223  35 144 252 185
 149 226  76 139  56 191 243 213   1  43 115  39  46 243][ 77 217 167 165  45 143 111 182 174 232  10  69 255 177  17  66 196 100
 125  79 201 216 217 188 229 255 239  16   8  59  81  90][ 40 253 120 105 116 207 119 247 112  40 124   8  51  21 128  48  28 186
   7 120  74 186 112  63 111 141  36  96 113 152 194 171][ 88 157  58 254 147 196  51 103 173   4 110   2  62 255  32 112 166  59
 147  64  82 139  50 237 243 229   2  75  18   2 175  58][125 235 105 108  60  31  75 184  67 232 188  76  83   9 211  48  92 204
  92 110 201  34 237  28 242 205 161 188 127 187  82  97][197 254 157 244 168  46  95 184 186 186 144 124 223 115 201 123 151  85
 125 110 225  69 203  42 232 219 109 188 136 241   3  33][ 19 134 238 197 198  34 237 183 116 179  86 210  17  42 148 106 107 199
  55 157 176 252   5 194  78  47 254 196 173 200 241 168][ 32 141  59 252 221 229 193 103 214   5 236  16  34 249  36  96 200  58
 130   0  58 171 114 191 105 183  16  91 208  72 244 170][ 40 255 122 106 114 203 119 244  51  44 124 169  59 215 194  16  62 251
 135  98  74 154  40  63 126 205  37 233 115 146  78 251][104 169 148 186 137 237  20 135 170  63 168  25 174 251  72 154 129 115
 233  17  30  75 202  49 201 215  92 123 192  64 143  10][248  77 110 228  21  66  70 228 244 132 230   3  99  41  49  83 104 228
 169 226 104 187   1  44 243 227 196  17  97  57 124  10][  5 143  17 203 180 175 110 191 118 169 122  68 243  99 144 244  23 110
  12  60 155 152  77  63 172 174  37 192 184 218 200  41][112 233 150 186 137 205 150 236 175 149 160   9 238 250 108  26 201 115
 234  83  94 107 154 113 153 210  95 123 208  82 175 142][ 67 190 185 154 170 189 184 147 190  95  28 253 172 198 230 236 135  59
 255  21 151  73 238 243 140  20  59 250 156  68 139 221][100 160 189 115 169 109  81 139 226 183 167  24 215  51  72  59 129 214
 108  24  58 101 251  16 203 211 117 125 192  96 198  98][113  77  73 101 180  14 111  63 112 170 234  76 211  33 145 112  16 230
  76 110 233 152 197  14 236 174  37   4 104 242 210  40][255 219 111 239 188  95 255 252  29 236 215 231 123 127 191 229 254 245
 191 239 237 177 109 253 246 251 239 134  63 191 252 117][215 118 195 135  50  34  46 120  56 226  83 247  93 102 155 213  55 205
  29 239 229 213 141  78 176  38 175 132  45 247  43  85][ 37 160 214  29  94  11 160 232 126 179 226  74 226 224  77  27 121 236
 106  56  34 243 207  93  28  38  87  36 193 104  99 132][ 23  93 127 239  54 147 111 240  53  64 223 230 121 119 177 100 118 246
  31 238 201 153  61 255 242 239 163 128  63 179  32 121][116 180 189 119 137 109  81 139 162 191 167  24 215 117  72  27 129 214
 109  16  58 101 251   2 203 215 117 125 192  96 198  98][109 235 176 102  45  29  70 180 235 172 182  76 238 233  87 150 132 100
 236  94 206 105 219 160 171 221   5  62  74 191  90  13][ 80  34 255 101  82  11  41 119  49 173 246 164  75  39 192  16  62 253
 101 188  40 218 161  78  95 134  55 192 225 160  39 249][  1 201  19 175  86 131 175 228  20   0  72  66 181 195  49  64 120 104
  18 235  65 186  16 125  37 128 170   8  61 155  49 168][ 80  48 159 108 105 206 113  72 234 176 226   8 118 211  65  50 176 245
 108  96  74 227 186  73 223 185   1  63  64  34  71 162][121 235 104 102  52 157  79 188  99 236 188  13 187 201 210 144 152 238
 204 110 222  58 232  61 250 253  37 249  98 158 218  73][129 237 158 155 206 169 164 231 254 147  72  18 228 224  96  73 105 107
 106 157 118 122 158 119  61  34 223 106 208  88 169 140][ 37 179 204  35 184  31 170 216 126 249 177 196 211 232 223  42 157  77
  70 247 255 241 223   8  46  79  47 244 201 179 107 149][ 40 255 123  75 114 203 127 252  52  76 124 235 113 215 162  16  62 250
 135 234 194 186  40 125 102 143  37 129 117 146 102 251][128 173 159  31 217 229 164 239 254  19  72  16 164 240  96  11 233 106
 106  16  54 127 218 119  61  54  87 107 208  88 171 142][ 21 239  19 171  52 143 106 184 102 136 219 100 247  67 168  64  22 104
  76 126 203 168  73  63 168 164  39 208 120 131   1  41][ 88 189  23 246  49 205  84 119 175  77  42   9 190 191  32  16 164  51
 221   0  95 201 146 189 243 245  16  59  10   4 135  91][ 93  89 183 164  55 206 119 240 237 224  66  10  94 215  33 102 162 117
 125  99  65 145 185 236 241 250  11  18  42  63  17 114][ 18 205 127 254  26 192 191 237 180   5 252 162 125 247 172  65 126 251
 175 192  98 203  43 109 241 167 126 139  53  18 167 235][128 237 142 159 204 169 164 239 190  23  66  19 228 226  96  73 233 106
 106  17 118 221 219 115 189   2 223  72 144  88 177 136][ 69  86 157 250 168  44  95 152 234 250  49  68 215 115 201 123 151  69
 124 126 161  69 187  80 201 186 103 188 136 243 161  49][106 173 115  72 219 225 161  71 171   5 236 136  40 183 100 148 107 186
 195 152  18  43 178 213  31 220  16 106 195 196 230 250][ 42 189 243  83 249 253 160 199 251 217 104  72  40 246 196 182 175 123
 210  16  19 107 186 225  15 220  23 106 203  70 239 189][ 53 115 120 171  46  27 210  88  78 232 181 110 215  24 155  32 254  13
  94  99 205 177 205 156 214 201  43 181 125 139  75 135][ 18 201 127 254  26 192 191 236 172  68 248 162 125 222 165  96 126 251
 175 195  66 139  38 125 241 225  46 139 117  18  37 235][  2 157  44 187 189 229 185 239 158  93 216 163 172 254  54  64 207  59
 187 149  22   9  91 245 237  23 158 203 148  12 181 219][ 41  29 122 127 116 223 123 114  85  76 124   4  59 215  35  48 172  58
 151  74 225 184  48  63 103 207  32   1 123 139 110 251][ 62  29  50 174  83 213  83  97 141  68 237  43 110 223  35 148 250 185
 149 160  76 131  48 223 179 213  11  43  51  38  47 242][ 26 153 114 238 211 208  22  97 165  68 237  34 124 255  34 208 114 187
 147 226  91 139  50 221 243 229  10  75  55   6 173 187][111 123  19 197  49  30  78 176  33 168 254  76 203  71 145 180 220 252
 223 238 201 146 120 236 183 253 165 148  10 183  66  53][ 84  37 221 101 160 110  65  19  32 175 175  88 215  55 193 122  16 246
 108  56  57 208 225  10 201 175  97  20 224 225 198  33][138 188 150 187 221 229 188 199 158  23  72  19 172 255  96  73 235  59
 179 145  50  90 146 247  13  22 222 107 144  76 165 218][ 25 207  18 235  52 135  74 180 101   8 218  66 247  67 160 224  86 224
  28 110 235 137  73  63 168 239 167 208  58 155  40   9][ 85 207  22  79 176 143  78 188 228   9 186  68 243  98 176 244  82 230
  76 126 249 169  77  61 168 254  37 208  56 146 200   9][ 94 111 138 182  18 162  62 230 180 134 206 135 109 239  35  80 182 239
 253 231 108 155 140 238 250 231 175 129  36 119  43  26][ 84 108 250 119 210 235  55 226 187 166 110 168 127 247  33  16  55 255
 229  98  96 241 168 110 251 231  37   5 227 243   7 227][156  60 251  87 242 235  51 210 125 166 127  50 127 247 161 112  55 255
 231  34  32 177 168 110 119 239  39   3 231 243  71 235][192 174 140 155 232 233  36 143 190  55  72 185 167 225 192  11   3 106
 234  16  50 124 207  51  12  22 223 121 148 216 159 136][ 67 191 173 186 186 189 185 159 174  89  28 245 189 254 210  96 135  59
 127  21 151  72 174 119 236  29  63 248 156 192 131 249][ 53 107 105 101 116  11  79 188  65 232 252 206  19   9 145  48  90 236
  22 238 201 178 101  62 118 205 165 180 125 187  82 232][120 161 188 115 168 105  81 143 162 191 173  57 151  53  74  26 129 150
 237  16  26 106 235  19 203 215 117 127 192  64 198  99][176 167 253  69 246  75 183 187  94 166 122 234  87  53 132  32  51  92
 230  32 113 248 109  31  61 134  37  55 117 232  71 169][121 235  56  98 177 156  87 189 107  45 190  76 255 193 218 240 148 198
 236  92 218  43 233  63 251 253  37 125  74 134 202   9][252  74 198 181   7  26 102  96 181 134 226 147  75 107  51 223 104 228
 236 226 108 245   5 168 146 227 195  17  99 125 124   2][149 181  37  35 148  55 174 253  86 241 187 214 211 108 157 161 157  67
  90 255 255 225 125  62 169  75 143  84 205 255 251 244][ 72 187 148 178 169 233  20 143 170  61 168  57 174 179  72 154 129  83
 237  17  26  75 202  49 201 215  92 123 208  68 143  11][  1 171 145 251 180 143 110 223 126  41  88  68 183 243 232 164 149 106
  22  92 147 184  73  55 172 158  55 100 152 218 129 169][ 56 143  26 250 213 193 214 103 212   5 236   3  34 185  34  64 200 186
 131 128  90 171   2 191 251 229 146  75  81   8 252 138][  5 143  20  75 176 175 110 191 102  41 170  68 243  99 152 244  21 110
  76 124 155 169  77  63 172 190  37  80 152 210 200   9][223 119 101   7 178  62 111 191  48 226  95 246 217  38 155 103  55  70
  92 239 245 212 253 110 100  42 237 132  47 247 131 117][102 251 148  58 137 141  20 238 171 159 160 125 166 240  76 158 129 115
 232  81  22  75 202 113 153  18  93 123 216  85 143  15][ 61 115  56 167  44  15 219  24 100 236 183  77 215  72  91   0  28 197
  76 111 204  50 221  28 212 217  35  52  77 171  75  17][  0  34 238  69 112   6 105  83  52 173 246 244 129   7 128  24 126 156
 103 156   8 222  97  76  76 174  50 192  65 128 102 185][195 217  63 254 184 134 191 191 190  89  90 213 253 223 176  97 134 127
 125  93 243 201 187 117 233 249  62 216  28 144 161 121][ 87  89  87 214  71 218 119 224 237 192  74  42 126 215 161 246  50 244
 254  74  65 163 178 236 179 104   5  10  46  55  37 127][165 116 241  85 244 127 231 250 123 250 112  88 211 117 221 189  31 222
  86 122 163 246 253  62  45 154  37  36 203 249 194 165][ 43 177  83  72 219 245 176  79 235  73 248  72  56 158 100 180 236 187
 210 144  23  43  50 213  31 221  18 107 219  68 238 191][  5 241 172  35  28  15 202 152 102 248 177  77 211  72  91  34 156 197
 124 255 207 224 223  12 204 219 175 116  77 171  91  16][ 41 188 155  90 249 252 176 223 235 217  60  76 190 250  76 182 143 123
 214  16 151 107 186 241  31 221  23 107 203  64 203 159][  2 153  46 187 189 229 187 239 142  93 216 131 236 254 122  64 205  59
 187 213  22   9  91 245 237  20 143 251 148  14 181 219][ 90 185  23 254  27 205  21 103 173  68 232   9 174 255  32  17 166  51
 249   0  83 139  50 253 179 241  26  27   2   2 167 123][ 37 179 241  65 213  63 225  91 115 233 121 124  82 113 204 188  93 158
  22  56 155 242 249 144  15  28  37 230 235 202 210 181][ 88  75 127 238  42 194 159 252 164  12 222 163 253 207 161  64  94 241
 239 227  72 131 103 253 240 160 174 137  53 178  37 105][193 205 159 246 180   6 110 191 252 154  18  80 245  99 176  99 183 103
 124 110 225 205  11 111 232 251 255 132  12 176 161  41][ 49  15  75 254  52 130 207 112 212 136 218 230 113 233 176  96  94 234
   6 238 201 171  44 175 240 174 163 136  61 186 112 169][ 58  29 122 252  83 247  82  99 133   4 109   3 111 255  34 180 250 185
 151  32  12 139  48 159 243 245   0  11 115  46  46 211][ 93  71  86 236  52   6  74  56  37 136 187  96  83  67 169  80 112 164
  76 110 104 129   1  14 178 237 161 144  56 171  96   1][117 121  90  68 113 158 126 240 173 232 110  76  90 218  53 240 244 253
  94 110 197 177  48 236 179 253   3  16  72  51  74  21][152 204 135 191 150 239  39 230 118 163  66  19 243 225   1  73 113 110
  34  94 122 220  91  63 237 166  63   0 160 121 177 168][198  46 148 146 171 248  16 138 187 151 129 185 204 246  79 159 131 113
 233  18  54  69 138 242 153  18  95 127 130 117   7  71][ 66 217  31 254  59 196  63 229 173   8 202  32 252 215  32 242 230 115
 255 194  83  11 154 229 177 244 138 139  16   2 165  59][128 173 159  31 218 229 181 231 254  23  72  16 180 240  96  11 233 106
 106  17  54 122 218  55  61  34  87 107 208  88 165 138][ 86  15  10 166 146 162 126 224 180 128 203 199 109 234  35 208 246 239
 253 231 108 219 140 238 250 231 175 129  44 119  41   2][  2 188 150 155 217 229 188 199 158  23  64  19 172 255  96  76 233  59
 179 145  50  94 146 247  13  22 222 107 144  76 173 218][ 90 145 122 236  59 208  22  97 165  68 253 163  45 222 174 212 126 187
 135 224  92  11  38 221 178 229  10 139  55 134 173  95][212   5 188 229 136 110  85  19 160 182 175  25 151  55   3  91 128 246
 105   8  56 193 241   8 193 227  64  17 160 225 134  98][ 31  15   2 174 147 178 126  96 189 192 219 199 109 234  51 192 254 239
 191 231 172 147  12 238 178 103 175 129  45 119  41   4][ 32 223 123  77 114 203 191 252  52  76 124 230 113 111 167  48  62 248
  23 234 194 186  45 127 102 141  32 129 117 147 102 249][112 113  87  76 106  75  49  72 235 168 242  40  30 147 193  50 178 189
 110  96  64 163 147  88 213 160  35  62  97  34 103 163][160 148  57 250 223 233 145  79  94  23 108  50 166 221  40  96 201  26
 130  16  50  46 114 183  73 150  18 107 208  72 244 170][161 231 105  99 244 203 103 189 113 101 124 140  51  69 154  48  90 142
   6 124 250 186 124  63 110 141 165 228 103 138 214 248][129 176 149 219 109 237 176 153  94 121  49  88 158 216  76 173 129  26
 114  16 179 124  90 145  13 154  16 126 216   8 193 183][ 37 245 172  35 156  15 206 152  86 250 147  68 211 104  91  43 221  69
  92 255 191 224 223  44 236  31 239 116 205 251  90  20][ 28 204 131 191 144 170 111 184  54 163  75 208 247  99   9  64 115 110
  44 174  41 144  93  63 236 230  39  64 162 243 129  32][192 166 196 145 200 169  36 143 190  55 138 185 161 160  74  31   3 198
 234  16  50  92 207 115  12  22 215 119 132  72 159 142][197   6 215 151 166  50 108   0 252 210  67 214 204  98 189 239 115 101
 106 174 165 213 141 202 132  58  91   4 140 241  41   4][104 179 248 113 184 105  81 159  43  61 172  57 135  55  74  26 131  30
 237  16  26 104 203  17 207 213  53 125 224 128 206  43][ 92  92 149 231  10 102   7 184 164 170 138  66 253 115   9 235  53 117
 125 234  73 209 219  40 225 235 111  16  40 115  33  35][ 36 180 181 218 205 105 145 201 203 115 161  26 198 220  76  47 201  24
 226  51  18 103 250 144  29  18  85 127 209  75 215 166][ 40  31 122 126 116 173 115 115 196  12 126   5  56 251  35  80 172  58
 147   8 148 184  16 127 103 239  32   1 115 169 108 139][ 82 153  27 238  58 196  30 113 172   8 249  34 117 223  32 112 246 187
  29 226  91  11 154  93 243 229 170 219  16   2 165  59][ 81 121 219  68  94 208 182 228 232 192 250  42 126 222 165 242  50 253
 126  98  69 163 182 108  51 237  39  11  45  51 103 191][  8 236 131  63 176 234  39 174 118   7  98 176 243 225   8  72  81 110
  34  90 122 252  79  63 236 230  55  64 240  89 165 170][125 121  90 100  51  30 118 112 232 192 238  14 127 218  39 112 182 237
  94 110 197 179 144  44 243 237   3   2 105  51 107 154][161 182 204  49 210  43  44 191  54 243  74 247 209  34 200  89  23 207
  33 149 191 220 205  55 108  38 253 196 173 208 144  25][ 49 151  91 238 118 131 239 121  84  64 251 230 113 237 184  96 126 170
  22 239 217 179  29 159 240 237 162 192 125 170 112 177][ 51 189  43 186 186 213 155 253 142  89 156 231 180 220 106  96 204  27
 223  85 215  11 122  53 251  69  46 250  28  14 181 251][ 47  54 211  65 253 187 162  80 239 233 249 108 136 216 221 172 223 108
 214  62 151 243 236 192  30  92   1 254 207 239  90 133][ 90 177  63 254  27 204  21 101 173   4 165   9 110 223  40  49 162 179
 249   0  82  11 178 253 243 241  90  27  16   6 167 106][128  50  12 117  48 174 105  55  60  97 102 213 177   3   2  17 140  46
 123 140 185 220  81  79 207 255 178  64 200 128  98 152][211 216  63 255  42 134  29 180 180  90 194  98 246 127   9  99 228 245
 125 195 233 197  91  61 241 235 107 146   8  48  33  59][125 100 245  71  13 123  67 136 225 242 167   8 211  80  95 191  17 196
 124 122  13 229 253   8 195 219  69  53 227 255  90  70][ 37  60 117  85 236 111 229 191 123 250  58  72 147  52 149  63 157  94
 126  56 177 248 113  94  45 154 117  52 200 248 195 165][ 28 205 147 191 180 202  71 184 118 130  75 128 247  99 169  68 115 110
  44 106  40 144  13  63 232 230  39   0 162 243  33  32][ 33 184 184  58 121 189 240 219 235  89 188  12 190 216  94  48 143  43
 214  25 151 107 154 113  95  29  23 123 217  66  75 143][ 85 112 159  37  61  79 242  56 110 248 131  12 214  88  91  34 152  68
 122 127 141 241 217  12 221 139  79  20  72  43  89  18][ 82 203 117 206  58 208  31 173 135  20 252 162 233 215 160 230  78 243
 255 194  75  11 239 253 181 240 166 139  55 146 164 109][  2 153  47 170 189 197 187 233 143  93 152   3 172 223 112  64 196  51
 187 209  18  11  90 245 253  20 139 251  20  14  53 123][  2 207 121  77 114 131 239 242  60  12 124 230  49   7 183  36 126 250
  23 232 192 184 101 127 102  12 163 128 119 168 100 249][ 82 195 107 140 122 192 157 105 172  76 208 163  33 206 174  64 126 185
 143 161  78   3 166 221 112  32 170 139  53 130 167 251][ 26 157 122 126  83 214  51 112 229  68 109   6 108 223  38 244 126 187
 147 226 149 171  56 253  83 237   2  75 123   7  45 243][ 35  49 106   9  93 245 176  67 207 109 252   3 168 156 118  32 232  59
 211  17 150  43  54 213  31  93 138 123 213  12 127 222][173 176  20 211 237 189 176 216 207 123  49  92 158 216  77 175 135   9
  94  91 183 101 218 177  13  24  65 126 218  13  75 151][194 166 204  17 200  41  44 159  62 179  74 245 129  32 202  75  39  78
 106  21 182 220 207  51  12   6 245 196 172 192 153 152][133   6 215 213 226  34  45  31 124 251  87 242 209  34 136 111 119  78
  62 188 177 212  37  66  12 174 247 196 140 240 161 165][133   6 223 213 164  34 109  27 116 138  87 242 209  99 169 105 119 124
  54 174 177 212  37  74 196 171 227 132 164 241 160 161][157  78  90 239  52 175  74  56  85  10 255  70 115  67 177  81 112 172
  12 238 104 148  13  31 226 239 161   0  50 171 104   0][212 111  78 166 146 138 126 245 180 164 203 229  85 227  11  81  54 237
 237 230 108 211 137  46 240 231 175 133  41 243 171   2]