[125 101 208 102 176  42  78 172  33 162 171 200  95  99  73 147  51 199
  76 234 108   3 205  46 250 207 101  53 226 243 202   0][120 253  26 126  25 141  22 237 178 140 172   9 102 243  35  16 144 123
 233  98 106  99 154  63 243 199   5  59  82  50  14  11][189 112 185 227 109 111  91 152  75 250 181  24 219  89  93  59 153 196
 125 122 169 118 249 146 207 219  69 116 202 251  82  34][ 18  99  82  44  43 146 154  72 173  12 241 163  76 206 175 148 254 189
 239 225  76   3 134 221 146 112  11 159 103  38  47  87][ 19  90  42  27  16 157 114  64 247  69  71 133 162 200 182  68 224  40
  46  87 142 152  54 125 130 116  18 203  60 143 124 214][154 184 146 250  27 225  16  71 191  21 225  49  46 223  32 216 227 187
 207 144  58  15  26 243 147 247  26  75 146   4  47  26][ 88 186 123 114  51 220  51  48  57  76 119 108  63 151 134 180 182 189
 204   2 163 152 184 125 211 247  48 195 106 129  15 123][100  46 157  84 108  45 225  18 234 187  57  88 150 177  65  58 141 212
 126  10   0 103 194  66  85 190 113  60 192 105  66 161][ 72  60  26  54  50 236  56  82 169 136 110   1  62 151  35  24 166 115
 237  80  20 137 146 108 211 253  48  11 200 129  43  27][128 205  23 186  93 197 165 231 158  17 192  18 180 211  32  65 200  59
  27  65  99  15  18 127 241 128 154 120  24  24 161 170][ 32 201  75 174  92 131 143 236 134 128 248  66 113 200  49   0  88 104
  19 195  65  43  10 191 112 132 175 184  85  58 112 168][105 122 250  92  98 144  63  86  57 138 126 236  56 151 165 244  54 253
 130 200 193 158 160 107 118 189  52 138  75 176  47 189][ 85 180 145 236 184   6   7 190  54 170 138  96 215 115   1 112 149  85
 108  40  97  73 137  30 233 166  47 180 136  98  33  41][ 34 201  82 204  86 129 238 231  13   0  88   2  41 136  52  64 122 171
  23 193  82 186   0 253  54 108 170 136  21  10 241 136][  3 141  99 205  84 130 175 103  68   1  90   2  48 170  52  96 122 171
  19 129 210 154  36 255  52  44 138 192  21  10 241 172][200  28 190 117  32 174 121  23 249 155 118  48 191  51 129 123 135  54
 108   8 161 252 161  74 199 251 114 128 192 208  67  41][ 79 145  35 202 181  93 246  97  77  73 223  10 202  24 188 228 232 130
 222  43 221 161 117 197 183 125   0  83  78  14 216   4][ 41  49  57 101  53  15 101  51 108 232  38  76 146  17  16  48 152   4
  88 108 201 176 241  12 231 217   1  52  72  40  82  48][222  58 230  53  11  42  17 138 178 182 131 181  79 239  67  90  39 117
 237  19  24 197 139   2 219 231  65 159 226 229   7 115][ 97  57  27 101 117  79 113  18 108 224 110  76 150  17   1  48 176  44
  80  40 129 184  49  12 199 221   1  16  72  32  67 169][ 86 196 214 166 147  78 127 232  61 230 251   3  79 118  43  84 255 221
 127 226  44 147 153 238 185 246 143 135 161 115  39 102][ 70 172 215 244 124 139 232 235 187 178 186 202 239 235  29  19 187 245
 127 161 112  99 138 223 188 190  79  54 197 224  67   0][ 65  48  27 101  83  14 113  55 104  72 110  76 190  19   0 112 178  60
  92  40 193 184 177  77 199 253  48   0  72   0  99 169][  2 185 176 171  59 229 184 202 143  93 184  37 140 158 110   0 239  27
 219 145  18  11  26 241 137 212  26 127 144   7  39 219][ 48 205   3 190  28 129 143 252 150   0 216  66 113 195  49  64  88 232
  23 203 105  43  10 255 240 164 175 152  61  59 112 168][253  64 127 100   8  70  79  60 224 210 166  16  83  87  25 123 116 244
 124 234 233 199 177   8 243 235 225  20  43 177  96  48][ 76 177 153 112 169 108  81 155 106 249 171  24 222 243  72  58 129 223
 108  24  19 106 251   2 221 221  21 126 200  97 135  50][107 183  98   4  95 187 152 103 201 229 190 143  40 172  22 150 143 167
 243  37 244  59 212 206  62  93 141 187  79  78 218 222][252  76  30 254 133  38  87 248  48 134 231  25  83  99  35  89  89 228
  32 226 120 215  25  46 243 167 197  21 161 123 124   2][ 92  50 179  72 171 106  17  25  35 183 237  40 142 213  72 188 151  28
 237  16  26 103 235   2 219 116  17 127 226 102 134 103][152 205   3 190  28 128  78 244 148   0 216  66 123 203 177 192 122 233
  30 235 105 163  10 255 176 229 170 136  61 187  49 168][ 45  37  98  90  53 159 146 248  84 201 215 202 115 205 189 165  92  58
  19 125 178 187  61 158 107  79  37 209 247 142 112 213][113 108 159 101   0  75  71   6 232 162  46   8 182 144  65  51 160 124
  72  74  65 245 144  40 225 169  69  49  64 112  74 170][ 51 176 253 117  50  15 216 107  59 184 114 105  18  29 148  57 190 157
 117  33 136 252 193  92  76 218 121 166 197 128  66 171][130 160 148 153 230 169 184 207  30  19  80  18 172 138 120  73 239  11
  19 145  50 124  66 209  12  16 218 224 148  72 145 137][ 43 203  74 190  92 145 238 230 150   4  88 163  33 202 179 192  72 235
 130 199  78 170   6 191  48 101 138  41  53  31  56 140][  3 141  35 137 148 163 171 103  92  65  90 194  52 170 180 100 123  43
  18 189 147 152  37 255  44  46 154 192 149  10 177 236][118  76 214 255 207  42 108  14 249 130 234   3 107 234  21  91 250 231
 109 163 104 247 195 232 181 186 222   3 165 113 114  14][112 125 255 101  32  79  71  53 112 170 174   8 115  55  65  51  16 244
 108 106 105 249 241  12 243 139 101  48  96 242  70  42][121 113 241 101  34  78  75  24  97 232 175  72  19  21 209  54  62 220
  84 110 201 178 241   8 247 237  33  52 107 179  66  49][225  61 113  69 201  76 103 117 225 226  40  72  18  53   1 183   0 126
  64 106  65  98 240   8  37 152  69  56  74 242 198 184][ 70 186 149 218  43 196  56 136 170 217 129 233 236 215  64 246 167 115
 249 144   3  77 138 241 157  16  95 251 146   6   7  59][202  92 190 245 171 228  61 151 189  27  22  16 188 191  32 123 167 115
 189 128  50 205  50 225 199 251 122 130 130  80 165  59][  2 157  34 153 115 164 184  71  28   5  88 167 172 142  36  64 238  59
 147 149 146 152  18 255  45  52 154 202 148  76 165 219][123  89 227 204  77  86 204  70  73 228 254 142   8 172  55 230 108 252
 183 203 205 250 245 224  23 120 202 130  15 189 124 220][ 96 201  53  95  61 201 193 174 198  89 110  40 242  20 148 116 192  50
 124  72  75  40  99  61  37  62 112  19  82   8  84 111][  7 235  17 154  58 201 146 200 142  24 137 233 228 198 239   4 135  59
  74  87  70  11  74 117 168  20  15 251  16  14   5 205][220 176 188 250 169 109  80 200 171  31 165  24 158 223  74  27 165 147
 253  82  26  71 218  49 219 209  89 127 208  65   7  83][108 241 236  71 205  94  85 153 107 253  47  12 210 125  75  58 153  76
 228  50 221 112 251   0  79  89 101  55 234 126 214 211][ 97 117  57 103  61  79  71  56 115 232 173   8 242  81  65  48 152  92
 104 106  73 114 249  30 231 223   5  52  80  59  70  42][ 88 249 157 239   8  76  87 188  54  24 232  72 255 119  72 114 151 223
 124 106  75  66 251 115 249 249 103  24  56  51  39  59][107  50 126 109  41 223 217  91 175 253 246 173 159 159 150 252 134 181
 253 148 133 189 179 213 195 249  50 211  79 132  79 127][ 59 174 108   2  53 155 202  15 127 101 254 153 107  72 150 148 155 166
 204  28 174 175 101 255  58  95  16 209 231 140 218  76][ 36 164 196 145 214  43 162 193  62 179 171  26 198  98  72  11 121 204
 106 179  48 241  73  82 157   6 207 117 193 107 211 128][ 89 243  23 127 170  26  69 189 165 200 142 228 255 103 137 118  54 230
 108 110  89 193  43  13 226 227 101 144  42 242 128 121][ 67  88 187 244 104 100  59  18 169 204 222  36 188 174 241 114 198 103
  61 207 129  11 162 232  81  61 186 136 132 243  39 121][ 99 124 243  68 114 188 235 214 107 192 120 236  61 174 213 180  54 237
  20 204 129 186 180 106  54 252   7 168 239 247  99 253][140  81  58 232 120  70  95 120  60  76 245  33 223  87  43  80 214 153
  23 234 104   7 122 207 241 255  42 140  16 179  39 243][ 30 115  98 128 127  19 190 104  41 236 156 175  12 140 119 132 190 221
 223 231 196 227 164 200  50  92 143 191  71  55  47 215][124 233 177  82 153 217 146 200 235 189 169   8 174 214  76 182 137 123
 200  82  86 107 250  49 187 213   5 127 194   3 199 174][125 151  78 202  20 182  75  56   5  13 239  70  83  99 170 112 116 134
  31 174 154 155  57 255 123 173 160 196 178 139 248  33][ 70 160 215 254 100 138 234 136 187 144 243 194 231 234  29  89 250 237
 111 219   2 225 139 237 156 186 203  64  69 163  99   0][ 49  73 106  76  84 147 198 101  69 192 248  10  34 201 180  32 120 168
  23 225 204 187 100 223  54  12 128   8 117 138 114 204][ 82 185  50 168  53 205  82  83 143   9 217  40 174 223  40  64 238 187
 159  81  18  43  18 245 187 213  10 123  18  10 165  27][ 70  68 190 158 157 246 182 232 190   6 207   3 204 246  43  64 241 117
 251 227  32 135 155 254 249  54 143  31  16 123  53   2][125 224 112  96 117  31  66 184  99 168 173  72 211  64 156 180 152 204
  76 106 205  38 249  21 147 253  33 116 106 179  66  36][ 69  91 121 101  36  14 127  16 105 200 114 100 215  27 145  50 150  69
  84 110 197 176 225 104 230 249  32 128 104 179  67  49][ 13 245  17  99 176  15 103 184  54 168 107  72 247 115   9  48  21  94
  92 106 105 144  89  63 237 175  37  84  72 179 194  49][ 81  88 115  69  17  94  70 182 113 195 106  72 122  60  21 244 144 244
 120 109 169 184 181  47  35 190  64  16 235 179  66  60][169 161 160  67 109  89 224   8 123 228  53   8 226 200  94 184 153  78
  96  88 143 116 251   2  79 221   5 125  66  46  94 206][ 49 205  15 158  26 131   7 237 150  64 192 206 118 226  40  81 120 224
  10 102 105   3  10  63 176  38 239  24  57  58  48 120][ 67 122   5 159  42 136  43  48 173 200  19 237 236 230 135 118 182 101
 124 231 197 193 239  77 164  50 107 154  12  38   3 117][ 99 143 110 150  86 143 171  35 156 201 218 207 112  44  20  64 156 103
 123 133 164 153  85 111  60  46 187 144  77   8  17  90][225 181  71   5  69  94 228  48 105 226  42  77  82  60 220 183 176  68
 112 111 229 240 181  12  45  58  69  20  73  46  82 252][153  28  83  92 115 251  48  67 253 202 126  40  62 214 165 188  50  57
  86  32  33 177  54  95  18 238  33 130 123  96 107 167][242 107 106  70  82  18 187 244  41  44 182 167  41  14 151  16 126 213
 215 197 204 155 229 236  50 121 138 131  69 183  47 221][ 88 188 158 112 155 236  17   7 174  23 174  25 191 183  66  26 163  55
 237  16  26  73 147  49 219 247  16  91 192  64 143  75][ 63 123 112   5 115  26 186 224 105 228 247 175  75  12 151 180 254 221
 215 231 204 178 101 236 182  88  10 131 111 183  47 215][ 68 204 215 159 212 138 230 232 254  19 227  66 228 226  40  89 123 231
 106 202  34 243  79 125 188  38 223  68 145  59  97 128][124 225 152 178 186 141  86 221 178 181 173 137 255 231  74  18 183 223
 237  82  30  67 154  51 251 199  37 125 160 115 142   2][ 33  49  10   8  72  75 161  72 198 228 224  44  16 128 102  20  88   8
 194 112   3  35 214  20  20   0   3  63  89  10 102 244][109  48 251 100  81  76 115  16  35 101 109   8  31 151  67  48  52 156
  81  72   1  50 176   2 119 253   1  40 234 163  70 242][ 43  96 242 100 107  80 216  72 227 241 148 169 157 221 211  62 142 125
 253 157 134  67 246 128  91 217  13 191 230 182  39 254][124 189 252 117 147  95  93 191  59 181 174  24 223  61  66  24 151 215
 253  16  56 200 249  14 251 255  93  85 227 112 207  66][221  88 157 117 169 110  85 158 170 186 162  92 223 115  65 122 133  85
 124  10  73  69 219  34 193 251 119  22 136 113   3  51][  5  20  63 231 116  14 235  48 124 160 119  64 215 115 153  96  94 124
 118 106 225 176 113  14 229 175  35   4  72 171  67 177][239  53 228  69 233  63 214  56 121 234 191 125  90  56 215 183 156 196
 124 110 189 242 221  14  30 127 101 246 203 231  74  21][ 18 249 185 104 203 197  29 221   6 237 124  10  28 215  74  48 188 155
 147 208  82  26 186 113  91 133  15 239  49   2 167 251][237 118 121 101 116  15 119  56 113 170 119  76 211  83 137  49  20 204
  68 106 233 244 249  14 231 251  37   4 104 179  66 161][134 218  30 154  43 129 144 232 158  22 128 165 228 232  35 195 205 115
 234  67 102 111 154 125  72  19  79  59  88  41  45 139][ 11 178 253 245 109  95 249 121 191 252 180 111 254 255 223 167 191 181
 255  37 133 122 242 221 223 223 127 191 207 172  79 255][ 60 201  72 233 120  67  79 252   7  32 253 162  83  79 184  16  92 216
  23 234  72  50  73  61 114 197 161 181 119 187 230 144][126 177 184 176 203  84  29 207 131 245 132 139  12 191  66  26 205 223
 241 209  30  90 250 208 219 193 223 255 161  68 143 218][147 139 119 237  54 139 248 103  93   0 210 227  35   8 180  97 238 191
  23 133 204 184  69 221  54 122 154 130 125 136 240 141][ 91 146 252 245 119 222 121  57 187 221 182 167 255 127 158 123 247 181
 255 181 141  75 243 205 223 255 251 203 175 164 111 123][ 86  32 130 168 143  98  73  73 173 135 129  19  68 155  97  90 232 133
 107 177  24 199 130 192 145  32 218  31 161  96  55   2][238 126   0 179 105 189  90 148 139 190 184  77 138 207  67 152 205 249
 207  86 142  70 218 178 207 209 133 255 218  95  94 211][ 47 181 113 194 245 189 234 255 203 201  57 110 174 248 252 164 191  42
  22  61 151  42 190 247  62  92   5 238 223 142 219 181][104 191 154 126  91 201  19  65 170  13  45  40 110 227  96  16 150 123
 193  64  18  43 138  63 249 181   1 123  80   2 167 171][ 86 213  56 169  58 200  58 136 174  52 159 163 221 222 106  64 247  21
 127 227  70  17 139 215 247 229 171 239  52   3  45  83][ 53 167 152  99 176 175  67 155 118 175  47  92 211  35  73  16  17 142
  12  28  26 184 201  30 205 143  53 116 224 194 194  33][107  17  36 140 109 159 208  45 207 232 223  15 234 216  54 228 200 160
 250  45 205  35  87 156  55  95 193  58  94  14 216   6][ 33 221 123  79 116 207 231 190 124  13 126  32 243 113 181  36  95 122
   6 104 163 184 105  63 103 191  48   0  81 155  70 169][161 164 241  65 212 111  97 159 115  35 109  24 211  53  92  52  25 154
  66  56  59 254 121  23 111 158  21 116 211 200 198 160][ 61 133  21 235 148 107  66 189  70  97 171  64 211 113   8 224  81 130
  72  56  59 160  89  31 173 140   5  84 184 202 208  40][ 88 177  94 114  11 205  85 125 163  21 165  25 127 223  74  18 163 147
 233   0  82  99 154   1 211 201  16 123  96   2 207  18][ 94 177 185 248 171 228  25 207  42 221   4   3  28 223 107  90 231  91
 189  17  22  75 186 208 219 193 127 239 144  80 167 243][  2 197   0 136 132 129 140 167   4   0  88   2  32   8  48  64  72   2
  19 129  82  40   0 157  33  32 142  64  20  24 176   8][148 249  87  83 211 219  38 228 253  64  98 104 125  86 140 181  54 123
  66 122  99 248  58 127  61 136   7  66 104  19 167 188][124 101 208  38 152  10  70 169  97 162 171 137  71  99  73 147  59 196
  76 234 108  67 205  14 250 199  69  53 225 243 202   0][ 34 129 122  75 116 159 122 112  93   1 124  10  42 155 188  52 254 170
  23 120 146 186 112 255  54 220 130  98  87 138  82 141][220  54 222  49 162  42  49  17 184 190 167 189  79 131 194  27  39 181
 236  50  52 197 136  64 218 131 101 213 168 225 139   3][237 102 125 101 100  15 103  56 121 170 119  76 211  17 137  57 150 196
  68 110 233 244 233  14 199 219  97   4  74 243  66 161][ 99 200 241 206 108  64  79 183 107  65 104 200 189 183 148 116  86 255
  53 137 195  10 230 225  53  60 158 168  20 210 103 124][ 88  57  27 178 147 252 112  67 169 200 106   9  62 255  33 152 166  51
 205  16  20 139 146 108 211 229  18  75 226   5  47  27][ 86 101  26 166 145  70 127 232  61 128 250  10  79 246  41 116 250 221
 127 226 104 147 153 238 185 246 143 135 161 115  39  38][ 69 122 187 231  32  14 111  16 104 200 115 108 215  19 145  50 182  85
  92 110 193 244 185 104 229 184  34 128  72 179  67  49][160 235  88  58 120 201  82 238  27  53  48 169  47 137  67 144 143 251
 197  71  78  46 202  55 250 213   1  59  80 159  14 138][105 176 209  69 117  94 224  59 123 234  98  88 154  56 132 181 153  76
  96  40 161 248 241  10  15  62  81  38 203 160  66 172][252 228 218 242 216 201  86 216  51 181 173   9 119 231  75  16  51 221
 229 114 122  87 218  19 251 197  37 125 160 178  14   2][ 30 176  16 170  57 229 154 202 143  73 153   9 140 222 104   0 239 155
 223 145   2  11 154 209 153 213  10 127 144  15  39 219][248 121 255 100  34  74 119 117 176 174 230  40 119 183 129  19  34 244
 108 106 104 253 160  46 243 235 101  17  96 176  70  43][ 12 137 110 219 156 211 219 248 214   4  95   2 249 233 178 224  88  42
 179 251 146 168 110 191 110  47 171 217  55 139 124  10][ 68  32 214 156  68 138 232  72  62 144 226  10 199 194  25  88 122 173
 106 185   2 227 134  65 148 162 203  76  69  40  99 128][ 73 253 153 109  40  78  71 188 115 120 232  72 247 115  73 114 149 220
 124 106  75  82 249  63 229 253  37  60  24 179  67  57][227 151 114  76 226 148 237 107 121  73 125 244  40 234 190 244 126 139
  38 172 215  58 166 213  22  56  82 202  91 132 234 253][ 69 103 165   7  52  30 239 184 112 232  91 196 211  96 153 245  20  76
 108 110 225 240 237  46  44  62  37 132  76 246  82  61][217  91 255  68  42  30  87 188 161 236 150 236 123  39 131 114  38 245
 108 238 201 193 233 108 242 175 101 144 106 182  38 121][ 41 203  74 190  92 145 206 230 214   4  88 163  33 200 179 192  72 234
 130 199  70  42   6 191 114   5 138  41  53  31 120 204][220 176 157 242  41 109  81 200 171  54 161  25 159 223  73  91 161 213
 125  82  10  71 218  48 219 209  83 127 192 113   7   2][  3 141  35 141 148 167 171 103  76   1  74  66 112  34 180 100 122  42
  18 173 147 152  37 255  45  44 138  64  21  10 177 236][ 83  99  66 136 106  18 184  72 173  12 211 231   8 142 182 196 238 141
 239 229 140 131 133 220 144  48 138 139  29   7  43 149][225 157  21  69 209  94 103  55 105 226  40  88 210  55 132 183 144  86
  80  42 113  46 240  14  37 190  69  18  74  98 194 188][100 225 212 145 220  43 230 204  63 177 163  26 198 226  72  26 121 205
 106 243  26 115 201 240 188   6 207 117 193 123 242 130][ 90 156 158 254 139 228  52 199 191  19  14  17 188 191  96  90 231 115
 251 144  50  77 146 227 219 247  94  75 130  80 165  27][ 92 251 184 114 185 221  18 232 234 185 189  40 175 222  73  48 137 251
 204  82  94 107 234  53 251 213  37 127  96   3  15  11][218 176 146 250  27 241  16  73 191  21 225  49  46 223  40 220 243 187
 207 144  62  15  26 243 147 247  26 123 210   4 175  30][114 162 192   0 123 249  90  75  43 101 232 169  14 134 198 148 187 175
 196 149  30  26 228  81 152  20  25 123 164  70  14 204][ 95  58 123 114 115 222 123  16  41  76 246 172 127 215 142 189 182 189
 253 206 143 194 176 253 215 255  34 195 106 135  47 113][ 44  33 102  72  61 159 242  88  86 129 125   2 115 217 189 160  88  40
 147 121 130 179  46 159 106  79  33 193 119 143 120 130][ 33   5 121 101  52  15 111  49 116 226 110   0 211  49 153 112  82 204
  60 110 233 176 113  14 231 175  37  20 104 250  64  32][248 160 232  48 148 219 208 143 115 101 164 157  35 204  86  24 153 174
 205  21  30 239 253  55 219 103 145 113 229 140 222  94][109 189 145  96 249 237  99 154 123 249  40  92 158 243  65 190 145  94
  96  24  19 122 250   2 157 220  21 126 202  65  67 179][184 205 107 188  92 131 143 125 212 128 248  66 115 201  48   0  88 168
  23 235 233 171  66 159 240 140 171 184  85 186 112 168][244  92 158  62 129 102  86 224  48 166 239   9  83  99  43  81 121 228
  32  98 124 215  89  46 251 231  69  21 233 123 110   2][ 50 133 107 204  92 131 195 125  85  64 248   2  51 136 180  32 120 168
  23 233 232 187 100 223 118  44 160 200 117 138 112 140][201 134 127 109  52  46 101  55 124  14 123  84 243  32 178 115  66 166
  44  44 184 188  37  15 228 174 112   0  64 224 192 105][  1  16  25 109  80  14  97  61 108   8 103  84 246  19   8 112 182  12
  68  44 145 176  49  77 197 189  48   4  72   0  99 169][  2 137  99 205  84 130 171 103  68   1  90  66  48 138 180  64 122  43
  19 201 211 152   4 221  36  44 170 192  21  10 241 168][ 56 201  74 169  84 131 174 103  12   0  88   2  57 136  52  64 122 171
  19 193  66 186   0 157 180 205 170 200  85   8 241 136][  9  57  31 101  21 207 113  55 104 224  98   8 150  17   1  48 160  36
  88   8 209 184 177  12 229 217   0  18  72   0  67  59][153  77  71 188  28 130  79 112 149 130 210  66 113 195 177 229 124 225
  31 235 105 135   2 158 176 227 235 152  61 186  48  40][ 20  12  31 255  12 226  71  34 164   2 207   2 247 243  33 107  96 112
  42 170   8 129  27  45 193 163 202  17  48 123  37  34][237  54  61 101 100  47  71  56 123 234  55  92 219  17  89  57 156 204
  76  46 233 244 249  14 199 219 101  52 106 251  66 161][114   5 214 191  13  42 228 111 185 146 234   3  98 226   5  95 248 231
 104 163  72 227 219 232 177 182 222  19  33 122 242  10][227 163 106  94 230 144 173 101 121  77 117 252  40 232 158  52  62  14
  50 140 214 186 166  71  54  60 242 139  77 132 234 237][ 78  35 194  36 211  42  50   7  35 161 106 237  76 167  64 208  54 229
 249 149  16 217 129  64  60  38  13 199 239 230 170  18][165  96 185 225 108  15  71 152  67 186 181   8 211  25  89  59 217 196
  92 126  41 118 249   0 199 219 197  52 200 187  82 162][240 139  31 172 184 194   7 117 148   4 198  98 119  39 160  65  92 150
  46 106 120 139  33  29 241 163 226  84  16 136 164 120][ 45 253  17 101 176  31  70 186 119 160 110  76 215 115   9 244  21  84
  92 106 233 176  89  63 173 255  37  20  74 179  66  32][165  48 149  67 205 127 226 152 123 251 161  88 210 112  77 191 153  92
 114  58 185 246 249   0  15 218  65 118 203 107  66 164][ 76 189 190 117 177 172 113  23 251 155  62  16 190 187  64 122 165 119
 108  16 178 233 178  98 239 255  54  66 194  64 131  43][  1 217 121  77 116 143 239 190 126  13 126  32 243 113 180  52  30 122
   6  72 195 184  97 127 103 190  50 128  83 154 196 169][  5  76  63 229 116  78 107  48 116 160 103   0 215 115  17  97  50 124
 114 106 161 176  49  12 229 175  35   4  72 171  67 160][ 53 125 251  68  81  79  67  80 122 224 172   8  19  23  21  48  24 188
  80 106  43 163 240  14 115 189   0  48  75 163  70 242][ 72 191  56 122  57 157  90 158 171  56 188  73 191 219  67 144 133 243
 221   8 142  72 218  53 255 217  53 185  90 130  75  11][ 67  50  47   5  42  90 169  56 172 236  86 228 220 134 146 102  54  85
 127  45 129 209 165  72 196  58 107 132  12 162   3 117][ 10 223  26  55 115 140  62 182 173  73 110 229 190 151  34  16 164 127
 199  68  70 152  16 111 230 245  56 131  10 148 139 219][ 62 253 232 199 213  83 199 255  87 229 252 142  97 109 222  36  89 206
 151 249 254 250 125 191 127  15 133 229 247 254 244 252][232 201  85  95  44  74  68 173  69  50 162  72 243 113 136 247  64 196
 108 106 105 108  75  61 164 250 101  28 114 186 192  40][158 123  98 133 127 151 186  96  41 236 212 175   8  14  23 128 238 253
 223 199 196 191 212 236  54  93 138 171  79  53  63 223][ 70 186 181  85 141 120 133 142 235 183 130  56 174  48  69 174 129  86
 232  17  18 105 227 224 141  82  85 119 194 117 133  45][ 92 177  94 104 139  73  81 233  35  21 165  57  95 215  74  19  51 147
 237  34  90  99 155  21 219 193  97 127  99   2 175  18][ 37 200 107  75 112 195  75 216  86  69 229 226 115 192 189 112  90 152
   2 218 139 166 111 127  46  46 161  68 245 155 116 100][161 163 145 241 244 175 225 123  94  57 113  80 149 177 216  40  89  10
  18  24 147 248  99  18  77 142  55 100 208 136 209 161][ 96 211 125  77 126 201 147 190  78  45  62  40 230  17 140 116  22  22
 236  64  66  40  99  53 101 166  48  87  86 154 196  43][ 65  89 183  77  81  94  66  16 121  64  98  72 122  56  21 244 144 244
 120 105 165 184 181 111  39 190   0   2  75  35  66  60][ 64  46 155 117 104 172 161  82 186 191 104  88 149 179  65  58 165 126
  98  24  18 122 146  32  77 174 115  40 192  97  67 169][136 180  23 247  48 236 161  55 188  43  91  84 181  55   0   0 133  55
  83   1  49 156  81  47 205 167  58 192   8  64 131 187][185  73  79 172  22   3  69 127  20 224 194 198  51  34 177  65 120 164
  42 172 105 191  53  31 240 167 250  16  61  56  48 232][ 86  69 182 140 157  70 182 232 190 134 218   3 206 246  45  64 249 221
 239 227 104 131 155 254 241 182 143  31  16 123  53   2][222  18 124 179  10 170  57  16 174  54 135 179 207  15  11  75  39  21
 237  19   2 197  75 209 199 227 122 211  52 137  13  67][ 35 105 226 221  77 214 188  70  89 224 120   2  40 188  53 228 200 255
 179 193 197 250 240 224  23  56 218  35  29  61 122 222][ 79 145 115  74 255  89 246 225  77  73 255  42  78  28 188 228 250 145
 222  99 213  33  37 228  54 124   0  83  87  47 249   7][178  99 106 166  48  70 223 100  33  12 247 131   9  14  62   1 252 221
 215 231 236 147 100 236 241 241 174 133 101  22  38 218][ 34  97 243 100 110  72 248  75 171 161 144 169 141 157  85  58 138 157
  93 209   2  71 198 192 150 216 137 175 231 128  39 130][ 52 221 121  73  82  67 207 252  68  32 252 130  83  83  33  48  88 216
  19 234  73 178 125  63 115 141 165  20 119 187 228 162][ 35 237  67  14  83 146 174 237  97  64 234 194  96  72 148 180  88 238
  82 237 205 186 101 253  60  44 132  74 111  22 250 140][120 109  30 124  57 143  86 236 163 140 172   9 102 243  35  16 144 112
 237  98 104 107 138  63 243 215   5  59  82  50  14  11][124 117  57 101  29  79  71  56 127 224 109   8 242  53   9  48 152  92
 104 106 105 240 121  30 245 223   5  52  80  59  70  34][ 11  50 253 229 109  95 249  91 239 253 182 239 191 159 214 174 174 189
 255   5 133 126 243 209 215 217 123 191  79 140  79 255][109 250 233   6 120  27 195 216  67 232  52 236  82 204 223  50 156 204
  68 127 205 119 236  44 126  13  37 252 111 191  82 241][ 12 191  19  90 123 233  51 224 255  13 109  40  46 215 100 180 183 123
 194  82  18  43 170 127  59 148   1 107  82   3   7 171][202  50 127 233 109 221 249  19 173 109 246 189 157 159 150 254 174 149
 255 149 135 189 243 208 215 249  58 219  79 132  79 255][130 160 148 153 230 169 168  79  30  19  82  18 172 138 120  73 235  11
  51 145  18 252   3 209  12  18 218 192 148  72 177 137][112   2 142 169 206  34 176  71 132  23 195  23 196 170  96 202 232 133
 234 145  28 135 147  64 213  35 218  31 153 104 189 130][ 71 184 157 122 171 208  49 136 170 217 163  32 252 246 206 186 135 115
 236  16   7  73 187 113 141 146 127 251   8   2  47  23][  1 231  13   7  48  27 106 176 124 232  91 228 247  96 144 209  20  76
 108 111 229 208 205  46 172  46  39 128  72 162  75 133][  2 157   2 155 243 164 186 103  28   1  88 179 172 174  32  64 238  59
 147 149  18 152  17 255  45  52 154 194 148  14 161 219][105 245 153 111 120  14  71 188 123 232 236  76 246  51   9 112 148  92
 124 106  75 112 249  63 231 253  37  52  72 179  66  57][ 95  40 114  96 115 154 120  80 105  64 180 169 159  95 159  60 182 157
 221 204 140 195 164 205 215 249   1 195 103 134  99 231][ 30 184  18 250  75 241  16 200 191  21 229  57  46 223 110 221 235 187
 251 146  30 103  26 241 155 208  18 123 210   5 175 150][216 126 222 102  34  74 115 112 176 142 230 169 127 247   3  19  38 245
 237  98 104 247 128  42 211 227  97 145  98 243 102  11][114 160 214 191  79  10 238 236 187 131 226   3 102 234  92  82 248 229
 104 129  56 251 219 226 157 182 206  11 161  98 114   6][114 141 150 158 205  64   6 239 153  18 235  27 102 226  44  83 249 231
 106  35 124  99 219 107 177  54  83  31  16 122 250   6][ 46  97  90 234 117 205 122 216  63   1 253   8  14 223 125  16 252 153
 151  88  10  50  24 211 183 221   0 111 243 139  98 130][197 114 156  83  40  45  33 152 122 186  55 124 212  83 201  59   7  68
 108  30 163  68 219 114  76 154 117 188 200 241   3 161][  1 141 107 201 148 162 171 103  68   1  94   2 112  35 176  96 122  42
  19 173  18 152  53 255 108  44 170 192  21 138 241 168][229  97 253 101 108  79  71 152  65 162 181   8 211  25  89  59 216 196
 116 110  72 118 249   8 231 217 101  52  64 187  82  34][ 37 124 153  81 241 189  96 222 123 169 108  92 158 179  69 188 145 110
  70  24 131 126 250  82  15 220  21 110 202 193  74 173][ 34 217   3 156  95 193 151 231 134  69 200 131  32 159  38  68 200  58
 131 193  66  43  50 253  49   4 154  43  19  28 180 254][212 251  56 114 120 201  83 248 235 172 189  45  63 223  66  16 150 249
 196  82  78 107 218  61 251 213  37 123 104 131  14 155][124  77 195  38 147 122  70 232 224 162 171  11  67  96   1 210 121 196
 200 226 108 131 141  46 184 231 197  21 169 115 126   2][185  77  71 236  28 131 207 121 148 130 214  66 115  65 177 229 120 160
  30 235 105 167 103 157 240 235 234 152  63 186 112 168][229 112 149 214  40  13   5 152 218 186 177  92 150 210 201  63 141  85
 124  90 137 102 218  34 129 154 117  62 200 121   3 161][ 24 201  74 173  20 130 232 117   4   0  80   2  53  11  48  64 122 169
  23 225  72 184   0 157 224 225 170 128  53 136  48 136][165 105 153 249 236  15 196 223  94 184 240  72 146 145  97  40 217  72
  34  88  75 118  83  16 197 136 117  60 216 120  80 139][225 163 108   5 125  31 224  24 107 236 190  76  66  72 222 150 152 132
 110 125 204 119 229  24  22  89  33  54  75 174  90  69][ 71 191  45 147 186 185 173 175 142 113   8 236 244 102 222 103   7  67
 121 189 179  72 239 125 172   0 239 252 156  82 145 125][111 142  98  24  83 243 184  66 255  81 113 183   8 204 182 252 235 169
 146 149 182  63  38 215  30 126 146 207 223   5 106 214][176 133 107 237  84 143 227 120  92   8 241  66 115   9  52   1 120 168
  23 233 249 186 101 159 117  41 162  64 117 138 112 168][  1  49  25 109  48  14  97  55 104  73 102  76 182  17  16  48 144  14
  76  40 129 184 113  13 197 253  48   0  72   0  67  41][ 92   1 158 236 136  70 101   5 164 133 207   2 213 243  40 114 112 244
  42 248  24 129 147   0 249 167 198  21 178 178 164  34][ 83 187 149  19 234 153  44 133 171 113  42 236 174  38 196 150 166  71
 108  84  23  88 191 113 172 116  92 226 136  22 131  93][ 97 149  17  69 193  94  38  63 121 234  42  72 218  49 132 183 144  86
  80  42 113 184 241  78  47 190  68   6  74  98 195 189][244 237 134 144 221 139 166 204 190 177 170  26  70 226  65  26 249 205
 106 211  90 123 203 114 189   2 207 119 193 122 243 134][181 205  81  73 220 135 199 239  86 160 232   2  82  81 181  36  88 168
   2 120 121 186 121  63  61 140   5 124 121 186 224 168][164 254 218  82 208 205 115 248  51 190 101  56 114 215  72  20  25 250
  71 122 106  86 218 127 127 143  37 109 227 243  70 162][103 172  99  24  95 240 186  66 251  69 248 155   8 236  54 180 235 187
 211 145 150  62 166 247  30  62 138 203 199   5 126 198][ 12 141 106 219  93 211 250 232 214   4  93   2 121 201 178  64  89  42
 179 218  66 168 106 191 111 111 161  89  55 139  92 202][ 42 120 162 221 101 214 178  70 220  72  82   3 172 156  55 228 232 127
 147 193  70 186 242 233   7  56 154 131   7  29 121 206][126  21  97   4 155 118  94  59  49 238 174 143  66 124  31 180  92 214
 253 231 189 131 245  14  59 110 201 215 167 103 246  86][ 44  13  98 202  93 147 210 120  86   0  93   2 121 201 177 128  90  40
 147 121 194 179  46 159 106  77 161  73 119 142 120 130][101 122 115 101 114  26 242 220  97 232 112 236  83  93 209  50  54 252
  68 126 193 246 236  44 118 108  37 172 111 179  66 249][ 99 193 241 206 116 192 111 167  75  65 104   2  60 190 188 116 114 191
  23 137 195  26 228 209  53  60 154 168  54 146 198 236][ 92 173 144 182 153 169  86 174 163 165 168   9 239 243  72 210 145 255
 237  82  30  75 202  51 249 215   5 127 160  82 143  10][213  84  29  55   0  30 101  56 116 242  99  84 211 112  25 249  16  68
 120 110 233 244 125  14 161 235  85   0  72 177  66  52][237 102 125 101 100  47 103  56 113 170 119  92 211  49 153  59 150  68
 108 110 169 244 233  14 199 251  97   4 202 251  66 161][ 77 112  59 229  34  78 119  16 108 224  99  68 223  87   9 120  54  93
  93 106 129 144 177  40 229 233  35   4 104 179   3  51][120  45  30 108  25 143  86 111 129 140 236   9 102 243  34  16 144 242
 237  96  72  43 130  31 243 231   5  59  82  58 206  11][ 74 176 159  94  43 213  57 216 174 249 133 104 252 214 202 178 135 117
 236 144 135  65 170 113 221 177  47 251  26  34  15 119][197  49 186  82 193  60 112  19 233 219 111  92 142 176  78 190 163  15
 108  28 183 241 178  66  31 185  16  78 202  65 235 135][118 109  18 164 145  70 126 236  53 160 250  10  79 242  33  84 250 221
 127 226 104 147 153 206 185 246 143  23  33 115  38   6][160 193 122  74  84 223 235  80  95   1 117  10  27 201  60  48 122 136
  22  88 130 178 116 223 119 156 128  64 119 139 114 134][ 50 183 193   8  91 251  19  75  43 109 188 237  46 134 198 148 190 191
 197 145  31 155 244  95 184  20  43 251 229   6  47 215][  5  73  63 117  20 206  99 114 116 128 110   0 211 243   1 112  32 108
  98  74   9 176  49  12 231 175  32   0  96 169  70 160][104 187  56 123 109 157 126 184 251  56 116  77 191 219  64 144 133 250
 199  74 194 122 218 181 231 217  33 169  90 130  74 131][  2 128  98 200  86 144 232 101  13   0  80   2  40 138  52  64 110 185
  19 129 210 154  36 221  50  40 138 200  21 140 113 136][211 119   2 136  73  54 170  92 173  72 219 215 136 138 182 196 236 141
 255 231 204 135 215 218 180  48 138 155  29  23  59 148][235 163  96  82 105 221 241 103 235 125 164  29  42 158 206 182 161 130
 226  12 214 107 178 209  31  24  84 123  67   4 198 238][ 88  49  27 186 185 228 112  91 161   9 232  25  62 215  41 152 176 155
 197  16  22  11 146  65 211 245  50  75 210   1 175  11][101 117  61 101  21  79  71  56 122 224 175   8 211  49   9  48 144 220
  88 106 105 242 249  30 231 221   5  52  72  59  66  34][ 72 189 186 240 155 236  48 247 187  25  46  16 190 255  96  91 167 115
 249  16  50  73 146 225 251 255  22  75 130  64 167  27][216 222  78 189  14   2 117 180 132  14 214 231 241 179 163  67  98 228
  46 238 104 149   5 141 246 227 226 129  52 184  56  75][220 112 149 242   9 109  81 204 171 182 161  25 159 215  73  91 161 213
 125  82  10  71 218  16 217 209  87  63 160 113   7  34][ 33 121  59  68  85 207  67  80 121 232 228   8  50  21   5  52 152 124
  80 106 107 178 240  14  99 156   1  48  66  35  70 250][ 34 128  98 142  84 131 168  96   4   0  89 131  40 204  52  64 120  41
  19 133 194 186   4 221  16  44 154 136  21  14 113 200][118 221 148 140 157 199  86 239  31 134 200  11  78 246  33  68 216 249
 239 227 104   3 219 222 185 246 143  63  16 122  52  14][ 66 186 181  80 137 124 148 143 235 191 138  24 174 184  69 170 129  87
 232  17  22 105 243  96 153  18  95 127 192  80 135  46][ 15  93   3 182 115 220  62 224 173  76  75   1 108 222  43 144 166 123
 211  71  71 137  58 237 179 117  10 139   2  55  39 222][ 88 182 156 112 170 173  89 159 171  55 175 157 143 167  74  26 167 151
 237  16  26  73 219  16 219 215  85 125 224 192 143  18][159 120  42 180  87 148 186  98 172 196 210 135 169 142  55 128 238 249
 223 199 236 191 148 238 183  89 138 129  13  53  59 214][  1 223 121  73 116 143 239 191 126  45 126  32 243  85 188  52  62  26
   6  72 227 184 109 127 109 156  38 192  83 154 197 249][124 249 185 102 185 205  83 152 235 240 175   8 222 215  65  50 128 244
 124  90  11  99 251  48 219 221   5  62 194  51  70  50][240 176 232  48  52 219 209 142 114 117 166 157 179 204  82  24 155 174
 205  21 190 235 247  17 219 227 177 113 229 140 222  90][173 252 113  83 241 221 163 236  95  51 113  88 104 212 204 181  25 122
  66  90 243 126 122 127  45  30  21 102 211 155 198 172][212 109 254 101 146  10 111 140 116 166 102   2 209  99  81 113  50 108
  58 234  96 212 189  40 117 171 199   4  33 179  69 160][ 17  46  75 185 114 226 123  86  52  71  74 161  53 134  50 112 246 171
  21 149  15 158  36  47 197 229 186 192 160 130  38 217][ 65  96 217 241 100 172 104  23 235 179  48  88 157  11 208 251 231 141
  94  28 135  92 244 192 207 153 182 104 140 192  67 168][ 65 120  23  77  85 158  98  52 121  64 106  68 122  24  21 244 144 100
 112 105 133 176 145 109  39  58   0   0  74  19  74  30][134 111 115  99 232 168 254 196 169   3 185 249 133 143 221  26 174  91
  93 211 210  54 200 226  54 152  14 170  69 211 227 129][255 147 115  72 254  89 182 225  77 104 251 234  74  28 190 228 254 209
 206 115 213  51 101 236  62 121  38 215 119  47 237 133][116  40 223 244  11  96  81   2 161 186 171  24  87  55  65 123 225 213
 125 146   8  71 163   0 211 238 209  27 160 113 102  34][112  48 189  68  61  79 208  51 123 169 179 120  50  57   4  52 136 180
 108   0 185 235 241  14  27 254  80  19  65   8  70  43][116  79 199  36 155 122  70 232  96 166 170 202  67  96   1 214 112 196
 108 234  76 131 205  46 176 230 197  21  97 119 118  36][124 173 144 166 217 137  82 238  51 161 168  73 111 243  64 208 145 255
 205  82  26  11 200  63 251 197  37 125 162  66 138  10][  1  16  25 109  52  46  97  29 108  73 102  84 214  19   8 120 148  12
  76  44 147 180 113   5 197 185  48  68  72   0 195 171][ 92  62 222  38   3  62 122  80 161 134 239 141 111 231   3 154 182 245
 237 230  12 195 144  72 210 231  97   1 106 231  42  18][116 157 221 111 146 106  71 173  49 167 235 152  83 103  12  80  89 214
 108  34 120 184  89  47 251 166   5  85 225 226 198  50][180  69 127  75  85 159 227 216  93  72 245   2  27  88  61  33 248 136
  23 123 235 182 124 255 119 217 130  68  81  27 112 166][101 245  25 103 112  15 103 188 123 104 111  76 214  83   8 112 148  76
  92 106 193 176 217  31 231 189  37  52  72 178 195  33][101 125  29 103  60  79  71  56 120 232 171  76 210  81  17  48 144 108
  88 106 201 240 249  46 229 221   5  52  72  51  66  50][ 54 184  22 248 203 241  16 194 191  21 164  57  44 223 103 221 235 187
 251 208  14  79  26 241 155 208  91 123 146  21  47 214][ 40 187  52 123 109 157 126 184 123  56 116  77 191 219  64 144 133 234
 199  78 198 120 202 181 239 217  37 185  66 130  74 131][166 236 247  90 201 249 167 202 187 150 100   8  40 215 205 191   9 122
  98  90  98 111 250 113  63 154  85 106 195 211  70 172][236  97 249 101  44  79  71 176  65 162 182   8 211  17  81  59  88 196
 108 106  72 242 249   8 231 217 101  52  66 187  82  32][ 97 149 149  69 209  30 102  49 121 233 106  76 222  48  12 181 144  70
 112  40 181 248 209  14  45 190  65  70 200  34 203   4][217 243  82  32 210  29 126 221  50  97  34 221  13 130  74 144 182 141
 204 212 183  31 149 115 254 197  36 237 234 132 139  27][ 77 169 108 223 174 153 173 188 214 242   4 198 249 107 218 107   7  76
 123 206 211  72 255 177  78  75 255 188  62 183 153 105][  7 155 159 158  56 197 147 232 142 125 213 229 244 246 234 226 220 120
 174  85 135  67 106  53 152   2 239 254 152  42  61 253][ 12  39 106 202  93 187 242 120  70 132  93   3 233 201  59   0  90  40
 147  43 198 178 110 191 119  77   1   9 119 203 124 130][ 50 223  50 156  93 213 148 103 143  73 216 103  44 158  38  64 204  59
 147 193  79  43  18 253 177  52 158  11  24  28 188 159][ 24 203  75 237 150 130 111  53  68   8  90  66 113   3 176  64 122 162
   6 232 217 184   5  61 100 169 162 128  61 138 240  40][109  38 253 101 164  46 127  25 121 170 119  76 215  33 153  59 148  68
 108  46 161 244 233  10 199 251  97 132 200 251  66  33][ 49  92  25 107 157 239  66 151  86 161 170  64 151  17   1  96  73  60
   8  24  11 188  81  30 169 135  21  86 248  26  88  42][101  38 104   5 124  31 194   9 104 164 191  13 195  72 223  17 152 132
  76  47 204  51 229  14 118  61  33  53  77 174  90  68][116 170 135 146 221 203 162 232 174 180 163  74  70 226  65 146 249 196
 106 243  72  99 219 112 157   6 143 127 201  42  43 142][ 97 212  25 235 236  77  84 191  70  51  41  72 214  19  72  16 145   2
  42  56  91  58  91  21 237 151  53 124 120  10 200  10][112 197  29 104 153  79  69 175 162  61 174   8  86  55   8  86  17 150
 105  40  90   9 249  23 249 166  21 117 240  66 198 106][ 56 196 103 235  21 143 227 112  92   0 245   2 243   9  60  65 120 136
  19 235 233 191 113 157 241 235 130  80 117  11 112 160][ 33 113  57  71 116  95  99  60 105 104 121  76 242  17 156  52 152  12
  84 110 193 176 113  13  39 156   0  32  72 138  82 189][ 34 217  33 152  95 197 151 231 134  69 200   3  32 156  38 196 200 187
 131 193  66  43  50 189  49   4 158  59  83  28 180 254][ 87  26 215 191  38  34 106  16 125 202  91 230 109  98 161 236 118 229
  46 238 165 145   5 234 144 238 106 128 174 227  33  21][ 69  48 157 209 217 237  33  26 206 249 173  88 150 247  73  58 129  18
 106  24  19  97 218  16 205 149  49 124 200  75   3 178][ 57  68  71 237  12  23  79 112  69  66 223  66 243  33 176 228 120 164
  62 234 201 163 117 141 243 239 194  16  55 250 112  44][114 200 134 174  13  78  64 232 171 141 226  75 102 226  44 214 248 229
 108 193   8  99 139 200 153 182 207  27 137  42 114   6][ 75 176  63  60  43 221  57  88 238 253 132  40 252 222 202 246 151 125
 251  16 151  67 170  81 219 241  11 255  18   4  47 247][  2 128  34 200  85 133 168 101  68   9  80   2  40 138  52  64 232  41
  19 129 210 170   0 221  49  56 138 200  21   8 112 136][ 93  84 181 117   1 126  71  42 112 226 167  24 211  53   9 249  49  84
 120  42 105 229 249  14 129 239  81  16 106 113  66  50][ 97   7 205  69 164  42 229  61 116 225 106 196 211  32 156  96  24  68
 104  44 157 240 229  14  68  46 229   4 237 234 208   0][ 94  82 225 199  98  66  47 176  57 198  87 231  77 103 201 204  55 221
 183 230 193 208 173 226  20 102 239 132  39 247  37 245][219 163  65  33 211  13 126 205  51 225  32 221  15 143  74 144 182 141
 229 245  55  92 141  51 186 193  45 245 110 132 139 217][217 236 122  67  21  89 227 240 112 164 167  24  51  17  87  49  48 140
  72 122 106 117 189  63  87 137   1  53  99 131  86  42][ 90  32 114 105  99 154 120  72 105   0 240 137 143 155  21  52 166 189
 125 236 140 147 197 216 215 249   2   3 103 134  99 134][ 39  12  42 202  92 227 139  96 158  68  93   2 240 244 183 100  88  56
  19 139   2 138 126 255 117  12 139 137  20  43  53 228][ 93 120  19 229   3  78 111 146  37 128 102   0 159  23   1 112  54 252
 120 104  65 144 177 104 245 237   3   4  42 177   3  32][ 92 161 152  98 136 173  89 143 162  61 175  13 151 167  74  26 133 151
 237  16  26  75 218  16 219 197  53 125 168  66 142  50][124 105  59 100  57 205  83  64 235 160 175   8 222 215  65  50 160 245
 108  82  73  99 248  24 251 221   5  63  66  35  70  34][229  38 186  86 228  44 241   2 249 223 255  57 146 232 223  59 129 228
 108  30 164 103 162  98  70  62 112   8 192 241  98 197][127  54 236 125  56  54  89 154  23 235 214 229 115 255 159 120 213 125
 181 189 173 210 231  26  74 255 161 134 174 244  58  85][ 55  71   2 170 137  55 158 206  61   6 202 151 140 170  55 205 253 207
 219 231 252 135   5 234 176 116 158 154 157  85 185  84][ 82 175 166 186 155 224  30 231 159  21 136 179  44 238  98  66 231 243
 187 145  26  75 138 243 185 118 222 219 148  70 165  90][ 76 132 154 106 120 108  83 216 171  21 109  17  95 247  42  90 147  25
  65  58   2  35 154  81 211 189   1  45 208 227 111 162][ 58 121  98  24  79 213 152 196 143  92 212 135  40 220 119 221 236 169
 211 213 198  35  18 241  19  88 152 171  87  28 126 223][218 189 146 250 155 196  54 231 191  17 172  16  44 255 100  82 163 115
 249  80 114  75 154 231 251 247  22 107 130   0 167  27][  6 124  46 177  53 252 186  66 172 202  90   3 189 158  51 200 234 121
 191 199   4 157  16 234 151  85 170 131   4  61  61 218][128 223 122  73 116 207 255 246 126 109 118  68 243  23 166  48  54  58
   6 108 226 188  57 127 103 175  36 192 121 152 198 249][ 28 105 250 101   2  10 111 164 116 166 102   2 243  35  17 112  50 236
  32 234  64 144 181  10 229 239 135   4  33 242  69 168][193  32 217 241 100 104 104   7 235  19  48  88 188  27  84 123 163  23
  94  24  19  76 226 192 151 184 122 232 140 192 195  41][124 184  88  96 138 226  81 202  35 180 188 169  27 183  67  24  75 213
 253 208  26  11 218  20 219 197  33 253 227 163  46 115][103  20 122  74  93 181 234  80  95 129 109  94  80 217 126 252  89  40
  18 188 151  50  62 246  95  28 129 106 159 207 120 134][ 82 178 206 188 106 131  56 232 190 148 194 167 109 231 226  80 119 253
 239 196  66  75 139 253 220  35 239 239  53 164  39 219][ 88 191 222 119 210  10  63 251 175 180 111 167 109 231   2  83  39 223
 239 130 112 217 137 109 254 227 111   1  97 227 175 147][ 86  99  99  37 114   2 186 104  44 136 211 227  73  15 157 192  54 221
 255 227 192 144 141  76  52  32 171 132  37 183  37 145][ 10  72 182 157 119 216 178  70 253   4  86  35 172 156  39 228 234 123
 147  65  70 189  34 237   7  54  26   3  70  29  61 207][121  88 215  68  11  94  84  16 225 194 166   0  90  50   5 182  34 244
 120 106  73 165  49  72  19 235  65  18 107  50 106  62][ 24 159  46 170 178 166  91 113 164  68 207 133 255 127 178 113 102 179
  93 237 158 137  52  61 251 225 170 193  36 130 167  83][208 152  61 120  42 232  17   7 184  23 164  48 191 151   0 123 131  51
 236   0  58  77 162  17 193 227 114  91  96   0 167  43][ 84  99 122  96  58  75  51  72 175 164 183 168 206 151 193  18 178  53
 237 114  64 225 169  88 213 225  33  63 100  35   7  35][213 220 221 179 160  98 101 151  55 119  70 245 117  55 202  91 103  70
  44 148  59 220 233  34 140 227 246 196 168 209 164 121][ 89 105  19  68   1  94 100 103 225 128 238   0  58 147  33 244  32 188
 120 168  73 155 176  72 243 173   4   0  66  48  98  40][187 147  33   1  21 155  65 117 117 109 214 254   3   4 154 164 120 142
 134 157 187 190 101  14 188  38 176 196 111 140 244 124][ 28 105 250 101  23  10 103 101 116 164 110   2 115  33   1  80 120 236
  40 234  72 176  21  14 243 239 133   1  99 178 100 170][197 183 186  51 224  44 181  91 122 159  41  85 156 248  78  59 183  15
  66  17 182 126 186  66  77 159 119  78 200  97 227 195][215  23 219 205 178  34  43  17 124 194  83 246  93 103 177 101 118 229
  62 190 177 213  21 202 188 174 175 128 173 227 161  49][ 97 101 120  37  52  15 247  20 108 228  58  13 151   8  19   0 154   4
  78 111 196 176 213   8 228 173  33  52  77  27  83 194][188 116 126 124 106 203  91 120 177 234 181 173 127 223  11  17  62 185
 207  98 104 103  74  31 211 195  97 185 120 179   6 211][ 25 201  90 236  20 151  79 181  68  64 214   6 115   3 178  96 122 224
  14 238  73 169  53 189 242 233 162   0  61 186 248  40][ 40 171  92 115 109 157 126 190 107 189  52  77 191  75  74 146 143  79
 239  78 206 120 203 181 239 217  53 181  66 128  74 139][ 25 203  75 237  22 134 111  53 100   8  86  70 113   3 176  96 112 166
  22 234 193 152  37  61 100 169 162 128  61 146 240  40][ 50 217  51 152 223 213 148 231 142  89 200   7  44 156  36 224 204  59
 147   1  87  43  18 245  57  20 158 123  17  12 189 223][181 121 248  86 143  29  86 204  87 182 180  14  66 216  79  43 216 200
 106 114 204  99 254  32 115   8  69  63 113 123  90 206][214 247 235  70 168  89  86 249 235 254  41 205  38 238  79  51 131  75
  77 118 198  67 190  96 251  16  69  63  64 243 199 215][124 157  84 102 155  30  23 189  49 163 175 200  91 119   8 148  25 214
 236 226 121 139 217  47  57 231  69  85 235 119 202  50][147 236  41  19  18 141  43 230 123 106 128 204 183   6 214  53  55 237
  92 215 239 220 188 127 188  24  15 226  45   5   3 252][ 82 175  78 231 218  38 127 250 167 181 238 133 233 167   2  83  37 215
 239 196  26 219 155 109 254 163 207 129 169 193 171  90][248  97 114 108  21  86  82  72  97   8 245  10  11  89  49 144 120 188
 205 234  76  35 128 140 211 233 128  57  99 162 126 130][101 117  25 103  52  15 103 184 106 232  43  76 215  81  25  48 144  76
  88 110 201 240 249  60 229 173  37  52  72 179  66 168][109  38 253 101  36  46 111  16 105 234 119  76 215  35 153  59  22  68
 108  46 169 244 225   8 198 251  97 148 202 227  66  33][243  88  86 204  79  94 126  56 233 226 242  78 123 126   5 247 250 245
 124 226 109 199 211 201 179 250 199  26  41  59 106  30][121  65  43 238  13  23  71 120  85  72 223   2 115 225  56 228 216 164
  62 234 201 179 113 159 179 255 128  16 115 187 120  36][ 69   7 148  69 117  62 226  17 121 169 123  76 210  40 150 180 144  68
 100  60 149 176 145  76  12  62  97  68 202 162  90 133][ 66  46   7  27  75 169 160  75 174  23  66 213 160 194 102 223  33  46
 106 140  51  93 134 113  20  34  91  40 136  64  43 156][ 37  33  81  69 116  15 226  56 109  96 107  72 211  88  28  52 144  12
  82 110 197 176 125  28  39 156   1  36  72 171  82 164][ 34 236 245  90 201 253 162 238 251 150 168   8 168 254 197 183 137 123
 234  80  35 111 250 115  27 218  87 123 211  85  79 172][252  97 241 101  12  15 199  56  67 160 176   8 211  17  85  54  88 204
  68 106  72  54 249   8 245 204   5  52  99 187  82  32][114  51  19 172  13  68  64  72 163  44 161 111  66 210  45 214 248 165
 236  96  74  35 146 129 144 240 131  59 105  42 126   6][ 38  12  34 158  85 225 171 192  31  12  89   2 164 220  55 100  88  56
  19 195  34 158 110 255  53  20 138 171  21  15  53 238][109   5 197   5 148  42 231  41 116 225 107 144 211  32 156  98  56  68
 104  44 153 240 229  14 108  46 165  68 237 234 208  32][ 69 114 152  65 104  45   3  26 106 187  57  76 150  50 201  58 149  76
  78  28 131  96 203  64 140 156  37  60 200 251   3  33][124   5 241 100 155 120  87  35 225 225 175   8  91  53  13  54  19 214
 120  40  25  99 225  12 251 239  69  23 227 115 198  34][212 104 145 240 168 233   1 202 175 183 160  56 151 151  65  26   3 217
  77  16  10  71 194  80 217 144  55 126 128  17   7  35][  2 184  18 152 203 229 144 194 191  20 160  41 172 222 103 217 235 187
 251 144  22  79  18 241 155 208  27 123 144  21  47 158][218 253  22 254 155 192  22 231 191 148 168  51  44 255 100  83 163 243
 249 194 114  75 154 247 187 211  31 107  18   6 167  26][ 92  33 218  38 147  30 122  81 161 128 239 141  95 239   3 144 190 229
 253 230  28 131 144  10 243 229  33   1 235 167 170  18][ 18 226 198 189  74 131  40 104 182 176 194 199 101 199  32  80 127 237
 123 132  64 219 143  93 156  34 207 132  37 164  33 136][ 32 173 121  91 208 203 227 238  94  53 116  24  50 209 164  53  25 122
  66  24  50 250 106 127 109 142  21 108 209 136 198 168][ 40 236 218 114 208 139 114 254  50 165 100  25  51 227  64  16  17 250
  66  88  58  90 200  63 127 143  53 109 240 128 206 138][112 145 145  96 145  79  69 175  99  41 171   8  86  55   8  52 145 150
 104  48  91   9 121  21 169 246  21 118 208   2 198  50][112  50  31 160  93  79 161  72 174 188 162  14   6 194  64 146 248 164
 106 241   9  99 211  92 153 128 171 125  73  42 111 130][120  85 142  46  25  66  86 109  52 134 238   1 115 243  35  80  88 252
 160  98 108 211 155  14 243 231   5   1 105  58 236  10][128 220 127  95 116 207 251 246 124  74 126  68 119 117 161 113  62 126
  23 110 225 188  49  63 103 175  32 128 121 145  67 249][ 15  22 225 133 114  38 111  26  57 238  94 231 221 111 187  70 118 205
  23 173 161 208 165 202 100  60 171 132 175 228  37 241][ 36  36 250  74 216 108  67 216 227  23 109  24 211 247 105  60  25 152
  64  58  10  33 186  17  71 189   1 108 211 227  70 162][136 201  59 127  88 205  97 119 246  13 110  16 179 215  32 112   0  58
  74   8   2  56  99  55 103 173  48   8  80 136 198 171][ 74  32  63 124  11 217  57  72 175 208 133 136 253 223  74  54 131 121
 249 144   6  67 250 209 219 217  11  59  18   6  15 102][243 121  22  44  11 139  22 103 161 160 160  77  46 178   1 151 128 229
 232  67  76 203 208  44 177 240  77  59 106  52 138  14][ 88 163 152  32 178 201  80 157  34  45 189 169 159 183  74  16 179 159
 205  16  26  10 202  17 250 197  53 253 168   2 138  19][124  57 120 104 120 235  83 220  35 172 172  41  27 183  67  80 220 189
 221 208   8  11 248  22 219 197  33 125 227 147 110 122][141 181 185  51 178  46 181  91 122 215  43  20 223 251  74  24 183  31
  72  51 178 244 153  66 237 207  23  68 200  66 163 194][ 32 249 216  91 216 201  37 223 186 189 108  56  48 243 204  20  25 122
  66  24  82 122 202 117 109 154  21 105 193 128 198 168][120 149  18  46  25   6  23 104 150 132 239   5  98 243  42  80  88 126
 168  98  88 139 219  63 243 231   1  31 122 110  44 130][109  35 253  69 228  46 107  17 105 232 127  76 223  33 153  62 150  68
 110  62 145 240 225   8  71 255  97 132 202 235  66  33][ 81  72  95 236  44  66  75  48 192 192 226   2 115  83 177 114  98 228
  28 234  77 131  52 168 242 233 162  24  61 179  96   8][219 187 135 186 139 176  12  71 191  83 128 245 172 254  64 223 231 167
 249 149  63  75 130 225 152 114 222 219 170  84 171  95][218 253  18 190  27 193  22 229 191  22 168 162 108 255  36  81 163 243
 235 194  98  79 154 255 179 247  79 123  18  50 167  26][ 57 105  34  36  93 159 196 231 193 168 234   9   3 136  23 148 216 236
  66 237 204 179 208 140  51  92 133  53  99  60  90 142][ 72 187  29 185 186 173 113 147 166  61 106 117 151 135  64  80  39  31
 109  16  18  24 195  21 205 229  49 228 160 128 135  35][166 106 232  18 207 241 152 206  22 247 148 155   1 140 119   8  89 169
 131 149 174 118 238 242  94  23 157 255 213  93  30 198][161 227 225  83 253 153 196 175  83 241  48  92  98 232 220 164 153  78
 162  28 239 124 239  51  46  30  21 127 223 140 216 172][101 253 189  94 157 217  87 164 219 196  44   8 242 252  71  36 129 122
 224  83 111 104 250  63 107  95   5  59 210 123 212 126][ 57   4 115 237 101  95 233 121  85 234 126   2 219  57  57 160 248 140
  23 169 233 180 113 142  87 223 163 132 119 238 112 227][242 169 142 180 153   6 104 238 167 148 238 141 249 231   2  83 200 198
 123 204  58  75 211 109 251 171 207  13   9   0 170 154][  3 149  16 184 253 133 144 103 143  89  88  29 172 158  38  64 205  27
 147  17 214  43  82 213 169 212  26 122  24  12 137 151][ 82  56 146 186  75 225 144  70 191  21 224  57 172 222 103   8 239  59
 235 145   6  79  18 241 153 214  26 123 208   4  47 223][169  69  97 206 125 151  79 120  87  74 253  78 114 201 190 244  88 168
  54 238 237  34 110 191 119 125 128 184 123 255 120 228][ 18 188 181 122   9 253 144 206 250 159 160  12 174 254  69 187 137 123
 234  16  39 111 250 113 155 211  95 123 209  80   7 190][168 171  84 113 109 157 126 190 239 125  60   9 191  27  66 146 143  79
 238  78 110 252 203 183 239 219  53 181  66 133  78 203][ 84  98  94 167  66  10  58  80 172 164 231 199  77 131  74  82  54 157
 235 242   0 209 133  64 214 225  11   5  41 131  43 144][ 82  32 206 157  90 131 104 104  54 160 194 195  97 227  48  80 122 237
 107 141   0 219 143  93  28  34 203 128  45   0  33 136][244  96 104   7   5  90 226   8 117 164 227 137 195  72  31 144  24 204
 232 103  76 244 205  10  38 101 129  19 101  63  94  68][  5 109  56  35 166  13 247  16 108 100 123  13 151  25  27   0 162  13
  76 111 192 176 213  34 228 141  34   0 108 219  67  66][ 25 220 127 127 112 239 127 242 116  74 126  68 123 119 161 113  54 126
  23 110 161 185  49 127 119 175  32   0 105 243  98 251][ 17 170 199  25 130 171  40  79 182  83  66 213 161 226 178 205  49  46
 106 156  23 216   7 113  12  34 210  64 169  64 227 236][ 99 168  56  88 249 217  82 239 123  49  40  24  38 154  70 176 137 219
 194  16  87 126 234 119  63  85  21 111 208   4 206 142][243  88 214 236  79  78 110 116 233 234 242  78 126  62   5 243 234 245
 124 227 205 231 211 232 183 186 235 154  41  56 106  31][120 112 120 104 120 205  83 220  51 164 228   8  19 151  65  48  88 184
  87 208   9  34 248  28 255 221  33 121  99 147  70 250][105   9  18  92  85 222  96  39 225 136 239   8 162 146  36 244 200 168
  72   8  77 171 146  12   3 252  16  11  74   0 106 142][195 162 149 145 160   8 105 143  58 249   2 245 156  38 218 123 135  79
 124  29  23 220 131  96 140  18 126 196 136 196 129 125][172  54  94 172 106 111  88  88 177 234 245 185  95 215   3  25  54 181
 223 162  32 199  66  92 215 195  97 189 106 243  14 147][178 234  88  62  74 137 188 236 154  62  48 173  37 206 111  16 175 155
  67 193  70  15 138  49 242 193 125 191 113  16  15 219][237 248  49  82 205  93  70 220 115 122 160  72 242  80  93 191 153 220
  98 106 235 118 249  51  35 218  69  52  75 187  66 172][ 33 191  91 101 112  46 103  55 105 168 126  76 243  51 144 180 148 238
  68  42 241 184 193  15 230 255  37 128  74 226 194 169][214 175  38 154 223 192 158 237 159  20 152 179 108 238 106  67 255 251
 239 215 122  75 138 255 185  54 143 251  20  14 181  75][120 243  88 160 242 137  86 189  35  37  44 237  31 151  74  16 182 159
 197  80  94  26 200  23 254 197  37 237  32 130 143  11][ 34  28  35 155  85 241 179 194  31  12  89  34 172 218  37 228 217  59
 147 195  38 158  42 255  37  22 138 171  21  15  53 239][209 212 127 213 178  38  45 190  60 243  86 214 221  39 152 107 119 197
  61 190 241 212 181  78 252 171 255 196 173 241 161 121][167 102 167  21 228  59 236 151  56 255  18 221 193  44 151 143 141 102
 247  61 180 244  37  42  38  26 253 132 197 253 222 220][102 182 237  81 249 123  52 239  59 191  37 185  78 127  76  27 183 159
 245  48  50  94 235  86  63 151  93 247 192  64 206 243][ 77  80 179  85  77  12 101  26 103 234 102  68 222 177  81 124 145  68
 120  14 193  52 179  66  69  62  81  14 202  51  66  39][129 125  31 119  32 206 119  49 248 202  99  80 246  51   0  49 164 124
  80  74  97 188  56  46 229 169 102   0  72  51 195 187][200 155  61  71 170  92  55 181 233 252  54 236 254  55 132 119  38  87
 236  98 225  72 171 109 228 179 100 146  74 178 135 121][196 116 151  94  43  90  54 104 234 186 163 104 252 242 141 183 150 117
 232  98  97  71 154 105 176 178  79  58  74 115  43  63][175 177  49  72 121  93 210 184  75 121 181  40 222  92 220 180 153  88
 245 127 159 103 251 151  11  88  33 254  90  47  90 183][ 84   8 127 238  12  70  91  64 128 140 215   2  83 223  33 107 228 245
  61 234   8 131 162 136 211 233 234 153  37  43  52  98][122 185  14 188 137  68  76 255 166 212 230  13 241 247  66  91 200 198
 123 204  74  75 211  37 255 251 223  89   8   0 250 218][167  76 101 205 125 191 206 120 223  74 253  66  64 248 191 117 216 168
  18 110 229 178 110 223  39  58 194  30  87 255  80 231][ 88 223  27  46  50 202  27 182 168  65 139 232 255 119 130 112  54 119
 236  98  83   9 173 127 240 229  42 208  48 130 135 121][ 10 188 191 120  41 253 144 206 254 255 176  61 174 254  68 171 141 115
 238  17 175 105 242 113 153 211  95 123 216  64  15 223][ 10 133  56 249 189 173 216  35 143  29  56  17 156 157  54  64 197  27
  19  21  18  40  82 213 207 221  26 122 146   8 129 194][ 33 230 232  99 188  27 134 175  90 227  56 111  99 104 222 160 153  78
 194  17 199 188 109  63  46  79  53 119 125  14 216 205][204 206  17  94 123 217  19 136 158  29 101  56 238 231  40 212 129 122
 234  80  34  14 234  63 173 183  21 123 210  11   7 235][ 92  98  78  33   2   6 106  64 164 164 231 133  77 195  75 210  54 205
 235 238  12 209 153  64 214 161  11   5  41 179  42 146][210 252  22 188  11 192  30 238 191 150 232 171 108 254  44  81 255 251
 239 160 104  71 138 255 179 246 203 187  17 116  39 219][ 73 189 177  83 157 221 119 191  91 123  12  12 182  60  84  38 129  74
 113  79 243 120 251  51  47  94  20  58  90  92 209 126][225 171 125  81 254 185 160 235 126  49 100 120 130 144 196 181   3  10
  66   8 183 126 230  21  14  25  81 127 217 136 203 133][ 43  16 231 197 117 118 233  91  93 233 214  22   8  61 182 228 120  12
  31 173 161 176 113 204   7 126 219 134  31 172 120 253][ 24  20 243 229 119 123 241 119  93 171 126  50  30  57 180 228 250 159
 151 161 176 184  33 206  87 255  50 135 119 204 117 171][ 25  29 127 125 112 230 119 242 244  74 254  64 127 247  33 112  46 254
  55 202 161 185  48 127 115 239  32   0 107 243 102 187][101  35 241  69 100  58 107  16 105 232 127 236 211  33 149 190  26 196
 102 110 129 176 229  72   6 188  33   0 239 251  82 245][ 34 251 118  91 249 137 165 239 238  53  44  40 168 211 204  22 137 122
  66  88  82 233 106 117  45  24  21 110  83  16 199 173][129 142 101  91 116 186 224  54 125  91 118  85 243  40 150 253  33 130
  70  45 167 252 101 127   6  58 112  64 111 204  88 124][ 40 173  27  94 121 243  23 106 212 140 237  40 230 244  42 244 216 122
 202  34  61 171 234  63 161 247   1  27  82 107  46 230][ 41 167  89  71 116  46 111  51 121 168 123  76 243  33 148  48 156 110
  68  46 241 184 113 111 102 191  37   0  74 226 194 169][ 18  56 146 186  59 225 145  70 191  69 224  49 172 222 102  76 231 187
 175 145  14 143  18 243 153 214  26 123 144   4  39 223][157 165 187  51 147 110 119 107 118 179 175  16 223 243  72  27 177  15
 120  58  50 244 153   2 233 207  23  68 224  98 163  98][243  88 214 236 110  14 110 116 233   2 242 106 126 154   5 127 238 245
 126 227 201 231 209 232 180 186 202  26  41  56 122  30][232 238  54 245 237 221 124 246 255  62  62   9 191 191  67 145 141  98
 239  76 238 109  98 179 231 219  53 177  66 212  79 203][118 125  42  44  89  79  23 226   1 164 204   9   2 157   3  16 200 252
 201  97  72  11 240  12 243   0   1  63  65  61  22 242][162 180 157 113 250 107 189 175  62  51  39 185 222 191  76  57 183  31
 243  16  50  92 251  87 111 215  93 119 192  64 135 178][ 32 123 115  95 120 192 235 212  41  13 124 224  48 231 165  52  78 250
   6 200 131 186 106 125  36  60  32 138  87 147 102 253][198 114 151  92 106  82  52 104 168 218 227 248 204 246 141 255 230 117
 234 226  97 199 203  72 144 178  75 155  10  51  47  53][125 105 130  36   9  63  18  64  32 172 207  13  98 240  35 148 216 236
 232 103  12 131 209  40 145 229   9  27 106 127  58   6][212 116  95 118  34 106  55 200 180 134 167 160 127 215 169 123  50 245
 108  98  96 197  41  14 241 163 103 129  96 115  39  35][ 40 113 121 107  88 207  83  88  99 224 229   8  51  87   9  48  88 184
  82 122  73 178 120  60 103 221   5  48 122 146  70 250][ 63 247 225  67 215  27 166 239  74 247  60 238  74 108 223 180  63 202
 194  60 215  58  44  62  62  76   5 118 255 254 219 253][126 227 104  12  91  83  87 105   3 228 173 137  74 174  78  20 216 133
 201 230  92  67 233 222 123  85 133 127 115  38 230  86][ 25 142 238  29 150 154 105  55 118  65  70 214 115  32 146 252  49 238
  40 156 185 220 101  47 110  47 244  64 237 196 248 108][ 32 161 248  48 248 237 177 207 122 125  33  25  20 152  78  24 153  11
  67  17  22 122 202  19  95  13  53 109 193   0 199 195][154 124  54 244 235 221  52 119 191  14 126   9  46 255  39 213 167  59
 255   0 102 253 146 251 179 223  22   3  66  84 175  79][223  96  10 170  73 198 110  64 164 192 231 133  89 199  11 210 248 229
 251 238  76 195 153  72 242 225 139  13  42  55  42  82][ 33 255  83  73 114 191 163 182 111  41 126 100  42 161 132 180  54  58
  70   8 131 184  33  63  38 188  32   2  91 210 195 189][  8 132  57 249 181 253 233  18  79  21  76  18 157  47  48  96 193  26
  19  24  18  56 115 215 207 221 146 113 146 200  85 162][171 239 100  65 178  27 238 253 107 244 188 236  43  44 215 167  15 206
 196 110 229 120 237  60  46  88  69 244 111 252 203 252][111 239 226  64 244  26 111 247  99 228  60 140   1 169 215  55  58 238
  84 254 253  90 172  72 126  28 165 228 239 246 218 252][ 75 180 161  81 245  31 236 191 122 123   6  88 220  56  92 166 145  78
 123  29 179  88 249 215  47  30  93 116 138  76 219 173][169 164  92 101 116  63 111  50 120 168 126  92 243  97 152 177  24 230
  70  46 185 240 101  47 102 239  33   0  73 233  74 160][120 177 142 188   9 140  80 127 166 156 230  13 242 215  66  91 200 196
 255  68  74  75 211   1 219 243 247  63   2   0 110 154][  2 251 118  91 187 155 181 239 174 181  44 165 168 195 198  22  15 122
 234  88  82 233 107 117 108  24  31 123  67  16 207 191][101  99 233  69 116  58 235  16 121 224 255 236 211  41 149  48  58 236
 102 110 137 178 229  74  38 173  33 128 111 251  82 180][ 89 220  83  40  82 238 107 182  35  65 110 200  63 215  32 240  55 255
  16 156  83 155 149 125 249 229   0  64  42 147 162 120][210 229 150 156  91 224  28 238 191  22 168 163 108 246  33  83 247 243
 239 160  98  79 130 255 177 246  91 187  16 112  39 155][ 57  15 101  47  60 155 198  46 196 228 186 238 227 104 150 163 138 102
 204 101 173 169 109 189 160 209  33  17 125 158  88  77][ 88  56 190  56  41 253 144  71 174 217 184  41 190 188  98 170 135  51
 238  17  31 107 210 113 153 215  95  59 216   4  15  27][ 66  34 140 177   7 240 184   2  59  51  18 147 140  46  86 202 227  31
 187 145  22 220 131 192 143 119 218 195 134  68  45 134][194 248  19 186  27 225 153  71 191  85 192  49 172 214  98  92 231  59
 219 145  34  15  50 243 153 214  26 123 144   4  39 126][ 65 177 181  17 241 221 177 159 122 121  15  60 220  52 202 190 151  31
 120  17 151  88 251  85 141  26  95 102 202   4 131 119][ 32 233  17  90 105 201  23 206 159  20 168   8 174 212  65 181 131 123
 226  66  67 106 106  49 173 144  21  59  80  25   7 174][ 57  29 126 126 245 214 119 243 245  72 254   0 123 255  35 112 108 242
 246  74 249 171  48 127 115 239  32   0 123 243 106 187][243  72 214 220  78  12 110 100 233   2 242  74 126 154   5 255 238 245
 126 195  73 231 209 233 180 186 218  26  45 120 114  12][129 149 117  92 197  46 229  55 249  82  96  28 254 121  20 191   3 110
   0  43 241 252 182  95  37  58  80   8  91 240 195 160][ 44 249  57  99  89 207  87 248  99 232 253  12 243  87  64  48 156 252
  86 106 201  50 248  60 103 221  37  52  90 147  70 179][212  70 127 230 138  34  31 216 180 174 167 177  87 103  11  91  55 213
 237 226  40 199 171  10 209 227 111 133 160 243  39  99][199  34 151  93 106 122  60  72 188 242 231 176 220 246 205 255 230  85
 234 162  37 215 231  64 148 178  91 143  64  97  43 149][194 231  38 156 221 129 188 239 158 182 152 183 236 238  58  65 253 235
 235 165 114  79 203 223 184  54 223 255  20  44 181 218][106 180 244  82 201  61  81  91 251  63  37  28  10 179  78 190 137 154
 226  24  19 110 250 211  31  94  85 126 202  68 194 246][ 17 209  31 188  75 198 125 119 173  72 235  20 126 246  34 112 228 179
 126 128  93 139  50  77 179 255  82  66  88   2 163 147][ 89 143 238  29  18 154 106  55 116  97 110 198 243  32 146 240  51 174
  44 140 157 184 101  45 110 111 176  65 239 132  88  76][170 255 113  95 122 217 175 252 223  13 121 224 232 199 188 164  94 122
 134 202 227  58 110 255  36  60  34 170  87 150 199 253][232 245   8  60 105 205  23  61 138  76  44  13 254 231  10 144 144  32
 233 102  65   2 250  31 225 213  33  57  26  54 142 123]