[178 148 125 124 178 199  88 255  23 234 250 127 114 125 164  16 253 153
 149  33 248 255  81 159 251 222  37 214 241 232  70 127][ 98 169  28 184 201 233 176 207 142  49 168  26 164 154 100  11 233  19
  74  17  18 107 146 245  29  16  90 127 208   8 143 138][108  33 220  67 217 123  97   9 107 181 167   8 194  97  78 158  25 140
 232  16  30 112 233   0  79 151  21 119 227  11 206 198][199  44 230 149 236  62 248  66 255 250 214 146 136 172 215 111 239 237
 127 157 164 247 231 194  22  58 219 166 133 117 115 213][249  81 123 101  68  14 111  56  96 224 247   2  83  21  16 112 124 156
  21 238 201 178 117  14 119 173 160   4 103 163  98  96][ 56  57 254 115 171 239  81 115 175 189 191  40 111 247  68  30 175 183
 236  16  26 233 123  84 219 223  85  83 226 194 198 163][ 51 141  99 143 212 179 238 255  87 225 222 198 107 104 183 228 121 234
  30 253 191 187 109 255  62 110 135 192 255 222 248 220][ 32  44  79 131  84 169 160  71 108   1 107  82 177 128   0   8 105 170
  98 144  19 188  65  35  20 164  18  64 201  75 162 136][134 132 134 159 156  34 168 234 150 147 211  18  96 234  57  75 121 111
  59 177  48 247 203 206  28  34 223 196 148 105  48 128][ 72 157  26 250 251 208  52 103 237  17 236  48 190 158  38 112 162  51
 202   0  86  11  18 245 243 241  18 107  18   0 175  11][ 37  85 125  71 244  14 111 184 124 168 126  64 211 115 153  53 126 220
  86 106 233 240 121  46 111 191  37 132  98 179  66 161][214 185 118  18 171 217 127 225 187 244 183 187  78 254 207 183 167 247
 253 211 126  77 174 247 187  82  79 247 103   7 167 119][109 120 181 101  12  79 227  18 110 224 170  72 151  24  81 162 136  76
 122 127 201 176 241   8 197 221   5  52  72  57  83 160][157 107 146 251  40 149 102 216 127  26  85  96 239 211 233 237 182 104
  14  78 195  69  10 177 130 217 103 168  26 243  41 173][170 163 106 122 103 217 245  73  83  85 117 155  43 205 126  24 186 138
 195   5  86 114 170 209  87  89  16 171 103 142 214 195][ 90 217  87  90 107 216  52 237 171  88 161 104 110 214 236 247 230 177
 238  66  83  11 170 245  51 240  67 255  26   6 175  63][203 191  35  17  49 218  40  55 125 236  66 245 173 140 150 245 166  47
 223  29 245 220 165 206 172 112 190 192  14 132 151 125][236 179  22 178 233  12 125 253 169  29  37  93  30 247  74  31 133  23
 247  62  82  67 154  64 255 241 101 238 202 166 199 211][ 38 244 241 227 245 253 242 134 107  81  57  26 142 223  76 190 171 219
 181  17  31  48 218 243 143 220  22 103 219  95 199  22][231 125  83  70 242  14  78 252 121 234 185 236  81 121 157  49  22 199
  93 111 225   3 156 110  48  60  37 188  77 243 194  17][254 105 111 180 143  64 221 224 161 214 130 139  11 220  95  27 234 213
 249 227 108  71 214 128 211 225 204  27  37 117  54  82][113 121 190  54  45 157 240 196 235 120 240  13 174 216  70  58 168 105
 236  65 199 101 146 177 147 217  80  59  72  28  75 143][ 40 105  58 124 109 141 117 119 237  12 110  13 182 153  51  16 136  42
  91  76 200 185 242  41 231 249  20  56  66 152 214 234][181  22 253 111 164  38  79  56  85 202 247 118  83 117 157 111  94 196
  60  46 169 246 109  14 192 234 227 132 239 251 112 101][252  57 105  97 228  79  95 184  37 232 247 236  83  93 145  49  30 212
 125 106 217 178 249  12 223 233 229 212 103 171  86 113][ 84  22 158 181  42 104  56   2 168 135 131 177 223  55   3  91 167 117
 237   0  12 197 131   0 195 231 122 145 160 113  13  67][173 230 196  19 124  63 234 152 123 243 115  92 219 104 223 175 153 204
  82 127 165 244 221 254  14  26  69 100 207 255  90 132][164 229 132 159 221 111 174 232  22 178 233  10  96 248 121   0 249 206
 106 243 122  99 219 191  61  22 207 125 145 123 208 130][ 70  92 183 246 107 100 188 130 155 187  19 114 220 254 109  75 231 117
 191 131 129  69 139 192  21  54  95 142 140 113  37  19][120 184  58 120  91 201  81  71 235   5 164  40  63 159  98  16 162 185
 197   0  10  43 178  21 211 209  16 123  98   0  71 106][105 170 132  21 205 189  96 139  87 191 182  24 162  32 215 158  73 238
 238  28 158 250 207  48 158  95  85 113 194 237  90 140][177  20 115  76 116  51 202 121  93 194 243 126  91 216 189 229 254 172
  22  46 173 183  36 206  18 248  34 134 127 171  98 165][134  16  34 152  69 135 168  65 148   9 211  18  72 218  56  73 248 169
  19 161  32 151  18 192  21  49 138  74  17   8  49 130][ 58  33  98 232  29 157 218  72 207 164 173  11 142 216  54 164 250 169
 219 245  14  35 148 220 211  93 139  59  87  14  95 134][ 60  61  58 122 189 245 151 215 214  69  77  41  58 221  51  32 153  58
 147  19 254 171  58  63  99 205  20 123 214  95 212 250][242  20 239  77  19  86  80  59 117 206 206  55 115  62  22 112 245 180
 189 160 173 220 245 142 219 239 209 131  37 100 116  95][173 114 170  51 108  61 176 212  90 255 245  63 139 136 223  10 221  77
 247  23 174 119 238 130  70  95 126 189 197 125 123 199][244 237 228 199 221  79 238 232 127 162 251  10  74 121  93  16 249 205
 123  99 104 243 217 254  63 254 199  55 195 127  82 130][ 88 184 186 244  40 236  81  23 170  29 166  25 191 151  64  90 161  55
 237  16  26  73 162   1 219 225 114  73 128   0 135 107][ 58 150 103 125  19 223  81 127  23 237 118 183  35  61  38   5 121 156
 181 160 173 252 113 159 203 207 209 199 247 140  84 255][211 125 134 158  73 150 158 236 191 194 192 199 236 234  35 211 248 229
 251 231 109 199 154 239 176 118 207 155  28 119  59 158][252 114 250 112 106 104 121  80 160 191 167 185  23 135  67  27  39 149
 237 144   8  71 160   0 211 161 112 253 224 129  46  99][ 47 180 185 195 252 189 187 218  30 121  29 120 156 255 220 172 159  27
  23  25 147  58 234 210  79  93  59 238 214 203   3 241][181  22  78 165 164  34  76 123  20 226 210 247  83  47 179  73 126 141
  23 173 189 214  69  14 210 235 235 132 173 248 120 208][ 60  33  80 225 124  15  88  89  47 168 241   8 207  75  92  16 222 137
  95  50  88  50  73 212 150 221  35 246 118 170  66   1][192  91 255  94 234 200 189 167 189  14 246 177 189 183 165 123 166 115
 239 192  98 201 162 107 245 178 126 137   0 208 167 123][ 33 229 121  79 244 207 103 253  96 172 124   8 115  85 156  53  24 186
  22 106 243 186 120  61 111 137  37  32 115 154 198 232][ 53  89 121 111  20 207  67 120  68   0 111   8 115  81  49 112  88 184
  18 106 201 178 121  29 227 237   1  16 112 187  80  34][125 117 252 103 173  31  95 188 105 234 189   8 219 125 223 182 148 212
 220 122 201  99 249 168 251 217 101  60  99 255 194  99][254  30 151 180 169  36  93  19 187 158 186  93 223 231  65  91 197 247
 237 130  57  79 210 226 209 246 127 186 136 113 167  83][141 120 241 243 164  63 111 216  63 234  55 252 223 197 217 172  31 216
  95 126 169 244 105 178 206 223  37 244 230 255  83 241][250  97 122 236  31 213  94 105 137   4 173  11  47 223  53 116 250 185
 219 227  72   3 242 221 243 217 139  59  55  38  39  98][  1  89  19  94 115 143 166 118 253   8 122 104  62 146 165 180 166 123
 198  66 193 187  16 109  49 188   0   2  73  50  35 189][253 241 236  97 169  92 117 156  99 248 182  77 219  29  91  59 133 196
 253 126 205 116 249   0 239 217 101 245 234 176 202  91][108 112 240  98 237  29 210 216  75 187 181   8 223 217  93  58 153 204
 127 122 138  99 251 176 223 217  69 126 195 187  82   7][123 176 149 164 109  77 217  88 171 252 180 109 142 223  86 150 175 197
 253  85  15  99 218 209 153 216  79 255  79  36  95 243][122  48 116 104 109 205 208  72 139 109 180  13  14 157  86 158 142 149
 253   5 138  35 210 208 147 216   1 187  79 142  94 211][120  37  26 224 153 111  85 111  36  45 170  25  23  51   0  19 168 151
  77 160  24  11 129  20 241 193  33 117 224  64 238   2][  3 150  62 147  53 253 120  50 189  79 119  53 174  62 134  76 135  43
  46   5 182 188  97 247 135 254  82 195 194 140   5 223][230 106 230  20 110 240 186 194 169 206  80 163  40 172 247 143 238 237
 183 199 132  75 166 232  22  48 218 139 197 245 127 207][ 67 150  50 223  53 188 120  51 189  77  87  16 172 191 190 244 199  59
 191 140 182 156 160 231 143 126 154 195 134 133 157 207][114  22 245 221  53 250 120  35  93 111 242 183 170  44  22 240 235 175
 191 128 188 252 245 207 143 254 210 195 183 140 116  95][153  12  43 254  85 246 107  98 245  64 238  18  59 187  48  96 104 170
  18 136  41 187  48 239 243 239 130   0  51   8 112 170][112 106 210 100  37  11  70  64 233 162 184 105  34 200  69  18 184 236
  68  66  76 163 128  72 178 220   5  59  73  58  74 142][121 174 128  20  13 189  80   7 235 255 174  29 174 168 214 190 129 102
 236  29 142 105 230  51 154 223  21  59 202  68  91  76][ 47  54  99  75 118 191 234  82 109  73 125 230  24  40 150 164 126  10
  22 157 151 184 116 222  38  28 162 224 207 207 123 181][194 176 182 248  75 228 176  71 191  89   0  17 172 158 100  75 167  51
 251 145  50  77 146 193 159  82  90  75 128   4 167 219][ 26 176 229 125  25  87  80 123 119 239  86 181  43 255 230 116 213  28
 189 176 173 216 183 158 203 223 241 239 186 164 116 127][189  49 121 235 250  87  83 217  87 168 245  72 127  31  65 176 223 217
  86 250 187  58 251  63 255 205  37 124 243 131 102 179][162 142 252 221 254 179 188 239  31  55 250 251 172  44 182  69 111 223
 183 129 182 254 101 255  62  62 222 215 149 204 189 205][ 33 249  59  75  84 205 227 244  76  64 108   8 179 213  48  32 156  56
  82 106 195 186 120  63 101 157   0 104  81 155  66 168][241  72 107 205  70  10 239  52 113  66 242  70 115   9 181  97 122 236
  54 238 233 180 101 202 116 170 226 128 109 184 112 232][ 33 249  57 106 217 205 115 253 106   1 108   8  50 215  68  48 152  58
  83  88  83  42 122  53 109 157   4 120  80  18 194 186][ 57  77 123 111 244  26 238 245  96 192 254  66 121 106 181 240 122 236
  22 238 205 176 173 174 118 237 167 128 109 251 248 173][168 250 179  87 101 221 229 212  91  27 116  90 170 217 253 173 136  90
 134  72 195 124 242 225   7 216  84  42  67 152  86 173][ 40 252  59 110 116 237 119 252 127  14 124  40 247 247  41  48 145  90
  70 106  67  38  42  63 227 223  49  56  82 211  70 171][214  12 159 191  42  40 104 138 190 147 146  82 247 242   9  91 231 247
 127 131  32  69 139 225 149 162 127 156 164 113  33   1][201 156 159 127 161 110 117  55 252  27 102  84 254  51   0 123 163 119
 108   0 241 253 179 111 205 255 116  66  72  96 195  59][ 44  56 152 248 249 197 120 223  59 185 116  24  30 159  97  24 167  59
 151  24  18  90 154 210  95 221  55 238 210 128 163 139][237 123 247 102 236  14 255 188 233 252 118 108 251 127 221  51 174 245
 119 111 225 114 170 232 119 249 103 140  79 243 199 249][ 52 205 108 223  28  19 207 248 215  48 181   2 115 105 189  37  89 192
 110 234 232 227 107 189 122 202 229 148 119 251  80 160][ 95   0 142 180 161 114 188  67 172 202 219 197 205 254  42 202 254 165
 253 165  29 129   0 200 144 247 202 131 136 102 169  87][ 76  50 244 115  43 219 249  25 239 244 183 168 223 223  74 189  54 189
 239  32 129  97 255 220 206 219  67  53  71 166  15 113][111 165   5 171 189  53  74 188  79 121 153  76 219 126  90 246 221 199
 124 255 159   3 251 181 169 223 159 126 154  95 152  84][  1 201  23 153 224 140  41 167  60  25  66  80 180 147 160  73 230  59
  34 216  83 152   2 117   4 176 122 192  24 128 161 169][114 162 132 173   9   6  76  63  37 183 194 197 231  35  24  83 252 135
 109 141  88 218 211 205 213 242 218  16   8   0 178  24][ 76   1  73 231  48  10 107  24  36 160 235 137 223   7   1  80  54 221
 125 254   8 144 217  12 196 229 169   4  36 163   6  32][146  56 182 186 139 253 148 195 191  23 168  25  46 254  39  24 171 179
 235   1  54  15  26 243 147 211  90  59 208  84 175 198][102 120 243  84 103 124 250 210 251 234 124 233  44 189 213  62 167 253
 245  19 132 119 178 226  87  94  85 170 199 245  71 255][ 87 134  96  13 246  34 235 184 117 110 219 247  73 104 159  76 119 197
  37 175 180 180 141  95  60  46 235 196 239 231 112  69][ 37 180 233  81 244 127 227 218  86 235 125  80 211 112 156 172  25  72
  18  56 179 244 125  30  13  14  53 100 217 233 210 228][241 249  41 167  56 140  75 116  40 232 210  76 183  22  16 115 166 237
  93 205 233  30 241  45 241 233  42 184  40 144   3 121][ 48   0  91 252  86 195  99  89  84 204 209  98  83 199 169  96 120 184
  38  40  41 183  38 158 208 174 163   8  53 170 116 224][177  77  95 101 164  11 103 183  96 170 250 104  83  49 129  51  18 230
  68 106 105 184 101  46 228 170 101  16 105 242 194  41][108 250 248 114 106 233  27 216 171  63 181  41  31 223  75  26 135  81
 229  82   2  67 202 112 211 213 117 191 208 211  15  91][ 76  99  89 103 112  10 107  57  41 168 127 232 223   7 136  16  22 157
 236 106  72 144 201  12 230 253  33  20  66 162   6  49][213 122 159 101  32  46 107 144  32 168  38  76 215  67 193  27  54 100
 108 110 169 213 153  40 192 169  97  20 104 179   2  49][ 77  65 239  69 230  62 239 188 112 242  94 134  89  61 159  43  55  68
 113 238 209 240 189  72 111  43 231 132 231 241 211 240][246 126 231  52 234  58 188 154 169 254 146 239  77  46 199 155 167 245
 253 247 165 199 133 200  56 115 111 134 237 117  47  93][210 176 223 240 168 236  24  11 187 187 178 120 159 255  72  27 167 151
 125  16  51  79 210  66 217 218 127 254 128  64 163  51][108  48 188 115 141 253 208   7 235 187 173  24 158 248  70 186 129 103
 236  17  22 105 218   0 207 219  85 127 202  96 207   7][104 161 112 169  93 141 232 117 239   0 240   8 175 139  28  16 200 137
  91  65 202  42 210 213 151 217 130 120  82  10  67 138][248  56 146 254  45 237  80  67 191  95 161  25 174 255  35  26 129 179
 237   0  58  47  90 179 147 221  80  59 210  76  70  90][106 127 208 124 250 169  31 223 171 180 188 169 174 231  67  22 142 243
 239  80  26  75 202  57 250 209  37 187 210 252 134 235][ 94 235 244 242 203  32  53 206 171 181 142 185 108 231  72  30  39 215
 233 144  18  75 139  97 219 194  95 111 162  80 167  42][ 66 106 149  23 105 205 185   4 170 189  33   9 236 166  64 159 134 125
 235  81  19  75 186 112  13  16  91 250 208   7 135 233][ 70  32 148 145 228 168 168 135  46  49  83  18 140 138  89  74  99  15
  59 145  18 216 195 192  12  50 222 196 132  65 161 128][125 161 237 229 141  95  79 168  99 176 175  10  91 121  93  50 185 215
 125 235  88  97 249 240 251 219 197  52 227 251 210  34][ 61 205 107  79 118 131 111 248  68  64 127 198 113  73 189  96 126 232
  22 238 201 176  45  61 102 237 165 128 127 187 112 249][106 148 239  53 116 234 233  39 184 227 250 177 185  60  20 114 226 183
 249 129 185 218 213  78  93  38 250 128  69  64 214 122][ 33 181 113  75 244 207 231 249  77 104 125  72 114  85 188  52  88  58
  86 106 209 186 125  31  45 156  37 100  83 138 198 165][167  96 233  81  70   9 237 216  90 242  49 222  25 136 223  43  63 205
 119 223 167 118 238 194  20   8 253 172 237 249  83 197][ 96 177  29 154 203 233 176 198 142  53 169  58 132 154 104  11 235  19
  74  17  18  43 218 117  29  16  90 127 208  11 135 138][ 68  58 182  50 235 253 180  87 235 191  59 124 206 250 199  26 167 119
 236  16 150 105 138  96 223 211 117 251 202 112 143   7][114  33  98   8  93 219 208 105 203 228 164 139  10 204 118 132 248 136
 203 245  78  99 238 221  27  16 137  63  87  14  94 198][ 93 215  56 187 186  20  31 189  62  91  93 229 253 247 138 208 215  91
 221  99 247   8 219  55 234 229  46 252  56 146 139  83][ 51 141  98 143 212 179 238 255  87  65 222 198 104 232 182 228 120 170
  30 253 191 187 109 255  62  46 135 192 255 206 248 220][164 179  95  66 236  93 236 249 169  57 117 252 203 229 204  63 142 154
  70 122  81 114 250  64  30 216  69 110 203 170 202 181][194 104 238 156  78 224 184 198 136 198  80 163  36 174 119  11 234 251
 243 193   4  75 134 232  20  32 222 139 133 117  55 222][165  60 229  81 228 127 225 154  94 251 114  84 208  56 213  44  25  72
 114  29 163 244 125 114  12  30 119 100 221 249  81 165][214 250 102  16 107 217 189 235 187 254 182 187  76 206 199 159 167 241
 255 227 244  79 174 223 154  82  79 255  71  36  47 119][ 88 164  56 120 219 228  49  75 239  53 173  17  30 191  74  88 163 155
 200 144  54  11 184  87 219 229  18 127 176  65 175  66][117  20 253 101 164  46  77  59 117 234 255  82 211 117 157 111  85 212
  60  42 185 244 117  10 197 239 229 148 239 251 208  97][125 125 107 229 116  78  79  56  33 232 254  72 115 117 145  49 124 244
 125 234 233 178 241  12 247 233 165 128 103 187  86 121][125 125 248 100 173  94  86 180 105 234 190   8 219  59  85  50 156 244
  92 106 200  35 248 168 251 253  37  60  98 243 194  35][  5  93 125  69  52  78 103 184 108 232 126  64 211 115 157 116  84  84
 126 106 193 176 121 108 103 191 101 132  66 179  66 161][  8 253  58 126 125 205 117 103 237   4 108   9 190 153  34  16 160  58
  75   8  66  43  50 109 231 253  22  11  82   8 199 234][194 176 178 184 203 228 176  71 191  95  64  17 172 158  96  72 167  59
 187 145  50  79 146 211 141 215  90 107 144  68 167 219][ 84  98 186 161  96 172 121 214 162  61 174 153  23 143  66  26 167 153
 109 144  30  91 130  32 223 197  56 237 160 129 175  67][144  54  75  69  82  66  43 112  48 136 118 224  81 151 161  16  62 188
   6 234 105 145  48  78 117 164 162 128  97 163  38 249][  3 158  63 152 112 236 185 198 191  95 114 117 188 254  44  72 167  27
  63  17 182 173  50 119  77  62  58 202 144   1  37 215][125 241 248 101 165  92 117 188  99 234 182  77 159  29  90  58 149 197
 253 127 205 112 249   0 239 217 101 181 106 182 202  91][ 60  13 122 254  85 215  83 104  85   6 229  10 123 223  51  49 120 184
 151 234 104 163  56 191 243 201 129  41 115  43 102 226][164 237 134 158 221 229 214 236 159 186 185   8 102 248 105  18 217 234
 106 114 106  99 218 191 185  22 207 127 208 123 246 130][188  69 106 104  85  87  75  72  85  32 237  10  27   9  61  16 216 136
  19 250   8 179 113 158 115 221 129 117 115 139 114 162][116 229 230 238 221  79 214 232 211 170 184  10 106 249  93  19 249 206
 127 227 104 103 219 254 187 222 197  63  83 127 118 130][ 82 171  18 184 123 225  48  71 175   5 232 171  44 142  96 208 166 187
 207 145   6  11 130 209 144 244  26 235  32   4  47  15][ 60  81  31 190  28 201 151 105 198 132 203  45 231 232  42  64 216 113
 238  99  92 163  91  61 241 225  47  27 112  43 189  82][ 73 156 151 118 163 108  53 183 249  75 110  48 254 247   0 126 167 119
 124   0 113 249 179 103 247 255  86  66 202  96 163 123][  2 154  55 217 117 252 248 130 191  93  82  81 172 222  62 248 231  59
 191 149 150 156 162 247  15  62 154 203 130 133 165 215][176  18  91 253 118 195 225  88  84  64 243 242  81 199 184 104 122 184
   6 168 169 182  36  78 208 174 162 132  53 168 116 241][ 62 108 106 238  93 247  83  72 213 132 253  11 107 217  55  16 248 184
 151 227  42  35 120 159 211 221 129  59 115  47 126 226][ 40 183 108 107 242 203 191 255  22  45 124 247 113  61 158   1  63  26
  23  56 242 184 109  63 110  15 173 229 117 138 215 235][ 83  17 167 134 129  86 173  69 173  69 203   6 204 182  62 102 232 199
 123 149 157 137 181 224 177 118 158 130 132  86 181 124][ 91 108 134 190   9 215 190 236 189 194 194 207 236 254  35 211 248 237
 251 231 109 195 218 238 176 119 207 155  24  55  59 158][141 121 243 247 228  30 239 252 121 234 119 108 255 255 217 191  62 125
 119 110 225 244 171 232 230 249 103 164 103 247 195 241][ 51 102 234   9 118  55 234  94  92  73 124 230   1 136 183 164 126   8
  22 253 134 178   4 254  54  13 170 192 239 223 122 133][216 251  30 176 137 205  84 247 160  61 162 125 135  19   0 211 160 199
 236  64 122  75 128  37 249 193 118  81  40  16 174  27][181   4 119  76 102  51 201 121  93 202 251  82  91  72 189 233 126 141
  22 174 173 183  36 206 144 234  98 132 117 232  96 229][250 112 113 104  45  93 216  88 169 108 188 109  14 157  86 148 142 181
 221  68 201  39 240 208 147 217   0 187  95 142  78 223][173 106 164  51  13  31 234 216 255 250 178  93 203  72  95 171 217 196
 126 127 237 245 221 162 142  91  71  52  79  63  91 132][167 250 109 155 124 149 171 152 142  92  21 198 240 196 255  39  78 120
  55  95 195 100 126 117  78  25 173 236  92 139  17 253][ 73 123 211   4 123  10  38  84 232 128 170 236 175 130 193 150  34 101
 206  82   1 131 132  72  52 132  39  24 202  55  35 189][ 75 190 103  23  99 248  40 118 189  74  95 245 172 142 182 245 167  39
 255  13 229 220 180 239   6 118  90 130   6 196  15 125][ 34 173  50  90 221 205 131 231 223  12 252  10 170 216  38 100 200 186
  74  88 122 171 114 255  61  60   6 123  83  12 231 238][202 223 182 220 233 196 189 183 191  31 100 177 172 167  34  87 199 115
 255 128  98  79 178 243 101 179 222 137  18 212 167 251][111  29 149 190 169 108  93  31 187 219 187  93 254 247  73 222 197 215
 125  28  57  78 251 226 155 255 118 186 138 116 131 121][ 53 108 253 227 180  59 106 152 111 234 191 200 219  71 221 188  63 212
  94 126 173 180 109 250 174 223  37 244 230 251  80  53][  7 126 171  21 162  62 190 151 186 250  30 237 221 172 215 170  63 109
 255 151 213 216 172 192  12  30 255 166 204 246 147 253][162 156 101 213  84 239 144  39  28 235 178 255  50  61  20 144 205 183
 255 129 169 191  81  95  29  38 248 144  93  12  86  59][ 45  77  97 207  84 159 239  48  85  64 107  70 243  80 181 228  88 232
  18 110 201 176 125 191  37 188 128   0  91 187  80 172][ 70 217 189 155 170 208 188 142 174  85   2 163 172 246 234 206 167  83
 185 209  23  73 175 241  12  54 222 207 148  20 165  95][ 21  76 127  69  54 219 230 178 116 224 122 226 215 120 177 160  51 244
  30 106 229 184  37  46  44 174  37   0 109 251  73  45][ 33 185 123  91 244 141 249  83 126 153 125  96 176 211 244  56 143  42
   6  24 210  58  42 112  79 153  55 232 208 138 195 169][134  53 153 181 242  96 185  75  30 243  81 243 148 183 105  72 247  31
  51 145  51 220 154  66 205  38 191 238 140  65 165 179][199  44 166 145 236  60 248  67 255 251 146 147 140 172 215 107 239 175
 127 149 180 255 231 194 156  26 219 226 133 108 115 197][ 53  48 121 107 124  47  91 216  87 248 245  72  83  83 217  57  95 220
  86 250 139 114 249  28  95 137  33 164 249 187  66 161][111 182  69  65 242  91 111  59 115 235  63 252  74  37 220 180  63 196
 212  62 241 244 237 222  62  30  37 230 239 230 210 117][ 66 150 183 159 116 236 232  34 189  75 123 117 172 190  60  84 199  63
  63   5 179 188  64 231   5  62  26 194 140  13 213  63][172  88  30 186 109 133 184  72 158  18 193   2 180 218  33  73 200  40
  19  67   2  39  90 184  85 241 202  40  16  43 113 130][201 190 145 241 168 174  41  23  62 187  82 112 157 179 192 248 167  31
 127  24  51 220 195  67 204 246 126 196 136 192 131  41][166 112 115  90  95 253 179 216 219  75 181  30  88 220 253  60 189 208
 215 251 163  39 186 247  23  30 129 254 215  63 118 247][ 94  34 214 161  42  42  56  73 174 181 183 179 205  39  74  90  39  21
 237 176  16 197 131 192 218 231 123 151 166 167  47  67][214  18   3 152  43  36 152  72 191  78 209 245 204 222 173 221 246 185
 239 163 133  71 138 208 144  48 203 191  28  39  47  87][104 175 120 116  91 201 119 247 114 165 108   9  51 169  66  16   9 254
 194   8 114 122 210  47 127 135  53 121  99 136 198 170][106 188 130 152 201 165  57 199 187   7  76  13 172 231 102  28 133  43
 243 149  18  11 146 243  79  20  28 107 138  68 162 218][ 88 179 114  98 187 237 115  81 175 141 191  41 238 255  76  20 190 179
 239  16  26  41 139  81 223 221   1 219 227 130 135  51][122 240 236  22 201 249  85  77 195 247 173 157 202 252  78 158 137 134
 233  16  30 107 255 144 155  87  85 127 195  78 222  94][101 121  91  70 118  10 239 248 120 232 240 236 113 112 157 177  30 229
  84 239 225 178  93  76  52  46 109 148  77 178  75 145][132 132 134 157 156  34 168 203 150 179 211  18 192 234 121  75 121 110
  59 177  50 213  75 222  28  34 223  68 148 105  48 128][  2 158 179 216 117 236 185 198 255  95  82  53 140 222  44  76 231  27
  63  17 182 141  50 247  15  62  26 202 146   5  37  87][210 184 182 186 139 245 148 207 191  23 160  27  44 254 111  88 163 179
 235 129  54  79 186 243 153 210  91  59 144  84 167 206][ 65  56  59 255  32 236 107  16 252 202 195  72 247 215   9 120 150  57
  93  11 203 132 250  11 197 173  58  24   8  35   7  59][122 131   0 173   9   6  72  57  39  45 203  77 199   3   8 208 220 132
 109 204  88  26 211 145 149 245 138  16   8   2 178   8][244  64 236 204  12   3 201  40 198 176 182   2  83 105 189  99  88 196
 125 234 200 231 111  29 210 171 225 148 117 170 112  32][161 200  47 218  77 197 193   7 214  91 228  16 178 209  52 109 200  42
  26   8 107 175 114 183  65 186 210  72  88   8 240 170][184 236  58 234  29 209  82 232 151  12 172  41  46 219  97  16 216 185
 205  66  42  43  74 191 251 213 129 123  18  11 126  10][164  98 168 179  44   9 221  72  94 246 149 155 215 205  91  11 223  73
 127  23 238 231 239   2 196  91 127  61 196 253  87 194][145 120 178 182  47 141 210  72 239  40 240  45 190 216 107   8 170  41
 110  87  70 103 154  49 208 217  32  58  72  31  11 139][ 33 253  49  73 213 205 231 247 127 105 104  72 178  17  84 180 152  10
  82  88 211 184 112  61  45 156   4 100  90  10 194 168][108  33  80 103 112  90 107  56  37 160 111 136 219   3 137 148  54 220
 196 106  72 176 109  12 230 237  33  68  99 163  74 160][ 44 109 189 110  56 111 119 220 127  14 189  40 247 117 137  48 145  90
  76 106  34 161  41  63 227 254  37  60  82 243  70 169][ 97 120  57 101   5 207 226  22 104 224 234   8 183  25  81  48 136 108
  92  73 201 184 241  40 229 253   0  16  72  56  66 168][ 61 205 107  79  86 131 239 248  68  64 126 198 113  73 189  96 126 232
  22 238 201 176  45  61 102 173 161 128 127 171 112 232][ 95  22 224   5 182  58 235 186 101 239  91 231 201  40 159 196 127 204
  61 175 157 176 109 206  44  46 171 196 239 231 120  85][ 72  18 156 229  42  40  49  26 172 190 187 237 215  55  73  90 166 215
 109  32   0  65 195   0 196 227  98 149  96 225   7  35][  1 216 155 251  16 132  43 214  62   9  66  64 181 211  32  96 245  59
  50 216  67 156  50 119 229 174  58  64  16  16  33 168][ 60  33 112 225 116  27  74 120 109 160 253  10 203  75  29  20 122 140
  70 234 152 178 105 220 214 221   1 228 103 171  66 129][ 82  42 146 172  11 249 146  74 143  37 152 171  44 234 103 208 234 185
 239 129   6   3 138 208 144 212  11 187 181  78  45  79][ 10 191 163 184 211 208 146 199  67  13  88 235  44 252 228 160 254 187
 134 209 150 155 166 255  58 101 174 235 183   6 191 207][ 83  65 162 142 149 214  11  69 237 205 203   2 206 190  58 118 240 229
 125 213 221 139 164 192 185 244 142 218 132  22 181 108][ 64  40  51 101  48 200  99   6 236 136 122 104 182 151 129  50 162  63
  76  72  65 185 160  40 197 252  48 130  64   0  71  43][140 177 123 123 116 173 235 208 126 153 125 112 253 211 248  32 159  58
   6  90 147 184  42  49  79 201  35 224 218 139  67 161][129 120 189  81 164 191 161 150  94 250 118  84 176  24 213  44 141 110
 122  29 167 252 119  82  12  30 119   0 204 248  81 253][101 108 253 227 116  11 110 152 126 234 187 200 211  78 221  56 191 196
  94 126 173 244 109  58 254 143  37 180 228 251  64  33][ 19 159  99  13  50 130  43  48  60  72  94 230 245  70 178 100  54  45
  28 236 225 156  37 111  32  46 170 192  44 166  33 125][ 66 151   8 171 184 133  42 255  62  13 219 245 229 226   8  80 247 139
 111 149 154   9  79  87 172 180 190 220 152 130 171  17][ 92 250 150 190  11 216 119 182 191  94 134   5 175 198  67 223 161 225
 236 194  79  69 186 113 177 243  94  27  42  53  47  95][194 146 148 145 171 172  56   7 191  55 130 213 140 166  74 219 167   7
 255 149 182  77 147 209 142 114  90 215 140   4 137  29][ 41 181  19  67 245 191 230 183 127 105 120  76 146 184  92 180 153  10
  86  28 215 184  88  23  47 220   4 100 202 202 218 173][ 74 157  23 245 177 238  61  55 175   9  74  96 188 183  32 228 135  63
 253  16  83 137  18 125 237 246  62 194  10  64 133  59][141  29 251 231 180  38 255  17  56 138 123  98 253 119 177 107 246 127
  21 186 177 240 136 106 237 175  46 128 140 243  33 161][ 31 110 226 163 246 163 170  81  54 135  91 247 221 202 242   0 127  45
  19 159 144 148  12 202 236   5 175 192 173 230 177 209][125  85 123 101 100  78 111 112  41 232 126  74  91  53 145  53  62 252
  87 106 201 176 241 204 247 233  37 128 111 251  82 177][126 178 168  50 203 253  83  25 163 255 189  61  74 252  70 190 141 182
 253  19 158 107 250  49 223  87  69 251 227  79 222  87][254 120 230 108 109 120 216 216 233  86 180 173  11 253 255 191 186 212
 253 101 140 103 182 193  83 121  65  63 199 181 126 118][217 235  18  62  42 137 150 200 239   8 177 104 191 218 105 177 254 185
 238  67  78  39 138 113 144 241  43  63  88  51  43 135][103 116 121  66 124 125 250 216 233 224 177 204  66 126 221  50 127 212
  70 126 189  39 252 110  31 156   5 126 205 171  66 180][242  33  34 184  29 221 146 104 131 140 165  11  74 220 111 148 216 177
 203  99  78  35  74 157 179  81 137  63  83  46 126 198][181 124 251  97 164  63 246 208 216 234  62  78  82 153  85  42 153 108
  20 127 133 244 184  42 111 221  37 182 205 251  90 135][ 59 217 110  29  63 215 158 253  95 236  94 167 104 252 182 164 222  43
 182 229 239 184 127 253 106  95 141 199  95 142 216 221][215  50 147 152  42 100 137  72 187 207 209 245 204 206 239 221 214  57
  29 231 149  71 174 208 144  48  75 254 156  53  35 117][124  81 186 238  27  94  87 188 131 204 143  41 111 247  43 118 212 244
 253  98  72  67 251 172 243 247  69  27  34 191   4 115][ 90 180 182 186 137 229  20 205 171  23 173   9 110 255 106  27 161 179
 249  17  26  67 154 241 219 211  86 123 210  86 167  74][121 125 250 102 245 158 119 246 105 232 126   8 123  57  21  48 188 254
  85  74 200 186 176 172 255 253  36   0  99 243 194  42][ 56 241  90  96  82 130 127 117  32 132 111 141  19 135  34  16  62 188
   5 252  88 186 144  12 122 173  37  69 105 130 234 154][176 197  12 174  76  13 199 236 142  18 185  10 247  89  41  17 216 128
  95  98 106  39  90 189 241 217 129  60  81  59  82 170][199 250 109 219  46 197 171 152 206 124 149 230 240 204 223  39 102  97
 127 239 195  69 111 245 100  24 175 184  21 155  17 253][ 89 151 237 255 180  22  79 191  84  78 223 198 241 108 154  99  93 198
  61 175 253 216 253 143 238 111 255 132  63 250 240 121][156  98 255 181  44 107 249 200 127 247 145 155 223 205  91  11 187 205
 127  95 104 245 239 160 208 219 127 181 228 253  87 227][164 229 148 158 253 233 150 232 159 190 185  40 230 248 105   2 217 122
 238 114 106  99 202 191 189  22  79  63 208 123  86 131][116 229 246 238 253  75 214 232 219 174 177  40  78 248  77  19 217 223
 239  99 104  99 203 222 187 214  69  63  81 123  86 131][ 57 223 104 171 118  11 127 254  20 100 124 231 115  45 154   0  62 202
 151 239 238 184  77  63 238 207 165 229 125 154 218 217][141 245 183 227 178  38 191 183 124 235  27 112 221 119 200  33 183  87
  93 191 241 212  41  78 237 223 111 196 140 242 129  49][ 13 135   6  41 176 251  97 147 230  29 126 228 155 195 162 196 107  42
 174 156  19 152  39  17 238 229  38 197 242 196 201 225][160 156 191 222  45 228 209   6 222  91 246  48 178 209 166 105 201  50
  62   8  43  47 114  55 199 190 242  27 208  72 116  43][ 74 250 179  92  41 212 189 183 187  15 252 128 172 167  36 214 199 115
 255 200  66  75 178 227 171 246 222 155  18 212 167 255][ 37 112 249  69 124  15 111 216  99 232 253  72  83  81 217  48  92 204
  86 126 201 118 233  24 127 140  37 180 121 187  66 161][ 11  23 227  95 103 248 185  83 125  71  91 247 108 238 190 252  54  43
 183 133 151 144 174 195  22 126  90 138 175 198  55 253][ 13  28 255 111  36  46 233  18 100 234 127  96 243  53 145 111 111 116
 126  42 129 244 113  40 197 235 114 128 230 251  65 185][230 243  56 168 233 197 146 204 139  92 184  47 142 222 111   2 205  17
 223  83 202   3 218 241 185  80  15 254  16  31   7 211][ 92 164 120 120 219 225  17 202 191  53 172  25  14 183 106  88 163 155
 203 144  58  11  48 119 219 197  18 127 177  65 167 226][ 91 111 194   4  59 153 158  77 171 236 156 173  46 200 215 148  54 229
 204 199 198  67 164 233 178  85  13 187  70 182  47  77][  3 158  23 157 117 172 168 135 189  25 122 116 172 242 172 236 199  59
  50   1 179 184   2 231  12  54  26 194 138   4 129 181][ 59 111  82  44  51  26  86  97  33 140 252 173  47 192 163 148 190 237
 196 103  76 179 132 173 178 245  36 187 111  54  42  77][ 36 109 104 225 244  15 199 222  83 168 252  10  19 201  81  48 216 236
  87 122 200  50 248 170 255 205  37  60 101 251 210 160][250  54 113 104  45 125 216  82  41 110 180 125 143  28 151 180 142 145
 213  36 237  39 112 194 146 221  32 187  79 204  78  87][ 34 201   2 142  84 129 134 236   6   0  89   2  32 200  48  64  88 106
  19 195  66 170  10 191  56   4 138 168  85  27 240 136][202 168 148 185 168 169  60 143 190  51 210 144 189 166  80  75 231  23
 127 145  50 221 195 209 156 243 254 196 148  64 129  25][213  80  95 101  34   6 111  56  32 234 227 101  87 119   9  83  54 213
 117 238  97 212  25   8 228 170 101 132 105 179  34  19][236 125 181  78 184 111  71 220 255  62 189  24 254 117 137  55 145  86
 110 106 105  97 121  63 231 186 101  20 210 243 199  49][ 66 250 238 148 107 209 189  99 187 246 148 171  44 238 246  31 175 177
 255 129 196  79 166 211  30  22 223 175   7  36  47 255][136 143  51 191  37 236 165 119 252  78  90  17 175 173  48 197 162  43
 167  13 113 248 130 239 133 114  90 139  66  68 151 251][ 82 171 147 156  83 192  56  71 171 133 202 161  44 134 100 212 166 187
 233 145  22  11 130 225 152  52  26 235   0   4  39  79][  5 166 109 161 188 171 235 154  14 113 157 198 213 105 219  40  79   3
  95  61 147  32 109 148 204 221 171 244 188 203  17 225][  2  60 182 145 237 188 184  71 255 219 218  51 172 184 116 107 239  63
 127 149 178 249 226 192 157  26 222 194 132  76 177 205][ 56 106 122 110 109 249  87 208 199  12 252  41  43 217  35  16 200 186
 135  66  74  50  74  61 243 213  33  43 115  91  94 171][ 91 109 134 190  25 214  94 236 189 224 194   1 238 254  35 210 248 237
 253 231 108 195 210 238 179 247 207  27  10 119  59  94][  8 149  57 122 223 205  53 111 237   5 109  25 190 247  42  16 162  27
  75   0  82  43  58 119 255 253  18 107 114  10 231 234][ 69  17 253  69 164  46 109  17 117 235 255  80 211  53 152 126  85 214
 124  56 153 240 241   2 207 191 117 212 230 234 208  97][138 175 163 181  37 204 236  55  57  73  94  80 173 175  16 133 164  63
 181   9 113 216 130 225 133 243  90 129  66 196 159 249][120 163   8 108  56   6  74 105  34  45 225   9 163 131   8  80 216 140
  76 236  94 147 193  25 243 225 160  25  32   2 234   8][228 177  25 170 206 237 146 200 142  49 169  90 182 218 104   0 233 147
  74  81  19  35 218 117 157 128  10 126 208  11   7 138][ 34 173  55 218 253 217 179 239 223  13 248  42 174 252 164 228 200 187
 202  65  82  43 106 255  61  86  30 123  83  12 245 239][134  44 134 149 156  34 168  75 158 179 210  18 200 234 112  75 105 110
 123 145  48 221 195 208 156 178 223 212 148 104 177 128][ 92 241  60 174  59  89  23 248 134 108 159 169 255 245  43  64 220 241
 236  99  88  33 123  61 241 229  45 125 114  63 141 115][124 113  75  71  81  94  99 112  33 228 239   8  91  87 139 244 120 252
 196 234  73 146 249  44 119 237 129   1  99 179 110 242][106 178 226  80 105 253  81  91 187 127 244 189  42 141 198 156  13 154
 231  20 154 111 242 209  95  90  80 251  66 132 198 255][  2 156  51 184 211 228 185 247  62  89  72  87 156 190  36  64 231  59
  51 145  51 152  18 247  93  54  26  78 144   0 165 251][158 217  44 167 180 135  95 164   5 244 135 135 239 111  51  65 214 227
 157 231 238 137  89 189 232 211 143 145  60 191  25  90][  8 157  51 185 211 230 177 247  62  65  72  87 156 183  32  64 231  27
  51 129  51 152  51 119  77 167  58  74 152  64 165 243][211  92  62  52  34  12  61  54 185  90   2  93 188 150  19 123 167  37
 125  39 229  69 146  66 208  58 122 136   8 113   3  89][  2 154  23 152 245 172 184 135 191  89  80 117 140 158  36 200 167  27
 183  17 151   9  18 213  13  62  26 203 152   4 169 151][ 33 149 115  77 244 223 231 123  77 104 122  98 211 117 188 164 122  58
   6 104 209 184 117 159  47 220  33  68  87 138 214 165][197 129  61 251 172  13  93 185 142 120  23  84 213 107 120  99 199  19
 127 127 211   8 123 181 205 155 235 252  28 139 145  49][ 41 253 251  78 244 142 127 247  97 201 126   8 115 249  20  48 184 238
  22   8 219 186 176 109 127 189  36   0  99 218 194 171][ 67 152 133 153  41 188 184   7 190  83  66 213 172 190  70 239 135  35
 251 149 151  76 147 241 141 114  90 202 136  68 137 223][ 10 135 183 158 151 220  52 103 173  71  79  19  44 253  32 196 162  51
 203   5  82 173  50 235 179 118  22   3   2  68 173 111][ 24 151 158 252 173 182  20 119 213  31 254 117  72 251  38 203 201  51
 175 128  58 203   2 229 186 247 246  75 154  72 236 147][126 109 134 190  25 215  94 228 189 200 194   9 238 255  35 210 216 229
 253 231 108 195 210 238 179 247 143 187  10  55  42  94][105 109 113  69 116  78 103  56 101 232 126  72 211  49 149  52  26 236
 118 106 201 176 253  14 101 188  37   4  99 186  70  40][ 15  28 226 155 227 244 186  66 191  67  95 247  44 254 182 236 183  59
 179 133 151 154 182 227  22 124 218 203 143  69  59 213][123 253  97 166  63  83  78 252  69  96 152 206 107  14 157 164 126 193
  93 231 205  11 125 189 176 216 175 180  63 191  16 124][ 85 107  26 170  40 137  30  72 108  10 249 104 175 202  67 144 254 185
 206 227  76  39 202  27 144 213  43  57 120  51  43 129][166 196 112 234 124 141  94 236 155   0  56  41  47 223 109  16 159 249
  23 119 106  39  10 255 187 220  13 127  84 187 131 131][ 53  29 115  69 246  78 239 112 121 232 126  98  90  55 149 117  62 252
  23 106 225 176  49 204 119 184  33 130 111 251  98 185][ 74 168 148 185 168 137 124 151  63  51 210 144 191 167  64  91 231 143
 127 144  26  92 195 241 220 243 254 228 182 192 129   9][ 37 167 200   3 244 191 234  19  95 173 125  76 163  40 222 128 153  42
  70  29 158 184  77  54  14  31  53 240 205 202 218 133][123  50 120 224 119  93 217  83  41 110 180 239 159  28 150 186 174 145
 223  33 173  35 228 192 214 221  58 187 111 140  15 223][127 184 232  82 233 253  83 208 171 253 189  45  90 220  79 186 157 249
 253  86 159  99 250  48  95  93  33 251 203  47  78 119][111  50 101  80 105 221  88  81 171  93 181 173  10 221 214 190   6 176
 247  28 143  67 246 208  23  89  65 251  70 132  78 245][180 197  29 238 140  79  71 251  85  58 185  24 211 121  56  17 217 194
  78 106 105  35 121  63 241 223 101  52 113 251 210  34][248 227   0  44  56  10  66   9  35 172 167 237 199 131 138 208 208 140
  76 110  94   3 193  29 240 241 161 189  34 134 218  64][151  50 131 136  42 102 139  72  59 203 145 244 156 198 237 252 214 153
  93 247 161 199 174 192 144  16  75 254 156  53  35 117][125 233  75 172 112 214  90 244  48 200 232   1  23 215  34 240 208 233
 149 246  93 154 144  44 251 229 164 201  34 147 190  82][ 42  62  83  74 112 181 122 210  59  13 124 237  40 207 229  20 254 251
 134 208 131 187 136 255 126 220  32 235 219 131 110 155][119  97 225  68  84  15 206 200 105 160 176  74  82  88 157  48 252 196
  86 255 204  99  76 104  54  24   5  54  69 187  66 132][150  66  79 220  14 163 105  80 150 134 211 230 117 199 161  72 124 172
  63 238  40 151  42 221 208 163 235 136  52 187  48 160][130  44 150 145 172 170 168   7 190 179  82  16 173 170  80  75 235  47
 127  17  50 252 195 192 140 242 222 192 132  72 145 136][109  68 189 227  52  47 107 152 110 234  59  72 215 125 217 122 183  85
 126 123 161 244 105  46 237 207  39 148 224 251  65 161][124  51 246 238 111  75  86 232 127 166 253  43  78 125  13  16 250 221
 239  98 104 227 201 222 179 247  69  63  99 251 118 131][ 38 100 150 142 253 195 214 232 159 190 185  42 206 250 109  67 217 253
 239  99 104  99 202 255 185 146 207  63 208 123 116 131][ 65 215   9 171 176 134 111 191  46 109 203 197 245  70 154  80  85  15
 126 237 219 152 253  93 236 165 175 196  24 130 163 121][ 83 111 106  12 114 147 158  97 169 204 212 175  40 206 182  21 190 237
 199 231 228 139 164 205  50 112  12 187 103 182  47  77][ 94 120 230  30  11 252  19 144 175 214 166 173 238 246 103 254 166 245
 237  82 142  69 190 249 211 243  67 155 162 119  47  87][155 220 101 247  38  31 237 189  76 114  18 198 253  92 144 229  38  49
 127 239 225 180 125 253 165 203 239 128  63 178 145 121][228 125 213  94 249 127 103 184 255 250 183 120 218 117 141 191 147 214
 110 106  97 101 123 255  63 186 101  22 210 243 198  53][204 255 149  87 248  78 103 184 187 250 191 120 222 119 141 183  23  86
 108 106 225 193 249 127 239 186 101 180 202 243 198 113][249 106   4 181  45  29  68 182 233 254 178  77 175 136 211 155 200 228
 108  79 204 103 195 168 178 217 101 187  74 188  90  79][129 240 189  85 108  93 165  23 254 251 118  80 176 188 212  43 141 110
 122  12 227 252 247  67  69  26 118  48  73  72 195 253][ 47 123  99  78 125 157 199 244  77 200 125  76 106 204 183 180  94 232
 134 110 199  34 124 253  54  28   5  42  95 191 242 245][156 213  23 226 178   6  63 253 165 154 155 114 221 119 105  99 119  87
  29 250 249 193  25 238 249 235 239 196  42 243 161  51][ 90 144  23 176  19 194  56  71 189   5 226 181  45 135  32 216 166 151
 237 144   7 157  17 197 146 247  26 195 170   4 173  27][ 35 141 110 169 124 147 234 232  79  64 222 135 161 204 182  96 120 170
  31 255 222 187 101 255  62 125 162 192  29 143 248 220][157 132  91 123  52 175 107 216 119  11 119  84 255  83 184  37  31  10
   6 122 187 180  41 191 206 223  33  68 122 137  64 161][ 46 249 240  86 221 221 254 252 107 200 125   8  58 253  95  52 157 250
 215  90 194 122 250 249 127  93   5 171 195 191  86 239][ 66 153  23  84 241 220  52 183 173  89 110 100 188 183 164 247 166 119
 254  72  83 217 178 125  47 184 118 130  10   0 163  63][ 24 141  57 120 215 233 179 235 127  29 236  26  62  53  40  52 161 154
 194   0  50  43  34 119 219 237  16 127 243   8 199 227][ 28  34 229 177  44 107 121 154  63 255 150 191 143  45 219  14  43 205
 239  29 136 229 195 192 198 215 115 181 230 253  21 115][ 92 191 120 184 218 225  49 198 175  53 172 185 140 183  98  80  99 155
 203 144  26  11   2 119 223 197  26 111 176  65 175 130][223 122 251 119  98  90 127  48 113 206 119 231 123  29 151  59  38 253
 245 206 225 212 165  42  86 235 112 130 111 183 102 125][ 57 214 104 225  54   3 235 254  23 109  94 231  81  37 154   4  63 204
  23 236 234 184  13 159 110 207 165 196 127 154 240 249][160 201   2 154  84 129 142 228  22   1  80   2  32 200  48  64  72 106
  19 195  98 170   8 255  40   4 142  72  21  26 176 136][ 93  17 243  71 180 126 107  17 125 233 119  64 219 117 213 124  86 254
  60  28 153 240 253 130 143 252 101 192 230 235 208 101][ 70 139 172  30 169 240 148 175 170  31 137  49 228 236  14  74 129 119
 233   1  20  73 138 113 137  51  95 255 208 116 175 207][ 26 253 247 158 115 208 181 103 189  69  78  55  44 251  34 197 162 179
 155 129 114 201  18 239 179 116  30 131  39  84 167 255][ 74  42 226 148 107 241 185  70 187 239  84 191 172 174 246  12 174 191
 243 133 132  91 166 224  86  23 218 171 135 197  47 223][130 185 182 209 229 172 184 199 190  91  82  18 172 190 116  75 167  59
 251  17 178 221 146 241 141  18  94 194 128  68 161 155][ 58 233  56 250 121 217  18 234 139  21 173   9  46 221 103  16 139 123
 209  67  78 107 218 189 251 213  25  59  82  15  30 138][118 181 120 106 218 195 147 105 129   5 253 171  73 223 110  16 126 153
 199 242  26  35 204 221 123 193 131 255 245   3 166 163][108 176 184 122 169 237  83 140 171  23  45  24 254 247  72  26 129  82
 233  82  26 108 250  49 207 223  84 125 210  67 198  34][126 227 196  44 187  24  84 169 131 180 132 173 235 232 203 150  83 196
 237 117  78  67 207 137 186 117 205 191 166 166  30  78][  8 157  19 249 211 226 187 247  22  65  74 178 188 183  32 228 119  59
 147 129  19 152  16 255 109  38 186 194  22   0 165 251][ 44  40 122 101  84 207 107 112 113 164 231   8  83  65  16 112 120 172
  66 106   8 178 120  12 215 239   1  17  97 171 102 162][137 111 195  55 180 143 239 180 116 162 122  68 243   1 145 160  26 108
  22  79 233 188  77  46 164 175  38   0 108 187 216 168][190 164 176 160 221 109 208  75  27  39 169  27  14 185 110  24 217 155
 195  17  62  47 208 146 155 213  17 127 211  76 206 198][ 29 251 163 231  48 150 186  17  32 200  91 228 221  92 216 162 182 125
 221 255 199 144 173 140 234 205 175 196  14 166  59 177][ 90 154 131 180  19 240  57  71  45  69 206 181  44 166  34 244 167 151
 237 129  23 155 177 231 145 245  26 195 130   4  47 127][114 105 134 190  57 209  86 236 191 200 208  41 110 254  39 210 216 241
 255  99  76  67 202 254 179 119 143 187  18  55  46  79][ 50 107 106  12 114 146 184 100 233  76 208 239  40 142 182  16 254 169
  71 229 204 155   4 205 114  52 170 171  69 164  63 221][ 51 205 111 173  60 131 239 243   4  64 218 199 241  76  52  96 250 164
  31 231 216 187 101 189 244  44 170 208  53 138 241 216][ 60 107  90 174  64  11  94 232  48   4 233 137 127 195  43  16  58 233
   4 230  72  50  76  59 242 197  33  41 112 179  46 130][153 129  47 193 132  23 238 253 101  96 150  66 121  24 184 165 124 134
  94 239 249 189  53 255 253  11 238 196  39 138 249  44][ 44 169 116 235 215 137 126 233  67 176  53  10 123  75 120 144  58 250
  19 202  90  58  90 189 111 201 133 105 119 138 206 130][ 41  93 115  69 116 206  99  48 125 232 126  64 251  85 149 245  48 252
  70 106 225 176 177  14 103 252  33   0  74 170  71 161][188 125  89  74  83 219  83  88  19  36 173   8 115  87  33 180  88 184
 198 106  43  35 120  63 115 205  33  57 115 155  78 162][ 41 173 225  79 244 155 231 127  71 233 120  74  51 233 148 164  88 234
  22  40 219 186 108 191  46  28 165 160 223 218 210 172][  1 188 189  87 172 253 165  23 254  91 126  16 178 188 220  42 129  58
 122  25 147 252 243  35  77  15  54   0 192  88 197 235][111 253 213  86 237  95 230 188 251 250 182 108 250 246 141 191 159 246
 254 106 245  98 255 253  46  90  69  62 202 255 202  53][ 89 217  41 111  48  78  79 188  36  76 206   4 243  87 154 112  84  68
 125 238 201 152 253  61 227 237 166 144  42 178 214 120][ 95 122 235 119  34   2  95 144  49 206 246 231 123  95 159 126  54 253
 181 239 201 212 173 234 210 255 104 128 111 247 102 113][151 112 193 172  42   4  76  88  41 210 208 230  95 198 249 191 254 233
  21 247 205  70 222 200 144 208 235 190  60 183  43 213][116 157  29 236 172 111  71 187  82  58 189   8 215 113   9  51 217 214
  76 106 121  35 121  63 241 223 101  52  80 122 214  35][160 233  64 154  84 129 134 236  22  17 112   2  32 200  48   1  88 106
  19  83  98  46  74 191  56  16 142 104  85  24 240 136][  2 152 150 145 165 172 188 167 190  11  82  48 172 186  32  72 231 127
  63  17  50 221 131 247 141 182  94 194 128  64 129  11][149   6  95 121  52 175  73 218 119  26 246  80 219 195 185  41 151 136
  12 124 171 244  33  95 202 218  97  84 250 169  64  33][ 99 107 138 164  44 157  86 182 169 238 154 109 174 168 211  16 140 238
 109  71 204  59 192 169 150  92  37 187  76 252  90  93][ 26 181  87 218 219 240 188 107 191  23  77  51  44 255  46 196 183 155
 147 129 118  11  58 247  51 103  26 203  55  68 173 247][ 77  41 243 103 244 126 107  17 113 192 103  66  91 244 221 252 118 252
  54 122 145 240 181 136  31 233  35  64 166 171 112 228][ 28  66 194 188  14 163  73  89 148 138 223 230  83 195 169  72 122 172
  62 174   8 135   3 152 208 231 227 136  52 251  48  33][185 213  72 164  22  23  78 252  20  96 158 207 115  43  58 144 126 198
  23 238 237 155  93  63 242 207 173 149  63 191 120  24][  7  60 227 154 215 244 186 194 255  65  88 131  12 254 119 236 255  59
 147 149 151 154 182 243  31  60 154 203 159 103  57 214][ 37  46 170   3 244 191 227 144 126 109 127  77 227 104 223  24 153  78
  70  31 150 176 109  34  78  29  52 224 204 203  91 197][127 120 186 112 123 253  51 210 171 220 180  45  62 220  71  58 167 249
 255  83 134  67 186 120  95  93   9 251 195  53  15  87][ 26 149 214 222 211 244  52 107 189  67  77  19 108 254  46 196 183  59
 187 128 119 137  58 231  19 119  26  11  18  68 173  87][ 43 255  96  10 245 157 238 254  79  73 124 207  42 236 182 180  30 234
 150  77 215  58 108 255  62  92   5 234  95 159 218 221][126 169  96  38  91 217  83 232 163 180 173 137 110 215  74 148 176 252
 237 114  10  11 234 189 187 193 129 127  35   7  14 118][116 127  90 234 218 227 146 200 131 140 185 235  64 223  45  16 222 249
  71 242  26  35 200 125 120 132  43 255 245   3  38 131][  6 139  10 187 168 133  62 241 174  24  73 197 172 202  42 208 231  43
 171 199  86  25  10 117 188 241 139 239  24   6 171 145][ 13 242 103  67  86   7 175 253  22 165  95 247 209  69 152   4 127 140
  23 174 211 180  45  31 110  79 175 196 111 138 240 241][ 43 249  97  66 245 157 255 252 107  97 124   8  40 252 222 180 158 202
  82  95 211  58 254 245  63  92 133 110  71 158 218 252][ 90  94 251 252 114 194  63 246 177 206 118 167  61 183 163  81  38 253
 181 192  97 223 160 111 115 231 126 131  39 176  37 123][ 25  76  19 127  52 142 102 190 116 138 122  68 247 241 177 228  50 106
  28 110 225 180  13  47 224 239  39   0 106 242  73 169][ 17  21 119  77  54 107 227 121 108  68 127 162  83 117 180  37  62 182
  86  40 177 184  37  31  45 174  32  68 117 170 101 245][123  97 106  64  91  85  90 216  97 108 188  11  11 156 215 180 190 153
 213 238 206  35 180 216 115 221 129 191 103 151  78  79][ 60 233  98 110  85  27 206 232  65 160 248  11 107 200  53 148 248 236
  68 238 204 179 220 140  51 252 133  59 103 174 122 134][ 43 163 104  77 124 149 203 252  23  77 124 205 249  71 159  84  92 138
  23 236 139  18 255 157 102 125 161 172 127 158 122 253][  2 157 183 217 155 228 185 135 190  89  70  16 188 246  36 111 161  51
  59 145  51 201  50 245 141  54  90  74 144  68 165 111][ 55  25 115  69 118  14 239 112 105 232 250  98  83  61 181 117 126 252
  22 234 209 177  37 236  54 168  99 130 109 187  99 181][ 94 188 229 245 187  70  31 186 183 250 158 226 253 119 137  39  55 213
 253 227 249 193 121 255 233 255 239 150  47 245   5 115][172 112 252 112  77 253 209  88 211 191  53  56  26 221  71  26 137  56
 231  16   2 102 242 128  71 219 117  59 195 249  86 243][ 44 186 153 248 189 165 146 216 158  29 177  77 134 201 105 136 221  56
 134  86  30  38  74 179 203 212  37 127 208  27  84 147][ 32 233  56 120 217 205  85 238 138  53  36  24  54 157  72  48 137  26
  81  16  66 104 114  53 111 157  20 127  80  16 198 234][ 41 236 107  11 117 219 226 199 119  69 120  13 163 200 190 176  88 170
   2  13 207 186 116  63  39  93  16  97  79 142 218 204][ 35 254 115  90 114 185 250 222 123   1 120 237  57 207 173  48 127 187
 151 212 163 186 110 255  54 220  50 168 255 147  99 157][ 91  50 113 224 119  93 249  81  41  77 181 239 159  30 158  56 174 145
 223 133 141  34 116 192 215 217  58 179 111 140  15  87][233  76  44 191  44  15  78 184  86 122 148  77 243  41  19 107 200 196
 125 111 237  70  91 191 198 123 249 152  28 189  88  24][ 94 234 132  39  25  18 146 172 167 245 142 135 235 104  31 134  73 196
 232 213  12 233 207 161 138 119 223 151 239 119  60  78][118  49 246 236  91  15  86 232  59 164 249  15  78 235  15  16 252 221
 239  98   8 115 217 222 187 255  71  55  83  63 110 146][151 211  11 190  67 135  62 121 190  16  65 197  76 194  40 209 246  41
 171 231 198 145  26 117 176 161  75 140  56  38 169  16][ 65  57 187   4 242 204 182  87 236 200 122 100 188 152 229 226 166  63
  94  65 197 185 176 104  53  48  46 138  72  48  35 223][239 249 245  84 233 221 252 191 251 242 182  12 234 252 215 183 175 247
 254  76 247 107 255 255  63  90  85  58 203 180 202 124][ 95 114 227 100  34  46  91 152  41 194 118 198  91  93 157  62  62 221
  85 255 137 244 181 200  83 124 173 132 239 247 102 113][ 13 111 227  35 244  46 227 216 122 237 123  77 211 104 219  24 183  78
  70 127 150 176  45  34 108  13  37 196 196 255  83 193][141 227  99  67  22  23 175 121  22 164 215 214 209  69 184  36 124  12
  27 239 241 180 125  94 109  15 175 196  39 170 241 240][ 90 217 245 196  42  86  94 190 167 168 150 232 249  55 129 247  23 213
 253 232 137  73 209 253 255 255 237 150  46 241   0  57][158  40 142 187 149 180  74 192 151 134 197 147 233 195 115 141  89 234
 155 223  62 199  91 170 138  71 155   1 183 253  56   0][199 221 220 212 234  22  78 184 177 186 190 102 221 115 137 255 119 215
 126 234 233  86 219 234 190 251 231 132  42 243 168  37][183  97 197 173  74   4  78  88   1 210 193 135 123  74  83  59 126 233
  85 239 205   6 223 136 180 201 207  60  61 247 106 196][ 86  56 250 112  91 250 178  64 171 192 240 171  28 223 101 184 166 185
 215 209   4   3 130 200  95  77  11 235 229  37  39 211][ 41 173 115  91 244 191 231 247 127  73 124  72 184 249 180 180  91 106
  22  24 147 186 108 255  46  60   4  98 199 202 210 173][124 221 189 230 172  79  87 189 194 190 190   8 215  53   0  51 201 246
 108 106  89 107 249  60 241 219 101  52  80 122 198  35][  8 180 187 119 180 239 181 159 126  91 127  48 247 253 200 104 145  94
 126  24 146 252 251  35 207 175  54  64 192 210 197 235][158 152 122 216 219 244 184 202  63  85 228  19  12 254  38 237 239 155
 179 145  54  75  58 247  27 119  26 207 179   5 173 215][114 123 150 190 121 217  86 236 187 140 248  41 238 222  39 210 218 253
 255  99  76  67 194 252 179 246 143 187  18  63  46  79][113 221  43 111 180 206  79 181  52 104 206  68 243  87 144 112  84 110
  29 110 217 152 121  63 227 237 165 208  40 178 210 120][153 125 119  69  53 206  99 112 237 128 226  72 251  85 148 181 184  52
  76 106 233 177  49  12 183 248   0  16  67 170  70 160][ 32 253  91 126  80 193 103 252  49  12 116  40  51 215  33  20 120 250
   2 234 106  58 106  63 117 135  37  40 115 155 102 186][ 25  79  86  76  18  62  70 253 101 136 254  68 115 113 161 244  54 230
  76 110 201 161  21  14 178 239  37   0 107 242 104  41][ 90 156  43 152  19 240  57  71 175  85 206 177 172 150  38 116 231 155
 191 145  31 155 180 247 219 117 154 203 130   4 175 126][ 52  67 194 236 110  34  79  89 133 136 223 230  83 195 185  64 122 172
  62 238   8 131   6 138 208 229 163 136 190 251 112 161][ 26  30 234 180  82 226  59 114  49 198  94 167  41 175 163  80 118 255
 149 132 168 155 164 238 242 231 186 129  39 245  39 219][ 56 125 122 106  27 223  83 248 161 108 173  41 123  87  35  49 188 184
 196  98 111 163  56  63 115 205  33  59 115 147  78 219][ 77  41 235  69 214  90 234  80  96 192 111   2  17 220 177 112 114 236
  18 250 133 178 180 104 127  41 163   8 165 171 122 160][ 94 156 190 216 219 244 177 234 191  95  76  23  44 254  46  76 231  27
 187   1  54  15  50 247  91 119  90  79 146  69 173 215][152 151 126  79 178  75 253  49  53  12 127 176 219  55 140 101  62 148
  31 170 248 184  97 157 100 235  98 197 103 130 229 241][172 120 252  81 237 253 177  89 207 187  53  56 184 221 197  47 141  56
 246  24 131 102 242 192  71  25 117 186 211 249  71 179][180 127  93 232 250 131 158 232 128 160 176 234  17  75 133  17  78 241
  71 243 120  35  72 124 252 128 175 188 117 185  39 163][ 60 151  19 168 157 135  66 217   6  24 137  71 199 221  40 192 217   8
  14 116  27  35  91 149 169 212 163 126  16  11 240 179][125  99 224   5 236  26 206 184  97 228 189 205  67 104 223 150  88 196
 100 239 204  50 237   8  54 104 229 180 103 191 218 196][  0 176  26 176  90 196  49  71 168   1  98  17  60 151  32  16 166  59
  83 144   2 159 146  67 213 165  26  75 160   0 167 138][ 39 236 104  72 223 241 154 206 138 117 156 139   8 204  86  48 143 201
 211  87 151  35 254 113  59  29 137 255 213  95 222 214][171 169 232 241 252 159 250 254  31 249 240 223 155 237  84 161 223 139
 215 149 191 122  72 247  78 223 191 252 221 140 218 145][155 211 103  27 115 209 255 244 245  76  84 167 105 204 190 165  54  42
 151 239 247 184  62 245  98 121 168 195 127 135 253 245][ 74 157 190 222 187 208 181 167 190  21 206 179 252 247  40 226  67 115
 251 128 114 201 155 119 107  39 222  75 150   0 173  42][ 86  58 226  16 114 226 185  64 189 197  83 231  13 206 247  92 246 189
 255 149 132 147 132 200  30  52 171 139 133 167  39 213][ 21  89  87 229  98  10 239 112  44 128 242 230 209  19 129  97  62 252
  22 234 193 144   5 108 116 168 227 128 109 179  99 177][ 19 145  39 158  19 212 184 101 173  77  74 135 172 238  62 244 166 179
 159 133 215 153  54 253 177 118  26 202  28   6 171  93][ 34 226 225 216 109  89 205 204 223  55 116  26 168 237 126  44 217  90
 163   9 194 118 250 241   7  28 215  63  87  28  84 238][201 112  21 113   1 140 105  20 235 216  34  76 190 151  65 255 132  45
 124  92 131 196 243  81 133 249  48  32  10 144  67 185][188 191  78 109  16 175  91 184  52 140 238 133 115 103  10  81  52 230
  76 238 120 139 121  63 251 235  33  80  96 163 102 114][ 55  69 231  79 156  27 238 252 198 224 250 198  83 104 157 166 121 196
 126 239 237 241 111 190  46 110 231 148 109 255 248 148][220 205 242 246 243 116 127 183  57 135  15  18 125 247 233  80  55 255
 181 202 112 156 168 226 251 239 191 129 166 243 167  99][ 33 189 115  75 246 155 170 246 127  73 120  98 104 248 188 164 126 122
  18  88 147 184  44 255  46  60   6  66 223 143 243 173][ 56 251  75 125 112 203  87 252  51  76 116 173  51 215 163  17  92 248
 135 106 105 154 104  61 243 197  37 169 115 179 110 251][121  77 201 237  52  27  79  48 117 160 254  66 243  97 145 244 114 228
 124 106 233 176 101  47 226 239 161  16  38 187  80  40][ 22 121 115 161 114 139 186  64 172 129 123 227  13 158 101 144 174  61
 215 211  20 147 132 204  20  68  43 195 229   3  39 147][101 215 220 213 232  22 109 191 249 186 126 102 209 114 133 115  87 228
  62 232 237  82 231  76 190 190 231 132 136 240   8  13][ 81  93  86  77 186  18  70  61 101 128 250 100 115  50 133 247 118 228
 108 234 201 178  85  12 178 232  37   0 107 242 232  13][183  43  43 129 148 135 175 112  84 164 194 198  81 196 181 165 124 236
  19 255 249 147  52 124 185   8 139  64   5  43 113 228][  9  73  91 237  52 139 111  52 116  64  82  66 247   1 177  96 114 172
  63 107 201 184  97  61 228 169 162 128  60 184  81 169][151 209  75 190  66 134  46 121  54   0  67 215  85 194  40  81 118 237
  34 238 101 149  28  95 176 162 107 132  56  50 161 209][118 122  22 190 123 201  22 236 171 140 184  41 238 222  39 146 254 253
 239  99  76  67 202 252 177 118  15 187  80  63  47 207][ 90 184  58 232  83 244  25  71  41  85 206 129  60 158  38 112 230 155
 145 145 158 155 178 245 219 253 154 203 128   4  39 122][ 16  90 251 101  50 202 187  86  60 204 126 226  61 159 165  96  54 189
 135 144 225 157  37 110 251 167  62 192 101 128  37 249][  5 106   1 169  32  15  77 182  54 234 210 228 147   7 129  73  94  12
  44 238 201 212  69  28 132 178 235 148  28 177   0 177][ 16 201   4 191  44 131 206 238 151   2 208   2 227 104  33  65 200  98
  46  66 106 169  75 189 160 246 218  16  20  57  48   8][ 57 189  26 168 211 199  83 103 103   9 252  40  63 153  34  48 234 187
  22   1  91 171  16 127 249 205  34 105 121   0 163 203][249   4  55  71  53 222  97 112 237 136 243  72 250  81 133 183 184 180
 110 106 233 165  49 207 147 250  64  18  66  42  98  36][ 95 205  98  76  71  18 239 240 225 130 198 130  73 233 191 247 122 228
 177 238 204 151 172 237  51 105 199   5 103 183 122 164][235 185 245  84 237 221 252 167 251 248 182   8 170 184  86 183 233 163
 254  13 215 111 246 253 159 219 215  59  75  12 203  78][ 76 181 187  97 176 239 119 159 118   9 127  96 247 255 136  96 151  94
 124  24 155 184 185  51 235 237  53 196 224 210 197  59][ 53   6 202 236 254  34  79  91 133 134 223 230  83 195 187  64 126 172
  14 174 152 163   4 138 242 237 163 136 189 251 120 161][124 217 189 230  45  76  87 180 225 188 182   8 255 117   0  50 136 244
 108 106  73  99 250  40 243 249 101  60  66  58 198  59][ 14 112 240  83 173  29 181  29 203 250  53  56 158 156 197  47 143  57
 246  24 195 100 242 192  71 217  87  58 214 253 197 181][249 221 123 108  52 206  79 181 117 104 254  72 115  87 152 113  80 244
  93 110 233 177 121  63 243 233 165 144  42 178 210 121][112 197  77 204  68  70  79 248  16 234 180  11 115  99  59  19 120 196
  93 238 104   3  25  13 115 170 229  20 113 187 114  74][ 67 121 222 196 120  30 126  63  43 168 222 236 121  23 148 246  38 245
 253 232 201 154 209 253  62 253 173 146  14 146 154  57][ 18  94 107 236  18 194 123 118 181 196 250 231 113 175 183  80 126 253
  21 196 152 155  36 110 250 166 174 128 173 178  38 249][ 29 111 227  35 244  62 239 216 118 237 122 197 203 233 217 180  63 206
  68 127 130 176 173  42 236 205  37 132 231 247 243 225][ 90 204 190  94  59 208 186 238 182  13 206 161 232 255 160 194 115 119
 249 192  34  75 139 255 122 103 250 203   6   5  45  27][201 113  20  65  41  61 108  31 109 122  52  76 190  18 213 191 132   0
 124  12 199 100 243  80 135 217 112 160  74 144  75  61][236 127  76 164 104  10 111 184 161 188 182 237 215  99 211  83 126 196
 125 238 232  67 205  44 246 233 229 188  46 179   2  81][150   2 119  77  54  26 235  49 101  37 247 178  75  39 148 101 126 148
 111 234 184 185 101 220  22 186 194 196 119 139 228  36][250 255  42  42  48 209  87 252  51 236 156 173  63 215 195 144 215 252
 221  70 239  11 232  63 250 197 173 251  38 151  30 123][  6 156 132 187 157 231 150 175 142  59 139  18 204 250  40  74 217 102
 123 177  26  73  91 247 169 247 223  86 144  91 176   2][ 42 124 224  26 205 245 157 206  11 230 184  15  40 220  87 188 153 187
 211 149 207  43 254 241  61  28 157 191 223  94 214 222][ 35 173  96 155 213 151 238 231  95 109  88  23  40 172 118  32 253  43
 147 149 214 186 116 255  47  28 158 226 223  12 218 222][ 13  89  87 229  32  10 111 176  36 136 114 228 209   7 145 240 126 124
  30 238 193 144   5 108 228 173 166 128  45 179  97 177][ 88 190 251 233 176 238 115 147  54 109 126 100 159 183  64  80 183  63
 125  16 155 184  49  31 235 237  37 196 232 224   5 123][  3 147  42   8 145 148 137 127   6  77 204 197 176 222  54  64 216  42
  19 213 223 138 114  85 107  61 190 203  24   4 248  95][123 161 184 119  45 217 240 108 107 249 176  40 234 156  94  50 169 159
 253  17 222 123 243 209 159 223  90 123  65  12  87 207][249  79  86  77 248  18  78  61  97 128 250 236 115  34 149 246  94 230
 108 238 205 186 213  14  54 168 100   0 111 178 234  12][ 57 213 119 109  52  78  79  61 101  72 246  72 123  55 144 245  80 180
  84 110 233 184 113  29 227 251 100 144 106 160 210  57][200 204 149 255   9 232  17 174 154  31   0  16 236 119   8 223 129  83
 233   1  34  77 235 183 201 243  90  95 146  81 133 106][144  73 150 190  60 131  94  96 157 138 210   2 230 248  49  67 200 224
  63  67 104 165  67 175 176 242 207  18  20  57  49   9][249 221  89 100  60  76  87 189 225 232 190 108 127 117 136  55 148 244
 108 106 233  43 249  45 243 249  37 248 106 186 194  57][ 73 199 215  85 228  30 109  63 124 170 122  76 251  98 149 243  87 230
  46  44 192 248 231 140 236 255 231   0  10 248 192   9][ 52 111 202  97 180  90 110 216 118 192 254 162 243 105 219  32 123 204
  68 127 207 178 237  42 170 141  37 133 237 251 122 240][118 127  18 190 123 201 150 236 189 164 248 173 238 206  39 144 254 253
 239  99  76 103 210 238 177 244  15  59  65  63  47 223][221  80  10  44  18   2  79 120 116  66 199 198  81  82 187 112 114 237
  16 239 233 151  29  31 240 167 171   4  61 179  33  48][ 33 237 115  75 246 155 234 252 127   1 120  66 104 232 188 164 126 106
   2 248 147 186  44 255  62  28   7  72 247 155 227 173][ 13 112 240 193 175  29 189  29  75 225  53  10 143 156  93 174 134  25
 223  91 199 100 247 192 143 221  23  58 214 158 195 181][ 58 177  50 232  89 228  89  86 227  13 236   0  29 159  56 116 196 153
  21 153  26 138 114 213 211 253 154  79 178   0  38 234][  8 191 112 168 242 195  81 119 103  13 124  40 191  19 162  52  78 155
   6 144 250  42  96  95 236 212  50 235  86 128 166 235][219  21 110 164  50   6 189 115 172 204 215 151  93  47  50  83  38 165
 255 173 244 157  53 206 242 107 234 192  45 164 169  83][ 55   9  15 142  92 135 239  96 196 192 218  70 241 196  49  37 216 232
  18 239 201 179  54  12 177   0 139   8  17  58 112 236][ 25  88  31 237  52 142 111 244  45  72  86  96 191 151 177 100 102 124
  30 234 193 152  33 237 225 255  38 128  34 178  33 169][173 225  44 179 236 143 205 189  86 127 245  31 243  73 218   8  89 138
 127  94 218 254 107 183 237 155 245 244  88 154 208 248][105 195 211 197 100  30 109  63 122 172 122  68 249  34 148 240  94 236
  54 236 196 250 229 200 124 255 247 128  10 186 195 137][121   0  23  76  45  95  82 104 237  72 247   8 250 216 140 245 184 180
 238 106  45 167 115 221 147 251  64  18  66  35 106  37][ 88 218 191 127  34  74  21 183 236  31 182 112 191  55 130 123 135  87
 237  66 232 205 161  33 227 243 118 147   0 112 133 107][101  59 200 229  40  14 111  56  42 232 188 237 211   3 211  18  22 204
 125 238 200 146 205   8 198 237 229 180  44 243  66 209][ 86 222  31 126  58 224  26 232 182  12 219 161  97 239 161  64 246 247
 237 194  14  11 139 125 242 167 171 155  52 163  44  27][ 22 107  66 163  50 130 171  80  60   9  83 230 213 194 184   4 126 189
  23 255 129 144  12  76 148 164 170 192  45 131  33 161][121  76 127 101  52  30  71  50 117 232 254  72 243  33 145 117 114 228
 108 106 233 240 229  44 230 251  32  16 102 177  64  41][ 76 244 152 186 189 237 150 175  30 187 152   8 214 248 105  72 209  83
 255  17  26  41 219 183 233 215 191 127 144 122 145   3][ 66  58 188  53 168  44  48  22 169 191 186 124 174  58 193 123 135 119
 237   1 165 220 227  96 132 243 126 146 192  80   7 125][222  77 254 126 170  80 191 174 180 198 220 161 253 255 171  99 119 243
 157 227 100  65  46 107 230 227 254 137  54 242 165 123][ 54 182 236  19 106 115 152 200  31 255 153 255  72 108 223 139 191 145
 215 183 182 103 111 209  30  82 251 247 245  79  31 215]