[ 70 144 176 203 189  49 155 204 206  61 152  39 140 186 127  74 223  87
 255 209 150  41 251 240  95  60 159 255 213  31  53 207][  2 131 151 223 173  68 176  15 174  29 211  19 236 239  40  74 230  19
 235  17  18 137  35 225  13  54 222  67 144  78 181 251][ 14 113  56 219 109 213 191 212  31 125  85  47 172 158 126 172 238 123
 151 211 151  50 123 241  23  89 154 235 151  31 189 215][ 65 157  91 237 176 142 111  55  60   8 122  96 183  51 128 112 118  63
  29 236 211 152 193  79 236 173  38 192  40 130 225  41][118  43  17 190  43 137   2 104 175  16 137 237 230 194 108 212 135 171
 200  71  23  67 202 125 176  16  11  59  24  39  11  23][  2  32 115 152 126 137 184  71 175  33 114 106 188 154 116   8 174  61
 127  17 130 251 130 213 148  24  26 234  68   8  35 169][ 88 191  63 118 178 220  53 247 169 205 254 229 238 247 130  48 166 119
 236   0 211 153 160 109 250 245  54 194  74   2 167 123][ 22  73   3 158  28 131 206 224 151   0 216  66  98 202  49 192  88 234
  31 195  74 171  10 255 176 166 138 152  20  27  48   8][ 82 174  93 127 152 234  79 173 191  23  98  80 235 227   4 209 179 239
 100 146 123  88 155 127 169 190  21 105 232  80 202  10][ 24 223  59 102  49 217 119 119 237  72 126 108  62 181 134  48 164 178
 206  64 211 185  32 125 251 221  36  67  74   2 199 123][ 50 104 198 151  76  11 232  64 171 177 227  10 230 202  85  26 106 237
 107 195  72 247 203 232 156 154 223  32 101  59  98 138][248 255 157  23 211 254 103 191  58 255 190 124 122  98  78 147  57 231
 228 128 251 252 250 111 189 167 247 193 105  98 206 123][237 255 168 151 221  93 183 254 210 254 188  47 250 116 203 167  57 226
 206  98 229 102 124 191 255  71 101 189 251 127  31 255][123 240 232  38  37  95  94 204  67 127 148 175  43  28 223 178 189 221
 221 103 207  86 253 161 178 217 173 183  39 255  94  95][120 113  57  97  64 205 113  80 108  12 175  40 151  23  64  50  40 144
  78  90  73  51 240   0 215 201  34  32  97   3 102 163][ 78 153  51 170 189  84 178 136 175  93 147  19 140 158 104 230 230  83
 251  83  82   9 187 227 155 117  10  95 146  15 173  87][254  69 112 231 164  58 126  52  41  66 255 147  75  47 149 116 254 213
  53 239 232 180 229 238 246 249 202 130 103 247 242  85][221 158 143 151 176 102   1 151  62  95 222 119 118 118 138 218 245 198
 172 148 187 222 121 103 248  39 254 194 136 124 172 121][  2 176 178 155 123 245 184 203 143  93 121  39 140 222 110   8 239  27
 147 145  22  58  50 241  15  20  26 111 209   4 167 215][ 22 174 213 251 159 193 110 158 191 191  64  87 173 227  64  91 163 239
 109 144  50  72 155 241 173 246 157 239 188  80 145  10][222  26 150  60 169  42  48  74 189 158 178 125 207 110   3 159 167  55
 237   1  60 103  67 192 144 242  91  31 194 117  47  23][  2 141  10 140  20 128 173 103   4   1  90   2  48 170  48  64 104  43
  19 129  82 154   0 255  96  36 186 128  21   8 177 136][190  84 104 185 235 215  94  48 151 238 149 175  89  95  91  17 222 185
 151 231 172   6 122 158 231 219 169 191 247 183  30 211][  2 144 178 153 231 229 184  71 158  25  80  51 172 158  96  73 239  59
 147 145  18  58  18 209  13  16 154 235 144  12 165 219][236  45 212 222 189 107 199 175  90 166  58  24 126 232  29 144 147 230
  96  43  97 225 219  47  32  62  69  17  77 122 218   8][  9  91 119 229 116  14 111 180 109 232 126 100 247  17 145 116  54 100
  30 110 193 184 101  12 230 248  36 128 110 186  65  41][ 51   8 235 204  78  50 239  90   7 194 252 194  25 239 245 108 127 221
  55 156 137  22 175 210  82 173 175 172 183 243  96 249][243   6 233 197  78  49 237  82  17 227 214 255  57  47 215 110 110 255
  55 143 169 150 229 194  86  46 250 168  39 252 116 249][ 60  72 108 232  76   3  77 253  23 178 212  10  83 203 241  72 121 136
  55 234 200  39  79 146 218 207 255 188 183 184 120 136][222 189  49 170 191 212 154 192  15 244 153  35 172  30 119  64 239 219
 159 211 142  11 249 247 155  81 143 255 148  15  37  87][104 188 211 116  97 110  97  50  51 170 238  72 254 243   0 214  17 254
 108   8  57 218 211  10 223 246  81  26 234 228  66  40][  2 145  18 169  61 205 184  39 143   9 218  34 172 158  32  64 198  51
 191   1  18 137  67 213 141 244 154 211  16  14 133  27][130 171  90 233 242 130 188 119  56   9 120 225 189 143 144  16  54 187
  23 181  83 154   0  95 108 141 174 224  13 128 175 153][ 26  21  50 186  35 221  90  76 169  72 116   9 174 223  47 149 182 187
 223 226  32   3  18 253 179 241  10 187  18  23  15  91][ 71 120   1  30  41 141 134  72 175 200 137  77 238 208  77 148 149 235
  72  71  71  67 222 123 176  20  11  58  88  55  11   4][ 49  13 123  77 116 139 239 115 101 192 126  66  51   1 180  52 122 172
  22 232 201 185  36  76 118 172  32 128 103 170 112 169][235  56 124 115  45 189 248  18 233 121 183  61 158 159 214  63 134 177
 255  21 150 111 226 192 199 249 112 242 198 132  71  95][ 82 243  51 154  63 196 186 205 170  29 153  11 236 223 104  64 246  27
 255 135  66   3 186 215 153  20 139 251   4   6  37 107][  9 223 123 101  48 142 111  53 108 136 122  96 247  19 144 112  54  54
  94 108 193 184  33  77 228 253  38 128 104 162 195  41][252  81 191 116  40  78  85  56 240 154 167  24  87 119   9  59  48 244
 108 106 105 229 187  12 209 235 101  20  96 177  70  35][120  49  26  32  57 111  80  73 165  45 173  57  15 151  66  16 166 149
 205  32  24  67 147   4 211 241  32 127  34   2 174  19][ 50  65  64 137 124  11 206 104  15 160 185  10  78   8  52   0  90 128
  95  99  72  35  73 221 180 152 139 188 117  58  80 128][ 17 165 115  97 214 143 172 119 124   9 120  66  61  25 180 160  62  59
  87 121 242 184   1  93  61 136  38 194 101 128 163 169][ 14  27 246 131 231 243 186 192  15 245  86 163  12 174 103  10 239 123
 179 211   6 184  45 240  78  19 222 231 151  95  45 223][ 66 186 148  58 169 233  16 143 170  61 128 125 174 210  66 159 129 123
 232  17  22  75 202  49 152 208  29 127 152   4 143  15][239 126 124 115 167 126  95 156 249 254  53 189 223 125 223  63 135  87
 213 127 245 100 236 234 103 219 117 183 231 245 198 119][ 39 112 222 192 239  91 188  73 137 250  53 171  76 222 103  26 175 241
 243 178  68 231  10 200  22  26  69 175 207 255 235 151][198  55  98 208  63 217 186  72 203 196  21 171 204 204 247  36 182  57
 223 119 132  97 166 202  54  88 143 187 199  47  95  87][222 188  48 186  55 196  90 232  59  92 157  11  78  95  74  80 247 153
 157 195 126   7 154 247 251 209 139 239  54   7  47  83][224 176  94 112 202 204  81  55 162  63  39  25  87 215  74  27   5 148
 125  24 122  71 154  20 217 171 117 252 104   0 130  51][185  44 108 229  78  11 205 115  69 226 180  26 115  41 146  35  72 228
 119 175 232 254 101 140 214 203 241 176 103 172  80 232][150 122  58  62  50 208  58 224 188 204 226 229  47 206 167  17 182 249
 205 195 229 159 134 110 176 227  42 139 104  21  47  91][255 119 114 100  37  31 223  88 233 236 189 173 223  93 159  54 190 209
 223 111 205  39 172 202 243 217  39 190  71 255  87 117][120 199  84 109 129  26  68 183 117 130 110  72 235  33   0 181  16 222
 228  42  92 248  69  46 230 239  84   1  99 240 202   8][183 207  15 190 156 129 199 237 158  20 248  79  98 194  40  65 121 226
  14 231 107  43  74 255 184 128 143  62  89  58 240 136][248 118 153 108  40 108  85 152 162 190  45  44  87 247 193  91  23  84
 237  42  73  71 250   0 195 227 101 188  34 241   6 115][  9 157  55 249 231 247 181 119  92  67 126   2 188  62  34 168 239  51
 178   1  21 184  50 213  79 207  94  67 219  76 173 251][106  51  97 192 105 249 248  83 169 105 188 249 138  30 148 182 238 151
 223 133 153  43 228 192  22 120  26 243 199 132 231 245][120 180 184 112 153 253  81 143 243  63 172  25  31 189  74  56 161 147
 253  16  26 107 186  19 219 223  20 127 242  64 198  99][162  12   2 159  68 161 170  99  20   3  83  18 160 232  56  64  72  42
  51 131  48 190  67 251   4  52 218 128  21  73  48 136][ 66 185  18 154  41 212  24  65 175  29 129   9 174 214 110 214 166  49
 255  81  22  11 154 241 153 116  10 251 144   6  47  95][124 173 204 103 155 123  71 187 116 166 174  12  99  97 139 149  57 230
 108 106 104 240 125  46 254 231 101  21 227 250  94  96][ 49  73 107  77  84  11 239 112  69 224 254  74 115  73 181  36 120 236
  22 234 201 179 101 156 114 140 161 144 119 186  80 168][ 57 149 102 109 119 159 252 119  85  64 254 227  59  60 182 225 238 186
 151  45 220 184  37 157 118 121 178 128 127 140 240 223][ 84 142 142 151 154 139  39 232 182 151 194   4 246 226 107 201 113 110
 106  56  50 217 139  62 188 167 127  77 176 104  41   0][  2  42 219 157 124 139 232  74 190 161 112  74 180 138 116   0 250  45
 115   1   2 252 194 221  12  30 155  96  84   8  83 136][ 34 205   2 140  84 129 142 231   4   0  88   2  32 136  48  64  72  42
  19 193  66 170   2 253  32   4 138 136  21  24 176 136][ 44  19 106  32 249 115  88  89   3 236 191 189  75 141 122 128  93 140
 135 180 156 179 125 156  90 201 161 245 255 174 220 210][  9 153 191 253 247 213 189 135 206  73  94   6 188 190  50 224 238  51
 179 145 151  56  51 209 109 237 190  67 221   8 173 155][252 177 152 112 168 233  85 159 163  61 164  57  23 147  74  27 131 146
 237  16  26 107 202  17 219 193 117 125 226 192 198  11][220 190 142  31 153 250   7 191 182 239 206 148 195 228 138 209  81 102
 232  58 125 221 253  63 236 231 101  85 162 119 140  82][ 80 148  95 100  11 122 148  99 237  18 171  40 254  58   4  50 171 183
 236   0  92  47 179  69 145 246  82  19  97  98 167  47][166 237  64 138 204  33 206 236 131 130 185  10  64 232 125   0  89 202
  19 227  82  35 138 178  56  12 143 188  85 123 242 128][ 37 113 120 103  52  15 227 184 116 232 127  76 211  88 155  48  58 204
 126 111 205 176  93  12 228 191  37   4 109 187  82   1][184 101 117  69 147 207  69 127 117 160 102   8 123  87 132  53  58 146
 196 104 123 252  49  31 107 203  37  64  99 128 198 168][157  83  97  99  38  30 255 152  97 200 127 230  91  93 217 160  62 220
  21 238 201 180 237 168 102 233 161 132 111 183 112 241][  3 158   2 153  22 163 186  71  30  67  90 247 172 138  50 192 127  43
 147 149  55 156  69 255  44  54 154 192 156  12 185 157][ 56   5 112  97 118  27 254 112  77  96 127  10  75  25 148  32 190 156
  87 107 200 176 101 140 182 221  32 146 103 174  82 193][ 67 249  35 168 247 132 185 247 170  77  90  79 188 158 118  96 230  47
  19 213 214  26 176 215 125  60 158 234  28   4 177  91][ 41 157  50 109 213 159 230  55 125 104 110  76 250 120  22 180 152  42
  66 108 199 184  81  63 175 253   4  48  90  10 202 140][134 140 134 147 134  34 172 167  60  19  90  18 140  42  48  73  99  71
  51 147  48 220   9 226  44  38 222 192 133  80 177   8][ 53  65 105  76  92   3 207 248  68 224 252  74 115  73 189  32  88 204
  22 234 201 179 109  60 112 172 161  20 117 187 112 160][189  68 106 168  20   2 203  88  84 198 215 151  89 203 186  65 120 140
  23 255 233 183  36 206 242 201 171 204  63 173 120 208][ 61 123 113  69 112  95  71 120  97 168 251 104  83  23 133 180  62 220
  68 234 201 178 237  44  55 173  37  20  99 179  70 225][ 63  74  64  91  53 155  74  16 215  38 246 230 107   0 183 244  88 160
 142  94 238 190 101 254  54 127 132 147 127 159  88  12][ 80  64  68 141  28 139  72  40 143  32 154   2 206  10  32  66  74 165
 110 224   8 161  67 221 144 182 203  20  52  42  16   0][137 207  30 191 248 139  39 255  22  50  96 240 245 227 168  65  91  74
  34 104 114 220  79  63 108 135 127  36  56 152 129 136][189  64  98 232  20 147 194  88 214 192 245  18  83 200 191 224 120 168
   6 121 237 167  36 154 242 205 163  76 127 174 120 196][249 175 101 225  52 159  79 189  87 238 178 249 235   9 146 176 221 228
 220 103 252 188 109 191 170 223 165 244 102 140 212 105][ 73 111  85  69  48  30  79 176  97 232 190 108 211  39 145 181  22 196
  92 110 201 144 105  12 166 251 101 148 106 179  66  57][120  19  90 104 123  79  81  65  45  45 165  41  14 151  34  16 254 149
 207  32  24 163   1  68 211 213   2 127 114   2 238 147][  9 188  63 121 225 255 177 119 124  91 124  84 191  63  34 169 173  59
 146  57 183 252  50 157 239 223 114  64 218  72 235 251][  1 173  25 235 180 143 103 255  86  33  72  66 183 210 232  96  82  26
   2  88 147 184 109  63 236 132  39 100  56 138 129 168][220  41 220 116 232 104  65  51 160 149  38  25  87  35  67  91   1 230
 105  24  56  92 194  32 201 171 117  41 160 225 198  98][  8 189  17  75 209 223  50 111 127  65 108   8 190 247  36 244 144  59
  82   0  19 152 112 127 175 220  20  66  90   2 199 190][124  61 249 102 217 120  87 151 115 199 173  12 114 245  71  55 145 238
 192  24  57 107 248  42 123 253   5  59 227 114 198 122][223  18 186 184  99 148  89  24 251  95 151  86  92 154 107 253 245 133
 188 157 135  71 178 192 154 123 122 154 154   4  41  87][ 91  86 107 240 228  54 237 119 117 106 214 246  27  47 179 121 127 143
  31 173 185 211  37 206 246 239 250 132 175 241 243 113][177  65  79 237  20   2 107 112 116  64 247  70  83   1 177  97 122 132
  30 238 233 182 101 140 244 171 226 132 109 171 112  32][122 184  96  90  75 253 144 207 139  85 180 153  40 220 126  63 173 147
 219  17 134 111 186 241  27  80  88 251  87   4  94  95][ 97 185 146  16 216 141  32 199 170 145 168  77 166 130  70  16 129  43
 106  20  23  75 146 117  28  20  21 122 200   0 139 156][215 149  61 118 168  14  29  57 185 186 151 120 222 127 136 123 135 215
 125  42 249  69 139  78 243 251 101 150   2 240 131  49][ 72 158 151 119 169 110  37 191 182 155  70 112 237 243 136 255  39 118
 232  24  49 216 171  35 109 246 119  70 194 244 161  61][ 63 103  97  65 238  27 207 216  67 228 189 238  83  76 223 180 127 204
  85 127 201  50 237  18 126  77 165 244 255 255 210 245][244  32 123 108   9 255  83  72 225 132 225   8  95 215  45 185 184 177
 196  98   8 167  48  12 147 249   0  27 113  35 102  98][ 66 169 150 154 219 193 176 231 190  21 128 145 164 166  96  82 163  59
 235 145  22  75 130 113 157  54  94 107 144   0 167 138][167 124 227 131 213 179 234 208  93 193  91 214  40 204 181 228 126 234
 146 223 135 188  60 230  62  28 142 194 175 223 120 220][ 43 105   6 155  77 149 184  68 207 113 213 159 172 136 118 141 232  43
 251 215 134 127 222 241  22  81 218 251  31  15 185 158][ 11 237 104  95 214 145 191 246  94 192  92 134 185 236 150 164  63 107
 147 205 199  56  60 255 110  13 143 224 119 150 211 252][ 86 187  57 186  61 196  26 232  15  28 145  59 206 223  88  80 215 153
 221 211  90   3 251 247 185 213 139 255  20   7 167  99][248 184 144 188 131 232  80  95  51  59 160 121  63 183  64 153 161 159
 253   0  62  79 146  51 211 227 120  57 162  68 142  11][ 71 120 245 242 108 173 184  16 171  25 177 121 190 158  84  59 166  49
 127  19 130 109 202 225 215  88 122 250 196 131   3  39][194  26 150 157 171 174 189   7 191 223 130 245 204 166  71  79 167 119
 238  21  53  77 194  64 156  50  94 218 136 116 175  95][171 203  98  25 101 155  86 135 223  68 246 173  42   8 183 212  74 170
 142  76 238 184 100 255  38  95 148  19  87 156  92  76][ 71 233   1 154  27 137  11 232 171  80 137 141 230 198  78 214 135 227
 104 199  15  67 250 117 184  16  11  58  24  39   3  84][  9 189  16 107 209 255  50 111 127  65 104   8 190 242  44 180 153  59
  18  16  23 184  81 127  47 221  16  98  90   2 203 158][156 178  17 161  34  75  42 184  62  40  19 244 221   7 136 132  55  29
  93 106  81 148 137  87 132 196  43 228  46 130   3 177][  9 153  54 123 165 255 116 119 125  73 126   4 191  61  34 232 165  59
 150   1 149 184  51 157 207 223  80  66 218  68 129 219][ 37 113 121 103  52  15  99  56 100 232 251  76 211  89 153 112  58 204
 126 110 201 176 221  12 228 173  33   4 109 171  82 160][107 234 214  92 105 156  80   7 235 185 230  12  42 130 198 246   5 166
 236   8  79  79 226  99  30 255  16 123 106 132  74  13][241   0 111 229   4   2 105  48 116  64 246  70  83   3 145  97 122 132
  62 172 233 180 101 140 214 235 226 128 109 168 112  32][120 142 100 229 253 251  78  63  87 238 190 169 235  13 146 245 217 166
 221  45 253 186 101 159 230 223 149 209 102 204 220 120][ 79  18  97 130 108  56 106  16 169  92 127 229 137 207 255 214   6 192
 183 110 135  16 174 192  38 120 160 172  30 231 120 117][214 249  18 186  57 221  26 200 175  12 133  41 174 214 106 212 166 177
 221  83  70   7 186 243 153 212  10 251  16   7  47  87][  3 140   3 141  22 179 170 103  30  65  90 199 172 174 178 192 127  43
 147 149 183 152   5 255  44  38 154 192 156  12 185 220][244  80 159 116   8  78  85  56 176 154 167  24  87  87  65  59   0 212
 108 106 105 103 251   0 211 171 117  28  96 177  70  34][ 50  65  80 141  62  11 206 105  13 160 185  10  79   8  53   0 122 197
  95  99  72 179  73 156 176 216 139 180 117  58  80 128][125 158 173 151 243 222  51 157  50 223 182 117 126 246 202 254 117 254
 172 148 191 216 251 231 255 103 255 198 138  36 172 125][  0 197  10 172  20 128 173 119   4   0  90   2  49 163  32  64 106  43
  19 136  82 136   0 221  96 165 170 128  53 136 177 136][ 34 201   0 136  84 129 142 231   4   0  88   2  32 136  48  64  72  42
  19 193  66 170   0 189  32   4 138 136  85  24 176 136][ 54 121 246 132 239  67 191  73 143 230 177 175  72 254 119  10 238 225
 251 243  84 103  58 192 114  28 207 191 205 127 231 214][ 64 184 145  30   9 205  17 239 190 125 136  61 166 210  74  84 145  59
 232   0  23  73 202  55 153  22  17 123  16   0 135  94][ 60   5 114 229  54  11 254 112 101  32 255  10  75  41  21   0 126 157
  87 235 200 179   5 206 178 253   0 132 103 175 114 129][164 205 192 154 212  33 142 236  18 130 121  26  96 232 125   1  89 234
  19 227 114 102   8 191  56  14 207 108 213 123 242 136][ 78 145 149 139 189  76 179 137 174  21 155  23 204 159 106  66 231  87
 235  83  82   9 251 241 141  53  14  95 144  15 165 115][134 205 150 151 150 160 174 167  60 147  91  18 108 106  57  73 115  99
  51 211 114 220   8 239  44  38 223 196 132 115 161   8][ 38 200   2 157  68 169 170 194  20   3  80  18 161 200  48  72 120 234
  23 195  26 188  66 183 132 246 154 200 149   9  16 128][230  48 149  24   9 233  65 200 255 125 161  24 206 244  77 190 145  32
 232  16   3  99 250  81 153  22  65 126 210 101  70 102][185  85 123  76 116  79 195 120 121 224 245  72  26  17 165 177  90 156
   6 106 233 183  52  78 241 172  32  20 105 187  98 161][111 188 245 245 238  28 220 184 233 250  53 233 223 125 223  63 135  87
 245  39 244  96 238 224 206 219 125 190 231 245  71  87][ 90 251 127 108  50 214  55 245 169  76 254 229 126 215 134 112 166  55
 237 192 193 153 162 125 250 241  38 131  74 134 167 251][230 101 113 232 236  45  94 216 141  48 185 235 143 223 253 123 222 145
  95 247 138  39 200 208 182 216 139 254  22 255  82   7][175 255  56 219 237 253 191 213 205 126 220  47 236 220 255  37 255 219
 151 211 215  50 250 243 119  89 142 235 151 255 189 215][ 89 190 156  31  25 222  81 185 186 223 116  44 254 246 138 183  49 230
 228 160 253 232 186 125 205 167 119 193 235  36  79 123][145 133  70 161 180 139 230  99  68  40  90  98  67   8 178 197  58 170
  22 169 117 185   5 157 188 136 168 193  61 136 216 139][ 41 157  48  47 213 159 230  63 127   9 124  76 238 120  54 180 152  42
  66  45 215 184  81  61  47 253   0  64  90  14 202 141][ 49  73 107  76  84  11 199 113  84 224 254  74 115  73 181  36 120 172
  22 106 201 178 101  31 112 172 161 128 117 186 112 232][ 94  22 110  44  18  50 187  81 180 198 215 245 221 230 139 209  54 181
 221 167 173 135  45  78 208 103  43 132  45 231  47  81][ 52 105 115  69 112  79 231 240  97 168 250 104  83  21 133 180  62 252
  68 106  73 178 225  12  55 172  37   4  99 179  70 161][ 86 248 176 162 191 117 155 200  79 180 155  47 207 156  95  74 255  93
 221 115 138  99 249 240 185 212 143 255 149  31  21  91][ 94 152  48 138 187 212  58 200  47  20 157  35 140 158 103 196 231 153
 255 211  70   3 185 247 187 245 138 255  18   7  37  87][  9 203  87 101  52 142 111  53 109   8 126  64 191  19 144 116  54 180
  30 108 193 184   1  77 228 253  34 128 106 130 225  41][ 51  32 227 204  78  50 239  90  83 226 244 210  57 175 245 228 127 204
  23 172 169  87 174 202  22 108 155 172  55 252 112 252][133 169 119  83 157 223 225 105 247  17 103  24  74  80 140 181  24   2
 106  56  51 249 127  93  47 218   1  70 195 128 194  36][184  72 232 237  76  51  77 123  23 166 252  26 115  41 242  64  89 140
  55 138 200  62 103 154  86 207 245 188  55 234 112 168][244  32  59 104   8 255  83  72 160 132 225   8 215 215   1  57 152 185
 204  98   8   7 242  28 211 193  33  57 112  35   7  98][178 203  15 188  28 131 197 239 150  40 240  79  98 226  36  65 248 160
  14 225 105  43   2 221 176 162 207  60 121  56 240  40][174 239  34 154 205 181 158 196 143  54 157 143 108 200 127 142 233 235
 219 215 214  39 222 243  54  81 142 251 159  95 185 222][127 248 226 166  55  91  95 248 107 238 150 171 127  28 219  50 190 221
 213 103 204 118 253 171 243 205 173 183  39 255  86  95][252  40 220 118 201 104  97  18 160 149 102  25  51 163  67  91  33 230
  97  24  56  92 146  32 223 227 116 105 162 161  70  98][ 33 173  19 155 212 187 162 239  94  33 120  94 164 224 168 164 121  42
   2  28  51 186  76 255  44  22  23 108 218 138 129 172][120  33  26  40 233  77  80  93 161  45 167  25  31 151  74  16 166 149
 207  32  24  67 192  16 211 245  32 125  32 130 174 131][130 153 150 153 237 165 184  71 158  25  80  50 172 158  96  73 199  59
 147  17  18 220   2 209  13  16  26 234 144   8 161 139][  6 176 176 155 123 245 184 202 142  93 185  35 140 222 110   8 239  27
 211 145  22  11  58 241  15  20  26 239 209  15  39 215][ 78 102 114 128  63 217 186  72 143 204  29 175 140 204 127   4 182  57
 223 245 132  97 134 202  62  84 143 255   7  15  29 215][123  64 225 221  70  18 233  80  17  99 213 218  57  47 148 236 124 252
  55 141 137  82 229 202  22  46 250 168  39 172 114 252][184  64 104 245  76  41 237 114  85 162 119  26 115  41 150  40 104 172
  55 143 232 190 229 135  86 207 240 176 103 136  80 232][ 26 149  18 170  53 205 122 115  45   9  89  34 175 158  40  64 246 187
 159  17  26 154  16 245 187 245 138 202  20  10 165  27][124 225   8 162 217  29  94 236 163  49 169  29  79 203  74 144 153 203
 201 119  78  67 218  53 186 193  29 127  40  23 138  18][ 49   5 123  77 116 139 235 115 101   0 126  66  51   9 180 100 122 172
  22 168 201 184  37 207 118 172 162 128 103 138 112 168][ 56 203   2 190  84 129  74 228  23   0 216  66  35 202  33 192  88 234
  23 194  74 171  10 191 176 229 170   8  60  27  56 136][ 71 148 177 116 234  44  95 187  57 170 186 120  94 127 200 123 151 215
 125  46 241  71 137  66 211 190 117 158 136 241 131  51][179 201 111 253  52 141 252 103  93   0  82  99 178  24 180  97 238 179
  23  69 232 184  69 253  36  58 154 130 117 136 240 141][ 73 159  27 237 176 142 107  55  44   8 122 100 191  19 128 112 118  63
  30 108 209 152  65  93 237 237  34 192  40 128 161  41][  1 143 143 191  18 130  46 167  54   1  74 197 245 226 160  64 119 111
  42 133  50 216   7  63 172  38 254  64  12   0 161   8][  3 237 104  91 215 213 175 247  94  64  92   2 184 252 182  32  58  43
  19 205 199 184  61 255 111  13 143 225  87 158 241 254][124  51  90  40 123  79  81  81  45  45 181  45  14 151  34  16 254 149
 207  32  88 131 144  76 211 213  34 191  64   2  46 147][ 61  68  98 168   4  50 235  88  85 226 215  23  89 139 187 108 121 140
  23 175 172 183  37 206 210  79 178 132  63 239 112 192][ 34  32  91 234 108 137 232  73  47  17 241  90 132 202  92  25 250 137
 115 129   2  54 194 209  20  24 154 104  85 138  99 128][  9  75  83 197 116  14 111  53 109 168 126 100 251   1 149 244 118 228
  22 110 193 184 101 205  38 248  32 128 110 186  64  41][ 11 254   3 187 113 133 111 244 188  72  80  68 189 151  32 129 238  59
  23 207 227 156  16 127 165 201 186 128  24  22  35 249][  0  32  91 153 116 139 232  65  62  33 113  74 180 130  48  72 250  41
   2 137   2 190  64  85   4  16 154  40  20   8  81 136][131 223  86 201  50 139 173 119  60   8 114 230 189  19 176  37  46  59
  23 201 225 188   5  95 164 154  58 128 127 144 161 185][137 202  28 189 122 139 165 255  22  35  82 246 245 227 160  65 123 110
  34  72  96 220  79  63 100 135 127  36  56 152 161 136][ 92 150 206  55 147  90 103 186 118 230 238 133  67 230  11 116  49 238
 232  46 125 217 189  63 251 231  69  69 162 230  92  86][ 84 104 215 133  78 137 226 192 175 176 162  10 230 194  65  26 106 229
 106 210  74 227 195  96 156 128 207  24  33  59  97   0][233 255 172 150 221  95 183 191 210 254 188  63 250 117 203 167  61 246
 238  38 229 105 122 191 255  71 101 191 123 124 159 255][255 109 114 100 164  62 222 119 233 202 188 169 159  31 151  55 190 245
 221 239 236  39 164 202 242 253  39 154 103 246 103 117][114  72  66 140  60 139  74   2  47  32 250  10 206 138  48  80 114 165
 127  65  72  27 193 222 180 180 138 152  52  10  80   8][ 58 157  22 186 153 253 144 111 159  21 200  25 174 253  34 196 193  51
 235  17  22  11  82 183 187 247  24 123 210  76 141  14][ 45 241   9  97 124  15  71 189  67 232 189  76 211   1 216  48 216  76
  84 126 201  96 249  28 237 221  37 124  88 170 210 160][ 69 162 220 101 176  42 104  41 126 167  99 112 199  35 136  88  51  12
 108  60  48 208 205   6 204 174 119  68 160 160 195   0][118 186 144 186  41 233  16 194 171  21 128  57 174 210  65 154 133 243
 232  81  14  79 218  49 153 208  25 123 144  21  15  26][170 248 177 218  75 237 177 206 159  95 116  25 172 220 108   9 141  27
 179  17   2 111 186 241  31  17  90 123 210  12   7 255][100  60 241  70 241 110  87 159 123 251  60 124 114 125 205  54 149 222
  84  32 187 122 248 106 127 188  37 190 203 113 198 243][124 180 184 112 185 253  81  87 179  63 173  25  31 191  74  56 133 155
 253  16  58 107 250  19 219 207  53 127 224 192 198  99][ 29  13  23 206  52 142 103  48 196 136 127  70 119 243 161 100 112  96
  14 106 225 161  56  63 241 174  34   0  24 171 112  33][114  77  98 233 116  10 122  18  41   0 250 136  11  15  21  80 254 141
  23 224 136 154 193 206 182 252 130 128  39 134  98   9][ 24 236 151 125 147 239  37 231 182 131 226  64 244 243  33 241 177 122
 106  16  34 220   3  63 233 166  86  66 224  80 163 170][ 16 201  10 172  20 128  79 245   4   0  86   2  49   3  48  64 104 170
  23 200  74 136   0  61 224 161 170 128  52 152 176  40][ 24 149  18 170 117 173 122 114  45   9 121   2 191 223  40  80 254 187
 151  17  26 154  16 189 255 213  10 200  18  11  33  19][244 120 157 116  40  76  85  26 178 187 160  56 215 151  65  27 129 213
 108   0  41  71 210   2 209 162 117  60 224 112   6  35][201  19 125 253  42  78  93  55  44 110  22 253 255  55 130  91   6  23
 125  44 177 204  99  29 198 171 120 144  46 160   5 121][ 94 153  25 170 191  92  27 200  47 117 159   7 206 222 104  66 247  85
 255 243  83   3 187 243 217 245  11 127 156  15  37 115][118 120 187 164  63  67 223 204  11 230 184 175 143 252  87   2 254 253
 253 243  73  99 245 168 185 221 143 191 205 127  37  82][ 94 181  89 170 191  69  91 232  31  52 157  47 207  94  73  80 247 153
 221 243  90   3 249 213 249 213 139 255  52  39  47 115][ 10  55  98 128 111  51 186  72 141 140 157 167 140 142 119   4 190  49
 223 247 196  33 134 200  50  80 139 175   7  31  61 215][209  71  71  39  48  10 111  48 100 192 203 196 243  99 152 115  54 228
 124 238 233 145  29  12 176 170 231   0  40 178  32  48][ 50  69  66 236  84  11  78 105  13 160 250  10  75   8  53  80 122 197
  23 226  72 179  65 204 178 236 129 148 117 186 112 128][ 33  16 233 204  76  67 207 120  87 230 117  14  16 173 244 100  89 204
  55 168 233  62 255 155  87  14 179 172 119 168 116 252][112 173 150  50 221 173  96 207 251 177 169  24 162 224  76 158 169 198
 106  16  62 107 218  51 153 178  21 123 192  72 210  14][105 178 172 220 125  95 177  57 219 236 180  47 250 253 130 167 188 180
 255  36 133 105 242 157 223 127 113 187  91 172  95 127][176   5 123  77 116 139 235 113  84   0 127  66 115   1 180 113 122 168
   6 232 249 186  37  15 118 173 160   0 117 138 112 169][246 109  83 160  78 169 110  64 173 162 170  10 135 138  85  82 106 165
  74 227 104  39 192 202 180 144 143  56  37 123 112   0][ 50 201   0 140  28 129 142 229 132   0 208   2  35 136  48  64  72  42
  31 193  74 169   0 189 160 225 138 144  85  24  48 136][ 73 178  62  28  25 223 209  57 171 253 246  45 190 150 130 180  52 165
 236 128 135 233 179 221 203 243 115 215  74   4  79 127][ 60 120 250 166 118  91  90 240  99 228 190 175 127  29  83  50 190 221
 213 231 204 242 253 168 243 205 169 181  39 191  86 219][  6 112 176 168  63 229 186 202 143  69 185  11 142 222 111   8 255  25
 151 145   2  35  26 209 153 213  26 127 208  15  39 211][130 248 178 155 199 229 184 199  30  27  80  51 172 222  96  73 255  59
 147 145  50  92  26 241  13  16 218 235 148  12 181 155][240 191   7  61  26 142   0  47 180 186 226 121  99  32   0  83   0 238
 104  64 124 221 199  63  37 162  81  80  97  32  70  10][210 109 115 228 166  40 220 103 249 130 184 219 175 187  21  19 238 183
  93 167 232  39 128 202 176 252  14  58  68 240 227  12][120 176  26  40 104  73  81  89 161  45 165  41  31 151  74  16 162 149
 207  32  88  67 208  20 211 209  33 125  32 130 142 131][ 56  13 114  97  54  26 254 115 117  32 254   2  75   9 149  16 126 141
  23 232 232 186 101 206 182 255 162 128 103 174  96 136][218 190 148 186 187 184  64   7 171  27 128 248  46 230   0 223 167 179
 204 144  63  79 130 253 185 242  30 251 138  68 139  63][ 40 203  74 254  92 129  78 246 150   4  92   6  49 203  49  64  72 234
   3 202  74 170   2 191 114 173 170   9  53 155 120 136][  9  94  87 207  38 154 175 180  77  14 122 230 253  34 165 228  38  99
  38  74 193 184  37 239  36 174 114 128  62 155  33  61][ 95 178 172 125 113 222  57  57 179 221 150 229 255 255 202 254 247 244
 253  28 159 202 239 221 223 127 127 195 142 164  47 127][  9 203  83 109 116 142 107  53 109   8 126  68 191   3 128 116 102  36
  14 108 193 184   1  77 230 249  34 128  74 130  99  41][175 158 249 251 253 213 255 254 157  95 252  63 253 255 255 164 255 219
 151 183 247  62 122 255 127  95 175 238 159 254 252 255][115  64 105 205  76   1 233 112  81  37 245  74 113  41 148  45 120 140
  55 200 137 242 229 144  86  42 240 168 119 137 116 224][ 51  97 227 205  69  82 232  80  83 225 209 202   8 174 180 253 124 140
  55 205 141 242 229 208  22 120 218 170  47 175 114 164][ 58 157  96  31  71 249 212 103 159  71 238 139  42 172  54 213 200 171
 139 129  78 186 118 255  55 113 144  19 119  76 124  94][ 78  19  50 137 123 240 186  72 175 172 152 163 140 222 111 196 246 181
 191 243  66   1 168 220 183 112 139 255  22  39  45 215][  9  94  31 255  48 149 111 240 164  76  94  68 253 215 163 225 246  35
 151 206 225 144  58 253 231 233 186 128  58 147  41 249][250 179 112  80 107 217  81 103 251 117 165 189  42 140  70  53 138 171
 228  20 222 111 230 213  27  88  17 123  99 132 206  94][  9  94  31 252 100 140 173 118 188  10  94  96 189 145 177  97 238  51
  22  73 225 189   2 239 100 255 122 128  92  24  33 169][102 174 149  18 137 233   1 143 139 183 137  25 230 224  79  31 129 103
 232  17  62  75 202  48 137  18  93 127 208 108 143  78][ 41 206  98  79 116 155 231 244  85  64 126 198  99  64 183 164  24 104
   2 110 201 176 109  63  36  30   0   0  95 159  88 172][177 203  15 140  76  11 133 127  84 234 210  78 179 128 160  97 104 164
  46 236 105 175 101  31 240 162 254  24  57  56 112 232][120 180 239 109  81  95  99 250 119 238 238 173 115 245 130  48  57 236
 236  32 173 251 253  31 255 239 101   5 235 164  70 122][165 101 107 109 116  15  99 120 116 160 251  76 211  65 153  48  88 204
  70 110 233 182  93  30 244 172  33  20 105 171  82 160][193   4 125 229  38  42 105  19 124  67 118  82 155  35 144 121  98 132
  62  40 177 188 101 200 198 235 114 128 109 200  81  41][  3 141   3 137  22 178 171 103  28  65  90 198 172 166 178 228 118  43
  18 141 151 152  37 223  44  38 154 192 156  14 177 252][190 239  34 186 221 181 158 231 159  54 157 159 108 236 127 135 253 227
 207 215 126  39 250 243 251  87 143 251 151 127 189 198][ 29  31  23 206  53 150 111 112 229 136  95  70 125 226 177 228 116  96
  14 110 161 129  40 239 176 254 163 128  58 171 113  37][ 55   0 226 204  68  50 237  88  85 194 215 134  67 237 191 108 120 172
  55 174 136 183  36 202  18  78 195 132 183 255 112 228][  9  74 115  77 116  26 234  53 109   0 118 194 187   9 148 228  50  36
  22 108 193 188  37 205  38 253 162 128 110 138 121 173][134 140 134 150 148 162 174 175 158 147  90  18 108 234 121  75 123  99
  51 147 114 200  10 255  40  38 223 196 148 113 177   8][ 45  39 233  97 252  15  75 184  67 168 189 204 211  97 217  48  28 204
  68 126 137 114 237  30 238 221 165 180 237 171  82 161][114  13  82 232 116 139 120  71  61   1 250  10  47 138  52  80 250 175
  31   0   8 154  65 206 182 252 146 128  52 136 112   9][ 65 134 217  37 176  10 111  63 124 167 107 244 215  35 152  80  19  76
 108  44 184 252 197  14 236 174  55  68 192 128 195   0][ 36  97  81 139 204  41 238  72  46  17 233  90 133 194  92  24 122 137
  74 251  18  54 207  81 148 128 138 108  85  91 227 128][145 206 220 189  48  11 110 190  86  35  66 214 243  35 160  64 115 110
  38  12 106 156  69  63 196 174 113   0  56 184   0 136][  9 145 182 123 177 221 112 117 239  73 127  20 254 255  42 228 180  59
 191  16 151 184  59 245 203 223  16  67 218   6 173  91][252  32  59 104   8 107  81  73 160  36 225  24 151 151  40  24 216 157
 204  34  24 167 224   0 211 193  32 125 224  35  39  34][193  81  31 101  44  14 103  48 104 170  98  76 215 113   1 115 144 100
 108 110 225 240 209  12 229 169 101  20  72  50  66  41][  2 141   2 136  20 130 168 103   4   1  90   2  44  42  48  64 106  35
  19 129  82 152   0 221  40  36 138 192  20   8 177   8][106 141 109 229 253 251  92  55  79 229 190 137 239  45  22  52 139 182
 253  33  29 171 113 221 174 222 209 211  70 204 222  92][237 191 145 116 242  46  62 190  59 187 120 120 156 179 193 183 149  95
 117  40 177  90 128 106  61 188 101 174 202 240 131 169][225 189 181  85 242  46 176 190 123 185 120 120  62  61 196  63 157  95
  85 120 179 250 192 111  45  62 117 230 203 113 195 187][ 27 253  50 251  53 212 123 244 173  76  78   6 189 215 170 229 228  42
 157 206 235 152  56 189 227 249 154 130  26 134  57 123][ 11 141 104  77  86 211 175 103  94  65  92 130 185  92 182  36 122  43
 147 137 215 184  52 255 111  13 142 225 119 140 245 238][ 57 101 113  78 120  91  70 124  97 200 254  72 115  80 141 180  88 252
  68 234 201 178 229  44  51 236  37  16 107 178  98 172][ 91 251 127 108 114 208  61 117 169  76 254 165  61 223 134 240  38 185
 253 197 193 155 167 221 247 249  42 139  39 134 175 251][ 27 253  50 186  23 213 187 252 156  93  76   6 188 215  42 228 246  27
 155 235 227 141  58 247 241 217 138 106  30   7  53 251][246 232 144 186  75 237  16 198 171  53 128   9 174 198  65 154 129 243
 200  80  14  79 218  49 153 209  29 123 144  21  15  26][148  76   2 185  20 171 234 194  31   3 210  18 163 138  33  72 121 232
  14 194  42 188  65 191 160 246 138  64 180  25  49 128][ 71 107 245 250 238 140 190 192 171  17 177 104 188 219  93  27 166 243
 127  83 130 101 138 225 148 152  74 250 212 147 131 161][253  85 125 101  32  14  79  56  96 234 247  68  83 115 153 115 124 212
 124 106 233 180 121  12  99 235 229   4 107 179  98  49][ 79   3  97 206 125  28 238  24 169  64  53 197 137  79 191 246 102 192
 159 238 133   0 172 200  38 124 131 174  31 183  88 245][255 237 194 158 221  61 214 236 219 194 189  11 106 248 127 183 249 227
 222 231 254  99 222 255  58  95 199  63 223 127 250 134][122 157  22 190 153 213  16 231 143  21 232  25 174 254  38 208 192  51
 235   1  30  11  18 181 187 247  26  91  18  12 173  14][124 115  90  96 121  79  81  81  45 108 181  45  30 151  34  16 254 149
 207  96  72 131 144  76 211 209  34 223  74   2  46 211][105 185 117  89 221 255 240  49 239 216 127  76 170 152  68 189 136  34
 238  88 151 104 255 245  15  88  65  74 203   5  70 119][  9 194  91 207 116 142 107  48 109   8 119  64 253  83 168 116 118  40
  22 110 193 176  32 109  70 185  34 128  90 131  97 169][194  45  83 254 252  40 238 103 185 130 184 218 175 170  52  19 235 227
  79 169 112  47 128 234 180 190 222  24  68 240 227 136][212 189 158 176 184 232  81  19 178 183 175  57 151 183  66  27 129 183
 237  16  58  75 210   2 217 195 117 121 160  64 135  50][ 44 193  90 235 116 207 123 208  23   1 125   2  31 219  56  80 124 152
  23 120  10 178  80 159 119 205 160  64 178 139  98 130][107  50 188 108 109 223 185  89 171 253 180 173 190 157 150 190 174 181
 255   5 133 107 242 149 215 121 113 187  78 140  95 255][250 160 214 112 139 248  80 207 163  23 164  25  15 163  74 159 163 151
 236 144  30  79 130 209 218 211  80 127 226 196 142  78][  1  91  58 222  96 149 127 240 252  76 126  68 245 215 187  96 118  98
  22 206 197 128  58 125 103 175 162 136  24 147  41 249][184  69 127  79 116 142 235 112  84   0 119   2 115   1 180 101 126 168
   6 232 249 188 117 255 103 169 162  64 119 139 112 161][ 30 113  56 168  85 197  90 200  31   1 248  11 159 159 105  16 252 153
 151 209  10  50  24 209 243 213  10 111 177  31  39 146][126 120 185 160  61  67  95 214   1 224 188 143 159 157  83   2 222 253
 221 243  73  98 241 168 251 213 143 189  46 189  36 122][246 174 149  62 137 233  16 137 187 255 161  25 238 228  74 159 129 247
 232  19  62  79 234  51 153 210  93 123 192  71 134  70][ 75  50  62 104  41 223 177  25 175 125 246 173 158 159 134 188 174 149
 255 132 135 171 243 209 215 249  50 219  90 132  15 127][ 32 203  74 222  92 129 207 230 148   4 124 131  32 195  51  68  72 234
   3 206  66 170   2 189 112  12 130   9  55 153 116 136][194  19  50 136 107 209 186  72 175 140 147 163 140 206 103 196 246  53
 251 243  68   1 130 210 183 112 139 175  20   7  45 215][243 185  97  82 123 221 208  88 235 121 180 253  42 157 214 181 174 179
 213  85 159 107 246 245  27  89  17 251  67 132  78 223][134 114  34 136 111  23 190  72 141 172 209 167 140 142 119 198 238  13
 219 231 132 131   7 192  54  16 138 171  31  31  61 215][ 35  80 225 205  69  83 233  88  75 105 121  74   8 140 244 172 104 140
 178 203 197 178 245 208  22  56 202 170  87 143 114 181][ 91  50 125 237  57 222  57  25 171 252 150 229 159 159 210 246 230 189
 253 220 143   3 231 209 215 121 171 251  14 132  39 117][ 82  72   6 172   4 130 136  96 132   0 210   2  33  10  49  67  72 160
  63 225  72 131   2 140 144 225 202 128  52  40  48   8][ 56 121 123 228 116  67  95 242  65 228 254 175  59  29  83  18 206 253
 213 239 201 250 249 172 247 205 165 161 111 187 118 250][ 85  69  71  46  16   6  78  56 228 192 203  68 243  99 152 243 112 228
 104 238 233 129 221  45 176 170 229  16  40 179  96  32][158  87  87 228  18  82  62  97 165 192 223 162  73 183 161 197 126 181
 159 226 121 145  37 206 242 227 170 131  39 246  45 113][ 50  13  98 237  84  10 206 119 101   0 250   2  11  43  20  16 122 173
  23 160 200 187  65 206 178 254 130 128 103 136 226 136][201 218 189 188  42 220  93  55 165  95  22 253 255  55 130 123   6  55
 253  12 209  12 227   5 198 251 112 208  46 132 133 123][ 43 157  82  88 219 149 176 103 223   1 108  22  40 218  38 244 238 171
 130 128 214  43  54 215  54  92  18  75  91   4 233 143][ 42 143  98  26 117 249 240 103 223  69 124 185 170 236  54 196 200  43
 131   5  54  41  38 255   7  87 154  11  87  76 220 222][ 50  69  98 236  84  11  78 122  69 160 250  10  75  40  53  80 120 236
  23 226 200 179   1 206 178 236 131 180 117 250 112   0][ 33 205 104  75  85 219 231 245 125  68 124 140  35  12 150  52  24  40
 194 110 255 184 124  63  46  29   4  65 127 142 218 252][ 37 107 105 101 116  11 107  16 115 168 190 236 211   1 213  48  24 236
  68 110 137 242 229  14 102 141  37 180 109 187  82 168][ 25  15 150 245  36 190 110  18 237 136 126  68 175 163 179 228 230 108
  46  78 133 153  32 232 194 255  98   0   2 253 105  45][ 41 166  48  11 245 191 226 219 127 109 125 125 238 233 190 132 157  42
 198  29 150 184 105 255  14  95  48 225 222 142 219 197][ 52  81 121  69 246  79 223  24   4 236 127 174 209  85 159  32  94 156
  23 238 217 176 125  12 103 141 161 148 101 187  84 241][194 105 213 246 236 168 236 134 171 178  49 218 172 171  85  27 175 247
 127 211 112 109 138 224 140 152  95  58  69 241 195   8][120 178  90  96 105  77 113  80  41  45 180  45  31 151  74  16 238 149
 207  48  10   3 208  64 211 209  32 253  98 128  46  83][229 238   9 110  92 143  67 248  87 168 244  76 243  65 153  49  88 236
  70 110 235 118 233  63 244 168 165  60 121 187  82 168][ 17  14 201 111  48 171  75  50 116 131 106 212 243  99 145 112  83 238
  44  60 169 156  69  47 228 174  32   0 184 225  64   8][  5  95 115 222 116 148 175  16 237  76 123 230 253 226 183 228 118 107
  54 238 129 176  38 239  36 188  42 128  30 243  33 125][  3 141  43 137 150 163 171 119 108  65  90 198 180  38 182 100 118  43
  18 141 211 152  53 255  44  44 186 192  28   8 177 252][ 89 215  58 250  53 221 127 245 229  77 126  20 191 223 190 240 244 170
 157 110 255 185  56 181 235 249  52 201  18 142 252 123][130 152 146 155 231 229 184 199  30  27  80  50 172 222 104  72 255  59
 179 145  50 220  27 243  13  22 154 226 144  72 165 155][201 156 191 249 160 164 125 151 188  27 118  48 188 183 160 123 167  51
  63  24 179 205  50 227 199 251 114 194 144 208 161  43][  9  66  83 207 118 158 239  48 109   8 119  98 253  75 188 228 118  44
  22 238 193 180  37 237  38 248  34 128 126 155 105 173][ 94 125  56 226 189  87  91 216  47 240 159  15  95 223 107 112 255 221
 221 242  73   3 248 188 249 213 143 126 190  63  37 114][197 107 159 250 236 136 174 200 170  16  56  96 252 202 249  91 166 113
 127 255  67  99 138 240 164 152 111 172 156 115 163 161][209  81 159 101   0  78  87  48  96 234 162  76 215  49   1 123 144  84
 108 106 105 229 145  10 225 235 101  16  72  50  67  59][134 141 134 158 148  34 174 175  22 147  90  18 104 234 121  65 121 111
  51 179 114 200 139 255  40  38 223 204 148 120 177   8][126 113 240 224  77  85 220  75  11 228 184  11  14 158 103  58 252 153
 151 193  78  35 242 192 147 209 207  63  65  62   7 214][193  14 159  37 176  46 103  51 112 138 106  84 247  35 145 115 177 102
 108  46 177 180 129  46 228 174  96   0 200 241 227  41][120  54 111 125  83  95  99 122 117 239 230  61  83 245 134 113  57 252
 236  32 169 255 189  15 251 239 117  69 107 164 102 127][220  36  26 104   8 233  83  72 161 174 229  25 215 215   9  24 144 181
 205  34  40   7 226  26 209 197  33 125 224  99   6  98][ 65 159  29  37  48  14  99 182 108  41 122  68 247  51 128 112 149  70
  76  44 225 184  65  63 236 174  34 128  72 130   3   9][ 63 254 250 255 255 221 255 252  95 254 245 191 125 253 255 165 255 251
 151 255 231 127 126 255 127 223 239 239 255 254 253 251][ 29  15 119 222  55 182  75 112 213  76 255  66 104 226 183 228 116 232
 142 238 169 163  44 255 179 254   3  10  50 175  96 101][ 34 193   2 142  20 129 140 109   4   0  81   2  96  72  56  64  88  32
  19 161  66 168   8 221  32  32 138 128  85  10  48 136][ 97 228 220  87 240  42 232 135 123 177 120 104 204  35 220 191 135 111
 100  24  16 248 138  72  12 186 119 100 204 240 203 173][245 120 159 101  32  78  71 148  96 250 166  72 211  17  65  59   0  84
 124 106 233 229 241  40 225 171 101  20 104 243  66  40][  2 129   2 136  20 129  40  33   4   1  82   2  40   2  32  64  96  35
  19 128  18 152   0 221  40  32 138 192  20   8 177   8][ 18 185  58 254  19 205  20 103 169   5 224   9  46 159  36  16 160 187
 223   0  66 171  18 245 243 213  26  59  82   0 135  91][ 64  13  82 137 118 137 232  71  45   0 250  10 174 138  36  80  98 175
  78   0  66 187 128 223 180  60  26   0  20   8 227 136][122 141  16 186 155 241  16 239 143  21 168  25  46 255  32 208 193 179
 235  17  30  11  90 183 187 245  26 123 146  12 173  10][120 232 152 186  73 205  16 198 170  53 160   9 174 214  65 154 129 243
 201  82  14  79 218  49 153 193  28  59 144  17  15  10][ 57 191  42  43 150 175 147 239  86 197 248  39 243 232  50   0 216  43
   2  53 158 187  28  63 232 133  47  81 125  78 251 202][ 29 145 187 123 181 253  83  25 255  77 127  16 174 255 126 228 182  27
 223  88 158 169  59 243 235 221  32 203 210 143 237 103][172  81 123 201 212 207 235 216  85   0 116   2  27 211  57  32 120 136
  19 250 106 178 112 222 103 137 160   4 115 154 112 160][133  67 115  79 100 154 238 176 109   0 119 194 243  72 189 228 122 232
   6 238 197 180  45 237  38 184 162   0 127 187 121 132][ 61 121 113 230  61  79  91 112  35 232 189  12 159  31  67  48 206 253
 221 242  73 178 120 188 251 221 165  60  46 191  98 114][150 118  34 138  47  23 186  96 141 174 209 183 140 142 119 197 238 133
 223 231 228 135   1 194 182  81 138 171  29  31  57 215][ 44 113  90 232  84  77 119  88  17   8 125  10  19 217 121  16  88 152
  23 106  74  50 120  18 119 141 165  44 115 155 102 162][130   4 150 145 166 160 184   2 190  19  82  18 140 170 112  75 103   3
  51 145  50 220   2 194  12  54 218 192 132  64  33   1][ 75  50 124 104 105 221 121  19 173 125 247 173 158 159 150 254 230 149
 255  21 135  15 243 208 215 249  58 219  94 132  47 127][221  36 189 101   0 110 105  16 112 170 167  24 211  51  89  59  49 212
 124  42  41 244 241  10 197 171  97   4 234 225  66  32][107  50 126 236 109 221 249  83 175 125 180 173 158 157 150 190 174 149
 255   5 135  43 243 208 215 249  56 251  78 140  79 255][163 121  99 205  77  23 234  64  77  96 241  78   8 156 181 166 236  13
 242 231 197 179 247 192  23  56 138  42  95  31 122 148][243 161 124 106 250 157 216  77 235  49 181 185  51 157 222  49 142 147
  85  85 190 111 202  53 115 217   0 255 117 129 202 143][110 186 182 112 233 253 152  83 171 251 181 125  14 159 198 190 143 243
 245  21 150 111 186 224 155 219 117 250 194 196 135 119][ 91  50 117 233 107 220 121  24 175 109 183 237 157 159 214 246 230 149
 253 157 143   3 231 208 215 249 170 219  46 132  39 119][254 168 149  50 169 249  18 194 187 255 160  57 174 246  67 155 133 247
 236  83  62  79 202  51 153 210  93 123 192  85   7  95][ 57  68 127  79  84 158 239 112  85   0 255  66 123   1 188 101 120 160
   6 234 233 180 117 191 119 235 226  64 119 139 112 160][ 88 243 151 176 171 217  20 167 171  61 162  61 175 166  66 211 167 199
 236  16  78  73 130  49 187 243  92 123  32  84 143  75][219 218 182 252  41 252  89 150 171  95 150 253 191 191 194 255 135 119
 253   4 173  79 163 161 195 251 120 155 142 180  15 123][ 34 201  98 216  93 193 135 230 134   4 108   3  32 137  54  68  72  42
   3 200  66  43  50 189 113   4 146  41  23  28 116 234][126 176 246 114 139 253  81  67 163 119 165  29  10 255  70 159 169 147
 237  16  30 111 186 209 219 217  81 127 227  68 238  87][  1  98  75  71 116 138 107  48  97   8 119  68 243  65 156  48  18 172
  70 110 201 176 164  45  70 189  32   0  72 130  66 168][ 86  94  78 198  98  82  62 224 165 128 223 162  77  39 173 231 118 213
 191 226  65 149  37 236 122 163 238 133  39 179  45  53][192 142  82 158 252 168 238 231 252   3 105 208 245 227  56  66 107  99
  74  14 112  45 142 107  52 182  94   8   4 122 227 168][  6 136  32 138  21 129 138 232   4   0  81   2  96  72  56  64  88   0
  19 227  82  32  24 253   0   0 138  64  21  11 112 128][ 36  21 122 228 116  71 251 121  81 232 125  10  17 125 125  48 120 152
  23 168 200  50 112 206 127 157 165  44 119 170 118 242][220  48 189 114 169 106  81  16 178 182 167  24 215 119  73  59 161 244
 108  50  56 101 187   0 219 195 117  53 224  97   7  34][207 126 241 213 172 120 253  22 235 255 182 246 173  46 215 127 103 199
 127 157 161 101 246 192 222 249 255 188 142 245 103 217][212  56 159 116  10 106  81  18 224 190 166  24 215  55  65  59  33 244
 108  50  41 101 163   8 209 227 113  17 224 113   7  98][  2 154 146 155 151 225 186 207  30  11  88 179 172 222 104  72 255  59
 147 145  50 156  10 243  13   6 158 227 149  76 181 219][ 50  76 114 229  86 138 238 119 125   1 250   2  47  43  52  80 106 175
  23 129 200 186   1 207 182 254 146 128 103 136 224 136][ 11 158  50  24  91 181 176 111 223  93 124  23  44 186  38 212 237  43
 130  21 150  58  50 215  31  95  18 107 211  68 239 207][120 178  90  96 105  77 113  81 169 109 182  45  31 151 194  16 174 157
 207  52   9   3 241  80 215 209  34 255 106 132  39 211][ 85   7  87 109 176  46  99  51 100 200 107  68 215 115 128 112  84 102
  76  44 185 184  65  14 236 175  32  80 232 226 192  33][ 86 237 158  62 139 208  22 236 171  22 140 137 110 231  75  27 161 115
 233  66 126  75 138 113 251 211  93  59 146 119 175  90][ 78 178 248 240 236 253 184 223 139 127 181  61 140 188 254  42 143  19
 223  21 147 111 234 209 158  89 127 255 212  76 135 213][171 223  97  11 213 159 183 245  85 108 212 239 242  28 190 164 252 170
 214 103 255 184 125 191  47  90 172 194  95  14 208 255][  5 107 154 169 172   9 175 205 174 152  56  64 157 195 225 104 178  73
 110 254  67   1 138 112 236 153  47 172 156 243 161 161][212  54  24 171 186 104  59  81  44  14 155 177 159  31  11  80 230  19
 221 163  38   1   1  74 209 197  42 181 144  99  45 131][  9 221  58 232 116 223 127 252 100  92 124   4  31 223 186 112 247   8
  31 110 199  41  58  55 235 205  39 205  48 154 252 251][  2 136   2 138  20 133 138 224   4   1  81   2  40  10  48  64  72   1
  19 195  82 136   8 253  33  32 138  64  16  11  48   8][ 86 156 166 190 139 224  28 207 159  23 201 179 108 254 111  75 231 243
 187 147  50  67 138 241 155 114 223 203 181 116 165  83][161 110  77 109 124 207  67 248  87 232 244  76 243  65 145  53  88 172
  70 110 233 246 105  29   4 154  97  52  89 186  82 168][  1 141 106 205 150 210 175  55  68  64  94 130 177  15 178  96 110  50
  19 237 211 152  37 125 102 173 170 192  53 136 177 104][  1 223 106  78 116 215 127 248 124  76 126   4 113 215 187 112 118  72
  23 238 195 176  62 127 103 189 162 128  16 179 116 249][ 81 157  29 111  48 142 103  52 108  72 106  68 247  51   0 115 132 119
 124 106 209 136 145  45 225 234  98   0   8  34   3  57][ 11 251  50 219 245 157 190 255  31  89  92 102 172 223 246 228 239  59
 151  29 215 184 114 247  46  93 190 234  30 156 185 253][252  54  26  98 136 111  85  91  49  47 175  61  23 131   2  25 145 151
 205  50  56   7 128   2 211 229  32 253 160  67 166  83][  3 140  51 217 181 199 161  39  94  73  92  18 164 248  52 100 209  42
  19  25  51 184  98 215  45  30 154 194 144   8 181 175][ 35  77 103 222  20 147 142 230 212  64  88  66  32 232 181 228  72 106
  18 203 229 168  36 191  32  46 138 128  29  31 112 172][ 25 149  46 173  22 143 214 121  84  96 218   7 247 120  50  65 120 167
 222 103 252 185  29  61 240 231  43  80 125 174 121  10][255  65  96 199  87  30 238 176 121 200 182 215  75  76 159 245 122 193
 151 239 237 178 109 238  54 120 134 135 111 191 120  84][ 50  77  98 236  84  11  70 127  85 160 248  10  11 169  53  80 120 236
  23 160 200 187  65 206 178 237 129 144 119 250 112 136][ 12 177  59 104 180 221 123 157 127  93 124   1 159 221 122 112 151  27
 159 124 159  40  59  55 235 221  37 205 210 139 204 115][ 11  16 227 133 102   6 236  59  93 202  90 198 221  42 186 100 126 141
  55 173 197 144   5 202  20  62 235 132  63 228  57  21][ 57  68  99  73   5 158 199 112  85  72 254   2  83  89 188 228  88 160
  54 234 201 182 117 159 115 255 128  64 115 155 112 164][220 182 156 112 171 108  81 139 187 191 167  57 206 247  74  27 167 151
 237  16  56  71 139  66 219 215  85 127 192  96 135   3][173  21 127 201 116 215 235 121  84  72 244   2  83  81 189  37  88 136
  22 250 233 182 112 158 103 203 162   4  83 138 112 160][246 232  61  58 232 141 220 204 250  48 161  89  23 216  93  25 140 145
  81  83 126 103 218 117 145 136  88 124  81  17 131 130][ 40 184 184 122 201 205  17 207 150  61 164  25 182 215 106  24 129  27
 195  16  26 111  90  49 203 213  20 127 208   8 134 170][ 75  50 120 233 109 253 249  83 173 109 246 173 159 159 214 254 174 145
 223 149 135  47 243 208 215 249  58 251  78 132  79 247][ 86 143 230 190 139 194  28 239 159 151 216 179  76 238 106  75 239 251
 191 145 122  75 138 241 184 102 223 207 181 116 165 211][209 217  31 101 128  78  71 181 224  74 162  64 247  55   0 115  32 212
 124 106 105 201 177  45 241 170 102  16  40 178 163  57][ 84 225  91  35  23 204 227 152  98 100 105  14 211 200  91  16  56 140
  72 123  75  48 188  61 225 164   1  44 109   3  71 242][220 162 188 114 170 104  81   3 178 183 167 185 207 231  74  27 163 151
 237  16  56  69 171   0 219 227 117 127 224  96 135  99][131  95  99 205 116  86 239 188  92  74 122 230 249 110 181 228 126 104
  22 238 225 176  63 255  38  62 170 136  28 243  97 253][ 33  98 107  71 116  11 227  48 100   0 115 200 243  65 157  48  26 236
  70 110 201 176 101  13  68 172 160  16 109 171  82 160][ 95   3 226 197  98  18 104 120  41 132  95 231  77 110 191 196  54 141
 183 172 132 144 173 200  22 111 235 132  39 166  41 245][218 250 246 252  43 252  25 150 171  95 150 253  62 191 199 255 135 247
 253  21 143  79 162 225 211 251 120 187 142 212  47  95][ 61 111  96  67 252  27 207 253  87 236 188 233  67  40 215 148  27 204
  70 110 236 178 109  30  62  79  37 180 119 254 218 205][254 184 242  82 171 253  80  83 171  95 181  61  10 221  70 190 173 179
 237  16 159 111 186 208  91 217  84 251 195  68 206 119][  2 193   0 136 180 133 142 197   6   8  80   2 128 136  48  64 200  10
  19 209  66  40   0 181  40  16 142 224  20  24 176 136][189 121 121 230 124 223  94 112  33 232 253  12 251  31  67  48 220 252
  85  98  73 178 120 172 247 217 161  48  32 187  66 250][ 24 203 106 237  52 134 111  53  68   4  86 130 177  15 176  96 110  51
  23 200 200 152  37 189 227 233 174 129  53 152 240  40][210 250 182  54 139 140  21 134 187  31 130 157 174 166  71  95 165 231
 237  85 110  77 154 113 153 114  94  59 128  21   7  95][145 133  39 172  30  11  70 120  85  64 210 231 119 121  50  65 120 228
 126 239 253 185  69  31 240 227  33  80 125 172  48  74][222  22  28 187 170 168  60   1 172  23 147 181 205 206  10 203 231  19
 253 149  54 197  91 208 192 241 254 215 156  68 141  83][ 86 118  10 163  46  37 186  64  44  46 219 183 157  14 123 200 238 141
 255 167  44 131  65 226 212 197 170 141  12  95  41 211][ 22 207  98 134 151  82 238 228  53  68 218 135 105  46 190 196 120 207
 155 239 220 155  45 239  58  32 142 197  47 183 252  92][167  65  34 140  93  23 158 104 223 104 177  95 136 136  55 165 220 133
 219 231 237  39 214 222  51  24 139  63  95  63 123 132][ 11 251  50 219 245 157 188 255  95  73  92 231 172 206 246 228 239  43
 151 205 215  58 126 247  46  93 190 234  30 140 185 221][ 28 177  19 234 219 229  19 248 187  21 233  25  94 223  40  16 183 155
 215  34  26  35  26 215 217 213   2 111 242   3 167 147][ 58 217  35 216  95 213 134 231 198  68 200   2  32 156  52 228 200 186
 130 193  79  43  50 189 177 197 158  91  85  28 244 254][ 35  77 103 222  28 131 174 113 196  64  91  66 112 104 181 228  88  98
  18 235 225 169  46 255  32  46 130 128  29 186 112 172][118 190 147  50 137 237  19 200 171 191 169 185 198 228  67  30 129 241
 236  19  30  71 218  50 153 214  77 123 192 103   7 119][129 221 105 207 116  71 239 252  93  78 124 102 241 119 181 100 126  72
  23 238 225 176  61 255 101 190 162 132  30 187 117 249][130 149 146 156 146 160 188 167  30   3  88 178  44  46  48  64 103  19
 147 129  48   8   0 215  40  38 158 194 148  68 161  25][ 53  67  99  75  84 154 227 184 101   0 243 194 243  64 157 116 120 200
  70 238 201 182 109  61  38 168 160  64 127 155  82 164][ 48 141  82 141 118 170 238 103  45   1 250   2  46  42  52  80 106 171
   6 129  64 186   0 239 180  60 138   0 101  72 241 136][ 75  58 241 212 236 120 121  22 171 255 180 252 188 174 215  59 167 247
 127 153 149  77 178 224 158 217 255 186 142 244  71 253][ 50 217  26 168  53 197 158 229 205   8 240   2  44  26  36  64 202 179
  23 193  75 171  16 253 177 248 142  91  28  24 185 139][208 120 159 116  42  74  21  48 160 158 166  48 247  55   1 123  38 117
 109  98 105  69 163   8 209 163 112  17  32 240  39 107][189  80 124 232 104  79  91 120  49 232 245  24  83  95  11  49 222 157
  85 230 109  54 121  28 243 201  97  52 113 179 106 243][220 183  24 178 137 108  85 215 177 127 175  61 223 119  74  27 165 151
 205  48 126  71 216   2 251 199  52 253 168  80 142  83][  2 158 130 155 150 227 186 199  30  69  90 183  44 222  40  64 127  59
 147 145  18 156   9 255  44   6 158 195 149  76 181 219][171 223 101  73 245 159 191 253  93  72  80 103 248  92 190 165 220  10
  23 103 247 184 117 191  47  88 173 194  95  14 208 255][161  58 109  77 108 107 193  56 109 238 246 108 243  64 151  53   8  36
 110  46 233 180 101  29  68 154  97  16  88 171  82 253][ 26 143  98 235 215 145 250 103  69   5  90 131  41 137  52 192 106  43
 131 129  82 184   4 255  46 101 138 195 119  14 253 142][ 41  58 125  69 106 187  97  48 126 230 118 236 255   5 147  49  54  44
 110  46 161 244 229  29 198 203  97  48 102 169  71 249][ 11  48 123 233 111 253 185  87 173  93 126  61 172 158 214 238 166  27
 223  17 151  45 242 193 215  89  58 235  94 132  15 223][218 182 156  48 171  56  20 143 187  63 160 189 143 171  74 155 167 135
 237  20  62  79 131  19 218 211  92 127 138  68 139  91][167 104  40 172  13  23 158 104  92 234 145  31 150 152  55   9 216 205
 219 103 236  39 211 158 177 209 139  57  88  59 121 134][195 184 255 245 110 108 249  22 171 215 182 246 189 191 214 123 231 119
 127 141 129  79 182 225 207 249 254 168 132 240 103 251][ 50 217  19 136  31 197 150 229 140   8 144   2  60  30  32 224 204 177
 155 195  79  43  16 253 177  16 138  26  17  24 181 138][ 58 182 122 225 119 235 252 119  13  47 124 179  45  31  34   0 238  59
 135 129  80 184   0 207 230 215  58 163 119 140 135 203][ 45 125 122 111 116  79  95 112   1 200 253   8 115  87   3  49  92 248
  87 106  73 178 121  45 231 233 161  16 106 187  82 250][ 11   1 227 133  69  22 232  57  85 200 215  70 217 106 190 228 124 140
  55 173 141 146 117 200  22 126 203 132  63 172 120 212][218 182 156 176 171  45  16 143 187  63 166  57 142 179  74  27 167  23
 237  16  54  79 138  83 219 211  93 127 128  68 143   3][238 184 187  80 235 253 217  83 171  95 180 125  14 223  70 191 175 179
 247  16 159 111 178 241  91 217 112 251 203  69 206  87][214 253 150 190 203 192  30 239 191 151 201 179 108 246 104  82 231 243
 251 208 114  79 138 243 185 246 223 207 177  84 167  91][214 143 166 158 218 194 158 237 158 151 217 179 108 238 106  75 111 255
 175 215 122  75 142 241 184  34 223 255 148 118 181  91][ 60 244  25 106 219 101  83 216  51  25 173  24  94 223 105 152 181 217
 199 114  27   7  26 247 219 221   1 126 243   3  39 163][ 63   1  99 142 101  22 234 121  85  74 215  70  89 232 191 228 120 172
  54 175 205 178 117 206  22 126 194 132  31 174 120 244][  2 141   0 140 150 160 158 167   6   3  88 131  44  46  48  64 111  83
 147 133 114   8   0 255  40  54 158 192 148  84 177  25][241 195 110 173  22  11  71 125 117  32 210 194 115  40 176  97 120 132
 110 237 236 187  69  31 176 226 224  16 125 168 112   8][ 45  92  99  75 109 159 199 120  85  74 253  74 123  89 191 228  88 168
  22 106 233 182 125 159 119  95 160  24 119 190  80 229][114 216  18 236  37 198  94 228 141   0 208  66  62  26  37  64 200 241
  31 195  73 139  16 253 177 248 138  26  29  24 120  11][170 176 162 154 109 221 177  72 159  93 181  63 140 156 118 157 205 153
 247  17 134 111  58 209  31  81 218 255 215  13  31 215][189  80 125 229 108  79  95  88  49 234 241   8 211  95   9  57 216 189
  87 106 105 182 120  28 231 219  97  52 120 187  66 178][ 11 223 106 219 245 157 252 255  95  93  92 231 173 206 182 196 239  43
 151 141 246  58 102 247  46  93 190 235  31 140 249 221][ 41  16 123 197 101 115 225 123  93 170 126  50 152  61 188 164 122  24
  22  40  17 184  97 206  71 223 178 132  87 136 245 163][ 70  60 142  28  11 236 146 130 170 214 136 141 172 246  71  90 165 117
 233  21   6  77 146 115 153  54  79  59 136 117  11  82][ 22 207  98 142 213  82 238 228 149  68 218 135  97 238  54 196 120 206
 147 239 204 155  44 239  56  36 143 133  47  55 124 220][ 40 209  56 184  93 197 148 119 199  73 216  67  52 156  34  96 204  59
 147   1 223  43  18 157 241 213 154 123  26  12 188 155][ 74  58 251 252 105 244  25 214 171  95 180  61  60 159 199 123 135 247
 253  21 131  79 178 225 219 121 122 186 134 196  39  95][131 186 249 241 236 237 185 223 143 121  53 253 156 159 240  43 143  59
  95  29 147 108 250 209 204  24  63 254 220 136 129 241][ 32 161 185 106 237 237  81 205  74  61  45  24 150 149  72  58 129  26
  66  24  19 106 250  17  77 152  21 126 208  10 199 226][  2 133   0 137 180 161 140 231  12   9  24   2 128  40 112   0 201  10
  19 145  82  56  64 148  44  20 142 224 148  88 144 128][  2 215  11 252  52 144 220 119 140  13 222 230 161 143 164 224 206  59
 151 140 219 139  34 221 162 253 186 202  20 136 252 249][195 212 149 185 169 254  56 142 191  91 130  21 236  62  10 207 135  87
 255  21  39 205 147 243 133 242  90 215 136  84 169  95][ 45  79  65  71 116  15 111 176 125 168 126  76 211   1 149  52  16 108
  70 110 193 176 101  46  38 220  33 132  78 187  82 169][ 35  93  98 158  95 215 158 224 223  76 220   7 104 220  55 100 248 235
 147 199 230 171  62 255  51  62 154  11  23  31 125 223][ 19  77  67 220  20 146 142  99 212   0 218  66  97 232 180 228 120  34
  30 235 237 169   4 239 176 110 138 136  29  46 120  12][167 143  98 218 244 147 158 239  85   0  89 211  97 104 190 224 221  43
  19 239 254 170  76 255  42  92 142 195  95 143 248 132][ 34 145  60 184 188 149 157 119 142  13  92 102 180 153  38 192 204  27
 151   5 210  43   2 149 235 253 186 218  24 136 177 249][131 184 125 241 236 237 185  31 142 121  49 252 188 159 240  43 175  59
  95  29 147 108 122 209 204 153 127 252 220 136 129 249][ 11  17 231 197 117  86 232  81  93 105  87  86 136  24 182 236 248 140
  54 173 149 176  53 196   6 120 154 198  31 140 249 229][ 11 223 104 219 253 157 252 255 223  93  92 247 172 202 182 196 239  43
 151  13 246  58 110 247  46  93 190 235  95 140 201 221][ 19  13  67 204  20 146 206 119  84   0 218  70 112 224 180 228 120  36
  30 232 233 187   5 206  48  46 170 128  61 234 248  44][ 35 221  98 156  95 213 156 239 223  78 220   3  40 252  55 228 221 171
 147 133 198  42  54 255  51  62 139  43  23  92 125 222][109 111  91 103 116  14  99  48 105 168 126  76 243  65 153  48 178 108
  76 110 193 240 165  46 230 253  37 128  74 187  82  41][  2 133   0 137 180 161 142 167  14   9  24  18 160  42  48  64 201  66
  19 145 114  40  64 247  44  22 158 192 148  72 144 136][ 51 206  34 142  85 210 198 224 213 196 218 135  96 232  55 196  88 236
 147 239 236 187  44 191  48  38 143 129  53  63 124 204][ 70 249 150 186 155 201  48 232 191  21 128  41 236 254 110  82 227 251
 235 208  82  75 218 245 157 150  95 123 144  38  15  90][227 184 251 216 234 253 153 210 171  95 180 125 188 158 198  59 143 179
 215  21 179  79 178 241 219  89 122 250 196  69  39 251][214 169 143  53 139 234  48  67 166 245 195 145 133 166  66  90 163  63
 233 145  20 217 135  64 153  34  75  71 128  37  47  86][122  88  23 172  15 212 150 228 140   0 128   2  44 222  33 230 200 241
 155 195  73  35  50 253 177 241 138  27  19  63  53  42][ 91 190 149 178 171 189  16 135 171 127 136 237 174 174  74 159 167 195
 237  21  23  73 154 241 152 210  94 251 138  68 143  95][189  96  88  74 233  13  87 220 123  26 181   8  94 211  77  60 189 216
  70 122  42  39  59 114 251 223  37 126 218 179 106 163][136 150 114 197 119  91 249 119  93  13 126  50  60  63 164 100 110  27
 151   0 178 184  33 207 102 223  50 131 183 136 229 171][114  99  54 252 121 225  24  73 143 148 249  43 110 223 100  18 222 185
 239  17  10  67 202 221 147 208 139  59  18  46  47 194][ 53 205  66  74  90  27 198 232  69  32 232  74  99  64 189 180 120 232
  66 106  76 179  77  61  48  44   5  20 113 187 122 132][ 13  71  83  71 116  26 111 180 125 136 126  68 247  65 157  52  50 108
  70 110 193 176  37 110  38 252  39 128  78 187  67 169][170 112  52 218 109 221 185  80 143  93 181  63 140 158 118 175 206  25
 215 209 134 103 250 241  95  89 154 255  87  13  15 215][153  50 126 125  98 186 121  82 189  66 102 244 189 199 131 121  38 189
 127 140 161 148  39  93 214 235 114 128  42 128  35 241][194 184 251 245 110 108 249  22 171  87 182  18 189 191 212 107 103 119
 127 153 131  79 242 225 205 185 254 168 132 224 231 250][ 82 237 214 158 139 192  62 237 191 151 168 163 108 254 108  83 167 251
 251 210  98  75 138 241 185 230  95 175  49 114 167 155][214 207 166 158 222 130 190 237 151 151 219 183 104 238 122  67 127 239
 175 215 126  75  15 255 184  38 207 221  21 126 180 192][134 143 108 251 157 179 206 239  87  23  89 151 225 105  62  65 217  99
 131 183 246 172  79 255  46  94 158  65 149  93 248 142][249 202  76 175  22  11  71  52 116  32 210 194 115   1 144 113 104 164
 110 239 232 188  69  63 244 163 240  16 125 154  80   8][ 37 173 231  95 213  63 166 233  94 233 251  70  72 104 157 165 121  78
 114 255 181 250 125 239  62  62 199  68 207 255 250 132][217  62 110 117 114 170 121 114 113 238 246 229 123  79 146  81  54 237
 125 140 168 244 165  77 214 235  97 128 111 160  98 217][126 102 193  64 207  51  78 200 115 166 189 238  73  97 213 156 123 204
 230 190  29 247 237 202  30  78 197 255 231 247 126   4][ 79 155 133  19 169  62 108 183 187 251  19  84 204  98 205 223 133  71
 253  30 179  89 155 226  14  94 223 198 138 246 169  21][ 45 176 145  65 213  63 194 152  75 241  41  92 210  24  93 188 153  76
  82 126 159 112  89  16  15 156   5 116 202 235  90 132]