[178 207  75 206  86 195 238 244  20 192 250 230 113 206 181  64 126 232
   7 238 233 155   4 127  48  44 174 128 117 186 116 184][ 35 163 100  25 244 187 232  71  95 101 118 215 168   8 150 173 106  42
 130 157 150 248 101 213   6  58 146 193 207 140 218 204][ 90 189 149 229 187 102  28  23 174 169 154 226 189 183 192 230 199 119
 253 145  27  73 211 194 233 247 191 146 138 228 169  57][120 251 120  98 249 201  86 254 227  45 188  41  55 147  74  16 152 218
 197  80  90  43 200  55 251 197  37 125  98 154 206  11][159 207 162 147 175 185 174 231 253  82 154 255 234 104 191 227 239 195
 222 167 253 183  77 234 190  95 206 215 221 127 249 133][234 120 182 240 205 221 148  71 139 183 180  25  46 159 103  27 171 179
 251  17  70 111 178 192 219 209  84  59 194  92 135 206][  2 136 224 153 116 171 232   3  31   1  83  18 172 138  52  72 203  43
  55 145 178 188  67 215   4  62 154 192 148  12 113 136][ 41 164  99  65 116 203 233  87 119  97 124 200  51  21 148  52 122 170
  22   8 147 186 117 223  39 156  16  32 103 136  82 172][120 249 146 250  41 205  82 204 171 153 160   8 174 223  96  18 160 243
 253  80  90  75 154 241 219 209  85 123  82   2 135  27][ 41 173 121 101 244  14 111  55 117 170 126  72 179  49 144  48  22 238
  70  40 225 184  97  14 238 255  37   0  96 248 194 169][  2 141   6 152 156 131 170 234 150   0  90   2  96 232  48  65  88  42
   2 227 114 168  10 253  40  38 203 200  21   8  48 136][ 90 251 146 176 187 128  22 199 171 157 154 237 143 139  66 210 167 255
 237 208  94  75 130 225 186 213  62 255 170  22 175  27][114 207   6 140 156 131 110 239 133   4 218   2 106 234  48  64 120 226
  63 227  72 139   0 253 176 166 143 136  20  62 176   8][ 88 189 152 100 168 173  85  23 171 169 190   8 191 183  64 114 133 183
 125  24  24  41 243   0 251 253  52  56 226 224 198  43][120 185 184  96 189 141  87 159 107 169 188   8 159 185  65  18 132 214
 236  88 154  43 243  16 251 221  37 124 194 154 194  43][ 89 185 147 116  57 204 113  20 235 201 162  72 190 147  64 114 160 119
 124  80   3   9 146  97 219 253  20 122  74   2   3  59][105 184 149  69  13 205  65  24 235 248 160  76 190 209  68 182 128 100
 120  88 131 104 251  17 141 184   1 118  74  42  67  42][120 249  50 254  25 205  82 228 175 152 172   8  62 223  96  16 136 251
 253  66  74  11 218 189 251 245   7  59  82  18   7  27][120 235  90 170  19 193  90 244 161   4 224 169  47 135  32  16  62 185
 133 192  74 155   0  61 243 229  32 169  35 146  38  74][ 73 173 121 101 180  14 111  55 116 170 126  64 179  49 144  48  22 238
  76  40 249 184 225  14 239 255  37 128  96 248 194  41][120 249  18 234  25 205  82 228 163   4 164   9  47 223  96  16 216 185
 205  66  74  11 218 189 243 213   0 123 115   7   6  90][ 70 185 148 190  43 205  30 232 175  24 184 169 236 254 108  82 167 115
 255 195  82  67 202 253 186 210  79 187  16  55 135  83][200 185 186 118  97 236 113 119 249  25 102  24 190 191  96 121 160  59
 243   8  82 248 178  97 215 249  80  11  66  64 135 138][126  96 146 238  25  67  82 104 167 132 227   9  78 223 105  80 248 149
 237 242   8 195 155 220 219 245  11  63  34  38  38  82][ 86  56 150 186 155 233  16 202 171 185 169  41 142 254  77  26 235 159
 239  16  26  99 218 208 153 214  91 127 208  65   7  19][ 33  34 196  85  52  43  96  27 118 163 114 220 243  32 144 169  91  46
 106  60 184 252  69  31 140 190 113  80 204 232  88 128][ 82 115   6 142 106 145  58  64 173 132 211 231 108 194  99 210 182 185
 239 199 198   3 134 253 144  32  11 171  28  39  43 151][ 88 205  82 108 146   2 126 244 165 128 254 130 123 239  33  80 126 247
 127 234  72 187   0 237 242 237  38 129  99 243  98   8][ 33 159 121 101 244  15 111  55 100 236 126  76 243  37 144  48  30 238
  70 108 217 184  97  15 239 255  37 128 104 224 194 185][ 71  27 135 157 170  36 172  23 175 219 154 245 236 174 151 238 167 103
 127 133 149  73 135 192 140  54 254 146 140 116 161  85][ 88 249 150 250 185 205  86 246 175  25 172   8 190 255  64  18 133 243
 253  80  90 107 218 241 251 245  23 123  18  18 135  27][147 223 114 158 215 151 182 231 213   8 210 103  44 248  52 197 110 187
 151 197 244 171   4 255  58 108 174 202  63  28 185 143][204  81  85 100  41  78  69  48 169 250 162  88 222  55   1 255  38 212
 124 106 105  69 179 200 181 248  69  22  42 177   7  49][ 39  48 192  67 229  61 226 218 123 235 117  92 138 152 223 188 153  72
  82  29 151 118 222 194  14  92  17 126 203 111  90 132][130 176 146 155  97 173 176  67 191  27 113  16 172 154 108  88 135  59
   2  16  50 220 146 243  13  30  26 202 128   0   3 139][104 188 152 101 184 110  89  55  35 173 190  13 191  55   2  82 133 247
 125  24  24 184 209  14 239 255  53  81 202 160  78 123][169 153  62 220  69 220 245 119 221  68 102   6  62 152  54 101 224  42
  50  73 117 185  50 253  55 123  82  10  82  12 249 206][ 88 113  59 232 219  77  53  87 173   8 238   8  30 183  32 112 166 151
 219   0  81 139 176  64 243 173  22  59  98  80 167 187][180 255  98  73 242 163 111 249  53   4 124 231  57 199 173  20 126 186
  23 252 227 146  44  95 118  12 162 192 127 210 226 241][ 16 149  31 252  18 204  53 103 172   0 106   0 118 247  32  80 178  59
  25  32 112 137  18  15 241 165  42   2  32   2 167  58][ 11 248  19  92  83 221 176 118 253  64 108  64  44 152  36 180 174  59
 146   8 199 188  48 255  55 124  18   2  91   4 107 191][ 97 113 113  72 252  15 231  93 205 232 252  72 146 144 149  52 156  40
  94 108 209  35 240  92  53  28  37  60  90 154 210 229][ 56 237 122 106  84 205  87 244  69   0 108   8  51 219  33  48  56 250
   6 106  74  58  56  63 115 205  32  40 115 155  98 170][ 45  39 217 101 116  43  75 152 115 168 125  76  83  97 217  48  26 204
   6 110 137 178 237  30 126 141  37  36 109 251  66 160][169 172 145 181 244 173 174 119  26 171 120  90 181 161 208 129  93 238
  18 137 113 254 192 143  60 141 190 168  29 200 241 169][ 91 123  67 172 114 146 122 117  37  72 122 231  45 143 162 208 118 173
 149 229 205 155   4 125 178 229 170 128  47 134  43  89][  1  77 127  85  52 206 103  50 116 192 126  64 147  49 145 116 122 252
  54 200 233 184 117  46 101 174 162   0 101 177 100 168][134 133 134 157 132  34 172 239 180 147 218  18  72 234  40  75 121 103
  59 160  48 221   3 238  60  38 223 192 148 120 177 128][138 158 167 181  44  46 185  55 158 251  18 247 189  63  16  75 207  55
 191 133 177 221  83 194 205 118 254 128 140 108  21 185][  8 157  58 119 112 172 113  55 253   9 126  16 190 179   0 112 133  59
  23   8 178 184  48 111 239 255  50 192  66 192 195 171][193 146 215 245  50 170  41  19  60   3  98 240 253 179 128 121  55  63
  62 136  33 220   1  79 140 174 114 192 168 128  33  41][ 45 120 123 112 112 142 123 117 113 136 118   8  31 215 160  48 182 184
  22 120 249 186  48  14 255 237  37  64  98 160 226 163][ 37   4 123  75 116  11 235 120 116  64 127  66  83  65 188  48 122 136
   6 106 161 176 109  14 102 141  32 128 117 171  98 161][160  69 125 237 116  78 101  63  52  13 126   0 247  23 137 112 122 158
  63  40  74 152 113  31 231 175  50   0 112 152  68 169][ 90 190 171 176 177 233  89  71  58  77  88 185 191 175  66  16 135 187
 221  21  26  26 224  19 217 245  58 249 128   4 135  91][  1 190  81 203 118 187  42 254  95 105 120 230 189 151 172 164 127  27
  22  24 131 184  44 255  46 156  50 224  30 138   1 185][125 227  96 106  61 157  74 252  67 232 180 205 107 205 222 176 216 200
 205 126 206  35 205 191 187 221 165 253 119 191  94  84][ 45 109  67  71 118  27 238 216  97 224 123  78  89  96 157 180 122 236
  22 238 129 178 109 238  54  28 165 132 111 255 114 164][ 53  69  75  69  84  10 110 120 100 224 251  70  83  65 157 240 122 204
  22 234 201 178 109  12  54 237 167 132 109 187 112 160][152 153  62  88 211 213 180 103 253   1 102   0  60 158  36 245 232  59
 130 128 118 187  18 255 123 241  18  75  82   0 173 142][128 160 128 153 116 171 168  67  30  33 114  18 172   8  16  72 105 174
   2  17  50 252  65 215  12  54 154  96 212   8  81 136][  2 130   2 157  49 172  56   7  62  13  66 213 172 134  34  72 230  43
 163 149  54 220   2 215   5  54 154 195 128   4  45 219][ 86  72  87 142  94 131 234  96 173 128 211  66 108 202  49  64 122 173
 127 227  73 163   3 204 144  32 139 136  61  43  49   0][124  73  91 238  22 130  75 112 161 128 243  10 123 203  33  80 122 237
  93 226  72 163 136 204 242 233 163 152 103 179  98   0][210 234  86 158 107 128 184  70 191  23 210 183  44 206  98  91 167 177
 239 129 102  79 134 243 144  50  90 171   5   4  47 219][ 57   0 237  85  84  27 233 112  84 224 119 194  83  45 150  41 122 172
  54 172 169 248 101  12  78 175 241 128 103 168  80 224][ 86  97 114 228  50   2 122  80  45 128 243  74  79 203  53 208 126 173
  95 226 200 147 128 204 146 248 139 132 103 163 107   1][ 33 239   1 155 253 155 165 239  94  41  88  98 160 224 164 228  89  42
  34   8  82 186 107 245  44  22 159  96 146  28 209 172][ 52  45  66 232 212 163 234  66  61 129 120   2   8 202  52  16 122 171
   6 208  50 186   0 238  62  12 130  64 229 139  98 128][ 36 237   0 142 221 133 134 236 134  24 248  10 224 200  45  64 216 106
  74  98  66  43  90 189  45  28 135 124  81  27 112 136][ 61  52  32 170  61  47 198  89  95 238 137  13 198 216  59 149 216 136
  91  47 172  35 216 158 177  88   1  62  90 111  90  70][ 93  79  78 109 180  10 111 183 100 130 238 224 243  99 145 115 114 230
 108 238 233 153  37  46 224 239 231 128  46 242 224  40][222 254 138 179 163 160 127 226 189  22 134 181 237 231  75  91 239 219
 207 150 122  86 202 226 254 243 255 223 160 117 175  83][ 38 201  66 142  92 131 142 232 134   0 216   2 224 202  57  64  88 232
  31 227  74  35  74 253  48  52 143 156  21  59 112 136][  0 189 185  89 252 205 181 239 254  25 120  88 188 185 116  16 139  59
  98  17 210 122 210 245 109  30  30 106 216  72 195 171][109 112 145  77 109  95  64  24 107 248 164  76 150 144  92 182 144  76
 122 124 131  98 251  16 143 216   5  60  90  40  66 182][ 89  57  19 124  57 204  83  50 235 136 162  72 190 211   1 242 160 247
 124  72  75 107 178  41 243 253   3  58  10  32   3  59][130 176 146 155 117 173 184  67 190  27 113  16 172 154 108   8 133  59
 162  17  50 252  18 243  13  30  26  74 208   0 131 139][ 86  73  10 142  28 131 234  96 141 128 211   2 104 202  49  64 120 225
 127 227  72 163  10 253 144 161 171 152  21  43  49   0][200 218 159 253 169 172 113  23 191  31 118  17 174 183   0  91 165  55
 109  16  34 205 130 117 205 243 114  67 194   0 135  43][109 102 249 101 116  15 111 186 115 170 126 104 211  97 209  48  30 204
   6 110 201 178 225  10 102 141  37  36 104 251  66 161][127  67 102 230  22  18  75 248  33 164 159 206  83  67 155 215 126 196
  93 238 201 131  45 140 242 233 161 148  47 183 114 112][227  99   2 136  73  55 232  94 165  45 207 215   8 142  54 212 236 141
 235 204 140 151 211 208  23  56 138  40  19 135 168 220][109 103  69   5 188  27  78 189  67 226 186 236 211  96 213 182  26 196
  76 110 237 242  77  30  44  94 101  52 111 254 218   4][ 57 253  92 109 122 159  87 255  69 170 124  76  55  19   0  49 150 248
  86 106  65 186 113  61 119 235  37  52 122 186 202 171][ 24 175  58 184 113 237 113  71 191  77 116  21  47 143  34  17 174 187
 135  21  54 186   2  53 219 213  48 107 208   0 167 219][157 143  70 185 180 179 108 255  84 150 198  18 131   3 179 205 123  10
  10 254 110 221  15 191 174 203 135  68  62 216 184 136][121 233 123 236 116 204  79 252  99  72 124   0  55 223 123 112 120 232
  21 238  75  58 184  63 251 237 165  44 112 178  98 106][ 26 141  34 156  53 146 172 103 141   0 218   2  44 171  52 196 106  43
 147 129  64 153   0 237 178 116 154 131  23  12 185 140][ 53  73 107 238  86 199  75 112 197  64 237 134 115 197  49  96 126 168
  18 238 203 163  60 189 243 173 131   8  61 171 112 240][165 109 249  71 213  79 239 188 119 166 239   8 211 119  29  53  89 222
 114 106 105 240 121  46 111 191  69   4  99 251 198 224][127  67 103  70  18  82  79 120  33 164 191 234  75  71 157 180  62 212
 220 238 201 147 109 142 178 237 161 148 103 183 110 117][ 56  72 122 109 116  78 107 112  69 164 246   2  51  17 147  48 106 172
   6 234 201 178 117  44 119 233  32   0 103 187 118 232][221 121  27 102   3  78  55 224 232 130 226   8 126 211  41  51 178 245
  72 106  65 181 152  44 241 169  69   2 104  51  35  42][ 29  78 212 253 170  50 108 191 245  26 222 118 221  99 161 239 103  71
 108 174 236 133  13 222 162 239 127 132 190 240 169   5][ 80 188 191 242 129 236 117 215 185  95  38   9 190 191  96  27 165 115
 125  16  18 233 178  97 219 243  86  75 192  64 167 123][184  91 122 109 118 203 123 112 117 132 116 162 115  71 179  49 126 248
  23 234 232 182  36  61 242 201 160 128 103 187 110 251][  1 157  59  95  86 246 177  39 124  65 106  18 244  60  36 100  51  59
   2   1 179 184  53  95  45  62  18  66  80  72 165 252][136 149  58 121 240 140 121  55 253   9 126  16 190 147 160 112 134  43
   6   8 242 184  34  71 239 253  50 192  66 128 195 171][ 99 251  96   2 122 153 186 222  43 108  60 239 168 140 214 180  38 139
 215 215 199  10 174 245  62  92 139 251  95 151  11 221][194 172 182 210 201 237  49  79 187 151  36  25 172 247  68 159 129  59
 235 144  50  79 242 243  31  18  94 107 130  68 167 234][ 43  46 226  21 245 191 238  95 123 235 124 207   9 168 215 172 121 238
 146  29 134 254 196 202  14  95  21 165 207 236  90 140][ 41 175 243  69 244 191 226  55 123 233 122  76 178 160 212 180  24  46
   6  28 147 184 228 111  46  28  52  96  75 202 210 173][ 82 248 150 190 137 205  20 207 187  30 160   9 238 254 100  91 129 243
 235  64  90  75 218 241 185 210  95  59 144  80 167  26][ 59 219  99 234 118 145 223 244  71  72 252 230  59 207 180 100 126 249
  23 206 203 186 108 253 242 253 166 200 127 158 112 253][171 174 114  85 117 190 232   7 121  11 118 124 168  40 150 181 135  46
 134  12 182 252 228 207  14 126  18 195 206 140 218 141][184 141 120 105 244 143  95 255  85  40 124  26 115  41 176  49  91 170
  23 120 248 190 101  63 111 207  37 192 119 136 210 169][ 40 157 127 249 112 203 113 119   4  68 126  32  55  23  32  17  14 186
 135   0  91 184 112  29 111 167  48  65 113 136 196 251][  2 160 154 152 217 173 184 207 159  23 100 155 172 175 106   8 237  27
 163 145  50  90 146 211  95  23  30 107 144  76 175 154][105 189 121 101 244  15 109  55 104 232 126 108 183  37 146  48  30 174
  84  44 217 184 225  15 238 255  36 128 104 224 194 121][ 82 205   6 140 188 134  78 230 165  12 218   6 235 170  48  64 232 230
  63 227  72 139  16 253 176 244 142 152  28  58 176   8][ 41  45 121 101 244  15 103  55 101 168 254  72 179  33 144  48  26 238
  68  40 201 184 229  14 238 255  37   0 103 248 210 169][ 33 105 123  81 116 143 107 116 112 136 118  64  51 193 176  49  26 168
  22 120 225 184  36  44 110 143  37  64  97 152  66 161][248 249  50 250  57 205  82 224 171  24 164   8 175 223  96  19 172 249
 253  82  74  75 154 181 219 217   5 123 114   3  39  27][  9 141 123 101 116 142 105  55 125  43 126  80 179  51 144 112  23  62
   6   8 241 184  97  15 239 255  50 128  64 200 194 169][120  77 122 108  22  66 110 246 229 128 254   2 123 235 177  80 122 236
  14 234  72 187   0  45 242 237 165   1 103 179  98   8][ 53  68  79 101  20  10 110 120 100 224 242  70  83   1 149 240 122 236
  22 238 233 182 101  12 182 233 163 132 109 187 112 160][ 86  73  67 142  92 131 106  64 141 128 211  66 104 202  49 196 122 173
 127 235  72 163   0 204 144  32 139   8  61  43  49  32][120 189  58 100 177 205  83  55 107 169 190   8 191 187  64  16 132 191
  76  24 154  58 240  14 251 253  36 120  66 192 194  43][ 88 249  19 114  11 204  51  64 171  64 162   8 190 215  96 246 162  53
 248  80  67   9 178  97 145 240   2 122  74   2  35  58][105 120  17  65 125 157  82  16 235 232 162  76 190 144  85 182 128  36
 120  76 131  41 242 213 143 216   1  58  74  14  75  46][120 249  18 238  25 205  82 224 175 136 172   8  62 223  96  16 136 249
 221  66  74  43 154 189 251 213   3  59  82   3   7  27][120 249  18 234  25 205  82 244 171   8 172   8  62 223  96  16 136 251
 221  66  74  11 154 189 251 221   5 123  82  18   7  27][ 73 141 121 101 180 174 109  55 124 171 126  64 179  51 144 112   6 190
 100   8 241 184 225  15 239 255  52 128  64 192 194  41][ 52 201  10 142 124 133 199 232 135   0 217  10 242 202  41  64 216 232
  78  98  74  35  74 253 177 180 143  56  17  59  48 136][ 35 163 102  25 244 187 232   7 127  25 118 212 168   8 150 173 139  42
   2  29 182 248  69 213  14  62  18 195 207 140 219 141][190  66  82 238  22   2  74 112  37 128 247   2  75 203  49  80 126 173
  29 234 200 135  16 206 178 237 131 136  39 163 106   0][ 60  72  67 238  20 130  75 112 161 128 243  74 123 203  33  80 122 168
  29 234  73 163   8 140 242 233 161 152 103 187  98  32][ 39 239  66  77  84  27 238 252 117 192 124 198 104 232 183 164 122 236
  18 239 197 178  12 238  54  44 135 128 111 191 250 140][154 184 182 240 239 233 176  71 175 159 176  59 172 159 102  27 171  59
 251  17   2 111 130 193 155 208  94  59 130  76 167 203][116  73  10 174  28 129  75  96 132 128 209   2 115 202  49  64 120 161
  95 227  72 163 138 253 208 161 171  24  53  43  48   0][ 56 255  90  98 114 137  82 244  35  44 188 237  47 155  67 144 190 249
 197  66  78  59  72  63 250 197  33 251 106 155  78 155][ 45 100  97  69  84  11 231 250  83 226 124 206  83  97 221 180 121 204
   2 110 233 182 253 142  62  12  37  36 111 250  82 180][  8 185 190 118  67 252  48  67 171  17 110   8  62 255  32  88 162  59
 162   0  18 249 178 193 215 251  82  11  66  64  39 138][ 19  94  87 156  70 131 174 246 212   2 210 230  97 232 181  65 126 249
  19 227 233 191  20 237  48  34 234 128  61  56  49 140][ 83 251  19 160  59 132  26 246 171  73 152 237 174 198  96 214 230 239
 237 213 207  11 146 245 184 244 143 250   8  22  43  93][189  79  67 238  22  83  79 240  52 200 222 226 115  71 177 228 126 236
  22 238 233 151  45  46 240 233 171 128  63 187 120 185][ 86 249 214 190  42 137  58 232 175 144 184 169 237 254 109  80 167 243
 255 194  66  67 138 249 152 242  79 186  20 166   3  17][ 60 161 104  98 222  75  95 248  67 164 189 138  83  73 219  48  24 220
  85 250 218  50 237  60 127 141 165 125 117 187  94 226][104 189  56  97  48 239  91  55 107 173 126   8 183  55   2  48 150 190
  84  24 154 184 241  31 239 253  32  80 234 128 198  59][ 35 235  16 137 253 153 166 239  94  45  88  98 172 232 228 196 249  42
 130  17  86  58  71 247  60  20 158 235 212  28 185 141][ 33 117  51  72 116 159 231 118 237 232 184  76 154 152 180 180 152 168
  94 109 209 171  36 220  52  28  37 186  94 186 211 173][ 88  57  19 118  59 204  19  32 169 192 162   8 190 215  97 246 162  53
 248  64   1  73 178 108 147 249   3  27  10  34  39  59][105 113 145  68 109  31  96  88 235 232 160  76 158 152  68 182 152  12
 120 108 133  99 249 216 159 216   1  62  74  46  90  38][  0 185  16 217 253 141 181 247 110  25 120 108 188 187 228 132 143  59
  34  25 211  56 210 213  44  28  62 234 218   8 203 171][ 67 251 175 151 168 132 173 151 174 217 158 228 212 182 214 110  39 103
 127 221 147 201 183  96  44  62 254 192 140 242 177 125][167 151  99  73 210 163 239 123  53   4 124 230 104  67 189  20 126 170
  23 174 241 146  36 223  52  12 162 192 127 198  98 245][165  64  99  79  84  27 239 216  85  64 115  66  80  64 189 164 120 200
  18 238 193 182  45 254  36  12 163 132 127 191 112 164][126 112 114 236  91 197  82  72 171 132 229   9  78 223  45  20 248 189
 239  98  72  39 154 220 211 241   1  63 114  38  38  18][  9 150 147 117  50 174  32  55 124  11 122 112 191  51 128 244  39  62
   6  24 177 188  33  95 140 190  50 194 202 192 129  41][134 141 134 159 156 162 172 239 158 147 218  18 232 234  56  75 105 103
  59 145  50 217  27 231  60  38 223  68 149  89 177 136][ 94 166 140 177 169  40  60 139 190 222 142 181 143 227  67  91 247 139
 255 149 126  69 195 210 206 215 255 143 168 100  41  91][233  89  86  68 105  30 100  48 233 250  38  76  74  50 133 255 162 228
 236 106 229 113 176 200  54 249  69   6  74 181  74   4][191  98 232  52 108  25 220 200  83 254 181 191   3 136 223  27 152 204
 231 103 236 118 238 128  86  89 245 189 103 189  94 196][ 80 241  59  72  91  69  49 119 173   9 236  10  60 151  36 112 174 159
  91   8  65 171  48  76 123 173   6 106  65  16 167 187][ 90 189  34 186  51 204  49 103 173  77 202  37 172 159  34  64 166  43
 223   5  82   9 146 255 249 116  26 219  18   4 165 123][169 102  81  69 116  11 231  63 113 226 118  78  19   1 149 180 122 204
   6  44 225 182 245  78  38 158  37  36 111 184  82 172][146  62 150 156 106 160 184  66 190  23 210 247 172 238  99  75  39 191
 239 149  38 223 130 227 148  50  90 139 132  68  47 219][ 66 248 158 190  11 236  49 198 191  31  98   5 188 247  99  91 167 115
 235  82   2  77 154 241 217 178  94  75 136  81 167  27][210  74  30 181  10 128  29  50 180 150 130 179 173 135   3  91 102 245
 237 195 108 197 131  42 208 227 122 145  36 241  37  75][ 33 181 113  75 213 253 225 223  95 113 121  88 146  80 220 180  89  10
  18  24 147  58 120 213  47  28  20 108 219 138 210 164][169 174  22 181 116 191 232 119  84 179  84  82 183  33 144 165  75  42
   6  12  59 252  69 143 140 203 242  32 174 200 217 136][134 176 146 154  97 172 184 192 191  25 113  16 172 222 108  25 165  25
 179  19  18  84 154 241  13  24  26 106 144   1 163 131][  3 148  27 153  50 164  56 103  60  65  66  87 180 154  32  64 247  43
  19 149  55 156  17  95  12  54 154 194 152   0 161 223][  8 157  58 126 115 236 112 119 189   9 110  16 190 255  32  80 164  51
 159   0  82 137  18 239 227 255  18  75  66  64 167 155][130 176 146 155 117 173 176  64 190  25 115  16 172 218 104   8 133  59
   2  17  50 252  10 243  13  22  26 106 208   9 131 131][135 191  97  19 242 153 174 189  62 123  17 247 217  12 222 172  55  11
 215 223 247 124 125 247  46  30  63 228 255 134 139 213][  0 136 144 155 116 169 168   3  62  33 115  16 172 138  16  72 203  43
  34  17  50 188  65 247   4  54 154  64 148   8  81 136][151 142 174 187 173 153 190 227 220 122 146 246 236 232  95 235 233 199
 254 167 245 229  79 226 190 115 207 147 156 124  57   4][ 33 121 127 105 116 142 105 117 120 200 116  96  55 209 160  48 126  56
  22  88 195 184  34  77 103 169  36 192  65 144  98 169][  2 141   6 156  28 163 170  98 150   0  90   2  96 234  48  65  88 106
  59 193  16 153   2 253   8  34 202 200  20   9  48 136][ 11 252 115  92  83 212 178 102 253  65 104  98  44 158  36 180 174  59
 130 128 199 186  52 255  55  60  26  10  75   4 111 191][ 27 123  67 173 114 146 106 116  37  64 114 231  61  15 178 208 126 169
 151 239 205 154   4 109 178 233 170 128  47 150  42 217][105  61 121 101 244  14 101  55 112 170 126   8 179  49 144  48   6 190
  68  40 249 248 225  14 239 255  52 128  66 224 194 169][ 66 176 149  90 201 253 176  79 191  31 160  24 172 254  76 191 129  27
 234  16  22  75 250 209  31 146  90 123 194  68 143 174][ 41  32  99  89  85 255 224  67 127  97 112  82  42  16 148 180 120 168
  18   8 147 186 117 221   7  92 144  98 103 140  82 172][ 89 150  27 229 178 174 105  55  60  11 126 244 189  55 128 116  55  63
  60 172 177 152  33  79 236 175  50 192 168 192 161  41][164  45  66 217 212 163 234  66  21 128 120   2  40 138  53   0 120 170
   2 208  50 186   0 254  62  12 130  64 213 137 114 136][ 60  75 108  44 109  31  70 248  67 172  52  77 111 105  19 144 156 104
  71 110 136  34  74  60 227 223  33 188 114 191  90 193][  8 157  62  90 249 189 176 103 239  29 108   0 172 251  38  85 129  59
 130  16  22  43  18 245  75  85  18 107 210   4 175 142][ 51 201  99 172  21 150 206 101  69  64 208 195  97  88 182 228 120 227
  23 239 205 171  52 253  48 104 138 130  63  30 248  76][118  57 150 160 185 201 144 192 175 189 169  41 142 222 101  26 234 177
 239  80  26  75 154 208 153 208  11 127 208   3   7  19][184 189 122 120 244 175  90 119 115 137 124  56  63  59 128  16 159 187
   4  24 186 190   0  63 255 223  52 224 226 128 194 139][128 128 125 237 116 206  97  55  54  61 118  16 183  23 128  80  98 156
  47 136  98 188 113  87 199 191  50   4 112 136  69 235][  1 190  83 219 118 187 170 210  95  65 120 230 189 138 180 164 127  59
  22  28 163 184  44 255  44 156  34 192 158 201  33 189][ 86 123  82 142  90 129 190 104 173   4 209 239 108 206  43 208 126 177
 207 231 198   3  14 253 176  32  11 187  61  55  43 151][ 66 249 150 188 139 205  20 205 171  21 128   9 238 246  96  91 226 113
 235  64  66  75 154 241 185 210  95  59 144  20 167  90][ 56 249 120 106  85 221  87 252  33   8 124   8  63  95  32  16 152 185
 151  98  74  58 112  61 243 205  32 105 115 154 198 155][118  98  34 138 137  23 206  77   5  13 245 205   8 142  62 221 220 149
 207 231 220   3 209 208 179 244 154 185 147  31 174 196][121  47  69   5 180  27  71 191  65 226 190 238 211  32 151 182  27 198
 108 108 237 240 229  30  46  79  37  52 111 252 218  76][ 20 151 122 226 178 227  59 249  38  45 255 163  87 111  40  64 255 155
  15 177  26 179  41  31 251 197  43 197 181 138 165  83][ 53  73 107 206  29 199 203  96 196  64 229   2 115 213  53  96 120 168
  18 238  75 163  62 189 113 173 130   8  49 171 112 232][ 41 239   1  42 124 143 134 188  22  40 184 108 243  81 152 144  28 194
  86 111 235 170  73  63 164 204 173 240  93 154 210 137][ 57   0 238 117  84 154 235 112  84 225 119  18  83  41 146  40 120 236
  55 168 169 240 101  14  78 239 241 192 103 169  80 160][245 100 101  69  36  43 101  56 117 226 243  88 211  33 157  63 122 196
 124  46 233 244 229  14   4 202 101  20 111 251  82  32][184  72 122 127 116 223 123 112 101   4 119  10  59  27 147  16 106 184
 134  74  72 182 113  44 199 233 160   1 103 171  70 170][ 80 185 190 190 139 192  53 199 174  21 162  41  60 255  34  91 163 115
 233 145  18  75 138 113 249 227  94  75 160  80 167 123][125   5 229 101 180  59 199  58 117 226 250  74 211  40 149 246  88 228
 124  40 185 242 229  14 180 239 225  20 237 233  82  96][169  66  81  69 100  26 236  63 125 226 118  82 152   0 148 181 122 140
  34  40 225 252 101 206   6  58 242   0  79 168  66 173][190 121 114 110  73 221  82 104 171 128 229   8 110 223 101  52 216 185
 215  98  74  39 186 157 147 217   1  59 115  43 102 150][114 201   2 174  53 134  78 101 173  12 218   7 111 234  50  64 232 230
  31 229  72 155  16 237 176 244 142 128  28  58 177  10][  6 233 178 155 236 173 254 196 239  25 113   0 140 202 125  11 142  75
 119  83 210 116 218 241   5  24  78 106 208  27 195 129][216 189  58 100 177 205  81 119  57   9 126   8 191 159   0  16 134 187
 196  16  90  58 144  15 251 253  36 107  66   0 134  11][ 88  34  87 100  98 234  49  66 175  21 118 160  44 151 160  94  38  61
 239 128   2 217 163  65  85 160  50 131  34 128  39 235][ 88 249  18 238  57 205  82 240 175   8 172   8  63 223  96  16 164 249
 221  66  74  43 154 189 251 245   1  59 114   3   6  27][ 90 249  18 234  25 205  82 228 175   8 168   8 174 223  96  16 160 251
 221  66  74  43 154 253 251 213   7 123  82   2   7  27][104 189 121 101 116 174 105  55 120  41 126  96 183  49 128  48   6  46
   4   8 185 184 225  15 231 255  48   0  64 192 194 169][ 57 219  75 173  82 146 106 116  36  64 114 231  57  15 178 240 126 168
  23 238 205 154   4 125  54 105 170 128  45 151 106 217][230  97  16 202 237 173 254 196 175  25 185   8 140 202  93  26 170 203
  78  83  82  38 218 225  55 152  14 104 208  91 195 128][  3 139 103  89  86 147 168 106  93   0 112 230 104 238 180 229 126  41
 130 165 181 186  39 221  14  14 138 198  95 172 105 181][169 100 193  77  85  95 228 123  87 226 112 222  72  72 149 165 120 140
 146  44 229 246 117 159  54  78 133  38  95 172 122 156][177  64  95 101  38  10 104  50 116 224 242  66  83   1 145 241 122 132
  30 168 233 180 101  12 150 233 226 128 109 168 112  40][  9 157 123 101 116 174 105  55 124  73 126  68 183  53 144  48   6  46
  22  12 153 184  97  15 111 255  48 192  72 128 194 249][ 75 189 147 212 179 220  60  55 173 201 142  66 188 182 100 230 166  55
 249   0  83 201 146 229 191 253 158  66  10   4 169  63][ 90 249  18 234  25 205  82 224 175   8 168   9  62 223  96  16 160 251
 221  66  74  43 154 253 251 245   2  59  18   2  39  27][ 78 216 151 190  75 228  49 192 175  81 225  33 252 247 105  94 167 123
 235 210   3  67 154 241 217 178  94  75 154  51  39 155][ 60  76  66 236  85 130  74  96  97 128 233   2 107 203  55  80 120 232
  21 226  76 183   0 142 243 237 131   9 119 187 122 128][130 170 178 186 107 225 176  71 159  29  16  59 172 158 102  11 175  59
 231 145  18 111 130 241 155  80  90 235 144  12 167 203][ 37  77  99  78 204  19 230 232  69 192 249  66  64 200 189 165 120 232
  18 239 197 179  45 252  54   8 135  12  95 255 242 164][  7 244  97   3 242 223 175 189 126 115  27 230 217  76 220 164  55  11
  87 191 247  28 125 247  44  14 191 228 111 150 147 245][  3 143  30  89 245 157 172 247 255  25 118  84 172 184 182 164 143  43
   2  28 247 184   6 247  46  62  22 194 218   4 203 141][212  68 220 181  44  42 125  26  40 186 151  16 215  55  89  91 167 213
 125  42  40 196 195   2 196 235 251 148 164 241   1  33][ 35 239  66  12 212 147 238 237  87 192 124 199  96 232 183 164 120 232
 146 239 199 186  12 255  54  44 135 160  95 190 250 140][131 187  50  24 117 157 176 103 255  77 116 117 172 136  54 132 174  43
 146   5 214 188  18 215   6  60  26 203  90  12 233 223][ 40 173 120  97 112 239 121  55 113 173 126   8 183  21 130  48   2 190
  20  24  58 184 224  15 239 253  48  64 224 128 198 107][ 34 163  24 137 244 153 180 239  94  45  92 239 172 168 246 132 255 171
 130  17 214  58  68 215  60  20 191 235 213  12 157 205][ 90  48  83  68  75 200  49  64 173 128 227  40  92 215  96 246 162  53
 234 128   1 195 162  64 145 240   3  11  34   2  39  35][107 123  50  70  61 157  66  80 235 232 181  76 174 216  87 180 140 236
 204  78 205  43 218 184 147 221   1  58  74 175  90   5][ 11 187  16 219 252 157 184 119 126   9 120 108 172 155 228 132 143  59
 130  25 211  58 194 245  44  28  62 234 218  12 139 157][225  75 238  52 108  28 244 118 233 252 246  13  11 168  87  27 168 228
 102  79 236 123 166 136 118 121 100   9  65 188  90 205][  6 205 150 159 159 194 174 238 190 179 218  18 236 234  56  75 107 103
  59 211 114 217  27 245  60  38 223  68 149 122 177 136][ 75 191 140 165 185  46  56   3  46 233 139 197 173  42  66 210 135  39
 253  21  21 137 147 208 138 247  58 179 140  68 139  91][116  72  74 174  28 131 203 112 133 128 209  10 115 202  49  64 120 225
  31 227  72 163   0 252 240 161 170 152  53 187 112   0][  2 137   6 156  20 163 170  98 148   0  90   2  32 170  32  65 104  42
  42  64  80 185   2 253   8  34 138 192  20  41  48   8][ 56 255  82  32 114 139  82 240  33 104 120 237  47 199 161 144 182 185
 197 102 207  26   0  63 242 197  33 168 106 151  10 155][ 67 249 175  69  56 196 171 180 238 217 158  68 244 246 214  98  38 117
 127 221 195  73 191  97 109  60 239 192  12 131 177 121][ 24 157  22 254 147 204  52 119 173   9 109   0 126 255  32  80 166  51
 217   0  82 169  18 237 243 247  18  11  66   2 167  27][246 107 106  36 108  73 221  98 128 246 180 171   3 173  87  11  72 236
 231  71  76 114 230   0  86   1 229 189 101 248  86 210][ 66 240  86 188  58 137 186 232 175 176 184 169 236 222 101  80 182 241
 255 226  66  67 138 221 156 252  11 190  20  38  35 145][ 94  30 138 182 128 164  90  18 190 143 143 133 207 235  67  90 181 231
 237 151 156 193 155   0 218 231 235 129 168 103  41  18][ 90 219  62 188  59 192 189 102 173  68 214 163 172 206  34  65 230  51
 255 193 198 137 166 253 240  32  58 139  54  20  37  95][ 33 105 119  77 100 143 237 117 237  72 118  64 177 129 180  52 106  40
  22  72 195 184  38  77 100  24  32   0  67 152  98 173][ 39  46 160   9 253 191 202 202  91 233 189  77 138 136 223 172 217  72
  82  29 150 114 220 146  14  28 137 126 219  79  90 132][ 76 184 151  94  41 236  49 208 171 153  35  76 238 247 101 222 165 123
 234  82  19 105 154 225 153 242  83  74 202   7  35 179][ 51 141 106 174 148 215 222 109  68  72 216   7  97  75  54  64 216 163
  19 229 222 138   4 157  98 105 170 193  61 142 248 202][120 207  66 236  21 194  78 245 165 132 250   2 107 171  49  80 120 239
 157 226  72 187   0 237 243 237 166 129  39 178 100   8][ 41 189  59 119 176 158 125  55 125 169 126  64 191  55 144  48 134  62
  84   8 209 184 113  47 231 255  52   0  66 192 194 171][132 232  18 155 116 137 160   4  30  17 115  18 172 200  56  72 203  43
  34  83  18 244  75 241   4  18  26  64 212  11 209 129][117  72  67 142  29 135 202  64 133 128 203  10  98 194  33 196 120 161
  74 234  72 163  16 204 145  32 139  24  21  43 112   4][  0 241  59  72  91 197 177 119 236   9 252   2  60 151  36  48 238  27
  91 136 193 171 176  77 119 173  34  74  65   0 167 187][ 52 137   1 174  93 201  67 232 135   4 249  10 227 216  41  80 216 232
  78  98  74  35  74 189 185 212 131  56  17  43 118 168][ 32  12 249 125 116 238  97  55 116  13 118  16 179  55 144 112  74 190
 102   8 169 188  97  15 199 191  48   0  96 136  70 168][218 217  23 254  35 196  61  55 169  66  70 160 188 247  33 247 166 119
 253 192  97 153 178 237 243 243  94 131  34  52 167 123][144 203  46 252   2 134  61  53 164   4 198 135 117  79 179  65 102 245
  29 231 232 137  52  45 227 225 238 129  37 176 165 120][ 78 176 148 154  73 221 176  72 171  61 165   9 140 222  78 190 137  25
 234  17  22  75 218 209 159  81  91 127 210   4  15 134][184 107 104 109 124  27  87 252  71 172  52 169  63  13 147  16 186 224
  71 110 200  42  97  61 246 205  37 189 119 187  94 233][203  88 211  84  67  92  52 102 249 194 102  88  40 150 229 255 162 253
 242 202 101  95 178 226  23 250  86  11  10  53 107 189][ 54  75  66 174  90 129  30 236 165   4 248 239 111 202  47 144 126 249
 207 231 204   3  12 253 178 192 138 187  61 183  42 147][ 94 171 190 190  42 192  59 232 174 149 198 163 109 247  35  91  38 245
 237 194  18 203 138 101 217 227 127 203 160  34  39 107][189  72  67 236  84   3  75 112 117 128 241  74 123 201 177  80 122 232
  20 234 233 183  32 174 242 233 161 128 119 187  98 160][ 56 245 120 106 240 205 119 253  32  40 124   8  51  87  40  48  28 154
  23 120  90 186 120  31 127 205  36 109 113 130 198 187][ 26 179 214 232 243 194  48 103 173  13 248 163  44 158  36  80 166 187
 135 144  18 139   2 205 179 247  26 203 177   4 167 139][229  36 229  69  36  43  97  27 113 226 182  88 211  33 149  63  26 132
 124  40 169 244 229  10 132 234  97  20 231 232  82  96][184 188 126 121 240 175 121  87 115  27 116  24  55  27   0  25 191 187
   6  56 186 254  32  63 239 207  52 192 224 192 194 139][ 86  57 158 170  59 201  18  64 171 188 160  41 174 222  97  18 234 177
 239  80   2  11 146 208 153 208  11 123 128   7  39  91][  9 142  22 213  37 191 116  55 253 159 126  84 174  50 166 237 129  34
  78  12 244 237  33 223 134 223 114  16  10 200 217  13][211 130 174 189  45  29 184 107 252 250 210  86 175 232  86 235 237 165
 254 165 173 125 199 201 156 115 219  23 156  44  57  13][  1 191  63  91 180 159 226 117 236  73 122  68 178 200 180 160 136  42
  86  77 215 184  52  61  46 221  34  64  72 138 219 141][ 63 253  97  66 213  87 198 248  91 232 120 110  72 252 253 164  29 216
 150 254 239 178 124 254  59  92 133 174 223 127  82 181][121  13 225 101 180  43 197  59 116 226 254  74 211  33 149  48  90 228
 108  40 169 186 229  14 229 239  33  16 229 232  82 104][160 167  72 107 180  11 239 255  86  35 121 220 211  41 152   1  31  10
   6  61 242 184  77  31 108 142  37 228 125 202 218 128][137 172  18 249  53 188  97 119 127  27 116  80 191 179 224 165 167  42
   6   8  51 252 160  87 142 255  50 104 202 128 139 173][ 78 177 152 176 169 108  28  31 171 187 139  57 158 191  72  90 133  23
 253  17  18  73 210 192 203 247 127 255 130  68 135  83][188  72 122 127 116 254 115  16 101   4 119  10 123  91 147  49 122 184
 134 234   8 180  80 172 199 233  32   1 103 171  78 130][ 19 127   3 168  48 141  74 118  41  72 216 237  63 134 161 180 182 169
  84 229 207 154  52 191 176 212  42 170  58 150  35  93][ 78  57 151 158 107 192  49 200 175 208 226  32 124 215 105 222 226 121
 251 208   3  67 186 241 153 240  75  74 138  39  39 243][ 35 239  98  14 213 147 174 231  84 132 120 135  96 232 182 128 120 234
 130 237 212 186   4 255  50  46 142   9  93 190 248 204][218 253  18 252  51 204  52 103 185  12 232  40  46 159  32  80 166  59
 221   0  98 143 144 207 243 245  26  59  66   0 167  27][ 74  48  83  64 107 248 176  67 237   1 122 162  12 150 228 188  34  61
 234 144   3 179 166 192  23  52  18 203  99   4  39 167][ 59  72  99 173  86  18 107 112  37  64 114 198  57  14 177 240 126 168
  22 239 205 146  37 237  52 233 170 128  47 167 114 249][ 56 249  26 238 113 205  82 240 173   8 253   8  63 223  33  16 188 187
 213  66  74 171  24 191 243 221   0  59 114   2 102  27][  9 156  59 125 112 172 123  55 124   9 126  16 183 179 160 112 133  58
  22   8 179 184  48 111 111 255  48  64 192 128 195 169][  1 245  59  72 122 135 185 127 236  73 252  40  28 151 164  52 174  17
  86  40 209 171  32  93 113  60  34  72  81 128 227 169][ 42 179  64 169 246 139 176 111  30  37 120 231 172 136 178   0 254 187
 131 145 214 186  68 221  60  84 158 235  21  12 245 223][  2   9   6 157 148 130 168 102 148   0  90   2  40 170  48  65 104  42
  59 193  80 185   2 253  40  32 138 192  20   8  48 136][ 90  90 110 188  74 128  57 118 165   4  86 167  45 143 179  65 102 185
 191 197 198 155   6 237 208  32 186 139  55 133  45  91][  3 134 139 157 146 166 172  87  62  75  91 215 244 174 178  72 119  47
  51 157 183 216   5  79  12  38 186 192 140  68 169 221][  9 156  59 125 112 174 123  55 124  73 126  80 183 181 160 112 134  58
  22  12 179 184  48 111 111 191  48 192 192 128 195 233][ 56 253  26 238  19 205  82 112 173   8 237   9  63 223  33  16 180 185
 213  98  74  43  24 191 243 213   0  59 114   3  38  27][195  88 211  86  99 216  52 103 249 194 102  34  44 182 165 246  34 127
 186 200  69 221 178 234  55  56  86   3  10  48 171 191][131 147  50 152 245 149 184 103 126  73  80 117 172 136  54 128 166  43
 147   5 214 188   2 215  14  28  26 202  92  12 169 223][ 40 189  58 112 112 206 113 119 121  12 126  16 191  31  34  17 134  58
   7   8 112 184  48  31 231 253  48  65  98 128 206 235][251 120  18  70  95 157 114  80 233 192 165  12  46 216  38 180 160 169
 202  74 199  39 146 237 147  88   0  58  74   7  75  15][ 56  73   2 254  85 197  86 228 197  12 240  11  35 217  33  81 216 232
 135 194  76  47   0 189 243 233 128  59 115  31 126 138][ 67 249  43  64  56 196 171 176 238 200 158  68 180 151 211  96  38 117
 125 221 195   9 182 125 253  60 171 216   4 131  51 121][ 82  96  82 140  58 137 186 104 175 160 186 138 237 206  65  80 182 181
 255 224   2   3 155 221 148 244  11 186  20  34  35   1][  3 139  62  25 244 157 184 231 254  29 114  53 172 168 182  96 171  43
  34  29 150 184   6 247  14  62  58 195 212  12 233 205][ 18 201  18 142  61 199 182 101 141  12 218   3 238 218  34  64 248 163
 142  99  76 171  18 253 177  52 142  11  16  10 181  79][ 33  73 115  77 108 143 237 119 236  72 126  64 184 145 180  36 110  48
  22  72 195 184  38  93  37  56  34 128  83 152 225 173][ 43  48 103  93  77  95 160 123  87 234 244 110   8 152 150 165 248  44
 210  45 229 254 119 221  22 123 241 166  79  44 122 149][202  89 211  84  99 208  60 103 185 194 102 160  44 215 165 247 166 117
 244  64  65 157 178 235  51 122  86 139  10  52 175  63][184 253 120 106  93 221  82 240 209  12 252   8  59 217  37  49 156 249
 198  66 106  39  58  63 115 217  33  59 115 155  70 139][ 72 189  59 118 177 220 118  55 233   9 126  72 190 251   8 240 132  51
 221   8 241 185  48  47 231 253  48   2  74 130 195  43][  3  27 103  93  86 147 168 122  84  64 112 230  40   8 180 229 126  40
 146 173 149 186 101 221  14  46 154 192  95 140 121 156][ 56  77  74 238 117 198  78 117  37   4 254   2 123 239  48  80 120 190
 151 234  72 187  16 173 243 237 166 129  39 162 228  26][ 74 249  19 214 123 208  52 103 169  64 198  34  44 150  36 246 162  55
 249 192  71 137 178 237  51 117  26 139   2   6 173  63][134 105  68 155 236 169 174 196 142  17  91   2 236 202 125  73 106 106
  55  83  82 182  74 241  36  24 142 224  85  91 209 128][252  76  74 172  12 131  75 112 133 128 253  10  51 203  49  80 120 224
  31 234 104 167   0 238 240 169 170 152  53 187 112  32][120 253  26 234  49 205  82 240 161   8 236   8 127 223  41  16 180 187
 149  98  74  43  24  63 243 221   0  59 114   3 102  27][ 90 149  22 254 155 192  22 109 173   1 233  34 108 255  40  81 242 179
 139 128  82 139  26 253 179 243  10  75  51   2 167  26][ 33 141  49  91 221 213 197 103 197  73 120   2  48  24 180 164 200  58
  18  72 211 170 118 189  37  28 144  74  83  10 240 172][ 86 201 134 159 157 194 174 232 190 177 219   2 236 234 104  66 123 231
  59 210  66 217 155 253 189  38 223  65 148  42  53  10][130 186 178 186 107 225 176  71 159  31  80 187 172 158 102   8 239  59
 171 145  50  79   2 243 159  82  26 235 144  12 165 203][  3 179  16 155 244 153 186  87 126  73 121 252 172 138 246 132 222  43
   6  29 151  56 232 247  44  28  62 234 220 138 203 157][177 106 170  54 100 140 245  85 248 142 114  29 183 136 119   8 168 109
 101  69 196 255 180   2 215  47 118  33  65  56  83 203][  7 244  97  65 246  95 175 191 110 226  26 198 217 124 220 164  63   9
  23 175 195 176  61 223  44  14 175 228 111 182 211 245][184 204 104 234  93 203  82 248  87  40 244  10  51 217  49  16  88 248
 135  74 106  54  88 191 243 201 161  57 115 155  88 138][201  28 117 245  36 174 105  23 124  11 118 112 191  19 144 123  38  54
  60 136 177 188  97  74 196 251 114 128 196 192 193  41][ 48 203 105  69 116 203 239  55  68 228 126 170  51   5 146  48  58 188
   7 108 200 184 101  29 102 137  32  32 117 138 214 248][ 18 219  86 184  50 128 184 231 173   5 210 231  44 142  34  80 110 187
 143 208  82 155   2 245 184 240 154 195  53   4 173 155][ 76  16 156 181 168  44 121  19 170 187  31  32 223  63  65  90 135  87
 253  17  16  64 195  64 207 247 122 148 128 227   1   3][116 241 184 162  56 205  83 200 170 237 173   9 151 223  75  18 136 145
  77  83  14  35 250  16 251 213  33 127 192   3   7  66][ 91 177 152 165 177 156  88  39  46 233 203  85 175 174  82 208 134  39
 253  21 159  24 209 214 186 245  62 209 136   4 137  91][145 185  55  91 151 223 166 229 236  64  98  64 254 216  44 161 178  42
  74 104 247 185  51 125 171 233   2  66  88   2 227 172][ 39  60 178   1 213 191 242 194  95 225  56  78  10 184 119 172 169 107
 210  21 151 185  20 242  30  28   7 114 203 109  91 150][ 50 207  66 172  91 135 158 236 141   4 168 207 109 202  39 144 126 225
 195 231  76   3  28 253 178 192 143  59 121  54  42 154][ 34  45   2 152 212 129 174  99   4   0  88   2  40 202  49  64 104  42
  19 211  82 186   0 255  56   4 142 200  21  11 176 136][ 49 205  99  77  84 139 111 246 101 192 106  66  51 129 180 244 122 236
  18 234 201 186  52 239  55  44 132   0 127 186 242 172][183 205  66  30 221 177 134 236 214 130 232  10  98 232  63 165  89 234
  66 111 124  35  30 191  58  14 135  61  93 127 248 140][ 40 156  30 249 240 175 117 247  61  27 126  24 255  63  32  25 175 187
  23  32  56 248  17  61 239 223 116  64 240 192 194 171][105  13 233 101  52  14  97  55 117 225 126  88 179  33 144 112  74 174
 108   8 185 188 245  14 199 255  48  16 231 136 210  40][157   6 231 197  54  22 111 112 117 206 215 198  91  99 179 229 126 228
  60 238 169 149  37 206 242 239 227 128 175 247 120 117][104 126 138 254  96  36 105 150  51 143  78 141 161 167  67  94  85 254
  39 140   8  82 210  96 213 180 208 136 162 241  38 120][  0 140 122 117  52 174  97  55 124  15 126  16 179  51 128  80   2  62
  70   8 176 188  97  15 199 191  50  64 192 128  70  41][189  76 107 252  68  50  78 112  85 130 246  66 115  73 177 249 120 236
  23 234 233 183  36 174 114 235 224 128 127 249 112 168][ 65 209  63 205 162  70 173  55 204  75 218  82 212  55 168  96 230  23
  58 168 209 153  49  85 225 174 126 196  24 136 161  57][193  44 253  85 164  46 105  23 121 251  54  80 147  49 212  63   1   6
 124  24 177 252 225  66 199 251 112   4 194 192 194  41][  0 133 122  72 112 151 153 111 236   1 236   0  28 147 164  52 222  27
  18  40  82 171  32  93 115  60   2  90  81 130 227 169][  3 147  34 155 245 149 184  99  94  73  89 117 172 200  62 192 207  43
 147   5 214 184   2 215  12  28  26 202  92  12 169 223][ 18 110 211  92 114 240 187 214 185 132 122 226  45 231 229 244  54 125
 135 208   0 217 166 232  50 228  46 139 167 241  39 237][ 56  61  26 238  83 205  82 112 173   8 237   8  63 223  33  16 180 187
 149  98  74 171  24 191 243 221   0  43 114   2  38 155][ 82  80  83 204  91 208  56 100 169  64 220 163  44 222 164 244 230 177
 223 192  71 143 162 205 179 112 138 139  55  22  47 255][ 40 233  98  75 117 217 103 245  97  69 124 169  43 141 182 180  10 170
 135  76 222 186 100 189 102  93   0  99 103 158 222 252][ 43  50  46  13 108  31 176  89  94 233 246 110 152 152 182 169 252  12
 246   5 133 250  87 212  22  91 243 163  77  12 123 157][ 50 133  18 140 189 199 214 109 205   4 216   3 110 218  34  64 250 187
 159 225  94 171   0 221 177 180 138  75  20  10 181  74][154 221  18 188  51 208  52 103 189   6 232  35  44 159  36 213 166 187
 149 129 100 139  16 239 179 245  26 139  18  20 175  31][175 107 164   1 237  61 238 218 203 254  60  95 136 136  87 143 205  72
 227  95 198 118 222 176  14  89 205 124 223 125 218 196][ 34 175  34 158 213 149 142 231  86   5  72   3  32 232  54 128 217  43
 131 133  86 170  30 191  41  22 158 107  85  78 252 206][  1 142  62  27 124 133 179 230 206  29  90  71 188 218  54  64 165  43
  34   5 150 169  34 127 108  46  58  74  88   2  33 207][129  89 123  79 100 141 239 116 236   8 118  64 176 145 181 100 110  40
  22  74 193 184  34 125 101  56  34   0  83 154  97 173][ 65 125  59 204  56 196  75 112 108 200 158  72 180 151 144 116 116  56
  93 239 193  11 176 125 241  44 170 184   4 130  51 121][131 186 142 155 250 165 184  71 190  91  66 213 164 206 106  72 231  43
  59 149  55 220  19 115  12  54 186 202 152   0 161 219][ 34 147  82 137 223 147 188 109  14  33 249 231  44 157  36 196 254  59
 131 209  82 187  65 221  62  16 138 227  87  14 253 155][181  12  99 239  70   2 107 112 117  66 119 198 113   6 179 117 126 168
  22 239 233 150  37 175  20 233 162 128  37 179 114 244][ 82  97  82 172  59 201 248  72 175 160 242 138 207 206  40  80 254 189
 127 224   8   3 146 221 145 240 139 184  52  34  35   0][201 189  31 116 177 204 118 247 249   9 110  88  62 251  40 113 164  51
  76  72 243 169  18  47 243 249  48  73  64   0 235  11][  1 220 123  89 116 142 105  55 125  73 126 112 179 177 176 116   7  42
  22   8 179 188  32 127 111 191  48 192 194 128 195 169][ 74  48 247 204 107 192  57  72 175 208 208 160 108 215 229 254 118  61
 191 208   3  67 162 209 153 112 203 143  22  38  39 247][  9 156  59 123 112 172 123 247 124  73 126  16  62 183 160 112 167  58
  23   8 179 184  48 127 111 189  48  64 192 128 227 235][ 35 169  67 139 244 157 170 197 111  65 121 143 173 200 126   0 254 171
  18  93 151  58 124 245  44  28 142 104 221  15 203 212][ 43 179  66 171 215 143 172 127  31 101 121 199 172 140  50 132 126  11
 131 213 214 186  84 253  61  20 154  98 127 142 177 220][ 82 126 243  92 114 240 191  70 169 140 122 227  44 183 165 212 102 249
 151 192 128 155 166 232  50 100  42 139  39 245  39 253][130 186 154 186 107 161 184  71 159  31 209 183 172 206 100   8 239  59
 131 145  50  79  18 243 157  22  26 235 144   8 165 203][166 172 224 154 236  45 238 232 221  26 184  26 206 104 125   3 249 195
  95 179 250  39  72 243 189 158 143 252 213 122 241 128][ 76  49 152 225 176  44 121  19  42 169  63  40 159 183 192  90 151  31
  61  24  26  24 193   0 207 253  34 236 128 194 131  19][ 34 140 164 186 157 245 148 231 223  31 128  25 166 248  54   9 201 107
 195   1 126 107  90 191 187  86 220 123 208  92 220 206][ 17 116 186  38  22  34 179  68 236 193 251  35 255 216  59  34 186 105
  92 145 134 161 156  40 240 229  62   1 237  82  43 139][  3 218   7 159  80 132  42 164 172  73  66 197 180 134  48  64 196  43
  59 197 199 152  86 125  36  50 218 192  24   0  33 220][174 106 224 128 205  81 157 202 131 246 148 171   1 140  87 142  73 209
 219 247  78 103 230 210  62  16 205 191 215 125  86 214][ 19 241 225   5  22  95 238 127 110 225  26 198 217  28 148 164  62  13
  95 173 197 184  53 223  60  12 175 228  45 166 209 253][ 40 252  92 251 116 203  86 248  85  34 124 106  51  89  33   1  88 250
 134 106 107 182  88  61 103 201 161  49 123 155  88 138][ 51 116 178  18  87 189 176  71 123 199 253  15  46 216 127 136 185  43
 210  21 134 247 150 194 186  92  20  59 205  94 123 206][  3  11 102 137  30 179 184  74  70  80  88 231  40 136 182 192 110  41
 179 197 134 186  71 221  20  32 138 207  29  12  57 156][ 58 141  74 168  81 135  94 239  21   4 232 143 107 235  46 144 220 171
 135 228 110 139  24 191 187 223 133  95 123  14 106 154][192 156 191 245 160 172 121  23 188  27 118  48 188 183 160 123 135  51
  63   8 179 204  50  99 199 251 114 194 128 192 161  59][ 28 149  92 232 155 228  18 234 167  17 237   2 124 255  40  80 247 147
 155 160  26  11  26 247 251 231   2  75  51   3 167  18][152 217 119  93  19 219 181 109 252   0 226  32 255  86 164 181  50  49
 104 106 115 173  55  95 163 235   2  66 113   0 231 110][185 203 122 126 116 157 127 117 117  76 118  77  63 153  50  17 166  43
   7  78 192 184  32  45 115 233  32   0 115 138 206 201][ 34 205  66 152  84 131 174 103  20   0  88   2  40 202  48  64  72  42
  19 209  82 186   0 255  32   4 142 200  85   8 240 136][ 68 137 134 159  93 195  40 232 174 144 211   2 236 250 104  66 240 237
 234 208   2 211 219 253  29  50 207  75  20  42  37   2][  2   9   6 156 148 130 172 103 148   0  82   2  32 130  48  65 104  42
  51 193  80 152   2 253  32  32 154 192  20   8  48 136][ 26  74 102 189  78 128 185  86 133  68 214 167  41 143 179  69 110 169
 191 197 134 155 135 249  84  32 154 137  63 133  57 221][188  12  75 236  76 162 207 114 133 130 253  74 115 203 177  85 120 224
  31 234  40 167   0 238 210 237 162 152  55 251 112 160][ 56 141  74 238  85 198  78 117  37   0 254   3 123 255  32  80 120 186
 151 234  72 187  16 173 243 237 162   9 119 170 244 154][138 128 150 187   9 245 176   2 190  21 131  17 142 158  46 204 193  19
 235  17  54  13  83 213 131 247  90  91 146   4  45   6][142 214 150 248 171  52  28 222 159  27  20  51 108 255 105 203 247  83
 191 146  34  71  26 243 211 211 127 175 154 117 169  19][184 254 113 122 113 157  82 254 115  14 120  13  43 217  36 145 157 251
 198  66 106  62  88  63 243 221   0  43 115 153  70 139][ 60 137 244 246 229  14  78 248 123 187 181   8  75 105  93  27 217 196
   4 122 248 242  89 232 187 223 213  84 195 251 114 129][  3 158 143 191 176 166  41  23  62  75  74 213 244 231   0  64 247  47
  59 157 179 220  19 111  12  38 190 192 136  64 161  25][ 43  55  99  73 245 247 187  87  69 105 124 238  24  28 182 164  94  26
 150  29 151 186 101 157  46  93  48 226 223 140 250 253][  1 220 123  89 116 143 235 182 124   9 126 112 180 145 180 100   7  42
  22   8 179 188  32 127 111  62  50 192 210 128 195 169][ 56  29  58 110 113 205 115 112 101   8 125   8  63 223  33  16 188 186
 151 106 200 186  56  63 115 205  32   0 114 171  98 187][175 125 164 145 205 189 180 199 207 254  28  31 140 136 119  14 201 106
 211  95 198 117 210 210  47  89 207  62 222 125 217 198][155  20 106 224 230  50 253  85 117  66 223 178  89  31 190 105 126 156
  23 172 160 151  36 206 114 237 170 132 167 214 241 241][  3  88  15 158  72 132 169  84 172  64  66 197 180 198  35  64 228  41
  59 205   3 129  18  93   4  32 170 136  24  18  33 216][  3 148  16 155 245 181 186 107  94  65  89  85 172 200  62 192 215  11
  19  21 151 184  30 215  12  28  26  74 220  14 169 213][ 68   1 216 229 244  40 107  18  34 161 127   8 151  35 209  80  54 206
  53 152  24 144 225   0 198 173  32 132 164 227  66  33][  2  11   6 145 210 130  56  67  60   5  82 167 172 134  34  73 102  63
 171 213  22 216 135 229   4  48 218 195 132   5 173 217][  1  50 174  45 108  31 184  88  94 105  86 231 145 152 182  41 254  13
 118   5 133 250  71   0  86   9 250 160  77 136 121 157][ 17 221 111 239 150 134 111 183 116  65  94 198 241 115 152  97 119 110
  30 253 249 152  61  63 236 175 174 192 172 146 177 185][129  89 123  95  36 141 175  80 252   8 118  64 178 145 181 101 108  48
  30  74 227 173  50 111  97 184  34  10  81 155  97 169][ 40  77  92 239  77 239 118 250 196  32 108  10  51  89  33   0  72 250
 130 106  73 186  91  61 103 207   1  17 123 219  88 138][ 10  48  83 200 107 208 186  72 175 192 209 162 173 214 229 244 126 189
 222 224  65   7 166 218  16 245 139 171  55   6  47 181][130 201   6 156 132 128 172 103 180   0  82   2  40 138  48  65 104  43
  51 193 112 152   2 253  32  32 218 128  20   8 177 136][ 34 188 160 154 221 229 144 207 158  31  88  25 172 252 110   8 201  59
 147 145  50 110  90 247  13  22 154 123 209  76 158 222][ 57  77  67 175 116 175 106 116  53  72 121 196 127  86 184 176 126 169
  22 239 205 146  36  63 166 236 160 128  62 135  98 189][182 174 166 154 141 177 158 239 159 183 152  31 104 232 126 139 233 227
 171 151  62 111  14 243  57  86 223 255 213 125 253 206][ 34 234  96 136  28 145 152  75 150  36 144 167 168 136 246  64  78 137
 223 133 206  47  71 223 176  20 155 253  29  12  57 220][ 42 161 180 186 237 205 144 175 143  61 141  25 238 253  78 138 137  19
 235  17  22 106 202 177 207  83  92 123 210  12 157 202][ 19 241  97  69  22  95 239 117 108  97  90 194 185  28 148 164  62 140
  31 237 209 184  53 221  37  12 170 192 101 130 209 253][ 32 137 124 123 208 133 219 255  23  29 116  21 161  15  40   0 221  26
   3 152  58  56 123  55 111 223 148  69 243 136 196 250][ 40 236 125 121  81 205 114 254 119  48 108   9  59  31   0  17   9 186
 194  74  98  62  80  61 111 207  20 105 115 152 206 154][146  95  82 158  74 192 190 198 172   6 202 163  44 198  33  64 102 123
 203 195  96 143   6 234  48  32 138 139  21  85  37 217][ 85  18 239 197  22 102 107  80 117 206 215  86  81  14 191  98 124 132
  63 172 169 183  53 206  83  47 162 132 173 163 116 113][153  81 122 238  83 212  94 113 173  68  97   7 111 219  42  80 190 185
  21 226  78 135  48 207 243 253   2  11 115   6 163 203][216 156  30 124  57 204 116 247 185  31 228  20  62 191  34 115 165  19
 204   0 114 111  50 103 243 251 112  75  88   0 175  11][ 50 133 114 140 159 199 150 109 141   4 200   3 110 222  34  64 250 187
 139 225  90  43  16 221 177 244 138  91  52  14 181  74][  1 157  15 191 176 230  41  55  52  73  74  64 245 119 176  96 118  47
  57 141 147 152  53  61 237  39 186 192  60   2 177 121][ 82 112  82 140  31 207 248  72 173 160 178  10 143 218  40  80 254 173
 127 224   8  35 145 220 145 240 139 185  53   2  35   2][169 232 106 121  85 253 242 218  87  73 116   3  43 153  63 136  89   8
 147  72  46 182   0 183  71 221 176  33 123 157 122 138][ 32 205   2 136  84 131 142 230   4   0  88   2  32 138  32  64  72  42
  19 192  66 170   0 255  32   4 154  72  85  24 176 136][ 64  50  76 113  98 138 121  19  53  53 102 149 137   7 130  88  38 157
 235 156  10 220 209  64 198 225 210  64  40 128  39 248][178  71  71 205   2  18 205 118  36 134 242 231  33  39 180 195 110 228
 143 236 232 157 101  76 178 235 234 128  37 176 100 248][150  63 103  85 162 146 187 114 188 134 211 231   9 198 165 141  46 253
 215 246 208 213  36 238 152 194 239 194  37 167  39 245][200 156 190 248 169 228  29 151 191  27  36  16 188 183  96  91 197  51
  61  16  50  77 178 243 203 251 126  75 144  64 165  59][ 64  49   6 141  93 205  56  72 174 136 211   2 236 222 104  64 248 189
 239 193   2  51 219 221 157  48 139  11  20  42  37 130][244  13  74 236 196 162 111  83 133 130 255  18  17 227  49  72 104 226
  14 234  40 131   0 234 242 236 170 152 181 251 112 160][ 60 137 228 228  53  15 194 248  75 185 176   8  75 105  93  26 216 196
  53 114 216 242  73 168 155 219 197  20 227 171  82   0][118 128 224 244 116  15 200 232  91 185 177  10 235 104 125  27 217 192
  31 177 170  99  72 205 155 222 207 252 213 170 114 128][ 22  28 156 189 139 103  28 207  31 187 136  19  12  62 101  75 239 215
 187 145  63  75 219 216 155 150 223 191 152 112 173  31][ 23  44  78 135 210 134 106 113 161 200 223 199  89  71 179  81 126 237
  23 255 253 215  20 206 122  47 175 192 175 167  42 209][ 24 145 150 239  41 206  86 181 175  25 127   0 127 127  40  82 164 247
 181  64  88 184  27 181 235 255  68  66 242   2 166 139][ 34 129  18 139 223 151 190 109 140   1 217 131  12 142  38 192 236 155
 139 225  86 187   1 253  61  16 138  75  21  14 185 140][109  68 227  69  84  42 107  18  97 161 127  74  19  35 213 116 122 204
   6 136 137 178 229 194  84 172 160   4 231 243  98 160][150  77 202 172 236   2 239 115 132 130 219  18  81 235  49  66 104 231
  23 179 120 163   2 234 248 164 174 136 165 251 241 128][ 32 204   2 152  84 129 138 230   6   0 120   2  32 136  48  64  72  42
  19 193  66 170   0 191  32   4 154   8  21  24 112 136][ 50 133 114 168 149 227 218 239   5   5 248  11  11 248  62  64 216 187
 147 241  30 171  24 191 185 213 142  91 241  14 244 138][147 193  97 193  22  95 239 117 100  97 211 194  89  28 156 165  58 140
  31 233 225 176  53 221  53   8 170 192  45 130 241 236][ 49 205  48  77  29 205 199 238  86  39 236  10 179  57  60  36  88 138
   2  76  75  58 113 191  49 222  16  48  91  24  80  44][200 156  60 252  75 196 113 247 185  87 228  16 190 191   2  91 167 179
 123   0 114  79 242 119 215 243  82  75  24   0 167  91][191 177 178  62 111 181 144 196 251  46 241  45  14 248 119  24 218 239
 229 199 156 127 254 208 146 121  91 123  87  39  43 207][ 43  50 232   9 118  63 169  91  94 199  93 215 153 204 247 168  62  41
 147 157 151 182 116 210  70  13 186 164 223 206  91 213][130 201   2 156   4 128 172 101  20   2  82  18  40 138  32  65 104  42
  19 192  98 156   2 255  32  34 154 128  20  24 177 136][ 55  37  97  40 125 255 202 204  79 105 185  74  34  28  61 164 216 155
  18 113 143  35 124 157  57  92 137  54 213  95  86 220][ 85 207 127 111  52  78  79 184 100 202 198 192 243 119 145 115  54 244
 125 238 233 129 125  45 225 235 231 144  44 179  96  57][ 56 133  82 232 215 199  94 111   5   5 232   3 107 255  40  64 248 187
 151 241  90 187  16 159 251 237 130  75  51  14 244 194][ 32 224 120  89  77 205 229 239  94  49 236  24 178  25  28  36  25  26
  66   8  75  58 115  55 111 158  20 116  83  24 194 170][210 113  82 172  31  79 250  72 173  40 251  10  14 154  41  80 254 141
  95 224   8 167 144 220 145 240 138 191 113  10  35   3][234 156 190 186 169 225  20 199 159  87 132 177 172 255 106  75 201 115
 187 145  58  79 202 179 203 211 223 251 150  92 181  91][131  59 243 145 246 219 180  71  94 226  82 226 140 156 245 168 175  59
 130  17 231 248  37 216  12   6  63 163 213  88  29 141][158  85 114 226 228  52 254 213 121  75 191  51  13  63 189 105 255 211
 151 175 240 183  40 226 179 221 158 134 135 215 225 205][202 156 156 250 171 224  20 199 159  23 164  49 188 255  96  91 199 115
 185 144  50  79 154 243 203 243  94 123 146  68 165  90][ 67 120 159 148  99  36 189   6 184 218  82  87 188 190 119 139 167 109
 113 135 193 197 146 224   5  58  94 138 140 117  35 219][151  75  75 185 130 130  41  83  52 192  82 231  21 199 179  73 118 173
  55 221 201 213   5  72 144  34 171 128  45 228  33 209][ 54  99  98 130 205  97 190 200 133  52 153 139  72 204 125  11 252 153
 147 243  90  35  10 208  17  16 143 239 213 127 180 194][ 30  10  39 249   2 128 171  80 164   4  67 231 173 142 161  72 102  57
  43 215 146 152 135  96 196 160 170 192  37   3  37 240][184 204 116 123  49 195  83 173  23  13 113  33 123  95  38   0 217  57
   7   0 106 188  75 191 233 207 177 209 115   8  68 123][ 93  20 231 229  86 102 233  81  96 207 251  86  81  31  29  98 124 132
  53 189 185 182  53 206  85 239 162 196 165 163 116 114][152  84 122 252  75 244 112  94 148   2 230   2  60 223  33  89 254  49
 179 160  98 167  50  75  83 233   2  11 115  48 100 155][ 54 129 196 228 108  15  72 232  11 184 177  10  67  72 125  18 216 196
  55 240   8  99  75 209 155 216 195 244  85 171 112   0][ 41 197  67  47 116 139 111 116 116  72 123 198 113 101 184 176 126 170
  22 238 229 176 109 127 102  15 160 128 127 155 114 241][120 209 114 239 125 156 122 184 231   8 191   8 127 219 104  82 148 246
 236 106 202  33 187 181 239 253  33  80 114 138 194  11][230 177 180 153 233 237 152 203 139  61 176  57 140 156  78  27 143  27
 243  17  18 106 218 209  31  16  93 255 212  12 135 195][216 188 182 250 139 252  52 199 187  19 172  16  62 255  96  91 165 115
 249  16  50  77 186 227 219 243  86  75 194  80 167  27][187 112  82 140 123 209 154  72 159 192 245 162  12 222 167 244 126 185
 158 224   7   7 150 223 146 213 139 187  63  38  43 150][135  17 183 161 228  54 111  83 237 235  82  84  29 182 241 250 182  71
  62 189 149 153  52 194 141  94 254 132 140 241 179 245][  9  50  42 169 100 143 249  82  68 105  86 103 149   8 146 104 126  13
  55  13 135 180  69 128 196  41 186 128 109 140  57 153][ 88  89 110 108  17  86  95  53 161 204 206   0 123  55 147 115 102 244
 253 234 200 137  53  45 243 235 228 145  38 182  52 106][114  32  74 233  73 132 105  64  37  45 214 135   1 131   2  90 104 140
 127 140  10 155 193  64 215 168 186 144  35 128 114 226][137 114 114 169 102  11 233  80 103 105  82 247 157 137 146  44 110  12
  63  13 134 180  69 210  84  60  50 128 111 140  16 141][246  32 240 224 107 125 152  72 171 183 177  25  14 223  77  27 175 149
 221  51  50 103 248 194 155 208  13 127 199 103  71 199][ 16  34 108 113  64 140 105  19  38  29 246 149 129   3 130  88 104 140
 111 156  10 156  65  80 197 233 178 193 105 128  98 234][ 60 204  56 250  85 209 210  71  86  13 125  35  49 221  32  64 217 184
 151 144  58 190 104 191 111 207 180 105 243  10 244 131][124 229 122 106  52 143  91 248 118   8 253   8  91 209 184 112 126 200
  12 122 218  35 168  63 251 237  37 108 114 139 194  33][222  60 238 118 170  96 153  18 184 222 151 179 124 127  71  43 167 117
 253 211 184 199 163 234  83  99 255 139 165 117  55 115][148 205  15 166 108 130 239 240 164 130 218  66  85 235 112  67 123 237
  23 251 121 155   8 106 248 161 239 200  37 186  49 161][  2 204 130 156  20 128  44 103  20   3  82   2  40 138  32  64 105  43
  19 128  98 140   2 255  32  38 158 128  20  24 177   8][216 188 151 250 171 236  52 199 187  19 160  24  62 255 100  27 163 115
 249  16  50  79 154 243 251 214  87 107 194  80 167  43][  0 156 191 190 107 224  53  71 190  95 104  33 188 183  32 123 195  59
 179 128  18  91 178 113 197 247  90  11 144  64 167 250][122  89 102 108   9  86  95 180 161 132 166   9 107  63  19  87 230 245
 253 226  76 203 179 173 243 249 192 155  39 182 102 110][163 175 229  85 124 157 171 114 202 191  84 222 160  76 214  38  15  98
  83 253 240 126 100 238  61  30 141 168 199 205 215 253][ 16 223 122  65 182 171 183  55  92 164  94 230 181  33 182  64  38  62
   6  12 144 184   5  94 108 142  38 192 125 136 145 185][ 32 204  10 156  84 161 138 230   6   0  88   2  32 136  49  64  72  42
  19 193  66 168   0 191  32   6 154   0  21  24 112 136][238 172 180 186 171 225  28 143 159  31 144 187 172 239 106  75 199 115
 255  17  58  79 202 179 203 211 223 251 150  92 149  91][ 80  20 107 225  52  98 233  27 112  97 251 210 209  63  24 105 123 156
  53 184 153 176 181 196 205 239 242 196 165 193 244 242][147 112 122 156  91 209 146  72 215 132 229  47 104 218  47  64 250 185
 154 227  78   7 158 223 146  69 139  59  61  39  43 198][178 222 188 252  11  53 152 110 159 191 144 183  44 175 102  91 199  83
 237 129 168  79  75 242 155  83  91 191 151  69  37  91][125  80 255 108  12  78  75  56  97 200 231  72 115 115  17 114  20 244
 124 110 201 135 241   8 209 174  97  20  40 162 114  48][ 48  28  90 236 202  98  25  71  37   3 250 179  21 159  37  89 238 179
 183 146   8 139  83  32 211 227  58  11 245  81  36 154][ 37 197 107  79 244 139 239 249  84  64 127 198 113 101 188  32 122 234
  22 238 229 176 109 127  38  46 163 128 127 219 240 240][ 24 159 122  76 246 147 190 119  68   4  94 230  41 137 164 224 110 187
 134 192 210 184  36 255 122  37 162 193 119 136 173 141][ 11 206 108 191  62 137 158 176 142 118  24 239 237 108 151   1   7  97
  95 231 230   8  79 253 228  74 237 184  61 190  25  89][ 45  33 177 107 221 237 192  88  71 241 189  24 146  88  93  44 217 138
  82  61 159 106 123  20  79  28  17 124 219  75  90 164][167  56  99 159  70 117 171  72  94 102  81 135  56 204 247  44 126 169
  19 207 135 182 190 211  20  24 203 168  93 127 115 244][104  31  30 174 106   4  20 113 129  12 137  45 230  51  34 211 200  51
 239  99  92  11  82  13 209  48 106 155  48  42  46  11][ 33  76  41 221  93 223  75 222  87  65 200   2  50  56  57 228  88 234
  18  77 239 190 113 191 231  62 144  16  19 152 112 236][ 26 153 180 232  27 209  16  72 175  16 160  10  46 218  97  80 234 153
 159 209  10  43  18 209 219 208  11 127  49  38  47  10][169 129  49 251 221 221 196  47  87 113 169  24 210 216  88  36 217 138
  98   9 223  58 123 149 111 158  21 124  83   8 208 166][147 202   6 155  50 130  40 196 188  65  66 215 237 194  50  68 102  41
  59 205 231 157   4 255 128  54 154 128  28  20  41 157][164 165  66 132 204   3 206 239 129 178 184  10   0 168 117   3 105 196
  87 225  72  99 128 200  60   8 207  60  69 122 114 136]